
[38;2;0;0;0m                      [38;2;15;3;5m  [38;2;93;30;37m  [38;2;170;56;71m██[38;2;161;53;67m  [38;2;108;31;41m  [38;2;15;4;6m  [38;2;0;0;0m                              
[38;2;0;0;0m                      [38;2;136;43;55m  [38;2;169;56;71m██[38;2;70;23;29m  [38;2;98;26;35m  [38;2;117;36;46m  [38;2;103;31;40m  [38;2;64;19;25m  [38;2;53;14;19m  [38;2;8;0;1m  [38;2;0;0;0m                        
[38;2;0;0;0m                    [38;2;67;20;26m  [38;2;188;63;79m██[38;2;164;54;68m██[38;2;184;62;77m██[38;2;187;63;79m████[38;2;187;62;79m████[38;2;188;63;79m██[38;2;182;61;77m██[38;2;149;48;61m██[38;2;61;18;24m  [38;2;2;0;0m  [38;2;0;0;0m          [38;2;2;0;0m  [38;2;0;0;0m      
[38;2;0;0;0m                [38;2;23;6;8m  [38;2;81;26;33m  [38;2;151;49;62m  [38;2;186;62;79m██[38;2;171;57;72m██[38;2;184;62;78m██[38;2;183;62;78m██[38;2;184;62;78m████[38;2;183;61;78m██[38;2;184;62;78m████[38;2;185;62;78m████[38;2;160;52;66m██[38;2;71;23;30m  [38;2;14;4;6m  [38;2;0;0;0m    [38;2;4;1;1m  [38;2;103;32;42m  [38;2;52;16;21m  [38;2;0;0;0m    
[38;2;0;0;0m    [38;2;15;2;3m  [38;2;0;0;0m        [38;2;27;8;10m  [38;2;149;49;62m  [38;2;183;61;77m██[38;2;164;54;69m██[38;2;178;59;75m██[38;2;176;59;74m██[38;2;184;62;78m██████████[38;2;184;61;78m██[38;2;184;62;78m████████[38;2;182;61;77m██[38;2;154;51;65m  [38;2;46;11;16m  [38;2;0;0;0m    [38;2;67;21;27m  [38;2;175;58;74m██[38;2;139;46;58m  [38;2;24;7;9m  
[38;2;11;3;4m  [38;2;65;24;31m██[38;2;64;23;29m  [38;2;0;0;0m      [38;2;29;12;13m  [38;2;159;52;66m██[38;2;185;62;78m██[38;2;183;61;77m██[38;2;175;58;74m██[38;2;161;53;67m██[38;2;169;56;71m██[38;2;184;62;78m████████████████[38;2;183;61;77m██[38;2;182;61;77m██[38;2;184;61;78m██[38;2;183;61;77m██[38;2;184;68;80m██[38;2;61;27;27m  [38;2;0;0;0m  [38;2;72;24;30m  [38;2;182;61;77m██[38;2;185;62;78m██[38;2;182;61;77m██
[38;2;46;18;23m██[38;2;82;34;42m██[38;2;75;28;35m  [38;2;0;0;0m    [38;2;33;15;15m  [38;2;186;85;86m  [38;2;201;79;89m██[38;2;184;61;77m██[38;2;172;57;72m██[38;2;183;61;77m██[38;2;173;58;72m██[38;2;159;52;66m██[38;2;181;61;77m██[38;2;184;61;78m██[38;2;184;62;78m██[38;2;183;61;78m██[38;2;184;62;78m██████[38;2;184;61;78m██[38;2;183;61;77m██[38;2;179;60;76m██[38;2;178;59;75m██[38;2;200;79;89m██[38;2;226;105;106m██[38;2;187;87;87m  [38;2;0;0;0m  [38;2;97;30;39m  [38;2;184;61;78m██[38;2;183;61;78m██[38;2;182;61;77m██
[38;2;54;24;29m██[38;2;78;32;40m██[38;2;98;38;47m██[38;2;23;6;9m  [38;2;0;0;0m  [38;2;142;66;64m  [38;2;228;108;108m██[38;2;229;109;108m██[38;2;201;88;92m██[38;2;180;58;75m██[38;2;183;61;77m████[38;2;185;62;78m██[38;2;184;62;78m██████████[38;2;183;61;78m██[38;2;183;61;77m██████[38;2;183;59;76m██[38;2;200;84;90m██[38;2;226;107;107m██[38;2;228;108;108m██[38;2;215;94;98m██[38;2;99;26;38m██[38;2;176;59;74m██[38;2;185;62;78m██[38;2;182;61;77m██[38;2;179;61;76m██
[38;2;60;27;33m██[38;2;81;34;42m██[38;2;107;41;51m██[38;2;84;29;37m  [38;2;42;13;17m  [38;2;182;68;79m██[38;2;215;96;99m██[38;2;226;107;107m██[38;2;215;102;102m██[38;2;226;105;106m██[38;2;208;87;94m██[38;2;196;74;86m██[38;2;182;63;78m██[38;2;182;60;76m██[38;2;182;60;77m████████[38;2;182;60;76m██[38;2;188;66;81m██[38;2;195;75;86m██[38;2;206;85;93m██[38;2;223;103;104m██[38;2;226;107;106m██[38;2;221;104;104m██[38;2;210;89;95m██[38;2;185;64;78m██[38;2;153;50;63m██[38;2;113;36;47m  [38;2;124;39;50m  [38;2;72;23;29m  [38;2;92;31;39m  
[38;2;37;13;17m  [38;2;21;7;9m  [38;2;97;34;44m██[38;2;108;36;46m██[38;2;147;49;62m██[38;2;181;61;77m██[38;2;183;62;78m██[38;2;189;72;83m██[38;2;217;101;102m██[38;2;229;109;108m██[38;2;229;108;108m██[38;2;222;105;104m██[38;2;216;100;101m██[38;2;220;100;103m██[38;2;214;94;99m██[38;2;211;91;96m██[38;2;211;92;97m██[38;2;216;96;100m██[38;2;223;101;104m██[38;2;225;104;106m██[38;2;226;106;107m██[38;2;228;108;108m████[38;2;224;104;105m██[38;2;183;68;80m██[38;2;184;62;78m██[38;2;183;61;77m██[38;2;185;63;79m██[38;2;96;32;40m  [38;2;13;4;5m  [38;2;2;0;0m  [38;2;0;0;0m  
[38;2;0;0;0m  [38;2;3;1;1m  [38;2;47;15;19m  [38;2;26;5;8m  [38;2;175;59;75m  [38;2;181;61;77m██[38;2;183;61;78m██[38;2;171;56;72m██[38;2;179;59;76m██[38;2;198;78;88m██[38;2;215;95;99m██[38;2;203;93;94m██[38;2;224;105;105m██[38;2;228;108;108m██[38;2;229;109;108m██[38;2;229;109;109m████[38;2;228;108;108m████[38;2;227;107;107m██[38;2;224;104;105m██[38;2;218;98;101m██[38;2;203;83;91m██[38;2;184;61;77m██[38;2;175;58;74m██[38;2;182;61;77m██[38;2;176;58;74m██[38;2;158;52;66m██[38;2;154;50;64m██[38;2;11;3;4m  [38;2;0;0;0m    
[38;2;0;0;0m  [38;2;3;1;1m  [38;2;1;1;1m  [38;2;49;20;24m  [38;2;137;46;58m██[38;2;180;60;76m██[38;2;183;61;78m██[38;2;167;55;71m██[38;2;183;62;78m██[38;2;182;61;77m██[38;2;184;61;78m██[38;2;154;52;65m██[38;2;191;70;83m██[38;2;197;75;87m██[38;2;204;84;92m██[38;2;208;89;95m██[38;2;210;90;96m██[38;2;200;84;90m██[38;2;203;82;91m██[38;2;196;74;86m██[38;2;191;69;82m██[38;2;185;63;78m██[38;2;183;60;77m██[38;2;184;62;78m██[38;2;185;62;78m██[38;2;126;39;50m██[38;2;136;44;56m██[38;2;142;46;58m██[38;2;140;45;57m██[38;2;13;4;5m  [38;2;0;0;0m    
[38;2;0;0;0m    [38;2;2;2;2m  [38;2;13;24;26m██[38;2;39;24;27m██[38;2;180;60;76m██[38;2;182;61;77m██[38;2;168;55;70m██[38;2;182;60;77m██[38;2;182;61;77m██[38;2;184;61;77m██[38;2;144;70;74m██[38;2;173;57;73m██[38;2;182;61;77m██[38;2;183;61;77m██[38;2;183;60;77m████[38;2;170;55;71m██[38;2;184;62;78m██[38;2;183;62;78m██[38;2;183;62;77m██[38;2;183;61;77m██[38;2;184;62;77m████[38;2;186;62;78m██[38;2;139;44;57m██[38;2;134;42;54m██[38;2;99;30;39m██[38;2;165;54;69m██[38;2;22;7;9m  [38;2;0;0;0m    
[38;2;0;0;0m    [38;2;9;3;4m  [38;2;111;39;49m██[38;2;161;54;68m██[38;2;182;61;77m██[38;2;167;55;70m██[38;2;179;60;76m██[38;2;181;60;77m██[38;2;180;60;76m██[38;2;176;55;72m██[38;2;159;109;104m██[38;2;167;53;69m██[38;2;181;61;77m██[38;2;184;61;78m██[38;2;183;62;78m██[38;2;184;62;78m██[38;2;155;51;64m██[38;2;187;63;79m██[38;2;184;62;78m████[38;2;177;59;74m██[38;2;184;62;78m████[38;2;185;62;78m██[38;2;136;44;56m██[38;2;182;61;77m██[38;2;4;1;1m██[38;2;146;47;60m██[38;2;89;25;33m██[38;2;0;0;0m    
[38;2;0;0;0m    [38;2;13;4;5m  [38;2;165;55;70m██[38;2;179;60;77m████[38;2;164;55;70m██[38;2;181;61;77m████[38;2;178;61;75m██[38;2;161;49;66m██[38;2;196;148;139m██[38;2;150;39;57m██[38;2;178;59;75m██[38;2;183;62;78m████[38;2;184;61;78m██[38;2;167;72;80m██[38;2;146;42;57m██[38;2;165;55;69m██[38;2;187;62;79m██[38;2;170;57;71m██[38;2;181;61;76m██[38;2;183;62;78m██[38;2;184;62;78m██[38;2;142;46;59m██[38;2;108;32;42m██[38;2;87;26;33m██[38;2;116;35;46m██[38;2;145;47;60m██[38;2;0;0;0m    
[38;2;0;0;0m    [38;2;16;5;6m  [38;2;175;59;75m██[38;2;177;60;76m██[38;2;179;60;76m██[38;2;166;54;70m██[38;2;180;60;77m████[38;2;173;63;77m██[38;2;152;74;78m██[38;2;205;153;144m██[38;2;141;55;69m██[38;2;180;61;78m██[38;2;183;62;78m████[38;2;183;61;78m██[38;2;169;61;74m██[38;2;174;99;100m██[38;2;174;56;72m██[38;2;153;50;63m██[38;2;146;59;67m██[38;2;166;59;72m██[38;2;183;61;77m██[38;2;181;60;77m██[38;2;173;57;73m██[38;2;142;46;58m██[38;2;120;37;48m██[38;2;118;37;48m██[38;2;157;51;66m██[38;2;11;1;3m  [38;2;0;0;0m  
[38;2;0;0;0m    [38;2;70;17;25m  [38;2;177;59;76m██[38;2;176;59;76m██[38;2;177;59;76m██[38;2;166;55;70m██[38;2;179;60;76m██[38;2;175;56;73m██[38;2;154;84;86m██[38;2;167;101;103m██[38;2;236;192;183m██[38;2;171;88;91m██[38;2;162;60;72m██[38;2;183;61;78m████[38;2;183;62;78m██[38;2;177;51;71m██[38;2;182;130;124m██[38;2;176;51;71m██[38;2;182;61;77m██[38;2;176;63;77m██[38;2;171;101;101m██[38;2;181;55;73m██[38;2;180;60;77m██[38;2;176;58;75m██[38;2;126;40;51m██[38;2;179;60;77m██[38;2;157;52;66m██[38;2;175;58;74m██[38;2;50;11;16m  [38;2;0;0;0m  
[38;2;0;0;0m    [38;2;123;35;48m  [38;2;175;59;75m██[38;2;174;58;75m██[38;2;175;58;75m██[38;2;164;54;70m██[38;2;177;59;75m██[38;2;172;49;70m██[38;2;185;127;118m██[38;2;204;144;139m██[38;2;253;236;228m██[38;2;181;109;109m██[38;2;169;107;104m██[38;2;181;56;74m██[38;2;181;61;77m████[38;2;181;52;72m██[38;2;191;144;137m██[38;2;174;76;86m██[38;2;181;59;76m██[38;2;179;50;71m██[38;2;194;129;126m██[38;2;160;69;78m██[38;2;178;58;76m██[38;2;175;59;74m██[38;2;166;55;71m██[38;2;176;59;75m██[38;2;176;58;75m██[38;2;178;59;76m██[38;2;51;12;18m  [38;2;0;0;0m  
[38;2;0;0;0m    [38;2;124;36;50m  [38;2;173;58;74m██[38;2;172;58;74m██[38;2;174;58;75m██[38;2;160;52;68m██[38;2;175;56;74m██[38;2;173;89;94m██[38;2;180;121;116m██[38;2;204;186;181m██[38;2;242;224;216m██[38;2;199;131;134m██[38;2;202;144;137m██[38;2;170;57;73m██[38;2;180;60;76m██[38;2;180;60;77m██[38;2;180;55;74m██[38;2;172;106;111m██[38;2;200;139;144m██[38;2;161;72;84m██[38;2;188;111;131m██[38;2;165;114;119m██[38;2;212;152;148m██[38;2;168;45;71m██[38;2;177;58;75m██[38;2;156;51;66m██[38;2;176;59;76m██[38;2;171;57;73m██[38;2;176;59;76m██[38;2;59;17;23m  [38;2;0;0;0m  
[38;2;0;0;0m    [38;2;111;32;44m  [38;2;171;57;74m██[38;2;171;57;73m██[38;2;171;57;74m██[38;2;156;51;66m██[38;2;165;48;67m██[38;2;207;141;138m██[38;2;168;170;170m██[38;2;249;248;248m██[38;2;220;222;223m██[38;2;202;174;168m██[38;2;202;162;157m██[38;2;191;102;112m██[38;2;176;39;64m██[38;2;178;48;69m██[38;2;178;45;67m██[38;2;167;23;23m██[38;2;215;198;191m██[38;2;240;240;240m██[38;2;247;251;251m██[38;2;246;246;246m██[38;2;204;189;183m██[38;2;215;161;154m██[38;2;130;51;57m██[38;2;149;49;63m██[38;2;152;50;65m██[38;2;167;55;72m██[38;2;172;57;75m██[38;2;72;22;29m  [38;2;0;0;0m  
[38;2;0;0;0m    [38;2;101;29;40m  [38;2;169;56;73m██[38;2;168;56;73m██[38;2;168;55;73m██[38;2;155;52;72m██[38;2;201;145;138m██[38;2;221;202;195m██[38;2;235;240;241m██[38;2;249;253;255m██[38;2;249;254;255m██[38;2;225;230;231m██[38;2;182;146;142m██[38;2;241;224;217m██[38;2;207;170;167m██[38;2;203;166;162m██[38;2;208;177;172m██[38;2;221;198;191m██[38;2;212;207;205m██[38;2;246;252;253m██[38;2;245;251;255m██[38;2;244;251;255m██[38;2;239;248;249m██[38;2;211;210;210m██[38;2;247;215;206m██[38;2;183;87;103m██[38;2;166;55;72m██[38;2;157;43;60m██[38;2;156;38;50m██[38;2;83;18;24m  [38;2;2;0;0m  
[38;2;0;0;0m    [38;2;87;11;16m  [38;2;167;55;73m██[38;2;165;55;72m██[38;2;165;48;68m██[38;2;190;133;132m██[38;2;226;206;200m██[38;2;233;240;242m██[38;2;244;251;255m██[38;2;242;251;255m██[38;2;241;250;255m██[38;2;226;234;237m██[38;2;240;221;214m██[38;2;255;236;228m██[38;2;255;233;225m██[38;2;255;231;222m██[38;2;255;237;229m██[38;2;245;227;220m██[38;2;213;224;226m██[38;2;235;249;255m████[38;2;234;248;255m██[38;2;234;249;255m██[38;2;206;220;225m██[38;2;207;185;177m██[38;2;172;79;94m██[38;2;165;50;70m██[38;2;186;124;127m██[38;2;217;170;165m██[38;2;197;165;159m  [38;2;36;31;30m  
[38;2;0;0;0m    [38;2;168;135;136m██[38;2;161;45;67m██[38;2;162;54;71m██[38;2;162;45;66m██[38;2;186;140;142m██[38;2;211;208;205m██[38;2;227;248;255m██[38;2;224;246;255m██[38;2;221;245;255m██[38;2;219;245;254m██[38;2;198;222;230m██[38;2;247;231;223m██[38;2;255;216;206m██[38;2;255;186;173m██[38;2;255;186;172m██[38;2;255;197;185m██[38;2;253;235;227m██[38;2;208;211;212m██[38;2;210;242;252m██[38;2;208;238;248m██[38;2;209;241;252m██[38;2;214;242;252m██[38;2;226;246;250m██[38;2;232;236;237m██[38;2;147;99;104m██[38;2;158;9;52m██[38;2;230;211;204m██[38;2;243;229;221m██[38;2;135;105;105m  [38;2;3;0;1m  
[38;2;0;0;0m    [38;2;136;28;53m██[38;2;154;51;67m██[38;2;159;53;71m██[38;2;152;51;70m██[38;2;188;174;179m██[38;2;215;237;244m██[38;2;180;227;243m██[38;2;170;225;244m██[38;2;177;210;222m██[38;2;197;210;213m██[38;2;209;210;210m██[38;2;251;234;226m██[38;2;255;209;198m██[38;2;255;187;174m██[38;2;255;188;175m██[38;2;255;185;172m██[38;2;255;232;224m██[38;2;231;220;215m██[38;2;202;212;216m██[38;2;209;214;215m██[38;2;200;211;215m██[38;2;197;193;195m██[38;2;198;182;182m██[38;2;185;186;188m██[38;2;157;71;75m██[38;2;170;98;107m██[38;2;224;197;192m██[38;2;155;70;91m██[38;2;140;30;52m  [38;2;24;7;10m  
[38;2;0;0;0m    [38;2;156;52;69m██[38;2;149;49;66m██[38;2;157;52;70m██[38;2;145;15;41m██[38;2;134;163;184m██[38;2;129;193;217m██[38;2;202;171;166m██[38;2;233;202;192m██[38;2;245;229;221m██[38;2;252;235;226m██[38;2;254;235;227m██[38;2;255;235;227m██[38;2;255;234;225m██[38;2;255;214;203m██[38;2;255;200;188m██[38;2;255;217;208m██[38;2;255;236;228m██[38;2;255;235;227m██[38;2;253;235;227m██[38;2;254;235;227m██[38;2;253;231;222m██[38;2;253;186;173m██[38;2;253;189;176m██[38;2;235;174;162m██[38;2;157;118;126m██[38;2;165;173;183m██[38;2;154;69;92m██[38;2;141;40;59m██[38;2;149;49;66m██[38;2;29;9;13m  
[38;2;0;0;0m  [38;2;59;15;22m  [38;2;157;52;70m██[38;2;146;41;60m██[38;2;162;63;87m██[38;2;190;201;211m██[38;2;178;163;173m██[38;2;183;102;91m██[38;2;254;190;176m██[38;2;255;191;179m██[38;2;255;231;222m██[38;2;255;235;227m██[38;2;254;235;227m██[38;2;233;208;201m██[38;2;234;201;194m██[38;2;235;211;203m██[38;2;236;214;206m██[38;2;235;203;195m██[38;2;233;196;188m██[38;2;233;202;194m██[38;2;238;219;211m██[38;2;255;235;227m██[38;2;255;225;215m██[38;2;255;186;173m██[38;2;245;183;170m██[38;2;195;145;136m██[38;2;201;227;235m██[38;2;206;244;255m██[38;2;187;185;193m██[38;2;132;36;55m██[38;2;152;51;69m██[38;2;58;18;25m  
[38;2;0;0;0m  [38;2;73;23;31m  [38;2;153;51;69m██[38;2;142;22;48m██[38;2;184;185;199m██[38;2;206;245;255m██[38;2;207;247;255m██[38;2;165;103;94m██[38;2;233;171;158m██[38;2;255;194;181m██[38;2;255;232;224m██[38;2;255;235;227m██[38;2;236;212;205m██[38;2;232;165;158m██[38;2;235;161;155m██[38;2;235;166;159m██[38;2;236;168;161m██[38;2;236;163;156m██[38;2;238;162;155m██[38;2;235;162;155m██[38;2;203;141;135m██[38;2;252;234;226m██[38;2;255;235;226m██[38;2;255;209;198m██[38;2;248;184;171m██[38;2;228;166;155m██[38;2;170;157;167m██[38;2;200;231;245m██[38;2;165;116;124m██[38;2;123;34;49m██[38;2;151;50;68m██[38;2;116;37;51m  
[38;2;2;0;0m  [38;2;98;31;43m  [38;2;151;50;68m██[38;2;138;37;54m██[38;2;154;71;89m██[38;2;189;188;200m██[38;2;167;128;142m██[38;2;169;118;115m██[38;2;226;197;188m██[38;2;253;232;224m██[38;2;255;235;227m████[38;2;232;196;188m██[38;2;242;167;160m██[38;2;244;168;161m██[38;2;243;168;161m██[38;2;244;168;161m████[38;2;243;167;160m██[38;2;242;167;160m██[38;2;211;141;134m██[38;2;246;229;220m██[38;2;255;235;227m██[38;2;253;236;228m██[38;2;235;215;209m██[38;2;135;79;86m██[38;2;145;18;46m██[38;2;143;1;4m██[38;2;143;40;50m██[38;2;134;35;59m██[38;2;116;38;52m██[38;2;145;47;66m██
[38;2;19;5;7m  [38;2;130;42;57m  [38;2;135;42;59m██[38;2;152;94;103m██[38;2;164;100;122m██[38;2;145;17;32m██[38;2;147;38;57m██[38;2;143;39;63m██[38;2;158;116;120m██[38;2;225;208;201m██[38;2;252;235;227m██[38;2;255;237;229m██[38;2;242;219;211m██[38;2;225;178;171m██[38;2;228;182;175m██[38;2;232;190;183m██[38;2;230;185;178m██[38;2;224;174;167m██[38;2;227;186;178m██[38;2;232;190;183m██[38;2;221;193;186m██[38;2;254;238;229m██[38;2;231;214;207m██[38;2;168;142;139m██[38;2;115;56;65m██[38;2;146;41;63m██[38;2;145;48;66m██[38;2;142;6;32m██[38;2;200;227;235m██[38;2;172;158;170m██[38;2;40;13;18m  [38;2;142;47;65m██
[38;2;31;10;14m  [38;2;150;49;68m██[38;2;39;3;9m██[38;2;159;109;130m██[38;2;151;117;128m██[38;2;145;41;61m██[38;2;146;48;66m████[38;2;124;34;54m██[38;2;76;2;14m██[38;2;82;42;44m██[38;2;173;153;149m██[38;2;228;210;203m██[38;2;253;243;234m██[38;2;254;241;233m██[38;2;254;240;232m████[38;2;254;242;234m██[38;2;254;243;234m██[38;2;238;219;211m██[38;2;191;172;167m██[38;2;102;68;67m██[38;2;75;3;4m██[38;2;91;9;44m██[38;2;114;36;54m██[38;2;145;48;66m██[38;2;144;47;65m██[38;2;143;44;64m██[38;2;110;9;33m██[38;2;130;4;44m██[38;2;56;14;22m  [38;2;90;28;40m  
[38;2;117;37;52m██[38;2;96;30;42m  [38;2;34;7;12m  [38;2;129;30;46m██[38;2;96;17;39m██[38;2;145;48;66m██[38;2;143;47;65m████[38;2;135;44;61m██[38;2;88;27;47m██[38;2;94;25;49m██[38;2;88;11;37m██[38;2;76;11;20m██[38;2;83;25;43m██[38;2;99;84;78m██[38;2;136;96;95m██[38;2;139;113;111m██[38;2;137;89;94m██[38;2;74;25;34m██[38;2;25;12;10m██[38;2;87;20;27m██[38;2;92;17;47m██[38;2;95;29;51m██[38;2;92;28;48m██[38;2;127;41;59m██[38;2;131;42;61m██[38;2;142;47;65m██[38;2;143;47;65m██[38;2;104;31;50m██[38;2;126;41;60m██[38;2;63;19;27m  [38;2;0;0;0m  
[38;2;124;40;55m  [38;2;14;3;5m  [38;2;93;24;37m  [38;2;129;42;61m██[38;2;89;28;48m██[38;2;132;43;60m██[38;2;143;47;65m██[38;2;142;46;65m██[38;2;136;44;61m██[38;2;98;30;48m██[38;2;95;30;51m████[38;2;90;18;43m██[38;2;126;76;82m██[38;2;102;77;34m██[38;2;123;47;48m██[38;2;97;6;21m██[38;2;136;22;53m██[38;2;132;69;57m██[38;2;104;81;50m██[38;2;174;125;114m██[38;2;83;15;41m██[38;2;95;30;51m██[38;2;98;31;50m██[38;2;116;37;53m██[38;2;131;43;60m██[38;2;141;47;65m██[38;2;140;46;64m██[38;2;90;27;46m██[38;2;116;37;57m██[38;2;82;26;37m  [38;2;0;0;0m  [0m
