
[38;2;255;255;255m                      [38;2;203;203;203m██[38;2;141;140;142m  [38;2;158;158;158m  [38;2;255;255;255m                                    
[38;2;255;255;255m                      [38;2;108;107;107m  [38;2;244;241;241m██[38;2;245;243;241m██[38;2;208;206;207m  [38;2;111;111;111m  [38;2;255;255;255m            [38;2;237;237;237m  [38;2;147;146;148m  [38;2;255;255;255m                
[38;2;255;255;255m                      [38;2;151;151;151m  [38;2;244;242;240m██[38;2;244;241;240m████[38;2;244;243;242m██[38;2;222;222;221m  [38;2;96;96;97m  [38;2;251;251;251m  [38;2;255;255;255m      [38;2;139;139;140m  [38;2;245;245;247m██[38;2;120;122;123m  [38;2;255;255;255m              
[38;2;255;255;255m                      [38;2;215;215;215m  [38;2;250;248;247m██[38;2;244;241;240m████[38;2;245;241;240m████[38;2;247;243;242m██[38;2;214;213;212m██[38;2;110;111;112m  [38;2;255;255;255m    [38;2;144;144;144m  [38;2;245;241;240m██[38;2;216;212;213m██[38;2;255;255;255m              
[38;2;255;255;255m    [38;2;80;80;82m  [38;2;125;125;128m  [38;2;129;129;132m  [38;2;130;130;132m  [38;2;119;118;120m  [38;2;96;96;98m  [38;2;92;92;93m  [38;2;100;99;101m  [38;2;129;128;129m  [38;2;119;118;120m  [38;2;233;230;230m██[38;2;245;240;239m██[38;2;245;241;240m██[38;2;244;241;239m██[38;2;244;241;240m██████[38;2;246;243;243m██[38;2;188;186;187m  [38;2;167;167;168m  [38;2;230;228;226m██[38;2;245;241;240m██[38;2;246;242;242m██[38;2;114;115;115m  [38;2;255;255;255m            
[38;2;255;255;255m    [38;2;232;232;232m  [38;2;212;212;211m  [38;2;244;243;240m██[38;2;246;241;240m████[38;2;246;242;240m██[38;2;247;243;241m██[38;2;249;245;244m██[38;2;250;246;245m██[38;2;249;247;245m██[38;2;244;241;240m██[38;2;245;241;240m████████████[38;2;244;241;240m██[38;2;245;241;240m██[38;2;234;232;232m██[38;2;245;242;241m██[38;2;245;241;240m██[38;2;243;241;238m██[38;2;209;207;207m██[38;2;255;255;255m            
[38;2;255;255;255m      [38;2;144;144;146m  [38;2;243;240;239m██[38;2;245;241;239m██[38;2;244;241;240m██████[38;2;245;241;240m██[38;2;245;241;239m████[38;2;244;241;239m██[38;2;244;241;240m██[38;2;244;241;239m██[38;2;244;241;240m████[38;2;244;241;239m██[38;2;244;241;240m████[38;2;245;241;240m██[38;2;245;241;239m██[38;2;244;241;240m██████[38;2;247;243;242m██[38;2;114;114;115m  [38;2;255;255;255m  [38;2;242;242;243m  [38;2;135;137;136m  [38;2;255;255;255m    
[38;2;255;255;255m        [38;2;107;107;107m  [38;2;245;242;241m██[38;2;244;241;239m██[38;2;244;241;240m██████████[38;2;245;241;240m████████[38;2;244;241;240m██████████████████[38;2;244;241;239m██[38;2;205;203;201m  [38;2;225;225;225m  [38;2;163;161;164m  [38;2;96;96;98m  [38;2;255;255;255m    
[38;2;255;255;255m          [38;2;191;191;189m  [38;2;245;241;240m██[38;2;244;240;240m████[38;2;244;241;240m██[38;2;245;241;240m██[38;2;245;240;240m██[38;2;245;241;240m████[38;2;245;240;240m████[38;2;237;232;230m██[38;2;246;242;240m██[38;2;245;241;240m████[38;2;245;240;240m██[38;2;245;241;240m████[38;2;244;240;239m██[38;2;244;240;240m██[38;2;244;241;240m██[38;2;244;242;240m██[38;2;230;227;228m██[38;2;245;241;240m██[38;2;135;134;136m  [38;2;255;255;255m    
[38;2;255;255;255m      [38;2;235;235;235m  [38;2;76;77;77m  [38;2;210;208;208m██[38;2;245;241;240m████████[38;2;245;241;239m██[38;2;245;241;240m██[38;2;243;239;238m██[38;2;199;194;200m██[38;2;207;202;206m██[38;2;243;239;238m██[38;2;241;237;234m██[38;2;193;188;193m██[38;2;245;241;240m██[38;2;244;241;240m██[38;2;245;241;240m██[38;2;245;241;239m██[38;2;246;242;240m██[38;2;249;245;239m██[38;2;245;241;240m██[38;2;245;241;239m██[38;2;245;241;240m██████[38;2;173;173;171m  [38;2;255;255;255m    
[38;2;205;205;205m  [38;2;66;66;66m  [38;2;221;220;221m██[38;2;250;247;246m██[38;2;243;242;238m██[38;2;244;240;238m██[38;2;245;241;240m████████[38;2;245;240;240m██[38;2;245;241;240m██[38;2;245;241;238m██[38;2;245;241;240m██[38;2;246;241;240m██[38;2;245;241;239m██[38;2;171;168;174m██[38;2;217;213;218m██[38;2;186;181;190m██[38;2;245;241;240m████[38;2;245;240;240m██[38;2;245;241;239m██[38;2;248;243;240m██[38;2;245;241;238m██[38;2;246;242;240m██[38;2;228;223;223m██[38;2;245;241;240m████[38;2;191;191;190m  [38;2;255;255;255m    
[38;2;83;83;82m  [38;2;251;250;249m██[38;2;247;243;242m██[38;2;245;241;240m██[38;2;244;241;240m██[38;2;245;241;240m████████████[38;2;245;240;240m██[38;2;245;241;238m██[38;2;249;245;241m██[38;2;247;242;241m██[38;2;245;241;239m██[38;2;246;241;240m██[38;2;206;202;203m██[38;2;246;243;242m██[38;2;229;224;227m██[38;2;244;241;240m██[38;2;245;241;240m████████[38;2;233;229;230m██[38;2;205;200;206m██[38;2;245;241;240m████[38;2;158;157;156m  [38;2;255;255;255m    
[38;2;255;255;255m  [38;2;190;190;190m  [38;2;153;153;154m  [38;2;247;243;243m██[38;2;245;241;239m██[38;2;244;241;240m██[38;2;245;241;240m██[38;2;244;241;240m████[38;2;245;241;240m██[38;2;244;241;240m██[38;2;247;244;239m██[38;2;249;246;240m██[38;2;245;241;241m██[38;2;245;241;240m██████████[38;2;211;206;210m██[38;2;246;241;240m██[38;2;244;241;240m██[38;2;245;241;240m██[38;2;244;241;240m████[38;2;210;205;210m██[38;2;197;191;201m██[38;2;245;241;240m████[38;2;118;117;118m  [38;2;255;255;255m    
[38;2;255;255;255m      [38;2;82;81;81m  [38;2;240;236;235m██[38;2;244;241;240m████████[38;2;246;242;239m████[38;2;245;241;240m██[38;2;245;241;238m██[38;2;245;241;241m██[38;2;244;241;240m██[38;2;245;241;240m██[38;2;244;241;240m██████[38;2;244;239;241m██[38;2;241;237;236m██[38;2;244;241;240m████████[38;2;218;214;215m██[38;2;198;192;200m██[38;2;244;241;240m██[38;2;247;242;241m██[38;2;31;34;33m  [38;2;144;146;146m  [38;2;147;148;150m  
[38;2;255;255;255m      [38;2;76;75;75m  [38;2;246;242;242m██[38;2;245;241;240m██[38;2;244;241;240m████████[38;2;245;241;239m██[38;2;244;241;240m██[38;2;245;241;240m██[38;2;244;241;240m██[38;2;245;241;240m██[38;2;245;241;239m██[38;2;251;248;247m██[38;2;194;193;193m██[38;2;121;120;124m██[38;2;76;76;82m██[38;2;73;75;82m██[38;2;90;90;94m██[38;2;129;128;133m██[38;2;178;175;177m██[38;2;229;227;226m██[38;2;251;250;248m██[38;2;229;224;224m██[38;2;244;241;240m██[38;2;246;241;240m██[38;2;246;247;244m██[38;2;123;123;123m  [38;2;241;241;241m  
[38;2;255;255;255m    [38;2;165;165;166m  [38;2;237;235;235m██[38;2;245;241;240m██[38;2;244;241;240m██████████[38;2;244;241;239m██[38;2;244;241;240m████[38;2;249;246;245m██[38;2;192;190;190m██[38;2;62;63;73m██[38;2;17;32;42m██[38;2;29;42;56m██[38;2;30;42;60m██[38;2;30;42;59m██[38;2;29;43;59m██[38;2;30;43;59m████[38;2;30;42;59m██[38;2;27;39;54m██[38;2;17;26;39m██[38;2;66;70;76m██[38;2;178;177;179m██[38;2;250;247;245m██[38;2;107;106;106m  [38;2;255;255;255m    
[38;2;255;255;255m    [38;2;178;176;178m  [38;2;246;241;239m██[38;2;245;241;240m██[38;2;244;241;240m████[38;2;245;241;240m████[38;2;245;241;239m██[38;2;245;241;240m██[38;2;240;238;236m██[38;2;120;120;123m██[38;2;19;28;39m██[38;2;31;41;59m██[38;2;30;43;58m████[38;2;30;43;59m██[38;2;30;42;59m████[38;2;29;43;59m██[38;2;30;43;59m████[38;2;30;43;58m██[38;2;30;43;59m██[38;2;29;43;59m██[38;2;30;42;58m████[38;2;18;25;33m██[38;2;255;255;255m      
[38;2;255;255;255m  [38;2;54;54;55m  [38;2;217;217;218m██[38;2;198;197;196m██[38;2;237;233;232m██[38;2;244;241;240m████[38;2;245;241;240m██[38;2;246;242;240m██[38;2;230;228;227m██[38;2;72;76;80m██[38;2;22;31;43m██[38;2;29;42;58m██[38;2;30;42;57m██[38;2;30;43;58m██[38;2;30;43;59m██████████████████████████[38;2;27;40;55m██[38;2;255;255;255m      
[38;2;255;255;255m      [38;2;150;150;151m  [38;2;239;236;236m██[38;2;245;241;240m████[38;2;236;234;230m██[38;2;71;74;79m██[38;2;25;37;50m██[38;2;29;43;59m████[38;2;30;43;59m██[38;2;30;42;59m██[38;2;30;43;59m████████████████████████████[38;2;26;40;56m██[38;2;255;255;255m      
[38;2;255;255;255m      [38;2;87;88;90m  [38;2;241;236;237m██[38;2;241;239;237m██[38;2;121;122;124m██[38;2;22;34;47m██[38;2;30;43;59m████████[38;2;30;43;58m██[38;2;30;42;59m██[38;2;30;43;59m████████[38;2;30;42;59m██[38;2;30;43;58m██[38;2;30;43;59m██[38;2;30;42;59m██[38;2;30;43;59m████████████[38;2;28;42;57m██[38;2;205;205;206m  [38;2;255;255;255m    
[38;2;255;255;255m    [38;2;220;219;220m  [38;2;89;89;90m  [38;2;143;143;143m  [38;2;203;204;203m██[38;2;30;43;58m██[38;2;30;42;58m██[38;2;30;42;59m████████████████████████████████████████[38;2;28;42;59m██[38;2;166;167;168m  [38;2;255;255;255m    
[38;2;255;255;255m        [38;2;120;120;120m  [38;2;70;70;74m  [38;2;25;35;49m██[38;2;30;43;59m██████████████████████████████[38;2;29;43;59m██[38;2;30;43;59m██████[38;2;24;34;49m██[38;2;28;31;41m██[38;2;165;153;149m██[38;2;89;83;83m  [38;2;255;255;255m    
[38;2;255;255;255m        [38;2;98;99;100m  [38;2;255;255;255m  [38;2;16;21;30m  [38;2;30;43;59m████[38;2;29;43;60m██[38;2;30;43;59m██████████████[38;2;30;43;58m██[38;2;30;43;59m██[38;2;31;43;60m██[38;2;26;30;41m██[38;2;78;76;79m██[38;2;17;25;32m██[38;2;16;26;38m██[38;2;46;47;52m██[38;2;192;178;178m██[38;2;249;229;222m██[38;2;248;228;221m██[38;2;246;221;215m██[38;2;225;209;205m  [38;2;255;255;255m    
[38;2;255;255;255m            [38;2;90;92;92m  [38;2;78;76;80m██[38;2;216;204;202m██[38;2;100;92;93m██[38;2;124;119;119m██[38;2;125;118;120m████████[38;2;129;121;120m██[38;2;144;134;135m██[38;2;171;161;159m██[38;2;198;185;182m██[38;2;219;208;203m██[38;2;249;229;222m██[38;2;249;227;221m██[38;2;250;229;223m██[38;2;249;228;222m██[38;2;250;226;221m██[38;2;247;226;220m██[38;2;249;225;220m██[38;2;249;226;220m██[38;2;243;210;207m██[38;2;230;213;208m██[38;2;255;255;255m    
[38;2;255;255;255m            [38;2;81;81;82m  [38;2;225;189;180m██[38;2;228;187;178m██[38;2;231;194;186m██[38;2;250;226;221m██[38;2;250;227;221m██[38;2;248;227;219m██[38;2;248;227;220m██████[38;2;249;226;220m████[38;2;248;226;220m██[38;2;244;222;216m██[38;2;206;139;139m██[38;2;202;114;118m██[38;2;204;121;125m██[38;2;247;227;221m██[38;2;248;227;221m██[38;2;249;227;221m████[38;2;248;227;221m██[38;2;247;222;216m██[38;2;134;126;121m  [38;2;255;255;255m    
[38;2;255;255;255m            [38;2;104;101;102m  [38;2;249;227;222m██[38;2;248;227;219m██[38;2;249;228;220m██[38;2;248;227;221m████████[38;2;249;227;221m██[38;2;248;227;221m██[38;2;249;227;221m██[38;2;248;227;221m████[38;2;233;194;192m██[38;2;220;120;123m██[38;2;217;122;125m██[38;2;201;130;128m██[38;2;250;225;221m██[38;2;248;227;221m████████[38;2;250;227;223m██[38;2;193;194;193m  [38;2;255;255;255m    
[38;2;255;255;255m            [38;2;126;125;127m  [38;2;252;230;227m██[38;2;249;227;221m██[38;2;248;227;221m████[38;2;249;227;221m██[38;2;248;227;221m████[38;2;249;227;221m████[38;2;248;227;221m██[38;2;249;227;221m██[38;2;248;227;221m██[38;2;251;230;224m██[38;2;212;116;116m██[38;2;218;121;122m██[38;2;215;159;155m██[38;2;249;226;221m████[38;2;248;227;220m██[38;2;248;227;221m██[38;2;249;227;221m██[38;2;155;146;144m  [38;2;255;255;255m      
[38;2;255;255;255m              [38;2;108;104;102m  [38;2;249;231;225m██[38;2;250;228;221m██[38;2;251;229;223m██[38;2;250;227;222m██[38;2;249;227;221m██[38;2;248;227;221m████████████[38;2;251;228;222m██[38;2;204;118;120m██[38;2;219;123;123m██[38;2;229;189;185m██[38;2;249;227;221m██████[38;2;249;229;224m██[38;2;119;111;112m  [38;2;226;227;227m  [38;2;255;255;255m      
[38;2;255;255;255m                [38;2;107;106;106m  [38;2;108;102;102m  [38;2;61;60;63m  [38;2;87;84;83m  [38;2;219;205;201m██[38;2;250;231;224m██[38;2;249;227;222m██[38;2;249;227;221m██[38;2;250;228;222m██[38;2;250;231;224m██[38;2;247;227;220m██[38;2;242;223;218m██[38;2;224;200;192m██[38;2;175;93;95m██[38;2;218;202;197m██[38;2;215;201;197m██[38;2;217;203;198m██[38;2;151;138;135m██[38;2;95;95;98m  [38;2;255;255;255m          
[38;2;255;255;255m                        [38;2;207;207;207m  [38;2;85;83;88m  [38;2;65;62;65m██[38;2;87;88;89m██[38;2;20;22;30m██[38;2;12;22;31m██[38;2;21;32;46m██[38;2;28;38;53m██[38;2;30;42;56m██[38;2;16;23;38m██[38;2;31;43;58m██[38;2;30;44;60m██[38;2;30;43;58m██[38;2;32;44;60m██[38;2;31;41;57m██[38;2;151;152;154m  [38;2;255;255;255m        
[38;2;255;255;255m                        [38;2;129;130;136m  [38;2;26;40;55m██[38;2;30;44;60m██[38;2;30;43;59m██████████[38;2;28;39;55m██[38;2;16;22;35m██[38;2;28;43;59m██[38;2;30;43;59m██████[38;2;26;37;52m██[38;2;255;255;255m          
[38;2;255;255;255m                        [38;2;133;134;137m  [38;2;30;43;59m██[38;2;30;43;58m██[38;2;30;43;59m████[38;2;30;43;58m██[38;2;30;43;59m██[38;2;29;43;59m██[38;2;23;34;48m██[38;2;17;23;36m██[38;2;30;43;59m██████[38;2;29;43;59m██[38;2;75;78;84m  [38;2;255;255;255m          [0m
