
[38;2;0;0;0m          [38;2;115;115;115m  [38;2;121;121;121m  [38;2;134;134;134m  [38;2;115;115;115m  [38;2;241;241;241m  [38;2;181;181;181m  [38;2;154;154;154m  [38;2;83;82;85m  [38;2;62;62;63m  [38;2;81;81;82m  [38;2;171;171;173m  [38;2;189;189;189m  [38;2;130;130;130m  [38;2;0;0;0m                
[38;2;0;0;0m        [38;2;88;88;88m  [38;2;132;132;132m  [38;2;122;122;122m  [38;2;99;99;100m  [38;2;59;59;60m██[38;2;59;59;59m██[38;2;60;60;60m██[38;2;59;59;59m██[38;2;59;59;62m██[38;2;59;59;61m██[38;2;52;52;54m██[38;2;61;60;63m██[38;2;61;61;63m██[38;2;118;118;119m  [38;2;53;53;53m  [38;2;0;0;0m    [38;2;163;163;163m  [38;2;58;58;58m  [38;2;0;0;0m      
[38;2;0;0;0m    [38;2;111;111;111m  [38;2;126;126;126m  [38;2;56;56;56m  [38;2;61;61;61m██[38;2;59;59;60m██[38;2;59;59;62m██[38;2;59;59;61m██[38;2;59;59;60m████████████[38;2;59;59;61m████[38;2;59;59;60m██[38;2;102;102;104m  [38;2;103;103;103m  [38;2;152;152;152m  [38;2;208;119;154m  [38;2;137;138;138m  [38;2;0;0;0m      
[38;2;0;0;0m  [38;2;24;24;24m  [38;2;233;199;213m  [38;2;208;52;115m██[38;2;63;55;64m██[38;2;58;58;60m██[38;2;59;59;60m██[38;2;59;59;61m██[38;2;59;59;60m██[38;2;58;58;60m██[38;2;59;59;60m██████[38;2;59;59;61m██[38;2;59;59;60m██[38;2;59;59;61m██[38;2;54;54;56m██[38;2;59;58;61m██[38;2;61;60;63m██[38;2;232;232;232m  [38;2;218;152;179m  [38;2;204;57;116m  [38;2;30;29;29m  [38;2;0;0;0m      
[38;2;0;0;0m    [38;2;235;199;214m  [38;2;203;60;120m██[38;2;196;59;114m██[38;2;59;59;61m██[38;2;59;59;60m████[38;2;59;58;62m██[38;2;59;59;60m██[38;2;53;53;55m██[38;2;59;59;60m████[38;2;59;59;61m████[38;2;59;59;60m██[38;2;59;59;61m██[38;2;149;54;93m██[38;2;178;59;109m██[38;2;69;68;70m  [38;2;189;59;112m██[38;2;61;60;65m██[38;2;54;53;56m  [38;2;121;124;124m  [38;2;0;0;0m    
[38;2;0;0;0m  [38;2;142;142;142m  [38;2;214;121;160m  [38;2;203;60;120m██[38;2;85;53;70m██[38;2;59;59;61m██[38;2;57;57;59m██[38;2;64;62;65m██[38;2;147;119;112m██[38;2;59;59;60m██[38;2;57;56;58m██[38;2;59;59;60m██[38;2;59;59;61m██[38;2;59;59;60m████████[38;2;96;50;72m██[38;2;205;59;122m██[38;2;197;53;110m██[38;2;61;58;63m██[38;2;59;59;60m██[38;2;59;59;61m██[38;2;141;140;142m  [38;2;85;85;85m  [38;2;0;0;0m  
[38;2;0;0;0m  [38;2;112;112;112m  [38;2;198;64;120m  [38;2;209;59;122m██[38;2;58;59;61m██[38;2;59;59;61m██[38;2;53;53;55m██[38;2;161;130;120m██[38;2;71;69;70m██[38;2;58;58;60m██[38;2;79;72;70m██[38;2;60;60;63m██[38;2;59;59;60m██████████[38;2;57;59;61m██[38;2;204;59;119m██[38;2;137;46;84m██[38;2;59;59;60m██████[38;2;60;59;62m  [38;2;63;63;63m  [38;2;0;0;0m  
[38;2;0;0;0m  [38;2;142;142;142m  [38;2;242;243;244m  [38;2;193;58;113m██[38;2;59;58;61m██[38;2;59;59;60m██[38;2;59;58;60m██[38;2;250;226;222m██[38;2;58;58;61m██[38;2;59;59;61m██[38;2;172;165;163m██[38;2;67;63;64m██[38;2;59;58;61m██[38;2;59;59;60m████████[38;2;60;57;60m██[38;2;106;49;76m██[38;2;199;59;115m██[38;2;37;37;37m██[38;2;59;59;60m████[38;2;56;56;58m  [38;2;28;28;28m  [38;2;0;0;0m  
[38;2;0;0;0m  [38;2;121;121;121m  [38;2;205;91;137m  [38;2;208;60;123m██[38;2;59;59;61m████[38;2;117;105;102m██[38;2;249;229;225m██[38;2;60;59;61m██[38;2;58;57;60m██[38;2;210;199;197m██[38;2;234;187;177m██[38;2;58;57;60m██[38;2;59;59;61m████[38;2;59;59;60m████[38;2;59;59;61m██[38;2;137;52;89m██[38;2;207;58;120m██[38;2;33;37;36m██[38;2;60;59;62m██[38;2;58;58;60m██[38;2;59;59;61m██[38;2;112;112;112m  [38;2;0;0;0m  
[38;2;0;0;0m  [38;2;27;27;27m  [38;2;226;225;226m  [38;2;145;53;93m██[38;2;59;59;61m██[38;2;60;60;62m██[38;2;206;196;194m██[38;2;197;184;181m██[38;2;99;95;95m██[38;2;86;74;75m██[38;2;212;201;199m██[38;2;168;155;151m██[38;2;83;72;71m██[38;2;57;57;59m██[38;2;41;41;43m██[38;2;58;58;60m██[38;2;59;59;61m██[38;2;60;60;62m██[38;2;203;58;117m██[38;2;205;60;118m██[38;2;58;44;52m██[38;2;59;59;61m██[38;2;58;58;60m██[38;2;58;57;60m██[38;2;114;114;114m  [38;2;0;0;0m  
[38;2;0;0;0m    [38;2;236;237;236m  [38;2;58;60;60m██[38;2;59;59;61m██[38;2;60;60;62m██[38;2;251;235;229m██[38;2;216;205;201m██[38;2;236;224;220m██[38;2;230;216;211m██[38;2;186;176;174m██[38;2;251;230;225m██[38;2;252;232;229m██[38;2;54;53;57m██[38;2;59;58;61m██[38;2;59;59;61m██[38;2;60;59;62m██[38;2;59;58;61m██[38;2;43;38;40m██[38;2;138;72;98m  [38;2;113;115;114m██[38;2;58;58;60m██[38;2;59;59;60m██[38;2;56;56;58m  [38;2;69;69;69m  [38;2;0;0;0m  
[38;2;0;0;0m  [38;2;59;59;59m  [38;2;190;190;190m  [38;2;59;59;62m██[38;2;59;59;61m██[38;2;48;49;53m██[38;2;126;120;118m██[38;2;229;215;220m██[38;2;146;138;139m██[38;2;247;231;227m██[38;2;119;116;117m██[38;2;252;232;228m██[38;2;121;114;111m██[38;2;122;116;114m██[38;2;58;54;57m██[38;2;60;60;62m██[38;2;58;58;60m██[38;2;43;43;45m██[38;2;40;40;40m██[38;2;220;220;220m  [38;2;146;146;146m  [38;2;53;53;56m██[38;2;59;59;60m██[38;2;54;54;56m  [38;2;23;23;23m  [38;2;0;0;0m  
[38;2;0;0;0m  [38;2;142;142;142m  [38;2;130;130;130m  [38;2;59;59;60m████[38;2;51;50;54m██[38;2;215;204;203m██[38;2;159;26;69m██[38;2;111;73;87m██[38;2;250;230;225m██[38;2;209;196;193m██[38;2;253;233;231m██[38;2;178;173;172m██[38;2;186;3;60m██[38;2;92;75;79m██[38;2;65;64;65m██[38;2;55;54;57m██[38;2;39;39;39m██[38;2;41;41;41m  [38;2;17;17;17m  [38;2;145;145;145m  [38;2;46;45;48m██[38;2;59;59;60m██[38;2;83;82;85m  [38;2;13;13;13m  [38;2;0;0;0m  
[38;2;0;0;0m  [38;2;112;112;112m  [38;2;70;70;70m  [38;2;61;60;62m██[38;2;58;58;60m██[38;2;60;60;63m██[38;2;250;232;226m██[38;2;238;222;220m██[38;2;243;226;225m██[38;2;250;230;225m██████[38;2;253;241;236m██[38;2;164;49;89m██[38;2;148;137;142m██[38;2;134;129;127m██[38;2;56;56;59m██[38;2;193;150;143m██[38;2;236;231;233m  [38;2;74;74;74m  [38;2;144;144;144m  [38;2;39;39;40m██[38;2;59;59;60m██[38;2;181;181;183m  [38;2;13;13;13m  [38;2;0;0;0m  
[38;2;0;0;0m  [38;2;112;112;112m  [38;2;63;63;63m  [38;2;60;60;61m██[38;2;55;55;57m██[38;2;49;49;49m██[38;2;249;229;224m██[38;2;250;230;225m████████████[38;2;248;229;222m██[38;2;252;229;225m██[38;2;46;47;48m██[38;2;229;179;164m██[38;2;225;175;164m██[38;2;233;225;221m  [38;2;63;63;63m  [38;2;142;142;142m  [38;2;31;31;32m██[38;2;59;59;61m██[38;2;213;213;214m  [38;2;0;0;0m    
[38;2;0;0;0m  [38;2;116;116;116m  [38;2;105;105;105m  [38;2;61;60;62m██[38;2;46;46;48m██[38;2;45;44;47m██[38;2;241;226;222m██[38;2;250;230;225m██████[38;2;249;229;224m██[38;2;250;230;225m██████[38;2;246;240;237m██[38;2;251;241;235m██[38;2;225;175;163m  [38;2;212;180;169m  [38;2;11;11;11m  [38;2;243;243;243m  [38;2;144;144;144m  [38;2;38;38;38m██[38;2;58;58;60m██[38;2;226;225;227m  [38;2;0;0;0m    
[38;2;0;0;0m  [38;2;136;136;136m  [38;2;122;122;122m  [38;2;61;60;61m██[38;2;109;109;111m██[38;2;57;56;59m██[38;2;240;240;241m  [38;2;250;229;225m██[38;2;249;228;224m██[38;2;165;122;121m██[38;2;169;140;140m██[38;2;248;231;227m██[38;2;250;230;225m████[38;2;249;229;226m██[38;2;211;173;165m  [38;2;150;150;152m  [38;2;81;80;108m  [38;2;42;43;82m  [38;2;48;50;84m  [38;2;147;147;147m  [38;2;102;102;102m██[38;2;59;59;61m██[38;2;208;208;208m  [38;2;0;0;0m    
[38;2;0;0;0m  [38;2;128;128;128m  [38;2;71;71;71m  [38;2;56;56;57m██[38;2;124;123;125m██[38;2;60;60;62m██[38;2;178;176;176m  [38;2;182;182;182m  [38;2;236;222;218m  [38;2;244;226;222m██[38;2;221;153;156m██[38;2;243;227;222m██[38;2;250;230;225m██[38;2;253;233;227m██[38;2;195;155;143m██[38;2;51;52;68m  [38;2;39;43;78m  [38;2;40;42;85m██████[38;2;95;96;116m██[38;2;154;154;155m██[38;2;59;59;61m██[38;2;181;181;182m  [38;2;36;36;36m  [38;2;0;0;0m  
[38;2;0;0;0m  [38;2;112;112;112m  [38;2;51;51;51m  [38;2;69;69;71m██[38;2;73;73;75m██[38;2;75;74;77m██[38;2;178;178;182m  [38;2;240;240;240m  [38;2;57;56;64m  [38;2;233;231;231m  [38;2;253;240;236m██[38;2;239;224;220m██[38;2;209;171;161m██[38;2;220;171;157m██[38;2;184;206;248m██[38;2;34;37;65m██[38;2;40;43;83m██[38;2;36;39;75m██[38;2;40;43;83m██████[38;2;172;172;171m██[38;2;61;61;63m██[38;2;169;168;170m  [38;2;28;28;28m  [38;2;0;0;0m  
[38;2;0;0;0m  [38;2;142;142;142m  [38;2;166;166;166m  [38;2;208;208;209m██[38;2;54;53;56m██[38;2;49;47;80m██[38;2;41;39;60m██[38;2;40;43;83m██[38;2;40;39;83m  [38;2;32;46;76m  [38;2;62;70;101m██[38;2;216;166;156m██[38;2;182;166;168m██[38;2;188;208;249m██[38;2;40;47;81m██[38;2;35;37;75m██[38;2;40;43;83m██[38;2;38;41;80m██[38;2;40;43;82m██[38;2;39;43;83m██[38;2;41;44;84m██[38;2;139;140;142m██[38;2;154;153;155m██[38;2;170;170;171m  [38;2;28;28;28m  [38;2;0;0;0m  
[38;2;0;0;0m    [38;2;84;84;84m  [38;2;99;99;100m  [38;2;44;43;67m██[38;2;40;44;82m██[38;2;53;55;58m██[38;2;41;44;86m██[38;2;54;108;105m██[38;2;72;153;129m██[38;2;83;140;129m██[38;2;162;157;167m██[38;2;79;160;137m██[38;2;158;187;173m██[38;2;69;166;132m██[38;2;37;38;76m██[38;2;40;43;83m██[38;2;65;65;95m██[38;2;129;127;143m██[38;2;40;43;83m████[38;2;42;46;80m██[38;2;225;225;226m██[38;2;196;195;197m  [38;2;14;14;14m  [38;2;0;0;0m  
[38;2;0;0;0m      [38;2;124;124;126m  [38;2;38;41;81m  [38;2;40;42;84m██[38;2;39;42;81m██[38;2;40;43;80m██[38;2;66;148;125m██[38;2;71;150;125m██[38;2;66;128;112m██[38;2;74;143;119m██[38;2;250;233;230m██[38;2;207;193;189m██[38;2;251;240;234m██[38;2;37;38;73m██[38;2;178;173;179m██[38;2;228;217;212m██[38;2;249;235;230m██[38;2;42;45;85m██[38;2;38;42;80m██[38;2;41;44;84m██[38;2;252;252;253m  [38;2;191;190;191m  [38;2;0;0;0m    
[38;2;0;0;0m      [38;2;245;246;247m  [38;2;40;43;82m██[38;2;40;43;83m██[38;2;39;42;82m██[38;2;40;43;83m██[38;2;69;144;125m██[38;2;71;166;136m██[38;2;71;167;138m██[38;2;246;229;224m██[38;2;213;168;160m██[38;2;196;166;159m██[38;2;117;142;134m██[38;2;57;58;87m██[38;2;187;185;185m██[38;2;216;167;157m██[38;2;223;205;202m██[38;2;30;33;73m██[38;2;36;35;66m██[38;2;40;43;83m██[38;2;116;116;132m  [38;2;68;68;68m  [38;2;0;0;0m    
[38;2;0;0;0m    [38;2;152;152;152m  [38;2;99;100;128m  [38;2;40;42;83m██[38;2;40;43;83m██[38;2;38;41;77m██[38;2;40;42;83m██[38;2;71;159;132m██[38;2;74;139;122m██[38;2;72;154;126m██[38;2;247;229;223m██[38;2;226;177;163m██[38;2;225;174;162m██[38;2;53;100;99m██[38;2;39;39;79m██[38;2;42;42;82m██[38;2;233;181;166m██[38;2;218;193;188m██[38;2;117;113;131m██[38;2;32;35;61m██[38;2;39;43;83m██[38;2;46;48;84m  [38;2;22;22;22m  [38;2;0;0;0m    
[38;2;0;0;0m    [38;2;102;102;102m  [38;2;37;40;80m  [38;2;40;43;83m████[38;2;38;41;79m██[38;2;35;38;74m██[38;2;40;72;85m██[38;2;72;157;133m██[38;2;207;201;201m██[38;2;248;230;224m██[38;2;227;176;163m██[38;2;125;147;126m██[38;2;76;123;113m██[38;2;36;39;77m██[38;2;39;42;81m██[38;2;228;178;165m██[38;2;252;236;230m██[38;2;212;203;205m██[38;2;38;42;80m██[38;2;40;43;83m██[38;2;38;42;82m  [38;2;79;79;79m  [38;2;0;0;0m    
[38;2;0;0;0m    [38;2;152;152;152m  [38;2;40;43;82m██[38;2;40;43;83m████████[38;2;41;37;79m██[38;2;238;188;210m██[38;2;222;172;195m██[38;2;250;230;225m██[38;2;216;176;166m██[38;2;248;232;227m██[38;2;250;237;235m██[38;2;85;84;101m██[38;2;248;229;225m██[38;2;244;217;209m██[38;2;252;236;231m██[38;2;245;227;222m██[38;2;34;39;79m██[38;2;40;43;83m██[38;2;41;45;85m██[38;2;152;152;151m  [38;2;0;0;0m    
[38;2;0;0;0m  [38;2;113;113;113m  [38;2;32;31;74m  [38;2;40;43;83m████████[38;2;40;42;85m██[38;2;34;35;76m██[38;2;239;183;211m██[38;2;240;184;212m██[38;2;205;187;187m██[38;2;250;230;226m██[38;2;148;143;152m██[38;2;80;83;102m██[38;2;40;43;74m██[38;2;42;45;84m██[38;2;247;229;224m██[38;2;253;233;228m██[38;2;205;170;187m██[38;2;177;145;170m██[38;2;40;42;82m██[38;2;40;43;83m██[38;2;142;144;161m  [38;2;84;84;84m  [38;2;0;0;0m  
[38;2;0;0;0m  [38;2;227;227;227m  [38;2;40;44;82m██[38;2;34;38;71m██[38;2;40;42;81m██[38;2;40;43;83m████[38;2;39;43;82m██[38;2;41;41;84m██[38;2;228;178;204m██[38;2;239;184;211m██[38;2;241;184;211m██[38;2;199;158;179m██[38;2;41;44;83m██[38;2;39;42;81m██[38;2;40;43;83m██[38;2;40;43;82m██[38;2;85;71;97m██[38;2;203;176;185m██[38;2;244;186;216m██[38;2;40;45;84m██[38;2;39;42;80m██[38;2;40;43;82m██[38;2;35;39;79m  [38;2;55;55;58m  [38;2;0;0;0m  
[38;2;0;0;0m  [38;2;230;230;234m  [38;2;39;43;81m██[38;2;35;39;75m██[38;2;31;36;65m██[38;2;38;41;78m██[38;2;40;42;83m██[38;2;40;43;82m██[38;2;40;43;83m██[38;2;235;182;211m██[38;2;164;125;148m██[38;2;197;158;180m██[38;2;224;179;204m██[38;2;40;43;83m██[38;2;39;42;78m██[38;2;40;43;83m██[38;2;40;43;82m██[38;2;144;122;141m██[38;2;194;152;175m██[38;2;41;43;82m██[38;2;40;43;82m██[38;2;40;43;83m██[38;2;36;39;74m██[38;2;42;43;82m██[38;2;227;228;231m  [38;2;0;0;0m  
[38;2;157;157;157m  [38;2;53;54;89m  [38;2;40;42;84m██[38;2;40;43;83m████████████[38;2;33;35;72m██[38;2;193;156;176m██[38;2;185;147;170m██[38;2;243;187;215m██[38;2;40;42;85m██[38;2;39;43;83m██[38;2;40;43;83m██[38;2;40;42;81m██[38;2;36;36;63m██[38;2;39;42;83m██[38;2;40;43;83m████[38;2;39;42;83m██[38;2;40;43;83m██[38;2;37;38;74m██[38;2;61;61;96m  [38;2;104;105;105m  
[38;2;242;242;246m  [38;2;40;44;83m██[38;2;40;43;83m████████████████[38;2;34;34;60m██[38;2;133;108;133m██[38;2;254;196;224m██[38;2;40;43;84m██[38;2;40;43;83m████[38;2;30;32;59m██[38;2;39;42;81m██[38;2;40;42;83m██[38;2;40;43;83m██[38;2;40;42;83m██[38;2;40;43;82m██[38;2;40;43;83m████[38;2;39;42;82m██[38;2;223;225;226m  
[38;2;95;94;123m  [38;2;40;42;83m██[38;2;40;43;83m████████████████[38;2;37;38;77m██[38;2;241;185;213m██[38;2;246;187;216m██[38;2;40;42;81m██[38;2;130;117;30m██[38;2;40;43;83m████[38;2;38;41;80m██[38;2;39;43;83m██[38;2;40;43;83m██[38;2;40;43;82m██[38;2;40;43;83m████████[38;2;80;81;107m  [0m
