
[38;2;0;0;0m                  [38;2;2;0;1m  [38;2;55;15;21m  [38;2;0;0;0m                  [38;2;177;34;48m  [38;2;206;41;57m██[38;2;121;20;30m██[38;2;0;0;0m                  
[38;2;0;0;0m                  [38;2;20;6;8m  [38;2;149;48;61m  [38;2;0;0;0m          [38;2;89;15;22m  [38;2;120;23;32m  [38;2;0;0;0m    [38;2;118;19;29m  [38;2;205;40;57m██[38;2;186;36;50m██[38;2;32;4;5m  [38;2;90;15;23m  [38;2;84;14;21m  [38;2;40;8;11m  [38;2;0;0;0m          
[38;2;0;0;0m                  [38;2;23;7;9m  [38;2;170;57;72m  [38;2;148;48;61m  [38;2;53;14;20m  [38;2;77;20;28m  [38;2;127;40;52m██[38;2;110;20;29m██[38;2;208;41;58m██[38;2;205;40;57m██[38;2;146;27;39m  [38;2;138;43;55m  [38;2;21;6;8m  [38;2;191;36;52m██[38;2;202;40;56m██[38;2;206;40;57m██[38;2;204;40;56m██[38;2;193;37;53m██[38;2;156;43;57m██[38;2;159;52;66m  [38;2;55;15;21m  [38;2;1;0;0m  [38;2;0;0;0m    
[38;2;0;0;0m                  [38;2;44;12;16m  [38;2;125;41;52m  [38;2;168;56;71m██[38;2;173;58;73m██[38;2;184;62;78m██[38;2;186;62;79m██[38;2;138;38;50m██[38;2;194;37;52m██[38;2;202;40;56m██[38;2;195;38;54m██[38;2;147;43;56m██[38;2;179;60;76m██[38;2;140;28;40m██[38;2;202;39;55m██[38;2;202;40;56m██[38;2;204;40;56m██[38;2;176;34;48m██[38;2;153;51;64m██[38;2;184;62;78m██[38;2;178;59;75m██[38;2;100;34;42m  [38;2;25;6;8m  [38;2;0;0;0m  
[38;2;0;0;0m                [38;2;103;33;43m  [38;2;186;62;79m  [38;2;184;62;78m██████████[38;2;186;63;79m██[38;2;120;27;37m██[38;2;203;40;56m██[38;2;201;39;56m██[38;2;157;40;53m██[38;2;177;59;74m██[38;2;119;28;37m██[38;2;186;33;48m██[38;2;199;37;53m██[38;2;142;21;32m██[38;2;106;32;42m██[38;2;187;63;80m██[38;2;186;62;79m██[38;2;183;62;78m██[38;2;181;61;77m██[38;2;150;50;63m  [38;2;20;6;8m  
[38;2;0;0;0m  [38;2;17;4;6m  [38;2;0;0;0m        [38;2;40;12;16m  [38;2;145;47;60m██[38;2;185;62;78m██[38;2;184;62;78m████████[38;2;184;61;78m██[38;2;184;62;78m██[38;2;183;61;77m██[38;2;139;40;52m██[38;2;195;37;53m██[38;2;201;39;55m██[38;2;153;36;50m██[38;2;196;73;85m██[38;2;215;100;101m██[38;2;143;67;67m██[38;2;129;56;59m██[38;2;136;39;51m██[38;2;158;42;55m██[38;2;149;35;47m██[38;2;134;34;45m██[38;2;149;49;63m██[38;2;138;45;57m  [38;2;114;33;42m██[38;2;78;17;23m██
[38;2;20;7;9m  [38;2;106;36;46m  [38;2;0;0;0m      [38;2;39;10;15m  [38;2;165;54;69m  [38;2;184;62;78m██[38;2;184;61;78m██[38;2;184;62;78m██[38;2;183;62;78m██[38;2;184;62;78m██[38;2;183;62;78m████[38;2;168;57;71m██[38;2;134;29;40m██[38;2;189;38;53m██[38;2;201;39;55m██[38;2;199;37;54m██[38;2;165;56;63m██[38;2;227;107;107m██[38;2;229;108;108m██[38;2;198;93;93m██[38;2;116;18;30m██[38;2;189;36;52m██[38;2;200;38;55m██[38;2;206;40;57m██[38;2;183;35;49m  [38;2;33;8;10m  [38;2;15;3;5m  [38;2;21;6;7m  [38;2;37;14;17m  
[38;2;100;37;46m██[38;2;117;41;53m██[38;2;0;0;0m    [38;2;15;6;6m  [38;2;182;84;84m██[38;2;204;83;91m██[38;2;190;67;82m██[38;2;184;62;78m██[38;2;182;60;76m██[38;2;180;59;76m██[38;2;183;61;77m████[38;2;186;62;79m██[38;2;139;33;46m██[38;2;202;39;55m██[38;2;202;39;56m██[38;2;188;32;49m██[38;2;160;31;48m██[38;2;198;94;94m██[38;2;198;87;89m██[38;2;209;95;97m██[38;2;140;51;61m██[38;2;195;36;52m██[38;2;202;40;56m██[38;2;194;39;54m██[38;2;140;29;41m██[38;2;70;14;19m  [38;2;0;0;0m        
[38;2;95;37;46m██[38;2;114;42;53m██[38;2;29;6;9m  [38;2;0;0;0m  [38;2;117;43;49m  [38;2;228;108;108m████[38;2;224;104;105m██[38;2;218;97;101m██[38;2;199;84;90m██[38;2;201;82;90m██[38;2;198;78;88m██[38;2;199;79;89m██[38;2;205;84;92m██[38;2;168;63;69m██[38;2;172;27;43m██[38;2;150;20;37m██[38;2;179;69;73m██[38;2;174;80;80m██[38;2;160;36;46m██[38;2;180;36;50m██[38;2;151;39;52m██[38;2;162;55;69m██[38;2;158;26;39m██[38;2;202;40;56m██[38;2;190;37;52m██[38;2;141;41;53m██[38;2;175;59;74m  [38;2;34;9;12m  [38;2;0;0;0m      
[38;2;80;33;41m██[38;2;101;39;49m██[38;2;108;38;48m  [38;2;39;10;13m  [38;2;172;57;73m  [38;2;190;70;83m██[38;2;221;101;103m██[38;2;227;107;107m██[38;2;229;108;108m██[38;2;214;101;101m██[38;2;229;109;108m██[38;2;229;108;108m██[38;2;229;109;108m████[38;2;228;108;108m██[38;2;200;95;95m██[38;2;222;105;105m██[38;2;169;74;76m██[38;2;170;19;40m██[38;2;205;40;56m██[38;2;202;40;56m██[38;2;180;32;47m██[38;2;157;49;63m██[38;2;132;35;47m██[38;2;200;39;55m██[38;2;203;40;56m██[38;2;157;25;38m██[38;2;172;58;73m██[38;2;95;31;40m  [38;2;1;0;0m  [38;2;0;0;0m    
[38;2;60;25;31m██[38;2;83;31;39m██[38;2;81;28;35m  [38;2;88;29;37m  [38;2;170;58;73m██[38;2;178;59;76m██[38;2;174;60;74m██[38;2;196;75;86m██[38;2;208;87;94m██[38;2;201;90;93m██[38;2;223;103;104m██[38;2;224;105;105m██[38;2;224;104;105m██[38;2;221;102;103m██[38;2;214;96;99m██[38;2;208;87;94m██[38;2;179;65;75m██[38;2;175;34;48m██[38;2;203;40;56m██[38;2;184;34;49m██[38;2;202;40;56m██[38;2;201;39;55m██[38;2;100;29;38m██[38;2;121;37;48m██[38;2;154;29;41m██[38;2;201;39;55m██[38;2;145;28;41m██[38;2;168;56;71m██[38;2;154;50;65m  [38;2;11;3;4m  [38;2;0;0;0m    
[38;2;0;0;0m  [38;2;38;13;17m  [38;2;0;0;0m  [38;2;68;23;30m  [38;2;158;53;67m██[38;2;173;58;73m██[38;2;178;60;75m██[38;2;183;61;78m██[38;2;184;61;78m██[38;2;166;53;69m██[38;2;181;58;76m████████[38;2;178;57;74m██[38;2;182;61;77m██[38;2;152;45;58m██[38;2;195;37;53m██[38;2;129;21;31m██[38;2;118;41;52m██[38;2;187;36;51m██[38;2;204;40;56m██[38;2;69;19;26m██[38;2;137;44;56m██[38;2;103;33;42m██[38;2;88;28;37m██[38;2;155;52;66m██[38;2;181;60;77m██[38;2;180;61;77m██[38;2;19;6;8m  [38;2;0;0;0m    
[38;2;0;0;0m    [38;2;23;19;20m██[38;2;15;21;21m██[38;2;143;48;61m██[38;2;170;57;72m██[38;2;178;59;76m██[38;2;182;61;77m██[38;2;184;62;78m██[38;2;163;54;69m██[38;2;177;59;75m██[38;2;184;62;77m██[38;2;184;61;78m████[38;2;180;60;76m██[38;2;169;56;71m██[38;2;172;54;69m██[38;2;136;35;46m██[38;2;160;53;68m██[38;2;182;61;77m██[38;2;118;20;30m██[38;2;183;33;48m██[38;2;136;40;54m██[38;2;155;50;65m██[38;2;115;35;46m██[38;2;103;32;41m██[38;2;144;46;60m██[38;2;180;60;76m██[38;2;181;61;77m██[38;2;123;38;50m  [38;2;0;0;0m    
[38;2;0;0;0m    [38;2;10;10;10m██[38;2;83;29;37m██[38;2;158;54;67m██[38;2;168;56;71m██[38;2;177;59;75m██[38;2;181;61;77m██[38;2;184;61;78m██[38;2;159;52;66m██[38;2;170;57;71m██[38;2;184;62;78m██[38;2;184;61;78m██[38;2;184;62;78m██[38;2;182;61;76m██[38;2;155;55;67m██[38;2;185;61;78m██[38;2;183;75;86m██[38;2;163;57;70m██[38;2;184;61;78m██[38;2;135;43;55m██[38;2;115;26;37m██[38;2;106;32;42m██[38;2;114;35;46m██[38;2;26;7;9m██[38;2;136;43;57m██[38;2;143;46;60m██[38;2;179;60;76m████[38;2;153;50;64m██[38;2;0;0;0m    
[38;2;0;0;0m    [38;2;12;4;5m  [38;2;146;50;64m██[38;2;165;56;71m██[38;2;166;56;71m██[38;2;176;59;75m██[38;2;180;61;77m██[38;2;182;60;76m██[38;2;149;53;65m██[38;2;162;54;68m██[38;2;185;62;78m██[38;2;183;62;78m██[38;2;184;62;78m██[38;2;184;61;78m██[38;2;154;64;73m██[38;2;185;61;78m██[38;2;171;61;75m██[38;2;196;93;102m██[38;2;176;58;74m██[38;2;181;61;77m████[38;2;136;44;56m██[38;2;109;33;44m██[38;2;146;47;62m██[38;2;120;38;49m██[38;2;134;43;56m██[38;2;174;58;75m██[38;2;175;58;75m██[38;2;173;58;74m██[38;2;0;0;0m    
[38;2;0;0;0m    [38;2;12;4;5m  [38;2;148;51;65m██[38;2;164;55;71m██[38;2;165;55;70m██[38;2;175;58;75m██[38;2;179;60;77m██[38;2;166;53;69m██[38;2;166;73;81m██[38;2;153;51;64m██[38;2;185;62;78m██[38;2;184;61;78m████[38;2;184;61;77m██[38;2;179;78;88m██[38;2;167;55;69m██[38;2;177;57;73m██[38;2;205;103;109m██[38;2;159;60;71m██[38;2;178;59;76m██[38;2;176;59;75m██[38;2;175;58;75m██[38;2;116;36;48m██[38;2;166;55;71m██[38;2;169;57;73m██[38;2;161;53;69m██[38;2;156;51;67m██[38;2;172;58;74m██[38;2;176;59;76m██[38;2;41;9;13m  [38;2;0;0;0m  
[38;2;0;0;0m    [38;2;13;4;5m  [38;2;150;52;66m██[38;2;163;55;71m██[38;2;162;54;69m██[38;2;174;58;74m██[38;2;172;58;73m██[38;2;153;48;63m██[38;2;205;98;107m██[38;2;146;52;64m██[38;2;181;60;77m██[38;2;183;62;78m██[38;2;184;61;78m██[38;2;184;61;77m██[38;2;176;69;80m██[38;2;182;81;91m██[38;2;174;56;72m██[38;2;140;70;76m██[38;2;194;97;105m██[38;2;169;55;71m██[38;2;175;58;74m██[38;2;173;57;74m██[38;2;155;51;66m██[38;2;166;55;72m██[38;2;165;55;72m██[38;2;161;53;70m██[38;2;145;47;62m██[38;2;169;56;73m██[38;2;172;57;75m██[38;2;61;17;24m  [38;2;0;0;0m  
[38;2;0;0;0m    [38;2;13;4;6m  [38;2;150;52;66m██[38;2;163;55;71m██[38;2;156;52;67m██[38;2;173;58;74m██[38;2;163;58;72m██[38;2;126;38;51m██[38;2;226;120;129m██[38;2;168;68;80m██[38;2;164;63;75m██[38;2;184;61;78m██[38;2;183;62;78m██[38;2;184;62;78m██[38;2;171;55;70m██[38;2;181;96;102m██[38;2;164;57;71m██[38;2;171;59;74m██[38;2;230;134;141m██[38;2;203;108;117m██[38;2;162;65;77m██[38;2;165;62;76m██[38;2;163;52;70m██[38;2;151;50;65m██[38;2;162;53;71m██[38;2;156;51;68m██[38;2;142;46;61m██[38;2;165;55;72m██[38;2;168;56;73m██[38;2;78;24;32m  [38;2;0;0;0m  
[38;2;0;0;0m    [38;2;13;4;5m  [38;2;150;51;66m██[38;2;163;54;71m██[38;2;153;51;65m██[38;2;169;55;72m██[38;2;172;76;85m██[38;2;182;87;96m██[38;2;198;113;121m██[38;2;156;62;75m██[38;2;162;80;85m██[38;2;178;59;75m██[38;2;183;61;77m██[38;2;184;62;78m██[38;2;184;58;75m██[38;2;201;114;120m██[38;2;186;80;93m██[38;2;177;58;75m██[38;2;194;107;115m██[38;2;205;124;130m██[38;2;149;89;94m██[38;2;110;66;69m██[38;2;130;67;74m██[38;2;138;43;59m██[38;2;158;52;70m██[38;2;152;50;67m██[38;2;140;44;61m██[38;2;160;53;70m██[38;2;162;53;71m██[38;2;96;31;41m  [38;2;0;0;0m  
[38;2;0;0;0m    [38;2;12;4;5m  [38;2;147;50;65m██[38;2;162;54;70m██[38;2;150;48;64m██[38;2;165;64;77m██[38;2;203;94;104m██[38;2;196;100;110m██[38;2;243;142;150m██[38;2;207;116;124m██[38;2;163;64;76m██[38;2;186;82;94m██[38;2;182;58;75m██[38;2;183;57;74m██[38;2;177;52;70m██[38;2;140;55;65m██[38;2;95;55;58m██[38;2;73;17;36m██[38;2;65;37;45m██[38;2;43;16;33m██[38;2;84;46;60m██[38;2;201;128;133m██[38;2;170;99;105m██[38;2;147;52;67m██[38;2;154;50;68m██[38;2;135;30;53m██[38;2;131;54;65m██[38;2;160;75;87m██[38;2;169;83;95m██[38;2;110;39;50m  [38;2;8;0;1m  
[38;2;0;0;0m    [38;2;11;3;5m  [38;2;143;47;63m██[38;2;160;54;70m██[38;2;136;50;61m██[38;2;163;79;84m██[38;2;118;64;68m██[38;2;123;67;71m██[38;2;136;75;79m██[38;2;161;96;100m██[38;2;180;99;106m██[38;2;215;132;137m██[38;2;192;107;113m██[38;2;202;124;128m██[38;2;224;145;149m██[38;2;225;146;150m██[38;2;217;141;146m██[38;2;22;22;22m██[38;2;243;243;244m██[38;2;75;8;22m██[38;2;116;59;85m██[38;2;235;158;162m██[38;2;216;142;146m██[38;2;159;88;95m██[38;2;152;47;67m██[38;2;202;131;136m██[38;2;245;167;170m██[38;2;246;170;173m██[38;2;211;145;149m██[38;2;126;29;49m  [38;2;20;5;7m  
[38;2;0;0;0m    [38;2;10;3;4m  [38;2;134;43;59m██[38;2;158;52;70m██[38;2;111;32;45m██[38;2;178;105;111m██[38;2;113;60;76m██[38;2;70;33;60m██[38;2;163;152;160m██[38;2;73;36;54m██[38;2;239;156;161m██[38;2;243;160;165m██[38;2;243;155;158m██[38;2;243;154;157m██[38;2;243;166;169m██[38;2;244;170;173m██[38;2;239;168;171m██[38;2;153;51;101m██[38;2;206;137;162m██[38;2;219;114;156m██[38;2;194;97;134m██[38;2;237;171;174m██[38;2;223;162;163m██[38;2;190;128;131m██[38;2;149;33;57m██[38;2;232;168;169m██[38;2;245;179;181m██[38;2;210;139;146m██[38;2;138;26;56m██[38;2;140;45;62m██[38;2;26;8;11m  
[38;2;0;0;0m    [38;2;8;2;3m  [38;2;127;40;55m  [38;2;155;52;69m██[38;2;142;41;59m██[38;2;189;113;119m██[38;2;179;101;120m██[38;2;164;65;111m██[38;2;182;123;148m██[38;2;160;64;108m██[38;2;229;157;161m██[38;2;244;166;168m██[38;2;244;147;146m██[38;2;244;148;146m██[38;2;245;175;174m██[38;2;245;183;184m██[38;2;248;188;188m██[38;2;190;122;137m██[38;2;216;129;161m██[38;2;211;144;158m██[38;2;201;119;130m██[38;2;243;165;162m██[38;2;246;191;190m██[38;2;199;143;144m██[38;2;156;85;92m██[38;2;246;192;192m██[38;2;228;176;176m██[38;2;134;39;60m██[38;2;145;47;65m██[38;2;145;48;66m██[38;2;32;10;14m  
[38;2;0;0;0m    [38;2;4;0;1m  [38;2;102;31;42m  [38;2;153;50;68m██[38;2;155;50;68m██[38;2;127;55;64m██[38;2;223;141;156m██[38;2;214;118;155m██[38;2;221;134;165m██[38;2;201;95;140m██[38;2;224;166;166m██[38;2;247;187;187m██[38;2;246;177;175m██[38;2;247;180;177m██[38;2;248;194;193m██[38;2;249;198;197m██[38;2;249;200;198m██[38;2;245;196;193m██[38;2;243;165;157m██[38;2;251;169;161m██[38;2;251;169;162m██[38;2;249;167;161m██[38;2;250;185;179m██[38;2;183;133;134m██[38;2;146;78;79m██[38;2;161;68;75m██[38;2;120;13;41m██[38;2;136;43;61m██[38;2;140;46;64m██[38;2;143;47;66m██[38;2;104;32;45m██
[38;2;0;0;0m    [38;2;10;2;4m  [38;2;124;38;54m  [38;2;151;50;68m████[38;2;132;22;44m██[38;2;224;156;157m██[38;2;216;135;142m██[38;2;222;148;149m██[38;2;228;161;171m██[38;2;245;195;193m██[38;2;249;201;198m██[38;2;249;204;201m██[38;2;249;207;203m██[38;2;252;211;207m██[38;2;220;184;180m██[38;2;251;214;210m██[38;2;251;203;197m██[38;2;251;174;165m██[38;2;251;176;166m██[38;2;251;176;167m████[38;2;249;185;177m██[38;2;227;193;189m██[38;2;143;74;82m██[38;2;137;36;58m██[38;2;135;44;62m██[38;2;132;43;61m██[38;2;134;44;62m██[38;2;137;45;62m██[38;2;136;44;62m██
[38;2;0;0;0m    [38;2;10;3;4m  [38;2;125;39;54m  [38;2;149;49;67m██[38;2;150;49;67m██[38;2;140;58;66m██[38;2;179;102;101m██[38;2;246;163;157m██[38;2;251;168;161m██[38;2;250;182;176m██[38;2;250;212;208m██[38;2;251;213;208m██[38;2;252;215;210m██[38;2;252;218;213m██[38;2;236;205;200m██[38;2;229;200;195m██[38;2;253;223;217m██[38;2;253;221;214m██[38;2;253;184;174m██[38;2;253;181;170m██[38;2;253;182;171m██[38;2;253;184;172m██[38;2;248;206;198m██[38;2;158;96;99m██[38;2;142;39;62m██[38;2;139;45;64m██[38;2;132;42;61m██[38;2;130;42;60m██[38;2;137;45;64m██[38;2;126;40;58m██[38;2;138;45;64m██
[38;2;0;0;0m    [38;2;10;2;4m  [38;2;123;38;54m  [38;2;143;47;65m██[38;2;149;48;67m██[38;2;133;45;59m██[38;2;252;174;166m██[38;2;250;172;164m██[38;2;251;175;166m██[38;2;252;184;175m██[38;2;252;222;216m██[38;2;252;223;216m██[38;2;254;225;219m██[38;2;225;200;193m██[38;2;230;205;199m██[38;2;229;205;198m██[38;2;254;229;223m██[38;2;254;230;223m██[38;2;254;223;215m██[38;2;254;212;203m██[38;2;254;215;205m██[38;2;235;208;200m██[38;2;130;76;77m██[38;2;139;42;61m██[38;2;141;46;64m██[38;2;138;45;64m██[38;2;127;41;59m██[38;2;130;42;60m██[38;2;134;44;63m██[38;2;125;40;58m██[38;2;126;40;58m██
[38;2;0;0;0m    [38;2;9;2;4m  [38;2;126;40;56m██[38;2;135;44;60m██[38;2;147;48;67m██[38;2;146;39;62m██[38;2;195;133;127m██[38;2;252;181;170m██[38;2;253;180;169m██[38;2;253;207;199m██[38;2;254;228;221m██[38;2;254;229;222m██[38;2;254;230;222m██[38;2;255;232;225m████[38;2;255;234;226m██[38;2;255;233;226m██[38;2;255;234;226m██[38;2;254;234;226m██[38;2;252;236;229m██[38;2;207;187;182m██[38;2;71;21;21m██[38;2;101;29;51m██[38;2;140;46;63m██[38;2;140;46;64m██[38;2;138;45;63m██[38;2;119;38;55m██[38;2;130;42;61m██[38;2;133;43;62m██[38;2;130;42;60m██[38;2;26;8;12m  
[38;2;0;0;0m    [38;2;11;3;5m  [38;2;137;45;62m██[38;2;113;36;50m██[38;2;147;48;66m██[38;2;148;49;67m██[38;2;148;44;66m██[38;2;160;103;109m██[38;2;217;189;183m██[38;2;246;224;217m██[38;2;254;235;228m██[38;2;254;234;227m██[38;2;254;235;227m██[38;2;255;235;228m██[38;2;255;236;228m██[38;2;255;236;229m██[38;2;255;237;229m██[38;2;237;219;212m██[38;2;168;157;151m██[38;2;96;88;85m██[38;2;16;2;6m██[38;2;80;22;40m██[38;2;98;31;50m██[38;2;142;47;64m██[38;2;140;45;64m██[38;2;137;44;64m██[38;2;109;34;50m██[38;2;124;40;59m██[38;2;132;43;62m████[38;2;55;16;24m  
[38;2;0;0;0m    [38;2;66;16;25m  [38;2;146;48;66m██[38;2;13;4;5m██[38;2;145;48;66m██[38;2;146;48;66m██[38;2;149;49;67m██[38;2;103;29;49m██[38;2;92;14;38m██[38;2;62;20;19m██[38;2;110;84;86m██[38;2;161;144;141m██[38;2;179;163;158m██[38;2;190;174;168m██[38;2;197;182;176m██[38;2;173;161;155m██[38;2;63;59;57m██[38;2;21;18;18m██[38;2;10;9;7m██[38;2;10;9;10m██[38;2;4;5;7m██[38;2;71;51;42m██[38;2;94;15;41m██[38;2;136;44;62m██[38;2;140;45;64m██[38;2;137;44;64m██[38;2;100;31;48m██[38;2;115;37;57m██[38;2;131;43;62m████[38;2;97;30;45m  
[38;2;0;0;0m  [38;2;12;2;4m  [38;2;128;41;57m██[38;2;94;29;42m  [38;2;63;12;21m  [38;2;134;44;61m██[38;2;144;47;66m██[38;2;147;48;67m██[38;2;131;42;59m██[38;2;88;27;48m██[38;2;95;30;51m██[38;2;93;21;47m██[38;2;90;10;40m██[38;2;88;10;36m██[38;2;56;6;21m██[38;2;0;0;1m██[38;2;55;16;18m██[38;2;74;16;34m██[38;2;74;45;45m██[38;2;69;23;35m██[38;2;30;22;19m██[38;2;92;70;41m██[38;2;203;152;135m██[38;2;130;53;64m██[38;2;122;40;57m██[38;2;140;46;64m██[38;2;137;44;64m██[38;2;85;26;43m██[38;2;105;33;53m██[38;2;130;42;61m████[38;2;120;38;56m██
[38;2;6;1;1m  [38;2;92;28;38m  [38;2;96;29;41m  [38;2;11;3;4m  [38;2;71;13;25m  [38;2;131;42;60m██[38;2;142;47;65m██[38;2;144;47;66m██[38;2;147;49;67m██[38;2;99;31;47m██[38;2;94;30;51m██[38;2;95;30;51m████[38;2;95;29;51m██[38;2;91;46;39m██[38;2;97;73;36m██[38;2;55;8;26m██[38;2;118;23;51m██[38;2;128;30;56m██[38;2;84;13;31m██[38;2;52;32;30m██[38;2;126;63;69m██[38;2;191;152;145m██[38;2;149;99;104m██[38;2;144;58;77m██[38;2;139;45;64m██[38;2;130;42;60m██[38;2;84;26;45m██[38;2;89;27;47m██[38;2;129;42;61m██[38;2;129;42;60m██[38;2;130;42;62m██[0m
