
[38;2;0;0;0m                                    [38;2;2;2;2m  [38;2;11;10;10m  [38;2;70;60;53m  [38;2;163;133;110m  [38;2;216;175;142m██[38;2;219;176;142m████[38;2;221;178;143m██[38;2;225;181;146m██[38;2;194;158;128m  [38;2;111;90;73m  [38;2;3;2;1m  [38;2;0;0;0m  
[38;2;0;0;0m                                  [38;2;39;34;38m  [38;2;170;138;114m  [38;2;218;175;141m██[38;2;219;176;142m██████████████[38;2;220;176;142m██[38;2;223;179;145m██[38;2;218;176;142m  [38;2;99;81;66m  
[38;2;0;0;0m                              [38;2;7;5;4m  [38;2;172;138;112m  [38;2;219;176;142m██████████████████[38;2;218;176;142m██[38;2;219;176;142m██████[38;2;222;179;144m██
[38;2;0;0;0m                            [38;2;2;1;1m  [38;2;177;145;124m  [38;2;218;176;142m██[38;2;219;176;142m████[38;2;218;176;142m██[38;2;219;176;142m██[38;2;218;176;142m██████[38;2;219;176;142m██████████████
[38;2;0;0;0m                            [38;2;151;127;120m  [38;2;219;176;142m████████████████████████████████
[38;2;0;0;0m  [38;2;198;180;170m  [38;2;3;2;2m  [38;2;0;0;0m                  [38;2;32;32;32m  [38;2;62;52;44m  [38;2;219;176;142m██[38;2;218;176;142m██[38;2;219;176;142m██████████████████[38;2;218;176;142m██[38;2;219;176;142m██████████
[38;2;0;0;0m  [38;2;209;200;189m  [38;2;88;78;73m  [38;2;0;0;0m                  [38;2;141;141;146m  [38;2;188;153;129m  [38;2;219;176;142m██████[38;2;219;176;141m██[38;2;219;176;142m██████████████████[38;2;218;176;142m██[38;2;219;175;142m██[38;2;219;176;142m██[38;2;218;176;142m██
[38;2;0;0;0m  [38;2;167;160;149m  [38;2;183;166;156m██[38;2;0;0;0m                  [38;2;55;55;58m  [38;2;217;174;141m██[38;2;219;176;142m██████[38;2;219;175;142m██[38;2;219;176;142m████████[38;2;218;176;142m██[38;2;219;176;142m██[38;2;219;176;141m██[38;2;219;176;142m████████████
[38;2;0;0;0m  [38;2;156;149;140m  [38;2;229;210;197m██[38;2;0;0;0m                [38;2;77;80;82m  [38;2;117;97;82m  [38;2;219;176;142m████████[38;2;216;174;142m██[38;2;219;176;142m██[38;2;223;180;145m██[38;2;219;176;142m██[38;2;218;176;142m██[38;2;222;178;144m██[38;2;219;176;142m██[38;2;218;175;141m██[38;2;211;171;139m██[38;2;219;176;142m██████████
[38;2;37;36;32m  [38;2;221;209;196m  [38;2;230;211;198m██[38;2;228;224;217m  [38;2;2;1;1m  [38;2;4;4;4m  [38;2;0;0;0m          [38;2;236;238;238m  [38;2;182;146;119m██[38;2;219;176;142m████████[38;2;120;98;82m██[38;2;177;144;116m██[38;2;225;181;146m██[38;2;219;176;142m██[38;2;218;175;142m██[38;2;221;178;143m██[38;2;219;176;142m██[38;2;217;175;142m██[38;2;148;119;96m██[38;2;207;166;134m██[38;2;219;176;142m████[38;2;160;132;109m██[38;2;218;176;142m██
[38;2;253;242;226m  ██[38;2;252;240;225m██[38;2;197;182;170m██[38;2;238;214;203m  [38;2;2;1;1m  [38;2;0;0;0m          [38;2;167;162;167m  [38;2;210;169;136m██[38;2;218;176;142m██[38;2;219;176;142m██[38;2;218;176;142m██[38;2;218;175;141m██[38;2;136;109;90m██[38;2;122;108;100m██[38;2;225;181;146m██[38;2;218;176;142m████[38;2;219;176;142m██[38;2;221;177;143m██[38;2;219;176;141m██[38;2;202;162;131m██[38;2;127;107;92m██[38;2;219;176;142m██[38;2;218;176;142m██[38;2;140;115;103m██[38;2;218;175;141m██
[38;2;253;242;226m████████[38;2;249;237;222m██[38;2;85;11;10m  [38;2;0;0;0m        [38;2;9;9;10m  [38;2;63;52;51m  [38;2;219;176;142m████████[38;2;209;170;138m██[38;2;122;108;98m██[38;2;151;144;134m██[38;2;224;180;146m██[38;2;219;176;142m████[38;2;220;177;143m██[38;2;222;179;144m██[38;2;219;176;142m██[38;2;201;162;133m██[38;2;152;144;135m██[38;2;219;176;142m████[38;2;140;123;113m██[38;2;216;173;140m██
[38;2;241;230;215m██[38;2;253;242;226m██████[38;2;152;143;134m  [38;2;0;0;0m          [38;2;7;6;7m  [38;2;108;89;78m  [38;2;218;176;142m████[38;2;219;176;142m████[38;2;199;165;137m██[38;2;138;126;117m██[38;2;226;212;197m██[38;2;217;175;141m██[38;2;220;176;142m████[38;2;220;177;142m██[38;2;221;177;143m██[38;2;215;173;140m██[38;2;215;174;142m██[38;2;223;213;198m██[38;2;215;173;139m██[38;2;219;176;142m██[38;2;125;103;97m██[38;2;213;171;138m██
[38;2;199;191;178m  [38;2;253;242;226m██████[38;2;69;54;52m  [38;2;0;0;0m            [38;2;98;83;75m  [38;2;209;170;142m██[38;2;218;174;142m██[38;2;219;176;142m██[38;2;218;176;142m██[38;2;185;150;122m██[38;2;246;234;219m██[38;2;252;241;225m██[38;2;251;240;224m██[38;2;250;239;223m██[38;2;239;226;209m██[38;2;242;227;209m██[38;2;246;235;220m██[38;2;232;219;203m██[38;2;250;239;223m██[38;2;253;242;226m██[38;2;251;240;224m██[38;2;249;238;222m████[38;2;213;171;139m██
[38;2;120;114;108m  [38;2;253;242;226m██[38;2;252;242;226m██[38;2;253;241;225m██[38;2;30;25;24m  [38;2;35;26;29m  [38;2;0;0;0m          [38;2;126;100;82m  [38;2;199;163;136m██[38;2;218;175;141m██[38;2;219;176;142m██[38;2;214;174;142m██[38;2;244;232;217m██[38;2;175;167;147m██[38;2;170;162;141m██[38;2;252;242;225m████[38;2;253;242;226m████[38;2;253;242;225m██[38;2;253;242;226m████[38;2;250;241;224m██[38;2;90;77;51m██[38;2;250;240;222m██[38;2;252;241;224m██[38;2;217;175;141m██
[38;2;39;34;32m  [38;2;252;241;225m██[38;2;253;241;226m██[38;2;251;237;222m██[38;2;132;117;100m██[38;2;247;221;187m  [38;2;17;13;12m  [38;2;0;0;0m        [38;2;40;33;26m  [38;2;181;149;128m██[38;2;205;166;137m██[38;2;216;174;141m██[38;2;161;139;128m██[38;2;253;242;226m██[38;2;101;93;66m██[38;2;92;84;59m██[38;2;253;241;226m████████[38;2;253;242;226m██████[38;2;181;173;153m██[38;2;80;69;43m██[38;2;241;231;214m██[38;2;252;241;225m██[38;2;214;172;139m██
[38;2;17;15;13m  [38;2;132;117;95m██[38;2;167;147;122m██[38;2;177;158;134m██[38;2;251;225;190m██[38;2;252;226;191m██[38;2;245;220;186m  [38;2;7;7;6m  [38;2;0;0;0m      [38;2;155;145;85m  [38;2;158;129;106m  [38;2;216;173;140m██[38;2;213;172;140m██[38;2;147;131;121m██[38;2;253;241;226m██[38;2;80;71;44m██[38;2;90;82;55m██[38;2;253;242;226m████[38;2;253;241;226m██[38;2;253;242;226m██████[38;2;253;242;225m██[38;2;115;107;82m██[38;2;74;63;36m██[38;2;242;231;215m██[38;2;241;231;216m██[38;2;215;175;143m██
[38;2;1;1;1m  [38;2;213;187;149m██[38;2;231;203;162m██[38;2;252;226;190m██[38;2;252;226;191m████[38;2;252;226;190m██[38;2;242;215;184m  [38;2;5;4;4m  [38;2;0;0;0m    [38;2;16;10;8m  [38;2;174;136;107m  [38;2;219;176;142m██[38;2;218;175;141m██[38;2;116;93;83m██[38;2;253;242;226m██[38;2;83;72;44m██[38;2;94;84;61m██[38;2;253;242;226m██████████████[38;2;107;98;73m██[38;2;78;65;39m██[38;2;240;230;213m██[38;2;243;233;217m██[38;2;215;176;144m██
[38;2;0;0;0m  [38;2;165;145;114m  [38;2;226;198;155m██[38;2;250;224;189m██[38;2;251;226;190m██[38;2;252;226;191m████[38;2;251;226;191m██[38;2;170;149;130m  [38;2;2;1;1m  [38;2;0;0;0m  [38;2;58;41;30m  [38;2;117;87;69m  [38;2;219;176;142m██[38;2;219;177;143m██[38;2;115;94;77m██[38;2;251;240;224m██[38;2;81;71;43m██[38;2;136;126;105m██[38;2;253;242;226m████████[38;2;252;242;226m██[38;2;253;242;226m████[38;2;108;99;78m██[38;2;88;80;54m██[38;2;249;238;222m██[38;2;243;232;218m██[38;2;215;175;144m██
[38;2;0;0;0m  [38;2;169;148;117m  [38;2;225;197;154m██[38;2;231;203;162m██[38;2;252;226;191m████████[38;2;250;224;189m██[38;2;82;73;65m██[38;2;77;76;75m  [38;2;154;107;79m  [38;2;116;87;69m  [38;2;219;176;142m██[38;2;218;176;142m██[38;2;213;171;138m██[38;2;236;224;209m██[38;2;93;85;57m██[38;2;211;202;183m██[38;2;253;242;226m██████████████[38;2;132;126;102m██[38;2;90;82;57m██[38;2;253;242;226m██[38;2;251;240;224m██[38;2;210;172;141m██
[38;2;0;0;0m  [38;2;46;42;34m  [38;2;225;197;154m██[38;2;226;198;155m██[38;2;249;223;187m██[38;2;252;226;191m████████[38;2;247;221;187m██[38;2;94;84;72m  [38;2;174;122;91m  [38;2;154;109;82m  [38;2;218;175;141m██[38;2;219;176;142m██[38;2;218;175;142m██[38;2;198;184;172m██[38;2;250;240;224m██[38;2;253;242;226m██████[38;2;253;241;226m██[38;2;253;242;226m████████[38;2;249;239;222m██[38;2;192;181;163m██[38;2;250;238;221m██[38;2;246;235;219m██[38;2;211;172;141m██
[38;2;0;0;0m    [38;2;215;188;147m  [38;2;225;197;154m██[38;2;237;210;171m██[38;2;252;226;191m██[38;2;251;226;191m██[38;2;251;226;190m██[38;2;252;226;191m████[38;2;248;222;188m██[38;2;73;62;52m  [38;2;151;106;79m  [38;2;216;173;140m  [38;2;218;176;142m██  [38;2;176;156;139m  [38;2;247;229;211m██[38;2;247;231;212m██[38;2;252;240;224m██[38;2;183;166;147m██[38;2;180;158;143m██[38;2;174;152;138m██[38;2;188;161;146m██[38;2;177;159;143m██[38;2;248;237;221m██[38;2;253;242;226m██[38;2;247;230;212m██[38;2;247;230;211m██[38;2;211;197;181m██[38;2;218;176;143m██
[38;2;0;0;0m    [38;2;157;141;108m  [38;2;225;197;154m██[38;2;229;202;160m██[38;2;252;226;191m████████████[38;2;250;224;190m  [38;2;127;110;93m  [38;2;180;145;118m  [38;2;218;175;142m██[38;2;218;176;142m██[38;2;181;129;99m██[38;2;251;239;223m██[38;2;252;241;225m██[38;2;182;156;140m██[38;2;251;188;178m██[38;2;252;189;180m████[38;2;251;189;179m██[38;2;250;189;179m██[38;2;189;154;139m██[38;2;252;241;225m██[38;2;253;242;226m██[38;2;252;241;225m██[38;2;205;192;177m██[38;2;218;176;142m██
[38;2;0;0;0m      [38;2;215;190;149m  [38;2;225;197;154m██[38;2;245;219;182m██[38;2;252;226;191m██[38;2;252;225;191m██[38;2;252;226;191m████[38;2;252;226;190m██[38;2;252;225;191m██[38;2;252;226;191m██[38;2;73;62;54m██[38;2;218;175;142m██[38;2;218;175;141m██[38;2;127;89;65m██[38;2;237;224;209m██[38;2;253;242;226m██[38;2;195;183;166m██[38;2;246;189;180m██[38;2;252;188;179m██[38;2;252;189;180m████[38;2;250;188;179m██[38;2;184;151;136m██[38;2;252;242;226m██[38;2;253;242;226m██[38;2;252;242;226m██[38;2;215;203;188m██[38;2;219;176;142m██
[38;2;0;0;0m    [38;2;185;185;185m  [38;2;6;5;5m  [38;2;225;196;154m██[38;2;227;199;157m██[38;2;251;225;190m██[38;2;251;226;191m██[38;2;252;226;191m██[38;2;251;226;191m██[38;2;251;226;190m██[38;2;251;226;191m████[38;2;221;193;168m██[38;2;217;174;140m██[38;2;206;165;135m██[38;2;126;95;73m██[38;2;137;116;106m  [38;2;253;242;226m████[38;2;203;186;169m██[38;2;219;168;155m██[38;2;244;185;175m██[38;2;245;186;176m██[38;2;200;158;146m██[38;2;239;227;211m██[38;2;253;242;226m██████[38;2;241;228;214m██[38;2;212;170;138m██
[38;2;217;91;91m  [38;2;0;0;0m      [38;2;188;165;129m  [38;2;225;197;154m██[38;2;240;212;175m██[38;2;252;226;191m██[38;2;252;225;191m██[38;2;252;226;191m██[38;2;251;226;191m████[38;2;252;226;191m██[38;2;250;224;190m██[38;2;114;92;75m██[38;2;189;139;107m██[38;2;108;85;67m██[38;2;222;195;153m██[38;2;152;136;124m██[38;2;253;242;226m██[38;2;253;241;226m██[38;2;251;240;224m██[38;2;250;239;223m████[38;2;252;241;225m██[38;2;253;242;226m██████[38;2;244;231;216m██[38;2;194;172;147m██[38;2;190;140;106m██
[38;2;7;7;7m  [38;2;0;0;0m    [38;2;49;44;39m  [38;2;27;25;19m  [38;2;221;193;151m  [38;2;225;197;154m██[38;2;243;216;179m██[38;2;252;226;191m████[38;2;252;225;191m██[38;2;252;226;191m██████[38;2;162;140;119m██[38;2;182;127;94m██[38;2;121;89;68m██[38;2;227;199;158m██[38;2;222;194;152m██[38;2;191;173;145m██[38;2;169;156;142m██[38;2;224;212;197m██[38;2;251;239;224m██[38;2;253;242;226m██[38;2;252;241;225m██[38;2;251;239;224m██[38;2;249;235;220m██[38;2;98;86;82m██[38;2;212;211;210m██[38;2;113;101;89m██[38;2;182;127;94m██
[38;2;0;0;0m  [38;2;109;109;0m  [38;2;0;0;0m    [38;2;2;2;1m  [38;2;8;7;5m  [38;2;224;196;153m██[38;2;226;198;155m██[38;2;247;221;185m██[38;2;252;226;191m██[38;2;252;226;190m██[38;2;252;226;191m████[38;2;252;226;190m██[38;2;228;197;164m██[38;2;182;127;94m██[38;2;88;70;56m██[38;2;250;224;190m██[38;2;241;215;180m██[38;2;225;197;154m██[38;2;224;197;154m██[38;2;248;244;240m██[38;2;87;85;83m██[38;2;58;53;49m██[38;2;44;34;32m██[38;2;70;55;53m██[38;2;129;112;110m██[38;2;253;250;247m██[38;2;253;251;246m██[38;2;117;108;102m██[38;2;151;117;91m██
[38;2;0;0;0m        [38;2;153;153;153m  [38;2;0;0;0m  [38;2;98;87;71m  [38;2;225;197;154m██[38;2;226;198;156m██[38;2;241;214;176m██[38;2;251;226;190m██[38;2;251;225;191m██[38;2;252;226;191m██[38;2;251;226;191m██[38;2;246;220;186m██[38;2;179;125;93m██[38;2;130;108;89m██[38;2;247;222;188m██[38;2;250;224;190m██[38;2;251;225;190m██[38;2;224;196;154m██[38;2;249;247;246m██[38;2;254;253;253m██[38;2;157;152;152m██[38;2;50;48;46m██[38;2;88;87;86m██[38;2;226;226;226m██[38;2;254;254;254m██[38;2;253;250;250m██[38;2;176;151;145m██[38;2;227;200;157m██
[38;2;0;0;0m    [38;2;173;173;71m  [38;2;0;0;0m    [38;2;46;46;46m  [38;2;91;80;69m  [38;2;154;135;108m██[38;2;225;197;154m████[38;2;234;207;167m██[38;2;250;224;189m██[38;2;252;226;191m████[38;2;251;225;190m██[38;2;151;112;86m██[38;2;174;151;127m██[38;2;248;222;188m██[38;2;252;226;191m██[38;2;252;225;191m██[38;2;224;196;154m██[38;2;201;194;193m██[38;2;233;228;228m██[38;2;197;87;86m██[38;2;199;89;88m██[38;2;189;89;87m██[38;2;137;62;62m██[38;2;175;157;156m██[38;2;254;252;252m██[38;2;170;151;144m██[38;2;252;226;191m██
[38;2;0;0;0m      [38;2;106;106;84m  [38;2;0;0;0m  [38;2;49;49;49m  [38;2;0;0;0m  [38;2;28;25;21m  [38;2;155;136;108m  [38;2;225;197;154m████[38;2;225;197;155m██[38;2;242;216;178m██[38;2;252;226;191m████[38;2;179;139;109m██[38;2;154;132;110m██[38;2;250;224;190m██[38;2;252;225;191m██[38;2;252;226;191m██[38;2;227;199;156m██[38;2;131;72;68m██[38;2;195;88;86m██[38;2;197;85;84m██[38;2;97;81;68m██[38;2;199;158;127m██[38;2;198;90;87m██[38;2;200;87;86m██[38;2;165;105;104m██[38;2;171;140;124m██[38;2;252;226;191m██
[38;2;0;0;0m      [38;2;31;31;3m  [38;2;65;65;38m  [38;2;0;0;0m    [38;2;40;40;40m  [38;2;28;23;21m  [38;2;126;98;76m  [38;2;225;197;154m██[38;2;227;199;157m██[38;2;225;198;155m██[38;2;250;224;189m██[38;2;251;226;191m██[38;2;248;222;188m██[38;2;194;173;147m██[38;2;251;225;190m██[38;2;249;223;190m██[38;2;252;226;191m██[38;2;243;216;178m██[38;2;189;142;116m██[38;2;200;87;86m██[38;2;70;44;40m██[38;2;251;225;190m██[38;2;229;201;160m██[38;2;224;196;153m██[38;2;214;163;133m██[38;2;154;67;66m██[38;2;238;211;179m██[38;2;252;226;191m██[0m
