
[38;2;0;0;0m                          ████[38;2;251;244;0m██[38;2;255;227;0m██[38;2;130;116;0m██[38;2;0;0;0m                      
[38;2;0;0;0m                          ████[38;2;255;227;0m██████[38;2;0;0;0m                      
[38;2;0;0;0m                          [38;2;7;6;0m  [38;2;0;0;0m██[38;2;255;228;0m████[38;2;255;227;0m██[38;2;218;195;0m██[38;2;0;0;0m                    
[38;2;0;0;0m                            [38;2;201;182;0m██[38;2;255;227;0m████████[38;2;0;0;0m                    
[38;2;0;0;0m                            [38;2;101;91;0m  [38;2;255;227;0m████████[38;2;99;89;0m██[38;2;0;0;0m                  
[38;2;0;0;0m                            ██[38;2;255;228;0m████[38;2;255;227;0m████[38;2;255;228;0m██[38;2;0;0;0m                  
[38;2;0;0;0m                              [38;2;253;226;0m██[38;2;255;227;0m████████[38;2;0;0;0m██                
[38;2;255;227;0m██[38;2;117;105;0m  [38;2;0;0;0m                          ██[38;2;255;227;0m████████[38;2;122;108;0m██[38;2;0;0;0m                
[38;2;255;227;0m████[38;2;250;223;0m██[38;2;0;0;0m                          [38;2;78;70;0m██[38;2;254;227;0m██[38;2;255;227;0m██████[38;2;0;0;0m                
[38;2;255;227;0m████████[38;2;4;4;0m  [38;2;0;0;0m      [38;2;135;121;0m  [38;2;255;227;0m██████████████████[38;2;102;91;0m  [38;2;42;38;0m██[38;2;255;227;0m██[38;2;0;0;0m                
[38;2;255;227;0m██████████[38;2;147;131;0m██[38;2;3;2;0m  [38;2;255;227;0m██████████████████████████[38;2;127;114;0m  [38;2;0;0;0m██              
[38;2;255;227;0m██████████████████[38;2;255;228;0m██[38;2;255;227;0m██████████████████████[38;2;241;215;0m██[38;2;0;0;0m              
[38;2;255;227;0m████████████████████████████████████████████[38;2;187;167;0m██[38;2;0;0;0m            
[38;2;207;185;0m  [38;2;255;227;0m██████████████[38;2;254;227;0m██[38;2;18;17;15m██[38;2;18;18;18m██████[38;2;18;17;15m██[38;2;0;0;0m██[38;2;19;19;18m  [38;2;255;227;0m████████[38;2;187;167;0m██[38;2;231;231;231m██[38;2;0;0;0m██[38;2;99;99;99m██[38;2;0;0;0m          
[38;2;0;0;0m    [38;2;159;142;0m██[38;2;255;227;0m██████████████[38;2;255;255;255m██████[38;2;254;254;254m██[38;2;0;0;0m██[38;2;199;199;199m██[38;2;255;227;0m██████████[38;2;187;187;183m██[38;2;0;0;0m██[38;2;127;122;79m██[38;2;16;14;0m  [38;2;0;0;0m        
[38;2;0;0;0m    [38;2;255;228;0m██[38;2;255;227;0m████[38;2;255;228;0m██[38;2;255;227;0m████████[38;2;241;215;0m  [38;2;36;36;36m  [38;2;10;9;0m  [38;2;167;151;17m██[38;2;255;227;0m██████[38;2;255;228;0m██[38;2;255;227;0m██[38;2;255;228;0m██[38;2;255;227;0m████[38;2;255;228;0m████[38;2;255;227;0m██[38;2;51;46;0m██[38;2;0;0;0m  ██[38;2;255;228;0m██
[38;2;0;0;0m  ██[38;2;255;227;0m██████████████████████████████[38;2;255;228;0m████[38;2;255;227;0m████████[38;2;255;228;0m██[38;2;255;227;0m████[38;2;9;8;0m  [38;2;255;227;0m████
[38;2;0;0;0m  [38;2;133;119;0m  [38;2;255;227;0m████████[38;2;32;29;0m  [38;2;172;53;53m██[38;2;240;74;74m██[38;2;152;47;47m██[38;2;34;30;0m██[38;2;255;227;0m██████████████████████████████[38;2;19;17;0m██[38;2;9;2;2m  [38;2;255;227;0m██
[38;2;0;0;0m  [38;2;253;226;0m██[38;2;255;227;0m██████[38;2;40;36;0m  [38;2;255;79;79m██████████[38;2;5;5;0m  [38;2;255;227;0m████████████████████████████[38;2;231;71;71m██[38;2;255;79;79m██[38;2;50;15;15m██
[38;2;0;0;0m  [38;2;255;227;0m████████[38;2;220;68;68m██[38;2;255;79;79m██████████[38;2;246;76;76m██[38;2;255;227;0m██████████████████████████[38;2;85;76;0m██[38;2;255;79;79m██████
[38;2;0;0;0m  [38;2;255;227;0m██████[38;2;95;85;0m██[38;2;255;79;79m██[38;2;255;78;78m██[38;2;255;79;79m██████████[38;2;179;160;0m██[38;2;255;227;0m██████████████[38;2;150;133;0m██[38;2;255;227;0m████████[38;2;18;16;0m██[38;2;255;79;79m██████
[38;2;0;0;0m  [38;2;255;227;0m██████[38;2;63;56;0m██[38;2;255;79;79m██████████████[38;2;170;152;0m██[38;2;255;227;0m████████████[38;2;145;129;1m██[38;2;89;71;78m██[38;2;249;222;0m██[38;2;255;227;0m██████[38;2;48;43;0m██[38;2;255;79;79m██████
[38;2;2;2;0m  [38;2;255;227;0m████████[38;2;203;63;63m██[38;2;255;78;78m██[38;2;255;79;79m████[38;2;255;78;78m██[38;2;255;79;79m██[38;2;247;76;76m██[38;2;255;228;0m████[38;2;255;227;0m██████████[38;2;18;11;13m  [38;2;90;71;78m██[38;2;253;226;0m██[38;2;255;227;0m██████[38;2;249;223;0m██[38;2;254;79;79m██[38;2;255;79;79m████
[38;2;85;76;0m  [38;2;255;227;0m██[38;2;255;228;0m██████[38;2;189;168;0m██[38;2;204;63;63m██[38;2;255;79;79m██████[38;2;241;74;74m██[38;2;63;57;0m██[38;2;255;227;0m██[38;2;255;228;0m██[38;2;255;227;0m██████[38;2;255;228;0m██[38;2;32;19;24m██[38;2;173;102;129m██[38;2;70;41;52m  [38;2;255;227;0m██[38;2;255;228;0m████[38;2;255;227;0m████[38;2;1;1;0m  [38;2;255;79;79m██[38;2;137;42;42m██
[38;2;201;180;0m██[38;2;255;227;0m████████████[38;2;13;12;0m  [38;2;0;0;0m██[38;2;28;25;0m██[38;2;255;227;0m████████████████[38;2;182;163;0m██[38;2;38;32;4m██[38;2;235;202;22m██[38;2;255;227;0m████████████[38;2;3;0;0m  [38;2;51;45;0m  
[38;2;255;227;0m████████████[38;2;255;228;0m██[38;2;255;227;0m██████████████████████████████[38;2;255;228;0m██[38;2;255;227;0m████████[38;2;111;99;0m  [38;2;151;135;0m██
[38;2;255;227;0m██[38;2;255;228;0m██[38;2;255;227;0m██[38;2;255;228;0m██[38;2;255;227;0m████[38;2;255;228;0m██[38;2;255;227;0m██████[38;2;255;228;0m██[38;2;255;227;0m████[38;2;255;228;0m██[38;2;255;227;0m██[38;2;255;228;0m██[38;2;255;227;0m████[38;2;255;228;0m████[38;2;255;227;0m████[38;2;255;228;0m████[38;2;255;227;0m██[38;2;255;228;0m██[38;2;255;227;0m██[38;2;0;0;0m    
[38;2;255;227;0m████████████████████████████████████████████████████[38;2;0;0;0m  [38;2;134;120;0m██[38;2;0;0;0m  
[38;2;255;227;0m██████████████████████████████████████████████████[38;2;71;64;0m██[38;2;255;227;0m████[38;2;0;0;0m  
[38;2;255;227;0m████[38;2;255;228;0m██[38;2;255;227;0m██████[38;2;255;228;0m██[38;2;255;227;0m████████[38;2;255;228;0m████[38;2;255;227;0m██████[38;2;255;228;0m██[38;2;255;227;0m██[38;2;255;228;0m██[38;2;255;227;0m██████████[38;2;211;189;0m██[38;2;244;218;0m██[38;2;255;227;0m████[38;2;132;118;0m██
[38;2;255;227;0m████████████████[38;2;255;228;0m██[38;2;255;227;0m██████████████████████████████[38;2;0;0;0m  [38;2;255;227;0m████████
[38;2;255;227;0m██████████████████████[38;2;255;228;0m██████[38;2;255;227;0m██████████████████[38;2;255;228;0m██[38;2;0;0;0m  [38;2;236;211;0m██[38;2;255;227;0m██████[0m
