
[38;2;0;0;0m                      [38;2;88;42;57m  [38;2;192;111;127m██[38;2;157;32;80m  [38;2;0;0;0m          [38;2;82;20;47m  [38;2;170;29;81m  [38;2;94;15;47m  [38;2;0;0;0m      [38;2;255;180;206m  [38;2;0;0;0m          
[38;2;0;0;0m                      [38;2;144;59;77m  [38;2;248;203;200m██[38;2;146;46;79m  [38;2;0;0;0m      [38;2;174;53;98m  [38;2;171;80;95m██[38;2;241;184;188m██[38;2;243;180;184m██[38;2;88;19;43m  [38;2;0;0;0m      [38;2;255;171;212m  [38;2;0;0;0m          
[38;2;0;0;0m                    [38;2;189;125;145m  [38;2;252;211;208m██[38;2;251;217;211m██[38;2;142;63;80m██[38;2;0;0;0m  [38;2;114;42;68m  [38;2;168;91;104m██[38;2;254;217;217m██[38;2;254;226;220m██[38;2;253;220;214m██[38;2;174;110;114m██[38;2;0;0;0m                    
[38;2;0;0;0m          [38;2;169;66;103m  [38;2;99;13;49m  [38;2;0;0;0m    [38;2;30;23;25m  [38;2;196;132;137m██[38;2;255;227;222m██[38;2;254;229;223m██[38;2;169;111;114m██[38;2;150;79;93m  [38;2;247;210;208m██[38;2;253;227;220m██[38;2;255;235;223m██[38;2;255;236;229m██[38;2;252;230;222m██[38;2;156;77;98m  [38;2;0;0;0m  [38;2;49;18;29m  [38;2;176;72;112m  [38;2;173;67;85m  [38;2;181;85;83m██[38;2;183;76;96m██[38;2;99;16;54m  [38;2;0;0;0m      
[38;2;0;0;0m          [38;2;137;33;67m  [38;2;142;60;73m██[38;2;18;8;11m  [38;2;0;0;0m  [38;2;146;59;86m  [38;2;252;223;217m██[38;2;255;236;228m████[38;2;207;167;159m██[38;2;253;228;223m██[38;2;255;236;230m██[38;2;255;239;232m██[38;2;255;244;237m██[38;2;255;240;235m██[38;2;255;235;228m██[38;2;167;106;109m██[38;2;177;117;117m██[38;2;244;199;200m██[38;2;254;219;219m██[38;2;255;225;216m██[38;2;254;218;211m██[38;2;160;67;83m██[38;2;0;0;0m        
[38;2;0;0;0m          [38;2;134;36;65m  [38;2;245;204;200m██[38;2;122;53;68m██[38;2;124;91;102m  [38;2;191;135;140m██[38;2;255;231;224m██[38;2;255;241;233m██[38;2;255;240;233m██[38;2;255;241;233m██[38;2;255;240;233m██[38;2;255;243;236m██[38;2;255;244;237m██[38;2;255;245;239m██[38;2;255;243;237m██[38;2;255;242;235m██[38;2;254;235;227m██[38;2;255;233;227m██[38;2;255;236;230m██[38;2;255;238;232m██[38;2;255;235;227m██[38;2;253;218;212m██[38;2;155;56;95m  [38;2;0;0;0m        
[38;2;0;0;0m          [38;2;144;57;81m██[38;2;253;218;213m██[38;2;249;216;214m██[38;2;129;75;85m██[38;2;254;220;219m██[38;2;255;233;228m██[38;2;255;240;235m██[38;2;255;241;236m██[38;2;255;242;235m██[38;2;255;244;239m██[38;2;255;245;241m██[38;2;255;245;242m██[38;2;255;244;238m██[38;2;255;245;238m████[38;2;255;243;236m██[38;2;255;243;235m██[38;2;255;244;237m██[38;2;255;243;242m██[38;2;255;235;227m██[38;2;200;140;143m██[38;2;0;0;0m          
[38;2;0;0;0m          [38;2;131;42;69m██[38;2;250;218;211m██[38;2;253;227;219m██[38;2;248;226;216m██[38;2;253;230;226m██[38;2;254;236;232m██[38;2;255;236;232m██[38;2;255;238;234m██[38;2;255;245;241m██[38;2;255;242;233m██[38;2;255;247;243m██[38;2;255;243;234m██[38;2;255;243;236m██[38;2;255;245;237m██[38;2;255;246;240m██[38;2;255;246;239m██[38;2;255;247;240m██[38;2;255;246;239m██[38;2;255;242;234m██[38;2;255;228;222m██[38;2;152;70;90m  [38;2;0;0;0m          
[38;2;0;0;0m          [38;2;116;33;65m██[38;2;244;212;204m██[38;2;250;225;220m██[38;2;248;226;222m██[38;2;248;225;219m██[38;2;252;231;229m██[38;2;250;228;223m██[38;2;253;232;227m██[38;2;254;233;230m██[38;2;254;239;233m██[38;2;254;238;231m██[38;2;255;237;237m██[38;2;255;241;235m██[38;2;255;244;238m██[38;2;255;247;241m██[38;2;255;246;242m██[38;2;255;245;239m██[38;2;255;244;237m██[38;2;255;239;234m██[38;2;253;222;217m██[38;2;86;41;58m  [38;2;0;0;0m          
[38;2;0;0;0m      [38;2;153;52;84m  [38;2;135;45;73m  [38;2;112;40;67m  [38;2;237;199;195m██[38;2;244;213;211m██[38;2;242;213;214m██[38;2;242;214;214m██[38;2;244;217;220m██[38;2;245;218;219m██[38;2;246;219;220m██[38;2;247;223;216m██[38;2;249;225;220m██[38;2;253;226;223m██[38;2;253;230;227m██[38;2;254;234;227m██[38;2;255;235;232m██[38;2;255;238;237m██[38;2;255;240;235m██[38;2;255;243;235m██[38;2;255;244;237m██[38;2;255;240;238m██[38;2;220;180;176m██[38;2;159;84;109m  [38;2;154;70;98m  [38;2;150;67;92m  [38;2;142;58;79m  [38;2;131;46;70m  [38;2;140;30;60m  
[38;2;0;0;0m      [38;2;13;5;8m  [38;2;127;45;66m██[38;2;81;34;49m██[38;2;224;182;180m██[38;2;233;196;198m██[38;2;231;198;201m██[38;2;231;198;203m██[38;2;233;198;205m██[38;2;236;203;204m██[38;2;239;205;208m██[38;2;238;209;208m██[38;2;242;214;212m██[38;2;244;217;216m██[38;2;249;220;221m██[38;2;249;226;219m██[38;2;252;228;226m██[38;2;254;231;228m██[38;2;255;236;232m██[38;2;255;246;244m██[38;2;255;242;237m██[38;2;255;241;235m██[38;2;254;236;232m██[38;2;254;232;227m██[38;2;255;230;225m██[38;2;255;227;224m██[38;2;254;221;215m██[38;2;253;207;205m██[38;2;141;33;68m  
[38;2;0;0;0m        [38;2;132;28;72m  [38;2;179;117;133m██[38;2;194;147;158m██[38;2;217;178;187m██[38;2;221;183;192m██[38;2;220;183;192m██[38;2;223;185;193m██[38;2;222;186;194m██[38;2;227;187;195m██[38;2;228;190;196m██[38;2;230;197;201m██[38;2;234;203;205m██[38;2;240;208;207m██[38;2;242;214;214m██[38;2;246;219;215m██[38;2;246;223;222m██[38;2;249;226;220m██[38;2;253;230;225m██[38;2;255;235;230m██[38;2;255;238;234m██[38;2;255;243;240m██[38;2;255;241;236m████[38;2;255;235;230m██[38;2;254;224;215m██[38;2;162;89;98m██[38;2;19;4;11m  
[38;2;0;0;0m          [38;2;110;27;56m  [38;2;202;149;165m██[38;2;205;158;178m██[38;2;206;163;180m██[38;2;206;163;183m██[38;2;209;167;183m██[38;2;211;168;184m██[38;2;213;171;187m██[38;2;217;175;190m██[38;2;222;178;192m██[38;2;223;185;193m██[38;2;225;190;197m██[38;2;234;197;199m██[38;2;236;204;206m██[38;2;241;211;213m██[38;2;244;217;214m██[38;2;246;221;218m██[38;2;250;225;224m██[38;2;254;231;232m██[38;2;254;237;232m██[38;2;255;239;234m██[38;2;255;237;231m██[38;2;253;227;222m██[38;2;201;145;151m██[38;2;112;39;72m  [38;2;0;0;0m  
[38;2;0;0;0m          [38;2;100;62;75m  [38;2;85;40;48m██[38;2;96;59;73m██[38;2;128;93;103m██[38;2;169;129;146m██[38;2;189;145;167m██[38;2;189;148;165m██[38;2;194;152;175m██[38;2;200;158;178m██[38;2;206;162;182m██[38;2;210;170;187m██[38;2;215;173;188m██[38;2;222;180;194m██[38;2;226;187;197m██[38;2;232;193;202m██[38;2;234;203;205m██[38;2;238;209;212m██[38;2;242;214;216m██[38;2;248;219;218m██[38;2;250;228;227m██[38;2;254;238;236m██[38;2;253;227;221m██[38;2;168;122;125m██[38;2;112;49;73m  [38;2;0;0;0m    
[38;2;0;0;0m          [38;2;68;23;39m  [38;2;117;67;69m██[38;2;116;83;79m██[38;2;72;53;48m██[38;2;51;33;31m██[38;2;51;37;38m██[38;2;55;40;40m██[38;2;71;48;53m██[38;2;133;98;114m██[38;2;186;145;165m██[38;2;192;151;169m██[38;2;197;156;176m██[38;2;206;163;182m██[38;2;213;171;184m██[38;2;218;176;189m██[38;2;224;186;194m██[38;2;227;193;201m██[38;2;234;201;203m██[38;2;237;209;207m██[38;2;243;216;214m██[38;2;246;222;218m██[38;2;244;215;215m██[38;2;196;154;152m██[38;2;145;89;100m██[38;2;108;29;47m██[38;2;137;29;61m  
[38;2;0;0;0m          [38;2;112;37;59m  [38;2;64;25;26m██[38;2;45;22;23m██[38;2;37;24;21m██[38;2;34;22;21m██[38;2;36;24;22m██[38;2;91;71;64m██[38;2;94;72;67m██[38;2;68;48;50m██[38;2;56;39;38m██[38;2;57;37;42m██[38;2;96;71;81m██[38;2;182;139;152m██[38;2;194;151;168m██[38;2;203;160;177m██[38;2;212;168;184m██[38;2;217;176;191m██[38;2;223;186;200m██[38;2;226;193;199m██[38;2;235;204;206m██[38;2;242;212;210m██[38;2;245;214;209m██[38;2;244;214;208m██[38;2;247;206;199m██[38;2;204;145;145m██[38;2;151;31;78m  
[38;2;0;0;0m        [38;2;122;67;82m  [38;2;156;83;73m██[38;2;59;23;22m██[38;2;42;21;19m██[38;2;33;19;17m██[38;2;30;18;16m██[38;2;32;20;18m██[38;2;34;21;20m██[38;2;39;25;24m██[38;2;42;28;27m██[38;2;75;58;52m██[38;2;102;79;73m██[38;2;51;34;36m██[38;2;52;36;35m██[38;2;53;36;37m██[38;2;114;85;90m██[38;2;193;149;164m██[38;2;203;160;179m██[38;2;212;170;185m██[38;2;221;179;195m██[38;2;227;187;199m██[38;2;230;195;197m██[38;2;236;198;200m██[38;2;239;191;189m██[38;2;126;50;60m██[38;2;148;45;83m  [38;2;0;0;0m  
[38;2;0;0;0m        [38;2;118;34;39m██[38;2;168;99;76m██[38;2;64;30;26m██[38;2;46;24;19m██[38;2;38;20;17m██[38;2;34;19;15m██[38;2;31;19;14m██[38;2;32;22;17m██[38;2;37;24;22m██[38;2;41;29;27m██[38;2;41;28;26m██[38;2;38;27;23m██[38;2;34;22;22m████[38;2;39;24;24m██[38;2;55;36;37m██[38;2;59;42;41m██[38;2;83;58;62m██[38;2;189;149;167m██[38;2;205;160;177m██[38;2;213;168;181m██[38;2;216;171;185m██[38;2;90;41;50m██[38;2;129;44;67m  [38;2;0;0;0m      
[38;2;0;0;0m        [38;2;191;110;91m██[38;2;187;108;78m██[38;2;95;51;39m██[38;2;68;34;27m██[38;2;53;28;23m██[38;2;46;23;20m██[38;2;43;23;19m██[38;2;43;23;20m██[38;2;46;27;25m██[38;2;79;58;51m██[38;2;114;89;79m██[38;2;46;32;28m██[38;2;32;21;18m██[38;2;31;19;18m██[38;2;30;21;18m██[38;2;38;26;24m██[38;2;94;72;66m██[38;2;90;68;62m██[38;2;66;46;44m██[38;2;119;83;92m██[38;2;197;147;164m██[38;2;204;146;166m██[38;2;204;131;151m██[38;2;156;66;85m██[38;2;168;40;67m  [38;2;127;78;97m  [38;2;0;0;0m  
[38;2;0;0;0m        [38;2;193;103;84m██[38;2;181;99;72m██[38;2;246;178;134m██[38;2;167;108;82m██[38;2;91;42;35m██[38;2;76;35;26m██[38;2;70;36;27m████[38;2;71;40;31m██[38;2;131;95;84m██[38;2;123;90;80m██[38;2;48;27;26m██[38;2;34;21;18m██[38;2;31;20;18m████[38;2;33;22;20m██[38;2;38;27;22m██[38;2;48;36;29m██[38;2;86;62;58m██[38;2;91;54;51m██[38;2;78;24;37m  [38;2;121;41;69m  [38;2;147;49;79m  [38;2;144;44;72m  [38;2;183;68;93m  [38;2;255;182;191m  [38;2;255;158;199m  
[38;2;0;0;0m        [38;2;131;33;35m██[38;2;185;100;75m██[38;2;254;173;143m██[38;2;254;176;143m██[38;2;251;185;146m██[38;2;162;107;78m██[38;2;200;139;104m██[38;2;215;155;119m██[38;2;186;125;93m██[38;2;95;50;39m██[38;2;113;73;59m██[38;2;58;32;26m██[38;2;46;23;22m██[38;2;40;21;19m██[38;2;36;23;19m██[38;2;42;25;20m██[38;2;48;29;26m██[38;2;49;32;27m██[38;2;57;34;31m██[38;2;57;20;21m██[38;2;156;53;90m  [38;2;0;0;0m        [38;2;255;189;197m  [38;2;99;57;76m  
[38;2;0;0;0m        [38;2;160;52;65m  [38;2;249;159;133m██[38;2;255;178;149m██[38;2;255;181;154m██[38;2;254;181;148m██[38;2;255;197;151m██[38;2;255;199;155m████[38;2;255;200;156m██[38;2;250;188;148m██[38;2;144;88;64m██[38;2;87;43;34m██[38;2;64;34;27m██[38;2;60;30;26m██[38;2;60;31;27m██[38;2;116;81;70m██[38;2;122;89;77m██[38;2;117;84;73m██[38;2;85;49;35m██[38;2;235;164;129m██[38;2;130;53;56m██[38;2;0;0;0m        [38;2;127;87;106m  [38;2;0;0;0m  
[38;2;0;0;0m        [38;2;183;79;93m  [38;2;255;188;148m██[38;2;255;199;163m██[38;2;255;203;164m██[38;2;255;199;157m██[38;2;168;96;64m██[38;2;254;194;148m██[38;2;255;201;158m██[38;2;255;201;159m██[38;2;255;199;157m██[38;2;253;194;149m██[38;2;234;168;133m██[38;2;107;50;38m██[38;2;103;46;35m██[38;2;99;49;35m██[38;2;97;43;33m██[38;2;161;109;82m██[38;2;172;125;100m██[38;2;239;174;128m██[38;2;113;56;36m██[38;2;202;125;104m██[38;2;0;0;0m            
[38;2;0;0;0m        [38;2;80;23;32m  [38;2;253;185;144m██[38;2;255;200;159m██[38;2;255;205;163m██[38;2;255;195;151m██[38;2;134;63;39m██[38;2;124;53;29m██[38;2;241;168;132m██[38;2;252;181;140m██[38;2;254;190;145m██[38;2;254;195;153m██[38;2;255;197;156m██[38;2;255;175;143m██[38;2;253;168;136m██[38;2;251;169;138m██[38;2;255;188;152m██[38;2;252;189;147m██[38;2;248;185;142m██[38;2;182;111;79m██[38;2;198;121;87m██[38;2;224;148;120m██[38;2;0;0;0m            
[38;2;0;0;0m        [38;2;2;0;0m  [38;2;188;109;85m██[38;2;255;197;150m██[38;2;255;205;161m██[38;2;255;194;149m██[38;2;121;58;38m██[38;2;100;36;25m██[38;2;95;32;20m██[38;2;120;52;33m██[38;2;146;67;47m██[38;2;254;195;155m██[38;2;255;207;163m██[38;2;255;188;159m██[38;2;255;184;157m██[38;2;255;184;156m████[38;2;255;200;157m██[38;2;255;194;148m██[38;2;186;116;81m██[38;2;241;171;129m██[38;2;181;96;83m██[38;2;0;0;0m            
[38;2;0;0;0m    [38;2;200;118;77m  [38;2;226;157;74m  [38;2;159;81;46m  [38;2;113;48;26m██[38;2;253;192;143m██[38;2;255;200;155m██[38;2;255;194;149m██[38;2;157;74;59m██[38;2;199;101;81m██[38;2;188;91;74m██[38;2;150;68;52m██[38;2;173;100;70m██[38;2;255;203;157m██[38;2;255;211;166m██[38;2;255;209;170m██[38;2;255;198;164m██[38;2;255;185;154m██[38;2;255;185;151m██[38;2;255;200;156m██[38;2;253;192;149m██[38;2;252;185;140m██[38;2;219;137;120m██[38;2;166;49;75m  [38;2;0;0;0m            
[38;2;0;0;0m  [38;2;87;42;50m  [38;2;144;54;58m██[38;2;98;36;22m██[38;2;72;23;13m██[38;2;71;23;19m██[38;2;190;130;95m██[38;2;249;190;146m██[38;2;254;194;151m██[38;2;179;100;79m██[38;2;212;109;93m██[38;2;213;111;92m██[38;2;169;85;66m██[38;2;254;195;149m██[38;2;255;206;164m██[38;2;255;208;169m██[38;2;255;209;169m██[38;2;255;204;164m██[38;2;255;196;153m██[38;2;232;172;133m██[38;2;242;180;136m██[38;2;248;179;140m██[38;2;121;42;40m██[38;2;204;79;112m  [38;2;0;0;0m              
[38;2;0;0;0m  [38;2;80;25;41m  [38;2;104;42;66m██[38;2;102;48;62m██[38;2;91;41;77m██[38;2;78;34;61m██[38;2;59;21;25m██[38;2;217;154;125m██[38;2;240;178;137m██[38;2;240;172;135m██[38;2;148;76;59m██[38;2;154;79;64m██[38;2;247;184;142m██[38;2;254;192;155m██[38;2;255;198;158m██[38;2;255;199;159m██[38;2;255;198;158m██[38;2;252;192;151m██[38;2;229;167;130m██[38;2;78;28;26m██[38;2;64;21;16m██[38;2;94;26;34m██[38;2;23;8;13m  [38;2;0;0;0m                
[38;2;82;22;53m██[38;2;73;20;38m  [38;2;74;27;49m██[38;2;40;15;18m██[38;2;33;12;19m██[38;2;38;12;27m██[38;2;66;29;57m██[38;2;87;44;76m██[38;2;101;53;94m██[38;2;97;48;77m██[38;2;70;24;43m██[38;2;101;47;74m██[38;2;116;56;81m██[38;2;126;70;86m██[38;2;131;72;82m██[38;2;133;72;85m██[38;2;126;67;80m██[38;2;104;55;68m██[38;2;64;22;34m██[38;2;47;13;28m██[38;2;43;8;26m██[38;2;59;9;22m██[38;2;118;23;55m  [38;2;0;0;0m                
[38;2;101;48;109m██[38;2;90;40;92m██[38;2;46;17;32m██[38;2;29;11;21m██[38;2;25;7;15m██[38;2;22;8;15m██[38;2;24;8;17m██[38;2;30;13;17m██[38;2;38;14;27m██[38;2;61;28;59m██[38;2;75;36;74m██[38;2;53;23;41m██[38;2;58;23;41m██[38;2;60;25;41m██[38;2;61;26;41m██[38;2;64;26;43m██[38;2;61;26;42m██[38;2;54;24;37m██[38;2;48;20;33m██[38;2;45;17;36m██[38;2;47;17;36m██[38;2;102;41;85m██[38;2;135;36;70m  [38;2;0;0;0m                
[38;2;99;51;111m██[38;2;89;45;104m██[38;2;42;16;41m██[38;2;29;11;22m██[38;2;22;8;18m██[38;2;19;6;12m██[38;2;18;5;11m██[38;2;19;6;10m██[38;2;25;9;20m██[38;2;53;23;52m██[38;2;39;15;39m██[38;2;27;10;21m██[38;2;27;10;18m██[38;2;29;9;18m██[38;2;27;9;17m██[38;2;31;11;18m██[38;2;30;10;18m██[38;2;28;10;18m██[38;2;27;8;17m██[38;2;30;8;20m██[38;2;36;10;22m██[38;2;92;35;69m██[38;2;85;31;53m  [38;2;0;0;0m                
[38;2;91;48;107m██[38;2;89;46;105m██[38;2;47;22;59m██[38;2;69;37;84m██[38;2;26;10;25m██[38;2;19;7;16m██[38;2;18;5;14m██[38;2;17;4;9m██[38;2;19;7;14m██[38;2;50;24;56m██[38;2;17;5;14m██[38;2;18;6;12m██[38;2;19;7;11m██[38;2;19;5;12m██[38;2;20;5;13m██[38;2;20;7;11m██[38;2;19;4;12m██[38;2;21;7;14m██[38;2;21;8;15m██[38;2;23;9;19m██[38;2;33;10;22m██[38;2;48;9;23m██[38;2;0;0;0m                  [0m
