
[38;2;0;0;0m██████[38;2;189;107;75m██[38;2;191;110;77m██[38;2;200;119;85m██[38;2;154;79;52m██[38;2;0;0;0m██[38;2;171;110;83m██[38;2;196;115;82m██[38;2;191;112;79m██[38;2;188;109;76m██[38;2;188;109;77m██[38;2;160;86;58m██[38;2;1;0;0m  [38;2;0;0;0m████  [38;2;190;109;76m██[38;2;16;8;6m  [38;2;207;140;106m██[38;2;223;160;122m██[38;2;209;140;105m██[38;2;103;64;48m██[38;2;0;0;0m████████[38;2;1;1;1m  [38;2;2;3;3m  [38;2;1;2;2m  [38;2;3;3;3m  
[38;2;0;0;0m████[38;2;22;9;5m██[38;2;194;111;78m██[38;2;193;111;78m██[38;2;203;124;90m██[38;2;187;112;80m██[38;2;0;0;0m██[38;2;169;106;78m██[38;2;176;94;63m██[38;2;134;71;48m██[38;2;145;79;54m██[38;2;131;72;50m██[38;2;177;110;80m██[38;2;197;126;92m██[38;2;17;9;6m  [38;2;0;0;0m████[38;2;168;103;75m██[38;2;212;142;107m██[38;2;26;19;14m██[38;2;225;161;124m██[38;2;228;164;127m██[38;2;211;140;104m██[38;2;149;92;68m██[38;2;0;0;0m██████  ██[38;2;2;2;2m  [38;2;1;2;2m  
[38;2;0;0;0m████[38;2;76;33;20m██[38;2;188;107;75m██[38;2;187;105;73m██[38;2;199;119;85m██[38;2;206;130;96m██[38;2;2;0;0m  [38;2;164;104;78m██[38;2;174;104;74m██[38;2;205;138;104m██[38;2;222;154;118m██[38;2;215;147;110m██[38;2;214;150;114m██[38;2;221;157;120m██[38;2;193;126;93m██[38;2;53;28;19m██[38;2;0;0;0m██[38;2;140;102;80m██[38;2;235;174;136m██[38;2;208;142;107m██[38;2;246;184;144m██[38;2;223;167;131m██[38;2;105;73;58m██[38;2;123;78;58m██[38;2;76;47;34m██[38;2;0;0;0m██████[38;2;0;1;1m  [38;2;2;2;2m    
[38;2;0;0;0m████[38;2;133;61;39m██[38;2;189;108;76m██[38;2;179;97;67m██[38;2;186;108;76m██[38;2;188;113;81m██[38;2;146;76;51m██[38;2;164;105;77m██[38;2;205;138;104m██[38;2;218;154;118m██[38;2;230;167;129m██[38;2;231;167;130m██[38;2;229;168;130m██[38;2;238;179;141m██[38;2;240;183;143m██[38;2;177;114;85m██[38;2;119;87;69m██[38;2;44;33;27m██[38;2;241;186;147m██[38;2;237;175;136m██[38;2;123;82;64m██[38;2;229;160;122m██[38;2;228;163;125m██[38;2;221;155;119m██[38;2;203;120;86m██[38;2;0;0;0m  ██████[38;2;3;3;3m  [38;2;1;2;1m  
[38;2;0;0;0m██  [38;2;164;85;56m██[38;2;204;133;99m██[38;2;217;150;114m██[38;2;200;137;104m██[38;2;180;121;92m██[38;2;158;93;66m██[38;2;175;121;94m  [38;2;213;156;122m██[38;2;237;194;161m██[38;2;228;169;131m██[38;2;243;189;150m██[38;2;241;185;146m██[38;2;240;186;147m██[38;2;227;180;146m██[38;2;243;193;155m██[38;2;175;112;83m██[38;2;121;91;71m██[38;2;70;41;30m██[38;2;233;155;117m██[38;2;238;173;135m██[38;2;239;183;143m██[38;2;249;203;164m██[38;2;243;187;148m██[38;2;224;158;122m██[38;2;88;56;42m  [38;2;0;0;0m████████[38;2;3;3;4m  
[38;2;0;0;0m██  [38;2;179;106;74m██[38;2;216;149;112m██[38;2;215;154;118m██[38;2;229;172;134m██[38;2;246;193;153m██[38;2;237;181;142m██[38;2;178;132;111m██[38;2;244;188;149m██[38;2;241;185;146m██[38;2;247;201;162m██[38;2;182;133;108m██[38;2;241;184;145m██[38;2;232;177;139m██[38;2;224;150;113m██[38;2;58;33;24m██[38;2;11;5;3m██[38;2;184;101;70m██[38;2;204;128;95m██[38;2;87;89;97m██[38;2;215;208;220m██[38;2;210;203;214m██[38;2;199;193;203m██[38;2;127;96;77m██[38;2;245;192;152m██[38;2;239;164;126m██[38;2;0;0;0m████████  
[38;2;0;0;0m██  [38;2;186;114;82m██[38;2;216;152;116m██[38;2;235;179;140m██[38;2;247;194;154m██[38;2;251;200;160m██[38;2;253;203;162m██[38;2;254;204;163m██[38;2;254;212;175m██[38;2;251;203;161m██[38;2;127;78;57m██[38;2;146;89;65m██[38;2;217;156;119m██[38;2;196;139;108m██[38;2;223;155;117m██[38;2;134;74;51m██[38;2;119;64;44m██[38;2;204;128;95m██[38;2;213;205;217m██[38;2;237;237;236m██[38;2;116;115;119m██[38;2;229;228;230m██[38;2;249;250;250m██[38;2;207;202;212m██[38;2;120;85;70m██[38;2;226;157;118m██[38;2;34;21;16m██[38;2;0;0;0m████  ██
[38;2;0;0;0m██  [38;2;192;123;91m██[38;2;223;153;117m██[38;2;177;123;94m██[38;2;144;96;72m██[38;2;172;107;79m██[38;2;114;68;49m██[38;2;52;23;13m██[38;2;116;60;40m██[38;2;164;95;66m██[38;2;190;114;82m██[38;2;178;108;78m██[38;2;179;110;79m██[38;2;218;146;110m██[38;2;180;110;79m██[38;2;187;99;69m██[38;2;211;131;96m██[38;2;68;62;61m██[38;2;243;243;244m██[38;2;229;228;229m██████[38;2;216;231;236m██[38;2;145;187;204m  [38;2;144;169;180m██[38;2;173;216;231m██[38;2;237;153;112m██[38;2;0;0;0m████[38;2;1;1;1m  [38;2;2;2;2m  
[38;2;0;0;0m██[38;2;26;14;9m██[38;2;197;126;93m██[38;2;219;148;112m██[38;2;232;159;121m██[38;2;8;10;9m██[38;2;68;72;78m██[38;2;86;91;98m██[38;2;4;2;2m██[38;2;205;129;95m██[38;2;199;118;84m██[38;2;194;110;75m██[38;2;192;118;85m██[38;2;194;119;86m██[38;2;191;102;72m██[38;2;141;81;58m██[38;2;202;122;88m██[38;2;215;139;104m██[38;2;169;167;178m██[38;2;248;249;249m██[38;2;244;243;244m██[38;2;209;227;236m██[38;2;77;119;139m██[38;2;252;228;194m██[38;2;249;196;154m██[38;2;235;172;132m██[38;2;172;220;237m██[38;2;226;250;253m██[38;2;16;11;8m██[38;2;0;0;0m████  
[38;2;0;0;0m██[38;2;45;25;17m██[38;2;203;132;98m██[38;2;100;68;52m██[38;2;217;210;222m██[38;2;160;158;165m██[38;2;193;196;196m██[38;2;248;248;249m██[38;2;245;247;247m██[38;2;211;203;215m██[38;2;41;28;20m██[38;2;226;159;121m██[38;2;221;153;117m██[38;2;213;139;104m██[38;2;187;90;62m██[38;2;116;51;30m██[38;2;98;65;51m██[38;2;231;150;113m██[38;2;197;221;231m██[38;2;195;225;236m██[38;2;120;173;196m██[38;2;170;201;212m██[38;2;212;151;118m██[38;2;223;148;113m██[38;2;206;117;86m██[38;2;129;66;47m██[38;2;222;145;112m██[38;2;92;42;27m██[38;2;195;243;248m██[38;2;0;0;0m██████
[38;2;0;0;0m██[38;2;91;55;40m██[38;2;220;156;119m██[38;2;219;213;224m██[38;2;234;233;234m██[38;2;230;229;230m██[38;2;231;230;231m██[38;2;229;228;229m██[38;2;227;226;227m██[38;2;251;252;252m██[38;2;203;196;208m██[38;2;233;170;131m██[38;2;227;163;125m██[38;2;217;146;111m██[38;2;185;85;57m██[38;2;241;228;216m██[38;2;184;71;49m██[38;2;166;115;91m██[38;2;175;170;164m██[38;2;127;84;63m██[38;2;100;52;36m██[38;2;200;104;73m██[38;2;195;87;55m██[38;2;196;74;44m██[38;2;133;96;84m██[38;2;178;192;196m██[38;2;38;19;12m██[38;2;89;39;26m██[38;2;173;133;118m██[38;2;1;0;0m██[38;2;0;0;0m██[38;2;2;2;2m  
[38;2;0;0;0m  [38;2;143;95;72m██[38;2;90;69;59m██[38;2;232;231;233m██[38;2;237;236;237m██[38;2;231;229;229m██[38;2;231;229;230m██[38;2;233;229;229m██[38;2;233;229;230m██[38;2;230;229;229m██[38;2;202;227;236m██[38;2;191;225;237m██[38;2;212;173;151m██[38;2;217;139;105m██[38;2;197;97;68m██[38;2;193;89;61m██[38;2;199;94;65m██[38;2;143;92;69m██[38;2;110;68;50m██[38;2;179;226;240m██[38;2;191;117;84m██[38;2;183;223;229m██[38;2;193;166;152m██[38;2;219;123;90m██[38;2;140;72;49m██[38;2;72;35;24m██[38;2;197;91;60m██[38;2;201;103;74m██[38;2;208;119;81m██[38;2;31;40;44m  [38;2;0;0;0m██  
[38;2;104;74;58m  [38;2;168;120;91m██[38;2;198;231;237m██[38;2;128;184;207m██[38;2;132;166;179m  [38;2;154;208;230m██[38;2;93;128;144m██[38;2;98;125;138m██[38;2;95;133;150m██[38;2;107;105;102m██[38;2;174;184;187m██[38;2;76;45;32m██[38;2;183;194;196m██[38;2;211;140;106m██[38;2;208;129;96m██[38;2;100;59;43m██[38;2;221;142;107m██[38;2;55;70;79m██[38;2;127;87;70m██[38;2;192;116;83m██[38;2;138;88;69m██[38;2;180;171;166m██[38;2;211;139;105m██[38;2;215;138;103m██[38;2;214;129;96m██[38;2;218;139;105m██[38;2;170;222;238m██[38;2;221;153;116m██[38;2;222;154;115m██[38;2;50;57;61m  [38;2;208;100;70m██[38;2;35;18;12m  
[38;2;237;178;138m██[38;2;158;191;202m██[38;2;160;128;113m██[38;2;248;193;152m██[38;2;175;217;234m██[38;2;234;174;136m██[38;2;233;169;131m██[38;2;217;140;105m██[38;2;196;108;79m██[38;2;142;66;42m██[38;2;141;88;66m██[38;2;224;147;111m██[38;2;115;59;43m██[38;2;225;163;127m██[38;2;97;67;52m██[38;2;195;146;121m██[38;2;231;169;131m██[38;2;211;173;148m██[38;2;226;213;196m██[38;2;253;210;174m██[38;2;254;207;165m██[38;2;185;212;218m██[38;2;215;153;118m██[38;2;235;173;134m██[38;2;231;168;130m██[38;2;233;171;133m██[38;2;164;198;208m██[38;2;234;175;135m██[38;2;235;170;128m██[38;2;48;58;62m██[38;2;27;13;9m██[38;2;147;71;50m██
[38;2;211;138;102m██[38;2;179;216;230m██[38;2;157;100;74m██[38;2;211;124;93m██[38;2;172;225;242m██[38;2;208;118;87m██[38;2;202;101;72m██[38;2;199;93;64m██[38;2;100;41;25m██[38;2;235;155;119m██[38;2;235;161;125m██[38;2;169;158;153m██[38;2;233;169;131m██[38;2;231;184;147m██[38;2;222;176;141m██[38;2;236;193;162m██[38;2;238;174;136m██[38;2;227;180;152m██[38;2;177;225;242m██[38;2;230;149;107m██[38;2;246;182;142m██[38;2;253;204;164m██[38;2;188;212;218m██[38;2;244;190;150m██[38;2;236;182;143m██[38;2;230;171;133m██[38;2;215;158;130m██[38;2;232;174;135m██[38;2;218;176;148m██[38;2;138;117;106m██[38;2;128;54;34m██[38;2;209;109;79m██
[38;2;191;107;73m██[38;2;171;199;206m██[38;2;200;99;70m██[38;2;184;94;68m  [38;2;151;170;177m██[38;2;112;55;39m██[38;2;113;51;34m██[38;2;196;98;69m██[38;2;208;116;86m██[38;2;231;160;124m██[38;2;159;84;55m██[38;2;232;165;126m██[38;2;249;197;157m██[38;2;252;209;172m██[38;2;226;156;119m██[38;2;184;218;230m██[38;2;179;180;189m██[38;2;225;222;228m██[38;2;232;233;236m██[38;2;240;238;241m██[38;2;242;241;244m██[38;2;178;187;193m██[38;2;211;231;235m██[38;2;240;168;127m██[38;2;233;177;139m██[38;2;229;172;134m██[38;2;218;158;122m██[38;2;219;160;123m██[38;2;195;185;176m██[38;2;184;179;173m██[38;2;135;74;52m██[38;2;218;128;95m██
[38;2;136;71;47m██[38;2;170;188;194m██[38;2;202;106;77m██[38;2;197;89;61m██[38;2;187;149;133m██[38;2;196;89;61m██[38;2;198;95;67m██[38;2;203;109;79m██[38;2;222;148;112m██[38;2;243;189;150m██[38;2;220;158;124m██[38;2;243;185;144m██[38;2;252;210;175m██[38;2;219;148;113m██[38;2;223;220;228m██[38;2;173;218;234m██[38;2;251;250;251m██[38;2;176;176;177m  [38;2;98;98;99m██[38;2;43;42;43m██[38;2;36;36;38m██[38;2;54;55;56m  [38;2;105;128;137m  [38;2;80;80;84m██[38;2;91;83;84m██[38;2;117;73;55m██[38;2;216;143;107m██[38;2;222;156;117m██[38;2;216;160;126m██[38;2;198;202;200m██[38;2;68;30;19m██[38;2;182;109;80m██
[38;2;52;30;21m██[38;2;154;205;224m██[38;2;201;108;77m██[38;2;202;104;74m██[38;2;197;114;90m██[38;2;203;103;72m██[38;2;205;117;85m██[38;2;220;153;117m██[38;2;247;195;155m██[38;2;214;144;109m██[38;2;219;167;136m██[38;2;249;198;158m██[38;2;212;131;94m██[38;2;237;238;240m██[38;2;239;238;239m██[38;2;131;186;209m██[38;2;0;0;0m██[38;2;63;48;40m  [38;2;91;71;60m██[38;2;21;15;12m██[38;2;52;54;57m██[38;2;106;104;106m██[38;2;159;182;190m  [38;2;155;154;157m██[38;2;168;167;170m██[38;2;149;147;152m  [38;2;67;69;72m██[38;2;119;58;34m██[38;2;225;161;123m██[38;2;209;200;189m██[38;2;178;80;52m██[38;2;44;29;23m  
[38;2;81;51;38m██[38;2;170;167;164m██[38;2;208;129;93m██[38;2;201;146;123m██[38;2;205;137;106m██[38;2;203;133;101m██[38;2;220;155;119m██[38;2;235;177;139m██[38;2;242;185;146m██[38;2;236;175;137m██[38;2;223;172;140m██[38;2;166;189;197m██[38;2;248;250;251m██[38;2;122;124;128m██[38;2;0;0;0m██[38;2;89;107;114m██[38;2;255;240;214m██[38;2;253;205;164m██[38;2;249;198;158m██[38;2;253;220;190m██[38;2;255;228;194m██[38;2;137;165;177m██[38;2;247;242;242m██[38;2;138;136;142m██[38;2;243;242;243m████[38;2;229;231;239m██[38;2;201;195;203m██[38;2;187;141;118m██[38;2;222;161;124m██[38;2;113;68;52m██[38;2;1;1;1m  
[38;2;193;122;88m██[38;2;184;117;85m██[38;2;196;143;120m██[38;2;191;190;184m██[38;2;229;163;125m██[38;2;212;166;139m██[38;2;229;172;134m██[38;2;245;191;151m██[38;2;225;160;123m██[38;2;238;172;132m██[38;2;95;98;107m██[38;2;175;208;219m██[38;2;0;0;0m██[38;2;54;53;55m██[38;2;102;130;142m  [38;2;254;207;165m██[38;2;241;183;144m██[38;2;167;97;68m██[38;2;128;68;47m██[38;2;166;96;68m██[38;2;200;143;113m██[38;2;251;200;159m██[38;2;139;143;146m██[38;2;213;207;215m██[38;2;245;245;245m██[38;2;244;243;244m██[38;2;224;230;234m██[38;2;167;161;170m██[38;2;91;119;131m  [38;2;195;136;104m██[38;2;191;183;177m██[38;2;1;1;1m  
[38;2;176;113;84m██[38;2;211;143;107m██[38;2;214;158;127m██[38;2;210;170;146m██[38;2;225;167;129m██[38;2;233;178;140m██[38;2;228;172;134m██[38;2;227;171;133m██[38;2;219;152;115m██[38;2;31;36;40m  [38;2;238;237;239m██[38;2;155;200;218m██[38;2;235;235;235m██[38;2;181;181;184m██[38;2;217;203;187m██[38;2;231;168;130m██[38;2;127;63;42m██[38;2;175;105;75m██[38;2;198;132;99m██[38;2;204;126;93m██[38;2;187;123;92m██[38;2;191;135;105m██[38;2;250;207;170m██[38;2;122;154;167m  [38;2;229;226;232m██[38;2;242;242;242m██[38;2;208;202;212m██[38;2;57;37;36m██[38;2;126;160;175m██[38;2;190;117;84m██[38;2;105;132;141m  [38;2;3;2;3m  
[38;2;193;130;99m██[38;2;211;143;108m██[38;2;192;189;184m██[38;2;180;200;205m██[38;2;229;172;134m██[38;2;228;172;134m██[38;2;221;162;126m██[38;2;217;155;119m██[38;2;162;101;71m██[38;2;207;203;214m██[38;2;24;23;24m  [38;2;241;241;241m██[38;2;244;243;244m██[38;2;70;71;75m██[38;2;200;192;182m██[38;2;173;104;75m██[38;2;186;126;97m██[38;2;209;142;107m██[38;2;221;151;116m██[38;2;212;149;113m██[38;2;229;167;129m██[38;2;239;179;140m██[38;2;229;164;127m██[38;2;214;151;115m██[38;2;157;186;197m██[38;2;148;99;80m██[38;2;187;171;166m██[38;2;130;59;35m██[38;2;197;223;227m██[38;2;136;79;55m██[38;2;187;226;240m  [38;2;1;1;1m  
[38;2;3;1;0m██[38;2;148;98;74m██[38;2;194;184;175m██[38;2;221;154;116m██[38;2;225;170;136m██[38;2;226;169;132m██[38;2;221;163;127m██[38;2;202;128;94m██[38;2;132;132;139m██[38;2;173;183;189m  [38;2;234;232;234m██[38;2;241;240;241m██[38;2;242;242;242m██[38;2;144;113;95m██[38;2;207;142;110m██[38;2;234;163;121m██[38;2;198;129;96m██[38;2;236;175;137m██[38;2;225;160;123m██[38;2;216;153;117m██[38;2;249;197;157m██[38;2;206;136;103m██[38;2;240;183;144m██[38;2;246;181;138m██[38;2;240;166;121m██[38;2;232;158;115m██[38;2;139;173;188m██[38;2;163;125;107m██[38;2;191;230;235m██[38;2;218;145;106m██[38;2;196;243;250m  [38;2;1;1;2m  
[38;2;145;78;52m██[38;2;78;42;29m██[38;2;220;175;151m██[38;2;214;152;117m██[38;2;179;213;225m██[38;2;222;162;126m██[38;2;220;159;124m██[38;2;196;112;77m██[38;2;63;63;67m██[38;2;237;245;248m██[38;2;244;243;244m██[38;2;221;218;224m██[38;2;217;215;220m██[38;2;206;173;152m██[38;2;217;156;122m██[38;2;178;216;229m██[38;2;209;142;106m██[38;2;246;195;157m██[38;2;238;183;143m██[38;2;245;191;152m██[38;2;243;186;146m██[38;2;237;182;143m██[38;2;234;172;134m██[38;2;254;200;155m██[38;2;252;201;155m██[38;2;243;186;145m██[38;2;222;161;127m██[38;2;239;169;126m██[38;2;211;127;88m██[38;2;165;152;147m██[38;2;16;23;24m  [38;2;3;3;4m  
[38;2;191;108;75m██[38;2;192;110;77m██[38;2;54;38;32m  [38;2;217;141;101m██[38;2;199;223;232m██[38;2;219;158;122m██[38;2;219;158;121m██[38;2;94;43;24m██[38;2;154;152;159m██[38;2;219;234;241m██[38;2;244;243;244m██[38;2;232;230;233m██[38;2;159;155;163m██[38;2;196;136;105m██[38;2;219;174;144m██[38;2;213;188;168m██[38;2;228;159;121m██[38;2;233;177;138m██[38;2;243;188;149m██[38;2;254;211;174m██[38;2;218;154;118m██[38;2;245;207;176m██[38;2;240;183;144m██[38;2;228;167;130m██[38;2;243;180;138m██[38;2;235;174;136m██[38;2;231;156;116m██[38;2;199;121;88m██[38;2;197;112;77m██[38;2;125;160;173m  [38;2;123;155;167m  [38;2;3;3;3m  
[38;2;175;108;80m██[38;2;205;124;90m██[38;2;196;119;84m██[38;2;181;196;198m██[38;2;180;185;186m██[38;2;219;157;120m██[38;2;206;145;111m██[38;2;118;84;69m██[38;2;196;190;200m██[38;2;201;194;206m██[38;2;216;212;219m██[38;2;207;200;211m██[38;2;87;37;20m  [38;2;205;144;113m██[38;2;237;184;146m██[38;2;222;171;139m██[38;2;241;193;156m██[38;2;251;206;170m██[38;2;234;174;136m██[38;2;254;206;165m██[38;2;242;188;148m██[38;2;230;167;129m██[38;2;240;181;143m██[38;2;223;154;117m██[38;2;228;162;124m██[38;2;214;141;106m██[38;2;179;141;124m██[38;2;214;124;86m██[38;2;141;183;200m  [38;2;89;113;121m  [38;2;0;0;0m  [38;2;2;1;1m  
[38;2;18;10;7m  [38;2;210;124;89m██[38;2;198;117;84m██[38;2;203;120;85m  [38;2;180;221;236m██[38;2;215;144;106m██[38;2;107;67;50m██[38;2;152;94;70m  [38;2;160;156;163m██[38;2;14;1;1m  [38;2;51;40;39m██[38;2;127;69;47m  [38;2;25;24;24m██[38;2;198;166;148m██[38;2;220;161;124m██[38;2;221;152;115m██[38;2;220;187;168m██[38;2;223;157;121m██[38;2;220;151;115m██[38;2;219;148;113m██[38;2;211;135;101m██[38;2;209;132;98m██[38;2;210;134;100m██[38;2;185;185;181m██[38;2;185;143;125m██[38;2;203;117;80m██[38;2;177;183;184m██[38;2;21;25;27m  [38;2;167;213;230m  [38;2;120;155;165m  [38;2;3;3;3m  [38;2;2;1;1m  
[38;2;3;2;2m  [38;2;0;0;0m  [38;2;12;7;5m  [38;2;0;0;0m██[38;2;44;59;66m██[38;2;178;214;227m██[38;2;197;132;99m██[38;2;200;118;83m██[38;2;7;8;9m  [38;2;82;26;10m██[38;2;148;129;123m██[38;2;34;47;53m  [38;2;198;159;140m██[38;2;195;170;154m██[38;2;215;150;115m██[38;2;213;146;109m██[38;2;206;128;94m██[38;2;203;124;90m██[38;2;213;138;103m██[38;2;204;125;91m██[38;2;193;110;77m██[38;2;185;104;71m██[38;2;181;100;69m██[38;2;185;105;72m██[38;2;199;130;99m██[38;2;187;151;135m██[38;2;142;191;210m  [38;2;163;209;225m  [38;2;166;213;230m  [38;2;169;215;231m  [38;2;184;228;236m  [38;2;3;4;5m  
[38;2;2;1;1m  [38;2;0;0;0m██[38;2;2;1;1m  [38;2;0;0;0m██[38;2;1;0;0m██[38;2;72;95;105m  [38;2;176;217;228m██[38;2;108;63;46m██[38;2;176;157;149m██[38;2;159;193;205m██[38;2;164;204;219m██[38;2;206;128;93m██[38;2;210;143;108m██[38;2;172;181;183m██[38;2;190;114;82m██[38;2;193;112;79m██[38;2;190;108;76m██[38;2;191;110;77m██[38;2;182;101;71m██[38;2;179;97;66m██[38;2;178;97;67m██[38;2;182;105;74m██[38;2;187;113;81m██[38;2;164;172;177m██[38;2;132;152;161m  [38;2;0;0;0m██[38;2;154;201;219m  [38;2;161;207;217m  [38;2;172;217;232m  [38;2;166;212;230m  [38;2;1;1;2m  [38;2;2;1;1m  
[38;2;2;2;3m  [38;2;0;0;0m██[38;2;4;4;5m  [38;2;25;32;34m  [38;2;102;133;146m██[38;2;11;14;14m██[38;2;1;1;1m  [38;2;116;153;168m██[38;2;173;145;131m  [38;2;222;133;93m██[38;2;199;127;94m██[38;2;162;159;158m██[38;2;193;113;78m██[38;2;181;124;100m██[38;2;189;114;81m██[38;2;187;133;109m██[38;2;198;127;95m██[38;2;198;126;94m██[38;2;192;118;86m██[38;2;191;117;85m██[38;2;193;120;88m██[38;2;203;129;96m██[38;2;135;85;63m██[38;2;134;190;213m██[38;2;85;40;25m██[38;2;90;55;40m██[38;2;17;21;22m  [38;2;162;208;216m  [38;2;170;216;232m  [38;2;170;219;237m  [38;2;1;1;2m  [38;2;2;2;1m  
[38;2;2;2;2m  [38;2;3;2;2m  [38;2;3;2;3m  [38;2;146;188;204m  [38;2;200;226;235m  [38;2;0;0;0m  [38;2;3;3;3m  [38;2;54;69;74m  [38;2;0;0;0m██[38;2;4;5;6m  [38;2;6;9;10m  [38;2;13;11;10m██[38;2;27;37;42m██[38;2;121;146;157m  [38;2;127;141;147m  [38;2;80;51;39m██[38;2;120;117;114m  [38;2;154;101;78m██[38;2;125;81;60m██[38;2;65;41;30m██[38;2;40;27;21m██[38;2;24;11;7m██[38;2;87;33;17m██[38;2;108;58;41m██[38;2;156;82;54m██[38;2;209;145;112m██[38;2;75;94;100m  [38;2;85;109;118m  [38;2;174;215;231m  [38;2;167;213;230m  [38;2;3;4;4m  [38;2;3;2;3m  
[38;2;2;1;1m  [38;2;3;3;3m  [38;2;3;3;4m  [38;2;75;97;104m  [38;2;190;225;237m  [38;2;0;1;1m  [38;2;1;1;2m  [38;2;169;220;238m  [38;2;60;77;83m  [38;2;8;9;9m  [38;2;40;21;13m  [38;2;102;49;31m██[38;2;109;41;18m██[38;2;157;160;163m██[38;2;120;66;49m██[38;2;113;48;28m██[38;2;120;60;40m██[38;2;124;94;83m  [38;2;102;40;21m██[38;2;96;37;20m██[38;2;104;63;50m██[38;2;106;41;20m██[38;2;115;49;28m██[38;2;167;174;175m██[38;2;211;144;108m██[38;2;228;165;127m██[38;2;4;2;1m  [38;2;28;36;39m  [38;2;6;8;9m  [38;2;163;193;201m  [38;2;1;2;2m  [38;2;76;33;22m  [0m
