
[38;2;144;52;55m  [38;2;143;52;55m  [38;2;146;50;54m  [38;2;164;54;56m  [38;2;228;71;70m  [38;2;252;77;78m██[38;2;244;72;74m██[38;2;238;70;71m██[38;2;246;74;76m██[38;2;253;76;77m██[38;2;191;57;60m  [38;2;7;2;2m  [38;2;138;47;48m  [38;2;110;48;48m  [38;2;0;0;0m      [38;2;255;255;255m                              
[38;2;147;52;55m  [38;2;145;52;55m  [38;2;157;53;56m  [38;2;251;73;74m██[38;2;239;70;70m██[38;2;240;71;72m██[38;2;239;72;72m██[38;2;239;76;76m██[38;2;239;75;74m██[38;2;238;71;73m██[38;2;236;70;71m██[38;2;248;74;73m  [38;2;60;19;19m  [38;2;20;8;8m  [38;2;0;0;0m      [38;2;255;255;255m                              
[38;2;95;44;48m  [38;2;130;52;53m  [38;2;245;70;73m██[38;2;239;70;71m██[38;2;238;69;74m██[38;2;237;70;74m██[38;2;238;54;54m██[38;2;240;39;42m██[38;2;238;59;65m██[38;2;239;74;72m██[38;2;239;71;71m██[38;2;238;69;71m██[38;2;250;75;75m  [38;2;19;8;8m  [38;2;0;0;0m      [38;2;255;255;255m                              
[38;2;113;46;48m  [38;2;253;77;76m  [38;2;240;70;71m██[38;2;238;71;72m██[38;2;242;62;61m██[38;2;247;125;129m██[38;2;254;239;239m██[38;2;255;255;255m██[38;2;254;214;214m██[38;2;238;62;63m██[38;2;240;71;72m██[38;2;238;71;71m██[38;2;236;69;72m██[38;2;213;66;63m  [38;2;0;0;0m      [38;2;255;255;255m                              
[38;2;168;54;54m  [38;2;238;70;72m██[38;2;239;71;71m██[38;2;240;72;74m██[38;2;245;106;103m██[38;2;255;255;255m██████[38;2;254;218;221m██[38;2;238;62;62m██[38;2;239;73;71m██[38;2;239;71;71m██[38;2;238;72;70m██[38;2;242;72;73m██[38;2;12;4;4m  [38;2;0;0;0m    [38;2;255;255;255m                              
[38;2;223;65;67m  [38;2;238;71;70m██[38;2;240;71;70m████[38;2;240;67;68m██[38;2;239;36;38m██[38;2;250;127;129m██[38;2;255;255;255m██[38;2;253;213;215m██[38;2;240;65;65m██[38;2;240;71;70m██[38;2;239;71;71m████[38;2;238;70;71m██[38;2;145;44;47m  [38;2;0;0;0m    [38;2;255;255;255m                              
[38;2;253;81;74m  [38;2;239;71;70m██[38;2;240;71;70m██[38;2;241;70;70m██[38;2;240;70;69m██[38;2;241;75;76m██[38;2;252;131;129m██[38;2;255;255;255m██[38;2;254;218;223m██[38;2;238;64;62m██[38;2;240;71;70m██[38;2;239;71;70m██[38;2;240;71;70m██[38;2;238;69;72m██[38;2;230;72;71m  [38;2;0;0;0m    [38;2;255;255;255m                              
[38;2;252;78;77m  [38;2;240;71;69m██[38;2;239;70;70m██[38;2;241;71;70m██[38;2;240;70;70m██[38;2;239;73;73m██[38;2;251;135;136m██[38;2;255;255;255m██[38;2;254;220;223m██[38;2;238;61;61m██[38;2;240;71;71m██[38;2;239;71;70m██[38;2;239;70;71m██[38;2;239;69;71m██[38;2;230;72;71m  [38;2;0;0;0m    [38;2;76;160;243m  [38;2;119;118;119m  [38;2;51;73;107m  [38;2;131;72;89m  [38;2;137;74;91m  [38;2;95;70;97m  [38;2;20;59;103m  [38;2;243;243;243m  [38;2;255;255;255m      [38;2;249;249;249m  [38;2;255;255;255m      
[38;2;212;63;64m  [38;2;236;72;71m██[38;2;239;72;70m██[38;2;240;71;70m██[38;2;240;70;69m██[38;2;241;73;73m██[38;2;249;134;130m██[38;2;255;255;255m██[38;2;253;214;222m██[38;2;238;64;62m██[38;2;240;71;72m██[38;2;239;71;71m████[38;2;238;69;70m██[38;2;82;27;29m  [38;2;1;2;3m  [38;2;27;45;52m  [38;2;116;52;66m  [38;2;229;116;122m  [38;2;229;120;125m  [38;2;227;117;123m████[38;2;225;116;122m  [38;2;235;121;125m  [38;2;217;106;114m  [38;2;127;61;79m  [38;2;109;61;83m  [38;2;95;71;98m  [38;2;75;59;88m  [38;2;18;25;60m  [38;2;188;198;208m  [38;2;255;255;255m  
[38;2;133;42;42m  [38;2;236;73;73m██[38;2;239;71;70m████[38;2;239;70;69m██[38;2;239;71;71m██[38;2;249;143;143m██[38;2;255;255;255m██[38;2;253;223;227m██[38;2;235;59;58m██[38;2;240;71;72m██[38;2;239;71;71m██[38;2;240;70;71m██[38;2;244;73;74m██[38;2;50;23;24m██[38;2;194;99;103m  [38;2;233;121;126m  [38;2;228;118;124m  [38;2;232;120;126m██[38;2;224;114;121m██[38;2;230;118;124m██[38;2;227;116;122m██[38;2;227;115;121m██[38;2;227;114;120m██[38;2;227;113;119m██[38;2;227;111;117m  [38;2;188;89;100m  [38;2;226;110;116m  [38;2;234;113;118m  [38;2;184;86;96m  [38;2;232;109;115m  [38;2;66;22;30m  
[38;2;3;1;1m  [38;2;251;77;74m  [38;2;237;72;70m██[38;2;239;71;70m██[38;2;240;71;70m██[38;2;237;71;71m██[38;2;250;146;139m██[38;2;253;232;233m██[38;2;249;186;187m██[38;2;238;62;63m██[38;2;239;71;71m██[38;2;239;71;72m██[38;2;235;70;71m██[38;2;208;61;65m██[38;2;74;38;40m██[38;2;209;108;113m██[38;2;228;117;123m██[38;2;231;118;123m██[38;2;229;120;124m██[38;2;153;73;88m██[38;2;225;114;120m██[38;2;228;114;120m██[38;2;227;112;118m██[38;2;227;111;117m██[38;2;227;110;116m██[38;2;227;109;116m██[38;2;238;117;123m██[38;2;227;108;114m██[38;2;226;107;113m██[38;2;231;109;114m██[38;2;205;95;104m██[38;2;221;104;110m  
[38;2;0;0;0m  [38;2;55;18;19m  [38;2;246;74;71m██[38;2;237;72;70m██[38;2;239;71;70m██[38;2;238;71;69m██[38;2;239;66;66m██[38;2;239;59;58m██[38;2;241;62;63m██[38;2;239;70;70m██[38;2;240;71;71m██[38;2;237;69;71m██[38;2;248;74;74m██[38;2;30;14;15m██[38;2;145;74;77m██[38;2;228;115;121m██[38;2;184;125;130m██[38;2;236;119;124m██[38;2;140;65;83m██[38;2;226;113;118m██[38;2;228;113;119m██[38;2;227;112;117m██[38;2;226;110;116m██[38;2;226;109;115m██[38;2;237;114;120m██[38;2;67;21;45m██[38;2;37;4;31m██[38;2;169;76;88m██[38;2;225;106;112m██[38;2;225;105;112m██[38;2;225;106;112m██[38;2;225;105;112m██
[38;2;109;44;48m  [38;2;0;0;0m  [38;2;52;17;17m  [38;2;249;75;73m  [38;2;235;72;70m██[38;2;238;72;70m██[38;2;239;71;70m██[38;2;239;70;70m██[38;2;238;70;70m██[38;2;238;70;71m██[38;2;236;69;72m██[38;2;248;72;74m██[38;2;11;6;6m██[38;2;115;59;61m██[38;2;149;77;90m██[38;2;252;224;214m██[38;2;179;80;92m██[38;2;142;91;102m██[38;2;222;224;225m██[38;2;233;115;120m██[38;2;227;111;115m██[38;2;226;109;115m██[38;2;227;108;114m██[38;2;225;107;113m██[38;2;40;6;32m██[38;2;61;17;41m██[38;2;64;17;42m██[38;2;200;94;101m██[38;2;228;108;113m██[38;2;224;105;111m████[38;2;227;106;111m██
[38;2;109;44;48m  [38;2;74;30;33m  [38;2;0;0;0m  [38;2;12;4;4m  [38;2;169;52;50m  [38;2;247;72;73m██[38;2;244;72;72m██[38;2;239;72;71m██[38;2;246;71;73m██[38;2;238;69;70m██[38;2;134;39;41m██[38;2;20;9;10m██[38;2;95;46;50m██[38;2;173;128;130m██[38;2;248;231;217m██[38;2;214;204;196m██[38;2;165;97;108m██[38;2;250;233;219m██[38;2;195;188;183m██[38;2;229;111;117m██[38;2;227;108;114m██[38;2;226;107;113m██[38;2;226;106;113m██[38;2;230;109;114m██[38;2;55;13;38m██[38;2;195;90;99m██[38;2;47;9;35m██[38;2;74;24;46m██[38;2;44;9;33m██[38;2;175;78;91m██[38;2;78;25;48m██[38;2;89;32;53m██
[38;2;109;44;48m    [38;2;107;40;42m  [38;2;0;0;0m    [38;2;1;0;0m  [38;2;23;8;10m  [38;2;51;21;21m██[38;2;27;12;13m██[38;2;42;21;22m██[38;2;83;43;45m██[38;2;71;24;39m██[38;2;232;180;174m██[38;2;252;242;226m██[38;2;250;229;216m██[38;2;158;70;84m██[38;2;238;186;179m██[38;2;250;232;216m██[38;2;206;199;193m██[38;2;229;109;114m██[38;2;226;107;113m██[38;2;225;106;112m████[38;2;228;108;113m██[38;2;147;61;77m██[38;2;223;105;111m██[38;2;230;110;114m██[38;2;236;111;116m██[38;2;137;57;74m██[38;2;51;9;37m██[38;2;60;16;40m██[38;2;39;4;32m██
[38;2;0;0;0m          [38;2;29;12;21m  [38;2;174;87;94m  [38;2;79;36;49m██[38;2;167;85;88m██[38;2;193;99;102m██[38;2;108;45;64m██[38;2;237;178;173m██[38;2;252;236;221m██[38;2;250;233;219m██[38;2;254;248;232m██[38;2;175;138;139m██[38;2;249;233;218m██[38;2;250;233;218m██[38;2;246;245;231m██[38;2;233;107;113m██[38;2;225;105;112m██████[38;2;231;109;115m██[38;2;159;65;80m██[38;2;224;105;111m██[38;2;225;105;112m██[38;2;233;110;115m██[38;2;225;105;112m██[38;2;240;113;118m██[38;2;55;14;39m██[38;2;47;9;35m██
[38;2;0;0;0m          [38;2;238;119;123m  [38;2;198;98;107m██[38;2;229;119;124m██[38;2;195;98;107m██[38;2;94;34;58m██[38;2;229;185;179m██[38;2;253;241;227m██[38;2;250;232;218m██[38;2;250;233;218m██[38;2;254;252;234m██[38;2;244;231;217m██[38;2;251;235;219m██[38;2;249;231;216m██[38;2;248;229;213m██[38;2;122;68;82m██[38;2;222;104;110m██[38;2;225;105;112m████[38;2;234;111;116m██[38;2;148;57;76m██[38;2;223;105;111m██[38;2;224;105;111m██[38;2;202;90;100m██[38;2;235;111;116m██[38;2;230;108;114m██[38;2;231;111;116m██[38;2;124;53;68m██
[38;2;255;255;255m      [38;2;250;252;253m  [38;2;71;70;99m  [38;2;226;114;119m  [38;2;222;112;119m██[38;2;227;114;121m██[38;2;155;71;87m██[38;2;178;133;137m██[38;2;174;125;129m██[38;2;40;3;22m██[38;2;174;155;156m██[38;2;250;246;228m██[38;2;254;240;223m██[38;2;249;228;213m██[38;2;250;233;217m██[38;2;243;225;212m██[38;2;252;235;219m██[38;2;253;242;226m██[38;2;146;53;67m██[38;2;226;106;113m██[38;2;231;110;115m██[38;2;243;119;122m██[38;2;128;46;67m██[38;2;138;58;74m██[38;2;132;54;71m██[38;2;149;59;76m██[38;2;230;109;114m██[38;2;237;113;117m██[38;2;233;110;115m██[38;2;227;106;112m██
[38;2;255;255;255m  [38;2;131;134;155m  [38;2;161;140;152m  [38;2;165;217;229m  [38;2;236;117;122m  [38;2;216;108;114m██[38;2;228;115;120m██[38;2;231;116;121m██[38;2;135;60;78m██[38;2;69;45;52m██[38;2;140;117;129m██[38;2;207;198;203m██[38;2;136;111;124m██[38;2;56;38;41m██[38;2;180;117;121m██[38;2;194;176;173m██[38;2;249;232;217m██[38;2;193;171;166m██[38;2;186;163;163m██[38;2;221;214;206m██[38;2;102;76;83m██[38;2;41;9;27m██[38;2;25;0;15m██[38;2;46;10;31m██[38;2;56;15;37m██[38;2;145;61;77m██[38;2;234;112;117m██[38;2;154;62;77m██[38;2;216;100;108m██[38;2;225;105;112m██████
[38;2;71;30;54m  [38;2;69;23;47m  [38;2;67;26;52m  [38;2;90;36;58m  [38;2;228;114;119m  [38;2;228;114;120m████[38;2;141;59;78m██[38;2;216;207;212m██[38;2;32;13;15m██[38;2;63;18;43m██[38;2;90;57;75m██[38;2;65;22;47m██[38;2;165;152;157m██[38;2;141;128;141m██[38;2;201;142;142m██[38;2;201;139;140m██[38;2;229;171;167m██[38;2;209;148;147m██[38;2;179;118;123m██[38;2;221;213;217m██[38;2;205;193;200m██[38;2;254;254;254m██[38;2;62;35;44m██[38;2;93;72;77m██[38;2;61;41;48m██[38;2;156;67;82m██[38;2;163;66;81m██[38;2;225;105;112m████████
[38;2;76;49;68m  [38;2;69;27;52m  [38;2;71;28;51m  [38;2;194;96;106m██[38;2;227;113;120m██[38;2;227;113;119m██[38;2;227;113;118m██[38;2;34;2;23m██[38;2;228;222;225m██[38;2;51;11;30m██[38;2;117;90;104m██[38;2;115;97;104m██[38;2;205;198;201m██[38;2;194;183;191m██[38;2;240;175;168m██[38;2;223;164;161m██[38;2;224;165;162m██[38;2;222;162;159m██[38;2;221;157;155m██[38;2;221;166;163m██[38;2;56;26;37m██[38;2;61;15;41m██[38;2;53;23;35m██[38;2;52;10;32m██[38;2;80;43;63m██[38;2;127;105;115m██[38;2;81;55;62m██[38;2;98;33;55m██[38;2;226;106;112m██[38;2;225;105;112m██[38;2;224;105;112m██[38;2;225;105;112m██
[38;2;255;255;255m  [38;2;66;20;44m  [38;2;71;29;53m  [38;2;232;116;122m██[38;2;233;116;121m██[38;2;232;115;121m██[38;2;168;75;89m██[38;2;43;2;20m██[38;2;240;237;239m██[38;2;101;78;97m██[38;2;84;58;65m██[38;2;183;159;153m██[38;2;236;197;187m██[38;2;250;244;226m██[38;2;240;205;195m██[38;2;244;211;199m██[38;2;245;220;207m██[38;2;249;233;217m██[38;2;250;234;218m██[38;2;251;240;223m██[38;2;194;172;167m██[38;2;126;101;106m██[38;2;142;124;134m██[38;2;215;205;210m██[38;2;162;143;153m██[38;2;66;40;47m██[38;2;255;255;255m██[38;2;44;9;28m██[38;2;225;106;112m██[38;2;225;105;112m██████
[38;2;204;199;255m  [38;2;196;224;240m  [38;2;34;11;35m  [38;2;220;108;116m  [38;2;219;107;114m██[38;2;135;56;74m██[38;2;98;31;54m██[38;2;249;217;201m██[38;2;220;174;166m██[38;2;230;178;167m██[38;2;239;210;198m██[38;2;247;228;215m██[38;2;249;231;216m████████████[38;2;249;230;216m██[38;2;249;232;217m██[38;2;248;199;185m██[38;2;225;180;171m██[38;2;235;202;194m██[38;2;71;55;61m██[38;2;144;117;135m██[38;2;205;198;201m██[38;2;254;254;254m██[38;2;77;24;39m██[38;2;225;105;112m██[38;2;225;106;112m██[38;2;225;105;112m████
[38;2;216;240;255m  [38;2;89;77;98m  [38;2;240;119;124m  [38;2;205;101;109m██[38;2;167;79;91m██[38;2;197;93;103m██[38;2;164;107;115m██[38;2;236;192;181m██[38;2;250;225;210m██[38;2;249;232;216m██[38;2;248;231;216m████[38;2;249;231;215m██[38;2;248;231;216m██[38;2;248;230;216m██[38;2;248;231;216m████[38;2;248;230;216m████[38;2;248;231;216m██[38;2;249;231;215m██[38;2;249;218;204m██[38;2;245;196;183m██[38;2;217;168;161m██[38;2;239;199;187m██[38;2;184;164;163m██[38;2;142;136;144m██[38;2;235;111;117m██[38;2;221;104;110m██[38;2;226;107;114m██[38;2;225;106;111m██[38;2;225;105;112m██
[38;2;57;25;46m  [38;2;231;115;121m  [38;2;253;133;135m██[38;2;165;77;90m██[38;2;225;110;116m██[38;2;123;78;92m██[38;2;110;27;48m██[38;2;249;221;205m██[38;2;248;231;216m██[38;2;249;230;216m██[38;2;249;231;216m██[38;2;248;231;216m██[38;2;249;231;216m████[38;2;249;230;216m██[38;2;249;231;215m██[38;2;249;231;216m██████[38;2;248;230;216m██[38;2;248;231;216m██[38;2;249;230;216m██[38;2;250;230;215m██[38;2;250;206;192m██[38;2;210;163;158m██[38;2;222;171;163m██[38;2;150;65;78m██[38;2;198;90;99m██[38;2;202;93;102m██[38;2;224;105;111m██[38;2;225;105;112m██[38;2;225;106;112m██
[38;2;231;115;120m  [38;2;229;114;119m██[38;2;221;109;114m██[38;2;225;109;116m██[38;2;150;65;81m██[38;2;210;208;199m██[38;2;252;240;223m██[38;2;250;234;220m██[38;2;248;230;216m██[38;2;248;231;216m██[38;2;248;230;215m██[38;2;248;231;215m██[38;2;248;230;215m████[38;2;248;231;216m██[38;2;248;230;215m██[38;2;248;231;215m██[38;2;248;231;216m████[38;2;249;230;215m██[38;2;248;231;215m██[38;2;249;230;215m██[38;2;248;231;216m██[38;2;250;230;216m██[38;2;251;215;200m██[38;2;212;184;176m██[38;2;170;67;84m██[38;2;119;63;82m██[38;2;224;105;111m██[38;2;225;105;112m██████
[38;2;227;112;118m██[38;2;170;80;92m██[38;2;227;110;116m██[38;2;228;110;116m██[38;2;154;61;77m██[38;2;252;250;231m██[38;2;249;231;215m██[38;2;249;231;216m████████[38;2;248;228;213m██[38;2;234;225;215m██[38;2;169;150;149m██[38;2;231;225;209m██[38;2;188;165;164m██[38;2;254;250;234m██[38;2;253;249;234m██[38;2;248;240;221m██[38;2;248;229;215m██[38;2;249;231;216m██[38;2;248;231;216m██[38;2;249;231;216m████[38;2;251;238;221m██[38;2;91;15;35m██[38;2;223;218;218m██[38;2;212;90;98m██[38;2;225;105;112m████[38;2;225;106;112m██[38;2;226;106;112m██
[38;2;226;111;117m  [38;2;135;59;76m  [38;2;226;109;114m  [38;2;227;108;114m██[38;2;136;52;72m██[38;2;217;217;207m██[38;2;249;230;215m██[38;2;248;231;216m██[38;2;249;231;215m██[38;2;248;231;216m██[38;2;249;231;216m██[38;2;253;248;236m██[38;2;17;7;10m██[38;2;230;157;174m██[38;2;236;168;182m██[38;2;230;164;178m██[38;2;225;151;169m██[38;2;202;117;144m██[38;2;184;183;190m██[38;2;225;213;203m██[38;2;248;230;215m██[38;2;249;231;216m████[38;2;248;229;214m██[38;2;70;41;50m██[38;2;252;244;231m██[38;2;196;196;189m██[38;2;232;111;116m██[38;2;225;106;112m██[38;2;225;105;112m██[38;2;224;105;111m██[38;2;236;115;120m██
[38;2;226;111;116m  [38;2;139;73;90m  [38;2;184;79;87m  [38;2;224;105;111m  [38;2;160;65;81m██[38;2;120;77;90m██[38;2;248;229;214m██[38;2;249;231;216m██[38;2;249;230;216m████[38;2;248;230;216m██[38;2;248;230;215m██[38;2;250;232;217m██[38;2;236;223;209m██[38;2;243;198;199m██[38;2;245;213;206m██[38;2;240;181;190m██[38;2;243;180;191m██[38;2;186;135;147m██[38;2;194;164;165m██[38;2;248;229;214m██[38;2;249;230;216m██[38;2;248;231;216m██[38;2;248;230;215m██[38;2;249;231;215m██[38;2;249;231;217m██[38;2;160;71;83m██[38;2;224;105;111m██[38;2;225;105;112m██[38;2;226;106;112m██[38;2;228;106;113m██[38;2;203;94;103m██
[38;2;226;109;115m  [38;2;135;63;78m  [38;2;206;4;4m  [38;2;230;107;112m  [38;2;209;96;105m  [38;2;146;55;72m  [38;2;254;242;226m  [38;2;249;231;216m██████[38;2;248;231;216m████[38;2;249;231;216m██[38;2;249;230;215m██[38;2;249;231;216m██[38;2;248;230;215m██[38;2;249;230;216m██[38;2;249;230;215m██[38;2;248;229;215m██[38;2;248;230;215m██[38;2;248;231;216m████[38;2;249;231;216m████[38;2;248;232;216m██[38;2;152;145;146m██[38;2;226;106;112m██[38;2;229;107;112m██[38;2;208;96;104m██[38;2;142;54;72m██[38;2;110;43;62m██[38;2;223;105;111m██
[38;2;227;109;115m  [38;2;232;110;116m  [38;2;139;50;68m  [38;2;118;44;63m  [38;2;227;108;113m  [38;2;145;55;73m  [38;2;83;66;74m  [38;2;246;227;211m██[38;2;249;231;215m██[38;2;248;231;215m██████[38;2;248;230;215m██[38;2;248;231;216m██[38;2;249;231;215m██[38;2;249;231;216m████[38;2;249;231;215m████[38;2;248;230;215m██[38;2;249;231;215m██[38;2;248;231;215m██[38;2;248;231;216m██[38;2;248;229;214m██[38;2;167;161;164m██[38;2;213;99;106m██[38;2;166;67;83m██[38;2;147;56;74m██[38;2;161;65;81m██[38;2;205;96;104m██[38;2;230;108;114m██[38;2;225;105;112m██
[38;2;227;108;114m██[38;2;226;107;113m██[38;2;232;109;116m██[38;2;140;53;72m██[38;2;229;108;114m██[38;2;225;104;111m  [38;2;107;78;92m  [38;2;211;197;198m  [38;2;248;230;215m██[38;2;249;231;216m████████[38;2;248;231;216m██[38;2;249;231;216m████[38;2;248;230;215m██[38;2;249;231;216m██[38;2;248;231;216m██[38;2;249;231;216m██████[38;2;248;229;214m██[38;2;101;64;71m██[38;2;142;41;60m██[38;2;107;42;62m██[38;2;224;105;111m██[38;2;225;107;112m██[38;2;222;104;110m██[38;2;83;29;51m██[38;2;224;105;112m██[38;2;225;105;112m██[0m
