
[38;2;0;0;0m  [38;2;68;68;68m  [38;2;253;253;253m████████████████████████████████[38;2;254;254;254m██████[38;2;253;253;253m██[38;2;254;254;254m██████████[38;2;255;255;255m██████[38;2;253;253;253m  [38;2;45;45;45m  
[38;2;0;0;0m  [38;2;57;57;57m  [38;2;255;255;255m████████████████████████████████████████████████████████[38;2;254;254;254m  [38;2;45;45;45m  
[38;2;0;0;0m  [38;2;49;49;49m  [38;2;255;255;255m████████████████████████████████████████████████████████[38;2;253;253;253m  [38;2;0;0;0m  
[38;2;0;0;0m  [38;2;40;40;40m  [38;2;255;255;255m██[38;2;254;254;254m██[38;2;168;168;168m██[38;2;171;171;171m████[38;2;249;249;249m██[38;2;168;168;168m██[38;2;254;254;254m██[38;2;191;191;191m██[38;2;245;245;245m██[38;2;254;254;254m██[38;2;173;173;173m██[38;2;240;240;240m██[38;2;254;254;254m██[38;2;173;173;173m██[38;2;251;251;251m██[38;2;254;254;254m██[38;2;173;173;173m██[38;2;244;244;244m██[38;2;192;192;192m██[38;2;251;251;251m██[38;2;167;167;167m██[38;2;251;251;251m██[38;2;136;136;136m██[38;2;186;186;186m██[38;2;221;221;221m████[38;2;255;255;255m██[38;2;253;253;253m  [38;2;0;0;0m  
[38;2;0;0;0m  [38;2;32;32;32m  [38;2;254;254;254m██[38;2;255;255;255m██[38;2;220;220;220m██[38;2;13;13;13m██[38;2;228;228;228m██[38;2;253;253;253m██[38;2;0;0;0m██[38;2;254;254;254m██[38;2;62;62;62m██[38;2;226;226;226m██[38;2;254;254;254m██[38;2;27;27;27m██[38;2;69;69;69m██[38;2;253;253;253m██[38;2;3;3;3m██[38;2;23;23;23m██[38;2;252;252;252m██[38;2;13;13;13m██[38;2;224;224;224m██[38;2;66;66;66m██[38;2;0;0;0m██[38;2;254;254;254m██[38;2;3;3;3m██[38;2;243;243;243m██[38;2;179;179;179m██[38;2;174;174;174m██[38;2;172;172;172m██[38;2;255;255;255m██[38;2;253;253;253m  [38;2;0;0;0m  
[38;2;0;0;0m  [38;2;22;22;22m  [38;2;254;254;254m██[38;2;255;255;255m██[38;2;254;254;254m██[38;2;15;15;15m██[38;2;254;254;254m████[38;2;0;0;0m██████[38;2;226;226;226m██[38;2;157;157;157m██[38;2;181;181;181m██[38;2;0;0;0m██[38;2;253;253;253m██[38;2;4;4;4m██[38;2;122;122;122m██[38;2;193;193;193m██[38;2;13;13;13m██[38;2;224;224;224m██[38;2;20;20;20m██[38;2;79;79;79m██[38;2;254;254;254m██[38;2;88;88;88m██[38;2;0;0;0m██[38;2;222;222;222m██[38;2;195;195;195m██[38;2;196;196;196m██[38;2;255;255;255m██[38;2;253;253;253m  [38;2;0;0;0m  
[38;2;0;0;0m  [38;2;15;15;15m  [38;2;254;254;254m██[38;2;255;255;255m██[38;2;254;254;254m██[38;2;15;15;15m██[38;2;254;254;254m████[38;2;0;0;0m██[38;2;254;254;254m██[38;2;62;62;62m██[38;2;226;226;226m██[38;2;13;13;13m██[38;2;5;5;5m██[38;2;2;2;2m██[38;2;222;222;222m██[38;2;4;4;4m██[38;2;254;254;254m██[38;2;1;1;1m██[38;2;13;13;13m██[38;2;224;224;224m██[38;2;66;66;66m██[38;2;2;2;2m██[38;2;254;254;254m██[38;2;251;251;251m██[38;2;254;254;254m██[38;2;0;0;0m██[38;2;238;238;238m██[38;2;236;236;236m██[38;2;255;255;255m██[38;2;253;253;253m  [38;2;108;108;108m  
[38;2;0;0;0m  [38;2;5;5;5m  [38;2;253;253;253m██[38;2;255;255;255m██[38;2;254;254;254m██[38;2;12;12;12m██[38;2;254;254;254m██[38;2;253;253;253m██[38;2;3;3;3m██[38;2;254;254;254m██[38;2;57;57;57m██[38;2;224;224;224m██[38;2;4;4;4m██[38;2;253;253;253m██[38;2;205;205;205m██[38;2;61;61;61m██[38;2;4;4;4m██[38;2;254;254;254m██[38;2;226;226;226m██[38;2;15;15;15m██[38;2;223;223;223m██[38;2;62;62;62m██[38;2;238;238;238m██[38;2;5;5;5m██[38;2;7;7;7m██[38;2;2;2;2m██[38;2;152;152;152m██[38;2;153;153;153m██[38;2;146;146;146m██[38;2;255;255;255m██[38;2;253;253;253m██[38;2;20;16;17m  
[38;2;0;0;0m    [38;2;253;253;253m██[38;2;255;255;255m████[38;2;254;254;254m██[38;2;255;255;255m████[38;2;254;254;254m██[38;2;255;255;255m██[38;2;254;254;254m██████[38;2;255;255;255m████[38;2;254;254;254m████[38;2;255;255;255m████[38;2;254;254;254m██████████████████████[38;2;241;241;241m██[38;2;33;28;28m  
[38;2;0;0;0m  [38;2;36;29;30m  [38;2;253;253;253m██[38;2;255;255;255m████████████████████████████████████████████████[38;2;253;253;253m██[38;2;211;211;211m██[38;2;238;238;238m██[38;2;37;31;32m██[38;2;22;18;19m  
[38;2;2;2;2m  [38;2;33;28;28m██[38;2;94;92;93m██[38;2;227;227;227m██[38;2;254;254;254m██[38;2;255;255;255m██████████████████████████████████████████[38;2;254;254;254m██[38;2;189;189;189m██[38;2;65;62;62m██[38;2;39;32;33m██[38;2;38;32;33m██[38;2;32;27;28m  
[38;2;0;0;0m  [38;2;35;31;38m  [38;2;39;32;34m██[38;2;37;32;33m  [38;2;221;221;221m██[38;2;246;246;246m  [38;2;254;254;254m          [38;2;251;251;251m  [38;2;254;254;254m                            [38;2;210;210;210m██[38;2;44;39;40m██[38;2;43;38;45m██[38;2;49;47;61m██[38;2;40;37;44m██[38;2;15;13;13m  
[38;2;0;0;0m  [38;2;48;46;61m  [38;2;48;46;60m██[38;2;38;33;33m██[38;2;245;246;246m██[38;2;167;167;167m  [38;2;231;231;231m  [38;2;0;0;0m    [38;2;37;32;16m  [38;2;80;71;36m  [38;2;28;25;15m  [38;2;5;5;5m  [38;2;0;0;0m          [38;2;5;4;2m  [38;2;19;16;8m  [38;2;56;56;56m  [38;2;64;64;57m  [38;2;126;111;56m  [38;2;0;0;0m    [38;2;180;180;180m  [38;2;254;254;254m██[38;2;46;42;43m██[38;2;49;47;61m██[38;2;48;46;60m  [38;2;42;39;49m  [38;2;0;0;0m  
[38;2;0;0;0m  [38;2;46;44;57m  [38;2;48;47;60m██[38;2;39;35;36m██[38;2;165;164;164m██[38;2;254;254;254m██[38;2;140;140;140m  [38;2;163;163;163m  [38;2;61;57;44m  [38;2;73;65;36m  [38;2;70;62;31m  [38;2;57;51;28m  [38;2;12;10;10m  [38;2;0;0;0m    [38;2;13;13;13m  [38;2;0;0;0m    [38;2;37;33;17m  [38;2;54;47;24m  [38;2;25;23;14m  [38;2;145;137;121m  [38;2;108;94;48m██[38;2;120;106;53m  [38;2;1;0;0m  [38;2;146;145;145m  [38;2;40;34;35m██[38;2;52;47;46m██[38;2;29;25;27m  [38;2;0;0;0m  [38;2;0;0;26m  [38;2;0;0;0m  
[38;2;0;0;0m    [38;2;22;21;28m  [38;2;52;47;46m  [38;2;40;34;35m██[38;2;39;33;34m██[38;2;142;140;141m  [38;2;68;63;58m  [38;2;120;113;99m██[38;2;122;116;101m  [38;2;89;88;88m  [38;2;17;15;7m  [38;2;34;34;24m  [38;2;119;114;100m  [38;2;111;105;92m  [38;2;76;71;64m  [38;2;0;0;0m  [38;2;42;40;35m  [38;2;106;98;72m██[38;2;71;63;30m  [38;2;0;0;0m    [38;2;77;68;34m  [38;2;71;64;39m  [38;2;112;104;76m  [38;2;39;33;34m  [38;2;39;32;34m██[38;2;52;47;46m██[38;2;53;48;46m  [38;2;0;0;0m      
[38;2;0;0;0m    [38;2;22;21;20m  [38;2;52;47;46m██[38;2;39;33;34m██[38;2;39;32;34m██[38;2;40;33;34m  [38;2;145;137;120m  [38;2;144;138;119m██[38;2;157;150;130m██[38;2;119;113;100m  [38;2;99;87;45m  [38;2;74;67;42m  [38;2;92;88;71m██[38;2;97;85;41m██[38;2;59;50;37m  [38;2;64;16;15m  [38;2;46;39;31m  [38;2;101;89;45m  [38;2;86;75;35m██[38;2;75;66;34m  [38;2;0;0;0m  [38;2;10;10;8m  [38;2;147;139;121m  [38;2;144;137;119m██[38;2;48;43;41m██[38;2;39;32;34m██[38;2;38;32;33m██[38;2;51;46;45m  [38;2;2;1;1m  [38;2;0;0;0m    
[38;2;0;0;0m  [38;2;48;48;48m  [38;2;52;47;45m  [38;2;47;41;41m██[38;2;39;32;34m██  [38;2;4;4;4m  [38;2;138;132;114m  [38;2;147;141;122m██[38;2;125;119;104m██[38;2;71;63;33m  [38;2;188;187;186m██[38;2;197;197;197m██[38;2;184;184;184m██[38;2;154;154;154m██[38;2;121;107;53m  [38;2;96;73;39m██[38;2;128;112;55m██[38;2;212;212;212m██[38;2;156;156;156m██[38;2;185;185;186m██[38;2;62;56;34m  [38;2;91;86;77m  [38;2;162;155;134m██[38;2;160;153;132m██[38;2;119;111;100m██[38;2;39;33;34m██[38;2;39;32;34m██[38;2;52;47;46m██[38;2;47;42;41m  [38;2;0;0;0m    
[38;2;0;0;0m  [38;2;15;13;13m  [38;2;51;47;46m██[38;2;38;32;33m██[38;2;38;32;34m██[38;2;39;33;34m  [38;2;0;0;0m  [38;2;1;1;1m  [38;2;89;82;76m  [38;2;135;118;59m██[38;2;57;50;29m  [38;2;61;54;25m██[38;2;83;81;73m██[38;2;95;92;80m██[38;2;116;101;50m██[38;2;105;92;46m██[38;2;124;30;29m██[38;2;134;117;59m██[38;2;116;114;106m██[38;2;202;202;202m██[38;2;236;236;236m██[38;2;132;131;129m██[38;2;72;69;57m  [38;2;78;72;67m██[38;2;134;128;111m██  [38;2;38;32;33m██[38;2;39;32;34m██[38;2;45;40;40m██[38;2;44;40;39m██[38;2;30;27;26m  [38;2;0;0;0m  
[38;2;0;0;0m  [38;2;39;35;35m  [38;2;44;39;38m██[38;2;39;33;34m██[38;2;39;32;33m██  [38;2;0;0;0m    [38;2;36;32;31m  [38;2;109;96;49m  [38;2;101;93;65m  [38;2;56;35;21m██[38;2;81;71;36m██[38;2;102;89;45m██[38;2;83;56;32m██[38;2;128;32;30m██[38;2;101;36;27m  [38;2;82;22;20m██[38;2;129;114;57m██[38;2;112;98;50m██[38;2;87;77;39m██[38;2;79;70;36m  [38;2;35;31;24m  [38;2;130;114;57m██[38;2;108;97;93m  [38;2;3;3;2m  [38;2;37;32;32m  [38;2;22;19;19m██[38;2;30;26;25m  [38;2;41;35;34m  [38;2;16;14;14m  [38;2;0;0;0m  
[38;2;33;33;33m  [38;2;131;118;108m  [38;2;100;88;81m██[38;2;26;22;22m  [38;2;21;17;18m  [38;2;38;32;33m  [38;2;0;0;0m        [38;2;62;57;51m  [38;2;70;12;16m██[38;2;127;32;29m██[38;2;122;32;29m██[38;2;113;30;27m  [38;2;122;108;54m  [38;2;111;91;50m  [38;2;89;77;39m  [38;2;128;33;30m██[38;2;107;24;24m██[38;2;64;9;14m██[38;2;67;12;15m██[38;2;121;106;53m  [38;2;70;62;31m  [38;2;4;4;2m  [38;2;0;0;0m  [38;2;18;15;16m  [38;2;248;221;201m  [38;2;243;216;197m██[38;2;244;216;198m██[38;2;200;179;163m  [38;2;11;11;11m  
[38;2;40;35;32m  [38;2;243;216;197m██[38;2;243;217;198m██[38;2;242;215;196m██[38;2;208;184;168m  [38;2;0;0;0m          [38;2;74;70;64m  [38;2;61;45;24m██[38;2;103;92;46m  [38;2;121;88;68m  [38;2;143;78;84m██[38;2;194;135;135m  [38;2;213;184;164m██[38;2;179;152;134m  [38;2;116;103;52m██[38;2;86;35;24m  [38;2;64;13;14m██[38;2;62;16;16m  [38;2;18;18;0m  [38;2;0;0;0m      [38;2;215;215;215m  [38;2;245;218;199m  [38;2;243;217;198m████[38;2;247;220;200m  [38;2;55;55;19m  
[38;2;203;182;165m  [38;2;243;217;198m████[38;2;243;216;197m  [38;2;157;140;126m  [38;2;0;0;0m        [38;2;77;77;77m  [38;2;134;128;110m  [38;2;176;117;117m  [38;2;216;149;151m██[38;2;160;105;107m██[38;2;225;204;185m██[38;2;242;215;196m██[38;2;243;216;198m██[38;2;242;215;196m██[38;2;211;188;172m  [38;2;161;100;102m██[38;2;91;69;46m  [38;2;86;80;69m  [38;2;10;10;10m  [38;2;0;0;0m        [38;2;229;206;188m  [38;2;243;217;197m██[38;2;243;217;198m██[38;2;243;216;197m██[38;2;34;31;27m  
[38;2;249;223;204m  [38;2;243;216;198m██[38;2;243;217;198m██[38;2;244;217;198m  [38;2;44;44;18m  [38;2;0;0;0m        [38;2;74;74;74m  [38;2;120;113;101m  [38;2;163;108;109m  [38;2;136;97;97m██[38;2;66;64;64m██[38;2;166;148;135m██[38;2;217;193;176m██[38;2;243;216;197m██[38;2;196;174;158m██[38;2;85;78;73m██[38;2;116;100;88m██[38;2;216;149;151m  [38;2;123;118;105m  [38;2;0;0;0m          [38;2;60;54;50m  [38;2;243;216;197m  [38;2;243;217;198m██[38;2;243;216;198m██[38;2;134;119;108m  
[38;2;243;216;197m  [38;2;243;216;198m██[38;2;243;217;197m██[38;2;168;148;135m  [38;2;64;64;64m  [38;2;0;0;0m        [38;2;167;112;112m  [38;2;162;110;112m  [38;2;168;116;118m██[38;2;177;160;148m██[38;2;254;254;254m██[38;2;114;116;82m██[38;2;243;215;196m██[38;2;243;217;198m██[38;2;140;142;113m██[38;2;254;254;253m██[38;2;167;151;140m██[38;2;219;152;154m  [38;2;119;117;100m  [38;2;23;23;23m  [38;2;0;0;0m        [38;2;171;152;140m  [38;2;243;217;198m██[38;2;243;217;197m██[38;2;243;217;198m██[38;2;197;177;161m  
[38;2;242;215;196m  [38;2;243;216;198m██[38;2;243;217;198m██[38;2;243;216;197m  [38;2;250;222;203m  [38;2;0;0;0m      [38;2;60;60;60m  [38;2;221;153;155m  [38;2;162;105;107m██[38;2;218;152;154m██[38;2;242;215;196m  [38;2;236;209;190m██[38;2;245;217;199m██[38;2;245;218;199m████[38;2;238;211;193m██[38;2;216;193;178m██[38;2;244;217;198m██[38;2;221;154;156m██[38;2;165;106;108m██[38;2;116;81;81m  [38;2;0;0;0m      [38;2;245;218;199m  [38;2;243;216;198m██[38;2;243;217;198m████[38;2;242;215;196m██[38;2;31;27;25m  
[38;2;46;41;37m  [38;2;246;218;199m  [38;2;243;217;198m████[38;2;243;216;198m██[38;2;243;216;197m  [38;2;216;192;175m  [38;2;0;0;0m  [38;2;222;153;155m  [38;2;152;101;102m██[38;2;129;81;83m██[38;2;219;152;153m██[38;2;231;204;187m  [38;2;243;217;198m████[38;2;243;216;197m██[38;2;244;218;199m██[38;2;248;221;201m██[38;2;243;217;198m██[38;2;242;214;196m██[38;2;173;108;111m██[38;2;171;117;119m██[38;2;147;91;94m  [38;2;7;7;7m  [38;2;66;59;53m  [38;2;243;216;197m  [38;2;243;216;198m██████[38;2;242;215;196m  [38;2;30;27;24m  [38;2;0;0;0m  
[38;2;0;0;0m  [38;2;86;85;43m  [38;2;236;210;191m  [38;2;243;217;197m██[38;2;243;217;198m██████[38;2;245;218;199m  [38;2;156;105;106m██[38;2;197;127;130m██[38;2;216;149;151m██[38;2;173;105;108m██[38;2;128;80;79m  [38;2;244;217;198m██[38;2;190;190;189m██[38;2;251;251;251m██[38;2;253;253;254m██[38;2;158;153;149m██[38;2;243;216;197m██[38;2;143;103;99m██[38;2;123;64;68m██[38;2;217;150;152m██[38;2;215;148;150m██[38;2;145;114;109m  [38;2;243;216;197m  [38;2;243;217;198m██[38;2;243;217;197m██[38;2;243;217;198m██[38;2;247;220;201m  [38;2;7;6;5m  [38;2;0;0;0m    
[38;2;0;0;0m    [38;2;58;41;41m  [38;2;180;161;147m  [38;2;243;216;197m██[38;2;242;215;196m██[38;2;243;217;198m██[38;2;243;216;197m██[38;2;193;169;155m  [38;2;177;121;123m██[38;2;216;149;151m██[38;2;115;59;62m██[38;2;120;62;66m██[38;2;167;141;131m  [38;2;242;215;197m██[38;2;244;217;198m████[38;2;242;215;196m██[38;2;175;148;137m  [38;2;140;73;77m██[38;2;140;72;76m██[38;2;219;152;154m██[38;2;198;137;139m  [38;2;243;216;197m██[38;2;243;217;198m██[38;2;243;216;198m██[38;2;243;217;198m██[38;2;249;223;204m  [38;2;146;146;145m  [38;2;0;0;0m      
[38;2;0;0;0m      [38;2;66;66;66m  [38;2;193;135;136m  [38;2;206;142;145m  [38;2;173;145;136m  [38;2;195;173;158m  [38;2;209;145;146m  [38;2;216;149;151m██[38;2;164;90;94m██[38;2;153;80;84m██[38;2;150;78;82m██[38;2;133;68;72m██[38;2;135;105;86m██[38;2;172;154;140m██[38;2;105;94;85m██[38;2;152;118;94m██[38;2;143;74;78m██[38;2;148;77;81m██[38;2;151;79;83m██[38;2;136;70;74m██[38;2;174;105;108m██[38;2;189;143;139m  [38;2;242;215;197m██[38;2;244;216;197m██[38;2;248;221;202m  [38;2;35;35;35m  [38;2;0;0;0m        
[38;2;0;0;0m      [38;2;47;47;47m  [38;2;190;118;121m  [38;2;217;150;152m██[38;2;216;149;151m██████[38;2;168;98;101m██[38;2;213;186;167m██[38;2;244;217;198m██[38;2;110;46;31m  [38;2;151;109;102m  [38;2;234;206;186m██[38;2;148;114;91m██[38;2;160;127;105m██[38;2;240;212;193m██[38;2;99;48;46m  [38;2;94;56;32m  [38;2;217;188;169m  [38;2;237;209;190m██[38;2;154;80;85m██[38;2;216;149;151m██[38;2;214;147;149m  [38;2;247;226;206m  [38;2;47;47;47m  [38;2;0;0;0m          
[38;2;0;0;0m        [38;2;42;41;41m  [38;2;161;88;92m  [38;2;181;111;115m  [38;2;173;103;106m██[38;2;126;65;67m██[38;2;238;212;193m██[38;2;243;217;198m██[38;2;135;122;91m  [38;2;126;31;29m██[38;2;117;105;76m  [38;2;246;218;200m  [38;2;249;221;202m██[38;2;248;221;201m██[38;2;242;215;197m██[38;2;89;55;30m  [38;2;114;30;26m  [38;2;246;218;199m██[38;2;243;217;198m██[38;2;233;205;185m  [38;2;152;80;84m██[38;2;218;151;153m██[38;2;211;146;148m  [38;2;31;23;23m  [38;2;0;0;0m          
[38;2;0;0;0m          [38;2;50;50;50m  [38;2;122;122;122m  [38;2;29;26;21m  [38;2;243;216;197m  [38;2;243;217;198m██[38;2;216;192;177m  [38;2;120;30;27m  [38;2;116;28;26m  [38;2;128;112;56m██[38;2;88;77;40m██[38;2;132;116;58m  [38;2;130;114;57m██[38;2;132;116;59m██[38;2;92;77;39m  [38;2;125;31;29m██[38;2;125;113;80m  [38;2;244;217;198m██[38;2;243;217;198m██[38;2;245;218;199m  [38;2;57;29;31m  [38;2;48;23;25m  [38;2;0;0;0m            [0m
