
[38;2;0;0;0m                    [38;2;2;2;2m  [38;2;126;127;127m  [38;2;237;239;238m██[38;2;235;237;235m██[38;2;235;237;236m██████[38;2;235;237;235m██[38;2;236;238;237m██[38;2;218;220;219m  [38;2;102;102;102m  [38;2;4;4;4m  [38;2;0;0;0m                    
[38;2;0;0;0m                [38;2;3;3;3m  [38;2;220;220;220m██[38;2;235;237;235m████████████████████████[38;2;237;239;238m██[38;2;65;65;65m  [38;2;0;0;0m                
[38;2;0;0;0m              [38;2;66;67;67m  [38;2;235;237;236m████[38;2;234;237;236m████[38;2;235;237;236m████[38;2;234;237;236m████[38;2;235;237;236m████[38;2;234;237;236m████[38;2;225;227;226m██[38;2;235;237;236m████[38;2;230;231;230m██[38;2;233;235;234m██[38;2;55;55;55m  [38;2;0;0;0m            
[38;2;0;0;0m            [38;2;147;148;147m  [38;2;235;237;236m████████████████████████[38;2;205;206;205m██[38;2;194;195;194m██[38;2;236;238;237m██[38;2;235;237;236m████████[38;2;198;200;199m  [38;2;0;0;0m          
[38;2;0;0;0m          [38;2;141;141;141m  [38;2;235;237;236m██████[38;2;235;237;235m██[38;2;235;237;236m████[38;2;226;228;227m██[38;2;232;234;233m██[38;2;235;237;236m██[38;2;226;228;227m██[38;2;235;237;236m██[38;2;233;235;234m██[38;2;207;208;208m██[38;2;235;237;236m████[38;2;218;219;219m██[38;2;235;237;236m██[38;2;227;229;228m██[38;2;235;237;236m██[38;2;235;237;235m██[38;2;235;237;236m██[38;2;233;235;234m██[38;2;0;0;0m        
[38;2;0;0;0m        [38;2;83;84;84m  [38;2;235;237;235m████[38;2;234;236;235m██[38;2;235;237;235m████[38;2;235;237;236m██[38;2;222;223;222m██[38;2;236;238;237m██[38;2;235;237;235m██[38;2;177;178;178m██[38;2;235;237;235m██[38;2;234;236;235m██[38;2;235;237;236m██[38;2;235;237;235m████[38;2;189;190;189m██[38;2;233;235;234m██[38;2;227;228;228m██[38;2;235;237;235m████[38;2;234;236;235m████[38;2;235;237;235m██[38;2;226;228;227m██[38;2;0;0;0m      
[38;2;0;0;0m      [38;2;10;10;10m  [38;2;233;234;233m██[38;2;235;237;236m██[38;2;160;170;173m██[38;2;235;237;236m██████[38;2;225;226;225m██[38;2;233;235;234m██[38;2;235;237;236m██[38;2;172;173;173m██[38;2;234;237;236m████[38;2;235;237;236m████[38;2;234;237;236m██[38;2;189;190;190m██[38;2;208;210;209m██[38;2;235;237;236m██[38;2;234;237;236m████[38;2;233;235;234m██[38;2;234;236;235m██[38;2;234;237;236m████[38;2;235;237;236m██[38;2;93;38;44m  [38;2;0;0;0m    
[38;2;0;0;0m      [38;2;232;234;233m██[38;2;225;227;227m██[38;2;147;158;163m██[38;2;232;234;233m██[38;2;235;237;236m████[38;2;232;234;233m██[38;2;203;208;209m██[38;2;235;237;236m██[38;2;148;159;164m██[38;2;235;237;236m██████████[38;2;171;172;171m██[38;2;196;197;196m██[38;2;235;237;236m████████[38;2;227;230;229m██[38;2;235;237;236m████████[38;2;204;199;199m██[38;2;14;4;5m  [38;2;0;0;0m  
[38;2;0;0;0m    [38;2;208;210;210m  [38;2;87;96;99m  [38;2;152;162;167m██[38;2;139;151;157m██[38;2;235;237;236m██████[38;2;128;138;143m██[38;2;231;233;232m██[38;2;131;144;150m██[38;2;150;154;156m██[38;2;233;235;234m██[38;2;235;237;236m██████[38;2;232;234;233m██[38;2;215;217;216m██[38;2;235;237;236m████[38;2;235;237;235m██[38;2;235;237;236m██[38;2;163;169;171m██[38;2;235;237;236m██[38;2;235;237;235m██[38;2;235;237;236m██████[38;2;228;230;229m██[38;2;136;42;53m██[38;2;0;0;0m  
[38;2;0;0;0m      [38;2;167;176;180m██[38;2;131;145;151m██[38;2;238;240;238m██[38;2;235;237;235m██[38;2;186;193;196m██[38;2;146;157;162m██[38;2;226;229;229m██[38;2;131;145;151m██[38;2;132;145;151m██[38;2;235;237;236m██[38;2;237;238;238m██[38;2;235;237;235m██████[38;2;180;182;181m██[38;2;231;232;232m██[38;2;235;237;235m██[38;2;230;232;231m██[38;2;235;237;235m██[38;2;220;222;221m██[38;2;235;237;236m██[38;2;235;237;235m██████████[38;2;128;123;123m██[38;2;139;43;54m██[38;2;0;0;0m  
[38;2;0;0;0m    [38;2;101;111;116m  [38;2;131;145;151m██[38;2;131;144;151m██[38;2;235;237;236m██[38;2;138;150;156m██[38;2;155;164;168m██[38;2;157;167;172m██[38;2;131;145;151m████[38;2;164;168;170m██[38;2;132;142;146m██[38;2;186;193;195m██[38;2;234;237;236m██[38;2;198;203;205m██[38;2;133;146;151m██[38;2;131;142;147m██[38;2;234;237;236m██[38;2;195;196;197m██[38;2;235;237;236m████[38;2;146;157;161m██[38;2;234;237;236m██[38;2;227;230;229m██[38;2;235;237;236m██[38;2;234;237;236m████[38;2;200;205;205m██[38;2;179;164;166m██[38;2;139;43;54m██[38;2;13;4;5m  
[38;2;0;0;0m  [38;2;24;26;27m  [38;2;132;146;152m██[38;2;132;145;151m██[38;2;136;149;154m██[38;2;176;184;187m██[38;2;121;132;137m██[38;2;131;145;151m██████[38;2;101;111;116m██[38;2;133;146;152m██[38;2;98;100;101m██[38;2;168;177;181m██[38;2;191;197;200m██[38;2;156;166;170m██[38;2;122;134;139m██[38;2;236;238;237m██[38;2;196;202;204m██[38;2;233;235;234m██[38;2;214;218;219m██[38;2;124;136;142m██[38;2;232;234;233m██[38;2;155;163;166m██[38;2;235;237;236m████[38;2;210;211;212m██[38;2;173;181;184m██[38;2;235;237;236m██[38;2;218;216;215m██[38;2;139;43;54m██[38;2;28;8;10m  
[38;2;50;55;57m  [38;2;119;130;136m  [38;2;121;134;139m  [38;2;131;145;151m██[38;2;150;161;166m██[38;2;131;145;151m██[38;2;128;141;147m██[38;2;131;145;151m████[38;2;130;143;149m██[38;2;133;147;152m██[38;2;176;128;99m██[38;2;98;108;113m██[38;2;209;212;212m██[38;2;131;145;151m████[38;2;134;146;152m██[38;2;204;209;210m██[38;2;115;126;131m██[38;2;183;191;193m██[38;2;150;161;166m██[38;2;130;142;148m██[38;2;121;131;136m██[38;2;235;237;236m████[38;2;208;212;213m██[38;2;185;192;194m██[38;2;138;144;146m██[38;2;235;237;236m██[38;2;192;192;192m██[38;2;139;43;54m██[38;2;31;9;12m  
[38;2;0;0;0m  [38;2;3;4;4m  [38;2;132;145;151m██[38;2;131;145;151m████[38;2;129;141;147m██[38;2;131;145;151m████████[38;2;147;134;119m██[38;2;235;201;172m██[38;2;133;146;153m██[38;2;132;145;151m██[38;2;131;145;151m████[38;2;157;167;171m██[38;2;127;140;145m██[38;2;203;209;210m██[38;2;133;146;152m██[38;2;118;130;135m██[38;2;132;145;151m██[38;2;209;214;214m██[38;2;235;237;235m██[38;2;225;228;228m██[38;2;191;198;201m██[38;2;99;85;76m██[38;2;190;196;198m██[38;2;235;237;235m██[38;2;149;151;150m██[38;2;139;42;54m██[38;2;29;9;11m  
[38;2;0;0;0m  [38;2;66;73;75m  [38;2;1;1;1m  [38;2;131;145;151m████[38;2;109;120;125m██[38;2;131;145;151m██████[38;2;130;143;149m██[38;2;240;205;176m██[38;2;96;99;100m██[38;2;152;110;85m██[38;2;121;133;138m██[38;2;131;145;151m██[38;2;108;120;124m██[38;2;131;145;151m██[38;2;111;121;126m██[38;2;131;145;151m██[38;2;112;124;129m██[38;2;131;145;151m██[38;2;107;117;122m██[38;2;235;237;236m██[38;2;229;232;231m██[38;2;97;94;91m██[38;2;85;77;71m██[38;2;175;126;95m██[38;2;198;201;201m██[38;2;235;237;236m██[38;2;136;127;127m██[38;2;139;43;54m██[38;2;15;4;5m  
[38;2;0;0;0m  [38;2;17;19;19m  [38;2;37;40;42m  [38;2;131;145;151m████████████[38;2;121;133;139m██[38;2;246;209;180m██[38;2;159;114;86m██[38;2;114;107;100m██[38;2;98;99;100m██[38;2;131;145;151m██[38;2;123;135;141m██[38;2;132;145;151m██[38;2;131;145;151m████[38;2;123;135;141m██[38;2;132;145;151m██[38;2;131;144;149m██[38;2;205;211;212m██[38;2;100;104;108m██[38;2;141;116;96m██[38;2;251;212;183m██[38;2;119;88;69m██[38;2;224;227;227m██[38;2;235;237;236m██[38;2;136;116;118m██[38;2;140;43;54m██[38;2;0;0;0m  
[38;2;0;0;0m  [38;2;2;2;2m  [38;2;132;146;152m██[38;2;131;143;149m██[38;2;131;145;151m████████[38;2;126;139;144m██[38;2;131;145;151m██[38;2;142;130;118m██[38;2;152;114;88m██[38;2;121;89;70m██[38;2;111;123;128m██[38;2;121;131;135m██[38;2;132;145;151m██[38;2;137;104;83m██[38;2;131;144;150m██[38;2;121;131;136m██[38;2;131;145;151m██[38;2;134;103;84m██[38;2;132;145;151m██[38;2;109;79;61m██[38;2;240;240;240m██[38;2;167;169;176m██[38;2;194;172;148m██[38;2;90;82;77m██[38;2;128;135;138m██[38;2;235;237;236m██[38;2;107;69;73m██[38;2;123;37;46m██[38;2;0;0;0m  
[38;2;0;0;0m    [38;2;5;5;5m  [38;2;99;108;113m  [38;2;124;136;142m  [38;2;131;145;151m██████████[38;2;126;140;146m██[38;2;250;212;183m██[38;2;155;113;88m██[38;2;109;118;122m██[38;2;151;140;129m██[38;2;191;148;119m██[38;2;139;132;125m██[38;2;104;107;107m██[38;2;133;124;117m██[38;2;180;148;124m██[38;2;239;205;176m██[38;2;136;102;81m██[38;2;251;212;183m██[38;2;211;209;207m██[38;2;96;97;98m██[38;2;218;190;163m██[38;2;92;102;106m██[38;2;91;100;104m██[38;2;234;236;235m██[38;2;108;31;38m██[38;2;81;23;29m██[38;2;0;0;0m  
[38;2;0;0;0m    [38;2;1;2;2m  [38;2;56;62;64m  [38;2;43;48;50m  [38;2;131;145;151m██████████[38;2;117;129;134m██[38;2;230;190;160m██[38;2;250;212;183m██[38;2;239;205;177m██[38;2;249;211;182m██[38;2;250;211;183m██[38;2;222;190;163m██[38;2;250;212;183m██[38;2;245;209;181m██[38;2;250;211;183m██[38;2;245;208;180m██[38;2;250;211;182m██[38;2;251;211;183m██[38;2;249;211;182m██[38;2;251;212;183m██[38;2;113;123;128m██[38;2;115;126;132m██[38;2;97;106;110m██[38;2;183;190;193m██[38;2;130;39;50m██[38;2;75;21;25m██[38;2;0;0;0m  
[38;2;0;0;0m      [38;2;1;2;2m  [38;2;87;95;99m  [38;2;126;139;145m██[38;2;121;133;139m██[38;2;110;120;125m██[38;2;110;121;126m██[38;2;104;100;97m██[38;2;173;124;94m██[38;2;172;123;93m██[38;2;62;44;33m██[38;2;250;211;183m████████████████████████[38;2;211;185;161m  [38;2;126;138;144m██[38;2;108;119;124m██[38;2;150;162;168m██[38;2;79;24;30m██[38;2;17;4;6m  [38;2;0;0;0m  
[38;2;0;0;0m        [38;2;0;1;1m  [38;2;108;107;105m██[38;2;114;123;128m██[38;2;108;104;102m██[38;2;110;100;94m██[38;2;173;123;94m██████[38;2;90;64;48m██[38;2;250;211;183m████[38;2;251;211;183m████[38;2;250;211;183m████[38;2;251;211;183m████[38;2;250;211;183m████[38;2;251;211;183m████[38;2;250;211;183m██[38;2;126;121;113m██[38;2;54;60;62m  [38;2;111;114;119m██[38;2;63;17;22m  [38;2;0;0;0m  [38;2;2;0;0m  
[38;2;0;0;0m        [38;2;2;1;1m  [38;2;201;157;128m██[38;2;169;121;92m██[38;2;190;144;114m██[38;2;174;125;95m██[38;2;173;123;94m████[38;2;172;123;93m██[38;2;171;122;93m██[38;2;251;212;183m██[38;2;251;211;183m██[38;2;250;211;183m████[38;2;251;211;183m████[38;2;250;211;183m████[38;2;251;211;183m████[38;2;250;211;183m████[38;2;251;211;183m████[38;2;96;86;74m  [38;2;37;17;20m  [38;2;0;0;0m      
[38;2;0;0;0m        [38;2;177;154;132m  [38;2;251;211;183m██[38;2;245;205;176m██[38;2;250;211;183m██[38;2;177;129;99m██[38;2;173;124;94m████[38;2;156;112;85m██[38;2;173;124;94m██[38;2;205;161;131m██[38;2;251;211;183m██[38;2;250;211;183m████[38;2;251;211;183m████[38;2;250;211;183m████[38;2;251;211;183m████[38;2;250;211;183m████[38;2;251;211;183m██[38;2;251;213;183m██[38;2;0;0;0m          
[38;2;89;113;140m  [38;2;91;115;144m  [38;2;70;89;110m  [38;2;24;31;38m  [38;2;252;215;186m██[38;2;250;211;183m██████[38;2;194;148;119m██[38;2;173;123;94m██[38;2;142;101;77m██[38;2;166;119;90m██[38;2;173;124;94m██[38;2;171;122;93m██[38;2;249;210;181m██[38;2;250;211;183m████████████████████[38;2;236;204;176m  [38;2;1;1;0m  [38;2;0;0;0m          
[38;2;115;146;181m██[38;2;114;146;181m████[38;2;115;146;181m████[38;2;112;142;177m██[38;2;158;153;148m██[38;2;246;210;181m██[38;2;215;172;143m██[38;2;173;123;94m██[38;2;125;89;68m██[38;2;173;123;94m██[38;2;173;123;93m██[38;2;173;123;94m██[38;2;103;74;55m██[38;2;251;212;183m██[38;2;251;211;183m██[38;2;250;211;183m████[38;2;251;211;183m████[38;2;232;197;170m██[38;2;220;189;164m██[38;2;251;211;183m████[38;2;3;2;2m  [38;2;0;0;0m            
[38;2;114;146;181m████████████████[38;2;103;131;163m██[38;2;163;119;93m██[38;2;135;96;73m██[38;2;173;123;94m██████[38;2;138;99;75m██[38;2;118;85;65m██[38;2;250;211;183m██[38;2;251;211;183m████[38;2;250;211;183m████[38;2;246;210;181m██[38;2;212;115;118m██[38;2;147;141;139m██[38;2;37;32;28m  [38;2;0;0;0m              
[38;2;114;146;181m██[38;2;115;146;181m████[38;2;114;146;181m████[38;2;115;146;181m████[38;2;114;146;181m████[38;2;115;146;181m██[38;2;112;142;176m██[38;2;147;106;80m██[38;2;173;124;94m████[38;2;135;97;73m██[38;2;0;0;0m██[38;2;147;110;87m██[38;2;251;211;183m████[38;2;250;211;183m████[38;2;251;211;183m██[38;2;251;216;186m██[38;2;6;5;4m  [38;2;0;0;0m                
[38;2;115;146;181m██[38;2;115;145;180m██[38;2;115;146;181m██████[38;2;115;145;180m██[38;2;115;146;181m██████[38;2;114;144;179m██[38;2;115;146;181m██[38;2;57;85;114m██[38;2;175;125;94m██[38;2;172;123;93m██[38;2;154;110;83m██[38;2;1;0;0m██[38;2;0;0;0m██[38;2;157;122;98m██[38;2;250;211;183m██████[38;2;247;210;181m██[38;2;0;0;0m    [38;2;64;64;64m  [38;2;93;93;93m  [38;2;0;0;0m  [38;2;218;218;218m  [38;2;249;249;249m██[38;2;167;167;167m  [38;2;106;106;106m  [38;2;0;0;0m  
[38;2;115;146;181m██[38;2;114;146;181m████[38;2;115;146;181m████[38;2;114;146;181m████[38;2;115;146;181m████[38;2;86;109;136m██[38;2;109;138;171m██[38;2;50;79;107m██[38;2;173;124;93m██[38;2;169;122;92m██[38;2;173;123;94m██[38;2;50;36;27m  [38;2;0;0;0m    [38;2;142;126;108m  [38;2;251;211;183m████[38;2;20;16;14m  [38;2;0;0;0m      [38;2;205;205;205m  [38;2;197;197;197m  [38;2;236;236;236m██[38;2;255;255;255m██████[38;2;174;174;174m  
[38;2;112;143;177m██[38;2;114;146;181m████████████████[38;2;118;149;185m██[38;2;53;81;110m██[38;2;65;91;119m██[38;2;173;123;94m████[38;2;159;114;88m██[38;2;0;0;0m        [38;2;2;2;2m  [38;2;1;1;0m  [38;2;0;0;0m      [38;2;64;64;64m  [38;2;255;255;255m████████████[38;2;250;250;250m██
[38;2;115;146;181m██[38;2;97;124;154m██[38;2;115;146;181m██[38;2;114;146;181m████[38;2;115;146;181m████[38;2;114;146;181m██[38;2;114;145;180m██[38;2;115;146;181m██[38;2;53;85;116m██[38;2;76;102;130m██[38;2;173;124;94m██[38;2;173;124;93m██[38;2;82;113;146m██[38;2;109;139;172m  [38;2;0;0;0m                  [38;2;170;170;170m  [38;2;253;253;253m██[38;2;255;255;255m██████[38;2;245;245;245m██[38;2;174;174;174m  
[38;2;86;113;142m██[38;2;80;104;132m██[38;2;115;146;182m██[38;2;101;127;158m██[38;2;115;146;181m██[38;2;115;145;180m██[38;2;115;146;181m████[38;2;98;125;156m██[38;2;108;137;171m██[38;2;54;86;117m██[38;2;81;90;103m██[38;2;173;124;94m██[38;2;49;73;97m██[38;2;54;86;117m██[38;2;96;121;151m██[38;2;92;120;150m██[38;2;0;0;0m                  [38;2;181;181;181m  [38;2;225;225;225m██[38;2;199;199;199m  [38;2;255;255;255m████[38;2;172;172;172m  [0m
