
[38;2;0;0;0m              [38;2;20;7;11m  [38;2;129;68;75m  [38;2;64;35;40m██[38;2;31;18;22m██[38;2;32;19;23m████[38;2;37;21;26m██[38;2;128;68;75m██[38;2;37;21;25m██[38;2;32;19;23m████[38;2;115;61;68m██[38;2;122;65;71m██[38;2;128;68;75m██[38;2;11;3;6m  [38;2;0;0;0m                    
[38;2;0;0;0m            [38;2;14;3;8m  [38;2;93;46;54m  [38;2;90;44;52m  [38;2;127;67;74m██[38;2;129;69;76m██[38;2;100;53;59m██[38;2;32;18;23m██[38;2;32;19;23m████[38;2;82;42;50m██[38;2;32;19;23m████[38;2;40;23;28m██[38;2;78;42;48m██[38;2;46;26;31m██[38;2;128;68;75m  [38;2;0;0;0m                    
[38;2;0;0;0m            [38;2;31;12;18m  [38;2;127;68;74m██[38;2;35;20;25m██[38;2;32;19;23m██[38;2;32;19;22m██[38;2;35;20;25m██[38;2;111;59;66m██[38;2;48;27;31m██[38;2;31;18;22m████[38;2;32;19;22m██[38;2;32;19;23m██[38;2;57;32;37m██[38;2;32;18;23m██[38;2;31;19;22m██[38;2;127;68;74m  [38;2;0;0;0m                    
[38;2;0;0;0m          [38;2;48;21;27m  [38;2;116;62;68m██[38;2;31;18;22m██[38;2;33;19;23m██[38;2;32;18;23m██[38;2;32;19;23m██████[38;2;46;26;30m██[38;2;32;19;23m██[38;2;34;21;24m██[38;2;32;19;23m██████[38;2;32;18;23m██[38;2;32;19;23m██[38;2;121;64;70m██[38;2;105;53;61m  [38;2;0;0;0m                  
[38;2;0;0;0m      [38;2;123;65;72m  [38;2;129;69;75m██[38;2;99;52;59m██[38;2;51;26;32m██[38;2;33;19;23m██[38;2;31;19;22m██[38;2;44;25;30m██[38;2;32;19;23m██[38;2;49;35;36m██[38;2;209;180;152m██[38;2;251;216;180m██[38;2;250;210;175m██[38;2;250;211;176m██[38;2;249;211;176m██[38;2;250;210;175m██[38;2;228;198;166m██[38;2;33;19;23m██[38;2;28;17;21m██[38;2;32;19;23m██[38;2;87;43;50m  [38;2;0;0;0m                  
[38;2;0;0;0m        [38;2;96;48;56m  [38;2;111;57;65m██[38;2;31;19;22m██[38;2;37;20;25m██[38;2;33;19;23m██[38;2;31;19;22m██[38;2;70;56;51m██[38;2;249;211;176m██[38;2;250;211;176m██[38;2;249;211;176m██[38;2;250;211;176m████████[38;2;139;95;87m██[38;2;115;56;57m██[38;2;48;35;34m██[38;2;35;19;24m██[38;2;112;60;66m██[38;2;51;22;29m  [38;2;0;0;0m                
[38;2;0;0;0m        [38;2;94;47;55m  [38;2;31;19;23m██[38;2;41;21;26m██[38;2;31;18;23m██[38;2;32;18;23m██[38;2;69;55;49m██[38;2;250;211;176m████████████████[38;2;111;52;54m██[38;2;115;56;56m██[38;2;152;109;98m██[38;2;31;18;22m██[38;2;32;19;23m██[38;2;135;72;79m  [38;2;0;0;0m                
[38;2;0;0;0m      [38;2;7;1;4m  [38;2;110;58;64m██[38;2;55;30;35m██[38;2;39;22;27m██[38;2;32;19;23m██[38;2;31;18;22m██[38;2;250;211;176m████[38;2;250;210;176m██[38;2;250;211;176m██████████[38;2;250;213;177m██[38;2;117;65;64m██[38;2;114;55;56m██[38;2;112;55;56m██[38;2;99;48;50m██[38;2;32;18;23m██[38;2;108;58;64m  [38;2;0;0;0m                
[38;2;0;0;0m      [38;2;56;24;32m  [38;2;66;30;38m  [38;2;48;25;31m██[38;2;31;18;22m██[38;2;32;19;23m██[38;2;131;115;98m██[38;2;250;210;176m██[38;2;249;211;176m██[38;2;250;211;176m██████[38;2;249;211;176m██[38;2;250;211;176m████[38;2;249;211;176m██[38;2;240;206;172m██[38;2;250;211;176m██[38;2;248;213;178m██[38;2;131;85;79m██[38;2;39;23;27m██[38;2;39;22;26m██[38;2;10;1;5m  [38;2;0;0;0m              
[38;2;0;0;0m      [38;2;33;8;19m  [38;2;15;7;9m  [38;2;100;52;59m██[38;2;30;14;20m██[38;2;32;19;23m██[38;2;236;204;171m██[38;2;250;211;176m██████[38;2;247;214;178m██[38;2;175;144;124m██[38;2;240;205;171m██[38;2;249;211;176m████[38;2;250;211;176m██[38;2;59;42;39m██[38;2;180;154;130m██[38;2;250;211;176m████[38;2;30;18;22m██[38;2;38;19;25m██[38;2;127;67;74m██[38;2;98;49;57m  [38;2;3;0;2m  [38;2;0;0;0m          
[38;2;0;0;0m        [38;2;97;49;56m  [38;2;120;64;70m██[38;2;31;18;22m██[38;2;32;19;23m██[38;2;248;211;177m██[38;2;250;211;176m██[38;2;249;211;176m██[38;2;161;137;117m██[38;2;248;210;175m██[38;2;204;156;134m██[38;2;247;207;173m██[38;2;250;211;176m████[38;2;229;186;157m██[38;2;204;156;134m██[38;2;250;211;176m██[38;2;167;144;122m██[38;2;250;211;176m██[38;2;34;20;24m██[38;2;30;18;22m██[38;2;32;19;22m██[38;2;27;7;15m  [38;2;0;0;0m            
[38;2;0;0;0m      [38;2;25;2;14m  [38;2;22;7;12m  [38;2;45;26;30m██[38;2;32;19;23m████[38;2;249;210;175m██[38;2;250;213;177m██[38;2;245;209;174m██[38;2;250;211;176m██[38;2;249;211;176m██[38;2;250;211;176m██[38;2;245;205;171m██[38;2;250;211;176m████[38;2;247;208;174m██[38;2;249;211;175m████[38;2;250;211;176m██[38;2;244;207;173m██[38;2;44;26;30m██[38;2;31;18;22m  [38;2;0;0;0m                
[38;2;0;0;0m        [38;2;118;62;69m  [38;2;32;18;23m██[38;2;32;19;23m████[38;2;249;210;175m██[38;2;249;211;176m████[38;2;225;192;161m██[38;2;243;206;172m██[38;2;246;209;174m██[38;2;250;211;176m██[38;2;249;211;176m████[38;2;250;211;176m██[38;2;185;153;131m██[38;2;245;210;175m██[38;2;233;199;167m██[38;2;249;211;176m██[38;2;37;21;26m██[38;2;32;19;23m██[38;2;17;0;8m  [38;2;0;0;0m              
[38;2;0;0;0m      [38;2;113;58;65m  [38;2;49;28;32m██[38;2;31;18;22m██[38;2;32;18;23m██[38;2;32;19;23m██[38;2;115;99;85m██[38;2;249;211;176m██[38;2;231;197;165m██[38;2;36;14;22m██[38;2;61;42;41m██[38;2;192;166;140m██[38;2;250;211;176m██[38;2;249;211;176m████[38;2;250;211;176m██[38;2;250;212;176m██[38;2;217;185;155m██[38;2;38;21;25m██[38;2;248;212;176m██[38;2;31;19;22m██[38;2;32;11;19m  [38;2;28;10;18m  [38;2;0;0;0m              
[38;2;0;0;0m          [38;2;71;32;41m  [38;2;31;16;21m██[38;2;30;16;21m██[38;2;32;19;23m██[38;2;245;209;174m██[38;2;234;199;166m██[38;2;243;208;174m██[38;2;250;211;176m████████[38;2;230;194;163m██[38;2;220;175;148m██[38;2;250;211;176m██████[38;2;239;202;169m██[38;2;32;19;23m██[38;2;64;34;40m██[38;2;38;16;22m  [38;2;0;0;0m              
[38;2;0;0;0m          [38;2;34;19;24m  [38;2;172;129;113m██[38;2;78;54;52m██[38;2;92;74;66m██[38;2;28;17;21m██[38;2;248;210;175m██[38;2;250;211;176m██[38;2;249;211;176m████████[38;2;249;210;175m██[38;2;247;209;175m██[38;2;249;211;176m████[38;2;250;211;175m██[38;2;216;184;155m██[38;2;29;12;19m  [38;2;11;0;6m  [38;2;0;0;0m                
[38;2;0;0;0m        [38;2;25;2;13m  [38;2;11;0;6m  [38;2;56;43;39m  [38;2;197;163;138m██[38;2;143;110;97m██[38;2;192;165;139m██[38;2;250;212;177m██[38;2;250;211;176m██[38;2;249;211;176m██████████████[38;2;250;211;176m██[38;2;249;211;176m██[38;2;152;130;114m  [38;2;0;0;0m                    
[38;2;0;0;0m              [38;2;59;47;41m  [38;2;123;105;98m██[38;2;250;212;176m██[38;2;249;211;176m██[38;2;250;211;176m████[38;2;230;196;164m██[38;2;228;191;161m██[38;2;226;191;160m██[38;2;222;189;159m██[38;2;248;210;175m██[38;2;225;190;160m██[38;2;250;211;176m████[38;2;28;10;17m  [38;2;0;0;0m                    
[38;2;0;0;0m                [38;2;42;25;35m  [38;2;31;11;21m  [38;2;249;211;176m████████[38;2;250;211;176m██[38;2;249;211;176m██[38;2;215;178;150m██[38;2;250;211;176m████[38;2;249;211;176m██[38;2;240;207;173m  [38;2;120;106;112m  [38;2;0;0;0m                    
[38;2;0;0;0m                [38;2;146;92;105m██[38;2;72;59;64m  [38;2;30;17;21m██[38;2;245;209;174m██[38;2;249;211;176m████[38;2;250;211;176m████[38;2;249;213;177m██[38;2;249;211;176m████[38;2;212;183;153m  [38;2;0;0;0m  [38;2;143;126;132m  [38;2;0;0;0m                    
[38;2;0;0;0m                [38;2;196;191;193m██[38;2;76;63;68m  [38;2;26;8;17m  [38;2;85;57;55m██[38;2;186;154;132m██[38;2;250;212;176m██[38;2;250;210;175m██[38;2;250;211;176m██[38;2;249;211;176m██[38;2;250;210;175m██[38;2;134;111;95m██[38;2;30;15;20m  [38;2;0;0;0m  [38;2;198;192;194m  [38;2;0;0;0m                    
[38;2;0;0;0m                [38;2;216;213;215m██[38;2;110;96;103m  [38;2;33;20;26m  [38;2;165;135;139m██[38;2;205;157;135m██[38;2;112;81;73m██[38;2;38;19;24m██[38;2;213;185;155m██[38;2;228;196;164m██[38;2;68;45;44m██[38;2;186;143;127m██[38;2;176;169;205m██[38;2;3;0;1m  [38;2;189;196;199m  [38;2;0;0;0m                    
[38;2;0;0;0m                [38;2;196;205;207m██[38;2;89;80;87m  [38;2;179;172;209m██[38;2;112;88;90m██[38;2;205;157;135m████[38;2;192;145;126m██[38;2;25;3;14m██[38;2;65;41;41m██[38;2;205;157;134m██[38;2;192;146;126m██[38;2;162;154;188m██[38;2;180;173;210m██[38;2;84;75;83m  [38;2;0;0;0m                    
[38;2;0;0;0m                [38;2;112;102;108m  [38;2;176;169;206m██[38;2;179;172;209m██[38;2;196;151;131m██[38;2;205;156;134m██[38;2;205;156;135m██[38;2;205;157;134m██[38;2;204;157;135m████[38;2;205;157;135m██[38;2;191;144;125m██[38;2;163;154;188m██[38;2;178;172;209m██[38;2;179;172;209m██[38;2;69;60;66m  [38;2;0;0;0m                  
[38;2;0;0;0m            [38;2;6;5;7m  [38;2;223;219;245m  [38;2;246;245;252m██[38;2;246;245;253m██[38;2;177;170;208m██[38;2;198;151;131m██[38;2;205;157;134m████[38;2;205;157;135m██████[38;2;201;153;132m██[38;2;205;157;134m██[38;2;173;166;204m██[38;2;179;172;209m██[38;2;235;233;244m██[38;2;245;244;252m██[38;2;222;218;246m██[38;2;187;171;174m██[38;2;228;180;118m██[38;2;193;145;89m  [38;2;94;41;10m  [38;2;0;0;0m        
[38;2;0;0;0m        [38;2;21;2;11m  [38;2;215;211;233m  [38;2;199;193;215m██[38;2;221;217;245m██[38;2;247;246;254m████[38;2;246;246;254m██[38;2;232;196;167m██[38;2;205;157;135m██[38;2;194;148;128m██[38;2;205;157;135m██████[38;2;184;139;121m██[38;2;204;156;135m██[38;2;181;175;211m██[38;2;246;245;253m██[38;2;246;245;252m██[38;2;210;165;111m██[38;2;199;101;55m██[38;2;164;132;101m██[38;2;163;135;109m██[38;2;161;135;109m██[38;2;162;132;102m██[38;2;171;130;89m  [38;2;225;180;117m██[38;2;231;114;55m  [38;2;142;69;27m  
[38;2;0;0;0m      [38;2;28;11;21m  [38;2;214;210;235m██[38;2;222;218;246m██[38;2;187;178;203m██[38;2;223;219;246m██[38;2;247;246;254m██[38;2;246;246;254m██[38;2;247;246;254m██[38;2;186;160;146m██[38;2;241;205;172m██[38;2;247;209;174m██[38;2;219;174;148m██[38;2;204;155;134m██[38;2;204;156;134m██[38;2;243;203;170m██[38;2;205;173;146m██[38;2;247;246;254m████[38;2;191;169;142m██[38;2;158;136;116m██[38;2;191;170;143m████[38;2;187;166;140m██████[38;2;180;159;134m██[38;2;181;159;135m██[38;2;185;164;139m██[38;2;183;162;136m  
[38;2;0;0;0m    [38;2;21;3;13m  [38;2;222;218;246m██[38;2;222;218;245m██[38;2;222;218;246m██[38;2;206;201;226m██[38;2;222;218;246m██[38;2;246;246;254m██[38;2;247;245;254m██[38;2;246;246;254m██[38;2;225;222;227m██[38;2;249;211;176m██[38;2;247;210;175m██[38;2;245;209;175m██[38;2;250;211;176m██[38;2;227;195;163m██[38;2;250;211;176m██[38;2;248;210;175m██[38;2;247;246;254m████[38;2;191;169;143m██[38;2;156;135;115m██[38;2;167;146;124m██[38;2;179;158;134m██[38;2;180;158;134m██[38;2;174;153;130m██[38;2;178;156;135m██[38;2;151;128;111m██[38;2;169;148;126m██[38;2;191;170;143m██[38;2;127;110;111m██
[38;2;0;0;0m  [38;2;7;0;4m  [38;2;222;218;242m██[38;2;222;218;246m██[38;2;221;218;245m██[38;2;222;217;245m██[38;2;222;217;243m██[38;2;222;218;246m██[38;2;247;246;254m██[38;2;246;246;254m██[38;2;246;245;254m██[38;2;246;246;254m██[38;2;250;211;176m██[38;2;249;211;176m██[38;2;250;211;176m████[38;2;249;211;176m██[38;2;250;211;176m██[38;2;206;187;173m██[38;2;246;245;254m████[38;2;171;150;131m██[38;2;160;138;119m██[38;2;159;138;118m██[38;2;251;221;189m██[38;2;162;140;119m██[38;2;174;153;130m██[38;2;224;200;171m██[38;2;190;162;139m██[38;2;130;110;106m██[38;2;248;220;189m██[38;2;136;108;104m██
[38;2;0;0;0m  [38;2;63;50;59m  [38;2;221;218;246m██[38;2;221;217;244m██[38;2;222;218;245m██[38;2;221;218;245m██[38;2;223;219;246m██[38;2;222;218;245m██[38;2;238;236;241m██[38;2;246;245;254m██[38;2;246;246;254m████[38;2;219;194;172m██[38;2;249;211;176m██[38;2;250;211;176m██[38;2;249;211;176m████[38;2;242;206;172m██[38;2;246;246;254m██[38;2;246;245;254m██[38;2;247;245;254m██[38;2;235;233;239m██[38;2;144;122;111m██[38;2;125;108;110m██[38;2;219;192;162m██[38;2;112;93;95m██[38;2;110;93;96m██[38;2;242;202;169m██[38;2;250;213;178m██[38;2;160;127;116m██[38;2;217;187;159m██[38;2;182;137;119m██
[38;2;11;0;6m  [38;2;225;221;247m██[38;2;222;218;246m██[38;2;217;212;240m██[38;2;222;218;245m██[38;2;222;218;246m██[38;2;223;219;246m██[38;2;222;218;246m██[38;2;168;160;180m██[38;2;246;245;254m██████[38;2;242;241;247m██[38;2;250;211;176m████████[38;2;237;235;242m██[38;2;246;246;254m██[38;2;247;245;254m██[38;2;246;245;254m██[38;2;245;244;252m██[38;2;214;188;161m██[38;2;117;101;105m██[38;2;205;156;134m██[38;2;119;99;100m██[38;2;125;108;110m██[38;2;246;206;172m██[38;2;250;213;177m██[38;2;116;97;99m██[38;2;250;211;176m██[38;2;199;151;131m██
[38;2;114;107;119m  [38;2;215;211;237m██[38;2;222;218;246m██[38;2;214;209;235m██[38;2;222;218;245m████[38;2;222;218;246m██[38;2;222;217;246m██[38;2;190;184;207m██[38;2;246;245;252m██[38;2;246;245;254m██[38;2;247;245;254m██[38;2;246;245;254m██[38;2;233;200;169m██[38;2;249;211;176m████[38;2;207;194;188m██[38;2;246;245;254m██[38;2;247;246;254m██[38;2;246;246;254m██[38;2;246;245;254m██[38;2;241;239;246m██[38;2;204;156;134m██[38;2;165;123;108m██[38;2;205;157;135m██[38;2;192;146;126m██[38;2;201;154;132m██[38;2;218;173;147m██[38;2;234;192;161m██[38;2;182;137;119m██[38;2;249;211;176m██[38;2;128;120;131m  [0m
