
[38;2;0;0;0m                          [38;2;5;5;5m  [38;2;19;19;19m  [38;2;33;31;31m██[38;2;31;30;30m██[38;2;42;39;39m██[38;2;43;40;40m██[38;2;38;36;36m██[38;2;25;23;23m██[38;2;17;17;17m  [38;2;0;0;0m                    
[38;2;0;0;0m                      [38;2;5;5;5m  [38;2;17;17;17m  [38;2;48;45;45m██[38;2;46;43;43m██[38;2;51;47;47m██████████[38;2;50;47;47m██[38;2;51;47;47m██[38;2;18;18;18m  [38;2;0;0;0m                  
[38;2;0;0;0m                    [38;2;17;17;17m  [38;2;45;41;41m██[38;2;24;17;22m██[38;2;45;42;42m██[38;2;51;47;47m██████[38;2;51;46;46m██[38;2;49;45;45m██[38;2;51;47;47m████████[38;2;17;17;17m  [38;2;0;0;0m    [38;2;8;8;8m  [38;2;0;0;0m          
[38;2;0;0;0m                  [38;2;19;19;19m  [38;2;51;46;46m██[38;2;34;29;32m██[38;2;20;13;19m██[38;2;39;35;37m██[38;2;51;47;47m████[38;2;36;31;34m██[38;2;49;45;45m██[38;2;50;46;46m██[38;2;48;44;44m██[38;2;51;47;47m██[38;2;51;46;46m████[38;2;50;46;46m██[38;2;18;18;18m  [38;2;3;3;3m  [38;2;249;219;221m██[38;2;40;37;38m  [38;2;0;0;0m        
[38;2;0;0;0m                [38;2;17;17;17m  [38;2;51;47;47m██[38;2;50;46;46m██[38;2;51;47;47m████[38;2;43;38;40m██[38;2;125;119;112m██[38;2;246;232;216m██[38;2;255;236;217m██[38;2;255;235;217m████[38;2;225;211;194m██[38;2;162;153;143m██[38;2;28;22;26m██[38;2;44;39;41m██[38;2;51;47;47m██[38;2;18;18;18m██[38;2;36;33;33m  [38;2;255;218;220m██[38;2;17;17;17m  [38;2;0;0;0m        
[38;2;0;0;0m              [38;2;18;18;18m  [38;2;51;47;47m██[38;2;46;42;42m██[38;2;51;46;46m████[38;2;20;14;19m██[38;2;255;235;217m██[38;2;255;234;217m██[38;2;255;235;217m████[38;2;255;234;217m██[38;2;255;235;217m████[38;2;255;234;217m████[38;2;128;123;116m██[38;2;20;13;19m██[38;2;232;212;213m██[38;2;187;172;173m██[38;2;17;17;17m  [38;2;0;0;0m          
[38;2;0;0;0m              [38;2;18;17;17m██[38;2;51;47;47m██████[38;2;43;39;40m██[38;2;208;196;183m██[38;2;255;234;217m██[38;2;255;234;216m██[38;2;255;235;216m████[38;2;255;234;216m██[38;2;255;234;217m██[38;2;255;235;217m████[38;2;255;235;216m██[38;2;255;234;216m██[38;2;90;86;80m██[38;2;62;54;56m██[38;2;201;180;182m██[38;2;255;226;228m██[38;2;189;167;169m██[38;2;17;17;17m  [38;2;0;0;0m      
[38;2;0;0;0m            [38;2;1;1;1m  [38;2;52;47;47m██[38;2;43;40;40m██[38;2;51;46;46m████[38;2;19;13;19m██[38;2;255;235;217m██████████[38;2;255;235;216m██[38;2;255;235;217m████████[38;2;255;235;216m██[38;2;255;235;217m██[38;2;19;12;18m████[38;2;171;158;159m██[38;2;182;163;164m██[38;2;4;4;4m  [38;2;0;0;0m      
[38;2;0;0;0m            [38;2;17;17;17m  [38;2;51;47;47m██[38;2;50;46;46m██[38;2;51;46;46m██[38;2;51;47;47m██[38;2;174;166;156m██[38;2;255;235;217m██[38;2;253;235;217m██[38;2;250;235;217m██[38;2;254;235;217m██[38;2;255;235;217m██[38;2;255;235;216m██[38;2;255;235;217m██████[38;2;253;234;216m██[38;2;255;235;217m████[38;2;95;90;85m██[38;2;51;46;46m██[38;2;23;22;22m  [38;2;18;18;18m  [38;2;0;0;0m        
[38;2;0;0;0m            [38;2;22;22;22m██[38;2;50;46;46m██[38;2;51;47;47m██████[38;2;254;235;217m██[38;2;255;235;216m██[38;2;255;234;217m██[38;2;255;235;216m██[38;2;255;234;216m████[38;2;255;235;216m██[38;2;255;234;217m██[38;2;255;235;217m██[38;2;255;235;216m██[38;2;255;235;217m██[38;2;255;235;216m██[38;2;255;235;217m██[38;2;255;240;222m██[38;2;51;47;47m██[38;2;52;48;48m██[38;2;0;0;0m          
[38;2;0;0;0m            [38;2;51;47;47m██[38;2;49;46;46m██[38;2;51;47;47m████[38;2;34;28;32m██[38;2;255;235;217m██████[38;2;255;234;217m████████[38;2;255;235;217m████████████[38;2;255;234;217m██[38;2;51;47;47m████[38;2;15;15;15m  [38;2;0;0;0m        
[38;2;0;0;0m          [38;2;14;14;14m  [38;2;51;47;47m██[38;2;46;43;43m██[38;2;51;47;47m████[38;2;19;13;18m██[38;2;255;235;217m██████[38;2;40;38;37m██[38;2;242;226;210m██[38;2;255;235;217m██[38;2;255;235;216m██[38;2;255;235;217m██████[38;2;102;97;91m██[38;2;255;236;218m██[38;2;255;235;217m████[38;2;50;46;46m██[38;2;51;47;47m██[38;2;17;18;18m  [38;2;0;0;0m        
[38;2;0;0;0m          [38;2;18;18;18m  [38;2;51;47;47m██[38;2;45;42;42m██[38;2;51;47;47m████[38;2;21;16;19m██[38;2;255;235;216m████[38;2;255;235;217m██[38;2;219;206;191m██[38;2;255;235;217m██[38;2;255;235;216m██[38;2;255;234;216m██[38;2;255;235;216m██[38;2;255;235;217m██[38;2;255;235;216m██[38;2;147;141;132m██[38;2;253;235;217m██[38;2;255;235;217m██[38;2;255;236;218m██[38;2;39;35;36m██[38;2;51;47;47m██[38;2;17;17;17m  [38;2;0;0;0m        
[38;2;0;0;0m          [38;2;26;25;25m██[38;2;51;47;47m██[38;2;24;19;23m██[38;2;51;47;47m████[38;2;54;44;45m██[38;2;255;235;217m██[38;2;255;234;217m██[38;2;255;235;217m████████[38;2;255;234;217m██[38;2;247;229;211m██[38;2;255;235;217m████████████[38;2;18;12;18m██[38;2;51;47;47m██[38;2;23;22;22m██[38;2;0;0;0m        
[38;2;0;0;0m        [38;2;3;3;3m  [38;2;51;47;47m████[38;2;24;19;23m██[38;2;51;47;47m████[38;2;111;93;89m██[38;2;253;234;216m██[38;2;255;235;217m██████████████[38;2;255;234;217m██████[38;2;255;235;217m██████[38;2;20;13;19m██[38;2;51;47;47m██[38;2;43;39;40m██[38;2;3;3;3m  [38;2;0;0;0m      
[38;2;0;0;0m        [38;2;20;19;19m  [38;2;51;46;46m██[38;2;44;39;41m██[38;2;21;15;20m██[38;2;51;47;47m████[38;2;74;81;64m██[38;2;135;154;112m██[38;2;141;163;115m██[38;2;133;152;109m██[38;2;152;171;125m██[38;2;127;139;105m██[38;2;125;138;103m██[38;2;123;135;102m██[38;2;120;132;100m██[38;2;122;133;101m██[38;2;118;128;98m██[38;2;96;109;80m██[38;2;154;168;129m██[38;2;143;149;124m██[38;2;82;93;69m██[38;2;27;23;24m██[38;2;51;47;47m██[38;2;24;17;22m██[38;2;18;18;18m  [38;2;0;0;0m      
[38;2;0;0;0m      [38;2;11;11;11m  [38;2;51;47;47m████[38;2;19;12;18m████[38;2;51;47;47m████[38;2;79;74;63m██[38;2;97;104;81m██[38;2;137;157;112m██[38;2;144;165;118m██[38;2;143;164;117m██[38;2;144;165;118m████[38;2;143;164;117m██████[38;2;144;165;118m██[38;2;148;168;121m██[38;2;143;164;117m██[38;2;150;170;123m██[38;2;146;166;119m██[38;2;149;170;121m██[38;2;49;46;46m██[38;2;23;17;22m██[38;2;28;26;26m██[38;2;0;0;0m      
[38;2;0;0;0m      [38;2;29;28;28m██[38;2;50;47;47m██[38;2;50;46;46m██[38;2;20;13;19m████[38;2;51;47;47m████[38;2;104;61;67m██[38;2;100;101;81m██[38;2;134;154;111m██[38;2;143;164;117m██[38;2;144;164;118m██[38;2;144;165;118m██[38;2;143;164;117m████[38;2;144;165;118m██████████[38;2;143;164;117m██[38;2;144;165;117m██[38;2;144;165;118m██[38;2;45;42;42m██[38;2;27;20;25m██[38;2;51;47;47m██[38;2;17;17;17m  [38;2;0;0;0m    
[38;2;0;0;0m    [38;2;18;18;18m  [38;2;51;47;47m████[38;2;29;23;28m██[38;2;20;12;19m██[38;2;19;12;18m██[38;2;51;47;47m████[38;2;83;94;73m██[38;2;98;103;81m██[38;2;83;93;72m██[38;2;90;100;78m██[38;2;93;104;80m██[38;2;82;91;71m██[38;2;82;92;71m██[38;2;83;92;71m██[38;2;87;97;75m██[38;2;94;105;81m██[38;2;84;93;72m██[38;2;82;91;70m██[38;2;93;104;80m██[38;2;82;91;71m██[38;2;92;102;79m██[38;2;90;101;77m██[38;2;29;25;27m██[38;2;36;31;33m██[38;2;43;38;40m██[38;2;41;38;38m██[38;2;2;2;2m  [38;2;0;0;0m  
[38;2;0;0;0m  [38;2;10;10;10m  [38;2;51;47;47m████[38;2;50;46;46m██[38;2;19;13;19m██[38;2;25;19;24m██[38;2;20;13;19m██[38;2;50;46;46m██[38;2;51;47;47m██[38;2;66;73;58m██[38;2;94;105;81m██[38;2;76;83;66m██[38;2;105;109;89m██[38;2;92;102;79m██[38;2;118;117;99m██[38;2;128;131;111m██[38;2;131;133;114m██[38;2;135;135;117m██[38;2;134;134;116m██[38;2;124;126;107m██[38;2;83;92;72m██[38;2;71;78;62m██[38;2;68;73;59m██[38;2;93;104;80m██[38;2;21;15;20m██[38;2;18;11;17m██[38;2;49;45;45m██[38;2;20;14;19m██[38;2;51;47;47m██[38;2;18;18;18m  [38;2;0;0;0m  
[38;2;1;1;1m  [38;2;38;36;36m██[38;2;51;47;47m████[38;2;19;12;18m  [38;2;20;13;19m██[38;2;32;26;29m██[38;2;20;13;19m██[38;2;51;47;47m██[38;2;50;47;47m██[38;2;21;14;20m██[38;2;20;13;19m██[38;2;36;24;32m██[38;2;40;27;36m██[38;2;106;89;94m██[38;2;181;157;151m██[38;2;238;223;206m██[38;2;244;226;209m██[38;2;249;230;212m██[38;2;242;225;208m██[38;2;222;210;196m██[38;2;37;23;33m██[38;2;20;13;19m████████[38;2;20;12;19m██[38;2;51;47;47m██[38;2;18;17;18m  [38;2;50;46;46m████[38;2;1;1;1m  
[38;2;21;21;21m  [38;2;51;46;46m████[38;2;20;13;19m  [38;2;0;0;0m  [38;2;25;19;24m██[38;2;18;11;18m██[38;2;20;13;19m██[38;2;38;35;35m██[38;2;51;46;46m██[38;2;21;15;20m██[38;2;55;41;46m██[38;2;43;29;38m██[38;2;40;27;35m██[38;2;131;107;111m██[38;2;227;202;201m██[38;2;200;176;174m██[38;2;224;190;178m████[38;2;215;190;189m██[38;2;224;198;197m██[38;2;41;27;36m██[38;2;46;32;39m██[38;2;20;13;19m████████[38;2;51;47;47m██[38;2;19;18;19m  [38;2;17;17;17m  [38;2;51;46;46m██[38;2;20;20;20m  
[38;2;51;47;47m████[38;2;26;19;24m██[38;2;12;12;12m  [38;2;5;5;5m  [38;2;51;47;47m██[38;2;20;13;19m██[38;2;20;13;18m██[38;2;19;14;19m██[38;2;51;47;47m██[38;2;67;53;56m██[38;2;70;53;56m██[38;2;70;54;56m██[38;2;64;48;52m██[38;2;179;117;130m██[38;2;227;201;200m██[38;2;227;202;201m██[38;2;218;193;192m██[38;2;211;179;168m██[38;2;227;202;201m██[38;2;204;173;175m██[38;2;69;53;56m██[38;2;70;54;56m██[38;2;38;30;33m██[38;2;20;13;18m██[38;2;20;13;19m████[38;2;50;46;46m██[38;2;19;15;18m  [38;2;0;0;0m  [38;2;41;38;38m██[38;2;51;47;47m██
[38;2;51;46;46m██[38;2;28;22;26m██[38;2;17;17;17m  [38;2;0;0;0m  [38;2;18;18;18m  [38;2;51;47;47m██[38;2;20;13;18m██[38;2;20;13;19m████[38;2;51;46;46m██[38;2;68;52;55m██[38;2;70;53;56m██[38;2;70;54;56m██[38;2;69;54;56m██[38;2;245;173;175m██[38;2;169;112;124m██[38;2;227;202;201m██[38;2;228;202;201m████[38;2;227;202;201m██[38;2;210;139;151m██[38;2;64;50;53m██[38;2;69;53;56m██[38;2;70;54;56m██[38;2;19;12;18m██[38;2;20;13;18m██[38;2;20;13;19m██[38;2;45;41;42m██[38;2;19;14;19m  [38;2;0;0;0m  [38;2;17;15;17m  [38;2;51;46;46m██
[38;2;33;27;31m██[38;2;18;15;18m██[38;2;0;0;0m    [38;2;28;28;28m██[38;2;48;44;44m██[38;2;20;13;19m████[38;2;22;15;20m██[38;2;51;46;46m██[38;2;70;54;57m██[38;2;70;54;56m██[38;2;70;53;56m████[38;2;224;159;162m██[38;2;218;154;156m██[38;2;213;195;195m██[38;2;197;175;174m██[38;2;227;201;200m██[38;2;231;218;217m██[38;2;231;163;166m██[38;2;80;60;63m██[38;2;70;54;56m████[38;2;69;53;56m██[38;2;19;13;19m██[38;2;20;13;19m██[38;2;33;30;32m██[38;2;23;17;21m  [38;2;0;0;0m  [38;2;20;13;18m██[38;2;49;45;45m██
[38;2;19;12;18m██[38;2;18;16;18m██[38;2;0;0;0m  [38;2;18;18;18m  [38;2;51;47;47m██[38;2;29;23;27m██[38;2;20;13;19m████[38;2;49;45;45m██[38;2;32;26;30m██[38;2;70;54;56m██[38;2;70;53;56m██[38;2;70;54;56m██[38;2;66;52;55m██[38;2;220;156;159m██[38;2;218;154;157m██[38;2;243;172;175m██[38;2;254;243;241m██[38;2;255;242;240m██[38;2;205;148;151m██[38;2;197;144;146m██[38;2;144;104;106m██[38;2;70;53;56m████[38;2;70;54;56m██[38;2;20;13;19m██[38;2;20;13;18m██[38;2;28;23;26m██[38;2;27;21;25m██[38;2;12;10;11m  [38;2;20;13;19m██[38;2;23;22;22m  
[38;2;22;16;21m██[38;2;19;15;18m██[38;2;0;0;0m  [38;2;20;20;20m██[38;2;51;47;47m██[38;2;19;12;18m██[38;2;20;13;19m██[38;2;33;26;29m██[38;2;51;47;47m██[38;2;64;49;52m██[38;2;70;54;56m██████[38;2;89;66;69m██[38;2;243;171;174m██[38;2;218;157;160m██[38;2;220;158;161m██[38;2;240;172;174m██[38;2;216;159;162m██[38;2;245;173;176m██[38;2;243;172;175m██[38;2;199;144;146m██[38;2;70;54;57m████[38;2;70;54;56m██[38;2;70;54;57m██[38;2;20;13;19m██[38;2;37;33;34m██[38;2;32;26;30m██[38;2;19;13;19m  [38;2;23;16;21m██[38;2;8;8;8m  
[38;2;49;45;46m██[38;2;19;13;19m██[38;2;18;18;18m  [38;2;51;47;47m████[38;2;19;13;19m██[38;2;19;12;19m██[38;2;51;47;47m██[38;2;20;14;19m██[38;2;70;54;56m████[38;2;46;33;39m██[38;2;70;54;56m██[38;2;146;106;108m██[38;2;221;160;163m██[38;2;197;141;143m██[38;2;217;155;157m██[38;2;196;142;145m██[38;2;244;172;175m██[38;2;243;172;175m██[38;2;212;152;155m██[38;2;225;162;165m██[38;2;69;54;56m██[38;2;70;54;56m██████[38;2;20;13;19m██[38;2;48;44;44m██[38;2;37;32;34m██[38;2;20;13;19m██[38;2;18;16;18m██[38;2;0;0;0m  
[38;2;51;47;47m██[38;2;22;16;21m██[38;2;22;22;22m██[38;2;51;47;47m██[38;2;44;39;41m██[38;2;19;13;18m██[38;2;48;44;44m████[38;2;69;53;56m██[38;2;70;53;56m██[38;2;70;54;56m██[38;2;42;29;37m██[38;2;70;54;57m██[38;2;197;144;146m██[38;2;235;166;169m██[38;2;214;154;157m██[38;2;204;147;149m██[38;2;200;144;146m██[38;2;234;165;168m██[38;2;232;166;169m██[38;2;231;165;168m██[38;2;233;165;168m██[38;2;70;53;56m██[38;2;71;54;58m██[38;2;70;53;56m████[38;2;45;36;39m██[38;2;51;47;47m██[38;2;35;31;33m██[38;2;20;13;19m██[38;2;16;16;16m  [38;2;0;0;0m  
[38;2;46;43;43m██[38;2;50;47;47m██[38;2;42;39;39m██[38;2;51;47;47m██[38;2;19;12;18m██[38;2;25;20;23m██[38;2;51;47;47m██[38;2;20;12;18m██[38;2;70;54;57m██[38;2;68;52;55m██[38;2;70;54;56m██[38;2;41;28;36m██[38;2;70;54;56m██[38;2;152;161;107m██[38;2;164;175;114m██[38;2;162;167;113m██[38;2;163;174;114m██[38;2;168;165;119m██[38;2;167;165;117m██[38;2;161;170;113m██[38;2;168;180;117m██[38;2;167;178;116m██[38;2;70;54;56m██[38;2;69;53;56m████[38;2;70;54;56m██[38;2;69;53;57m██[38;2;51;47;47m██[38;2;30;24;28m██[38;2;19;14;18m██[38;2;0;0;0m    
[38;2;18;18;18m██[38;2;51;47;47m██[38;2;33;28;31m██[38;2;47;43;43m██[38;2;19;13;19m██[38;2;51;47;47m██[38;2;20;13;19m██[38;2;71;54;57m██[38;2;70;54;56m████[38;2;61;47;50m██[38;2;40;26;35m██[38;2;65;50;53m██[38;2;204;198;190m██[38;2;140;79;77m██[38;2;140;95;82m██[38;2;131;98;80m██[38;2;138;114;87m██[38;2;172;175;137m██[38;2;174;178;143m██[38;2;182;185;155m██[38;2;189;185;164m██[38;2;69;54;57m██[38;2;69;53;56m██[38;2;66;51;54m██[38;2;60;47;49m██[38;2;50;44;44m██[38;2;51;47;47m██[38;2;25;19;23m██[38;2;18;17;18m  [38;2;0;0;0m    
[38;2;51;47;47m██[38;2;49;45;45m██[38;2;51;47;47m██[38;2;19;12;18m██[38;2;37;34;35m██[38;2;51;47;47m██[38;2;19;12;18m██[38;2;70;54;56m████████[38;2;62;46;51m██[38;2;135;125;126m██[38;2;245;237;235m██[38;2;146;48;69m████████[38;2;255;242;239m██████[38;2;242;228;227m██[38;2;70;54;56m██[38;2;69;54;56m██[38;2;43;30;38m██[38;2;70;54;56m██[38;2;50;46;46m██[38;2;51;47;47m██[38;2;20;14;19m██[38;2;18;18;18m  [38;2;0;0;0m    [0m
