
[38;2;0;0;0m                        [38;2;23;24;24m  [38;2;0;0;0m    [38;2;40;41;43m  [38;2;0;0;0m                            
[38;2;0;0;0m                  [38;2;10;10;10m  [38;2;0;0;0m      [38;2;178;166;115m  [38;2;230;208;132m██[38;2;178;163;105m  [38;2;109;100;63m  [38;2;105;95;64m  [38;2;6;5;3m  [38;2;0;0;0m                      
[38;2;0;0;0m                      [38;2;229;210;136m██[38;2;227;202;130m██[38;2;227;209;132m██[38;2;227;209;131m██[38;2;228;208;132m██[38;2;233;209;137m██[38;2;200;162;102m██[38;2;229;208;136m██[38;2;0;0;0m                      
[38;2;0;0;0m                  [38;2;224;208;143m██[38;2;155;121;68m██[38;2;227;207;131m██[38;2;223;194;128m██[38;2;228;208;131m██[38;2;229;208;131m██[38;2;230;208;134m██[38;2;230;208;131m██[38;2;228;201;134m██[38;2;230;208;132m██[38;2;231;209;137m██[38;2;6;6;3m  [38;2;0;0;0m                  
[38;2;0;0;0m            [38;2;74;76;77m  [38;2;201;187;134m██[38;2;227;208;129m██[38;2;195;159;102m██[38;2;228;207;129m██[38;2;228;208;131m██[38;2;230;207;134m██[38;2;228;207;130m██[38;2;164;135;72m██[38;2;228;202;129m██[38;2;229;207;131m██[38;2;230;208;131m██[38;2;223;202;129m██[38;2;230;208;131m██[38;2;196;160;102m██[38;2;228;207;130m██[38;2;78;72;52m  [38;2;125;129;132m  [38;2;0;0;0m            
[38;2;0;0;0m              [38;2;229;207;129m██[38;2;228;204;132m██[38;2;228;208;128m██[38;2;229;206;136m██[38;2;228;208;130m██[38;2;229;208;130m██[38;2;230;208;130m██[38;2;181;146;92m██[38;2;201;162;101m██[38;2;226;207;128m██[38;2;227;208;129m██[38;2;224;204;129m██[38;2;230;208;130m██[38;2;230;207;132m██[38;2;231;207;133m██[38;2;236;208;127m██[38;2;0;0;0m              
[38;2;0;0;0m            [38;2;141;130;88m  [38;2;229;207;129m██[38;2;229;207;132m██[38;2;229;207;129m██[38;2;227;206;131m██[38;2;229;207;136m██[38;2;231;209;136m██[38;2;229;207;128m██[38;2;198;166;114m██[38;2;201;159;101m██[38;2;229;208;134m██[38;2;209;187;111m██[38;2;229;207;130m██[38;2;229;207;129m████[38;2;228;205;130m██[38;2;227;208;127m██[38;2;0;0;0m  [38;2;43;44;46m  [38;2;0;0;0m          
[38;2;0;0;0m            [38;2;228;206;127m██[38;2;225;207;123m██[38;2;227;206;127m██[38;2;228;205;131m██[38;2;222;194;131m██[38;2;220;186;124m██[38;2;230;207;140m██[38;2;229;207;129m██[38;2;153;123;67m██[38;2;197;157;107m██[38;2;185;146;98m██[38;2;177;149;97m██[38;2;226;202;132m██[38;2;231;207;135m██[38;2;229;207;130m██[38;2;229;207;128m██[38;2;229;207;129m██[38;2;80;70;47m  [38;2;0;0;0m  [38;2;50;51;52m  [38;2;0;0;0m        
[38;2;0;0;0m          [38;2;76;70;53m  [38;2;202;179;106m██[38;2;232;206;134m██[38;2;181;117;75m██[38;2;154;89;51m██[38;2;157;124;122m██[38;2;205;143;104m██[38;2;175;142;104m██[38;2;214;190;127m██[38;2;195;169;106m██[38;2;127;92;86m██[38;2;175;123;84m██[38;2;164;111;78m██[38;2;207;146;103m██[38;2;177;114;75m██[38;2;226;207;126m██[38;2;179;157;86m██[38;2;228;207;127m████[38;2;0;0;0m            
[38;2;0;0;0m        [38;2;1;1;1m  [38;2;230;206;125m██[38;2;216;192;120m██[38;2;178;123;83m██[38;2;164;101;61m██[38;2;210;146;100m██[38;2;117;57;35m██[38;2;116;70;34m██[38;2;106;73;73m██[38;2;192;143;86m██[38;2;207;150;98m██[38;2;136;103;106m██[38;2;176;135;95m██[38;2;204;157;104m██[38;2;129;68;44m██[38;2;168;107;68m██[38;2;234;205;127m██[38;2;189;167;96m██[38;2;227;206;126m████[38;2;225;203;130m██[38;2;0;0;0m          
[38;2;0;0;0m        [38;2;228;204;128m██[38;2;127;102;50m██[38;2;197;141;95m██[38;2;199;141;105m██[38;2;102;63;59m██[38;2;141;84;78m██[38;2;90;52;51m██[38;2;127;102;111m██[38;2;128;97;99m██[38;2;140;98;91m██[38;2;174;112;74m██[38;2;109;79;82m██[38;2;127;96;99m██[38;2;122;92;89m██[38;2;154;87;72m██[38;2;110;76;79m██[38;2;183;134;107m██[38;2;213;174;114m██[38;2;190;171;106m██[38;2;205;184;106m██[38;2;221;203;127m██[38;2;179;121;79m██[38;2;0;0;0m  [38;2;22;22;21m  [38;2;0;0;0m    
[38;2;0;0;0m      [38;2;189;135;100m██[38;2;204;140;100m██[38;2;184;151;82m██[38;2;179;114;76m██[38;2;206;143;103m██[38;2;108;80;81m██[38;2;82;69;73m██[38;2;215;214;218m██[38;2;187;189;192m██[38;2;132;102;104m██[38;2;146;113;115m██[38;2;191;132;101m██[38;2;122;91;95m██[38;2;116;88;93m██[38;2;198;191;196m██[38;2;198;191;198m██[38;2;29;10;16m██[38;2;100;67;67m██[38;2;211;143;98m██[38;2;212;145;101m██[38;2;229;207;132m██[38;2;204;139;99m██[38;2;188;125;86m██[38;2;188;130;93m██[38;2;4;4;4m  [38;2;0;0;0m    
[38;2;0;0;0m      [38;2;171;114;77m██[38;2;187;123;82m██[38;2;194;132;90m██[38;2;143;84;54m██[38;2;151;117;115m██[38;2;130;107;116m██[38;2;243;241;246m██[38;2;177;139;110m██[38;2;239;242;245m██[38;2;156;125;130m██[38;2;98;70;72m██[38;2;95;64;65m██[38;2;142;109;113m██[38;2;150;123;124m██[38;2;213;209;211m██[38;2;235;230;231m██[38;2;241;242;245m██[38;2;145;119;124m██[38;2;190;133;93m██[38;2;207;143;98m██[38;2;188;130;89m██[38;2;211;144;101m██[38;2;211;144;98m██[38;2;62;44;35m  [38;2;0;0;0m      
[38;2;0;0;0m        [38;2;122;71;48m██[38;2;205;141;105m██[38;2;207;140;93m██[38;2;63;48;48m██[38;2;230;226;229m██[38;2;211;226;234m██[38;2;200;202;209m██[38;2;150;162;169m██[38;2;183;158;160m██[38;2;120;84;86m██[38;2;136;103;104m██[38;2;144;113;116m██[38;2;192;208;215m██[38;2;239;242;248m██[38;2;240;241;245m██[38;2;236;240;244m██[38;2;104;72;76m██[38;2;201;146;106m██[38;2;206;140;105m██[38;2;141;87;58m██[38;2;208;143;105m██[38;2;61;42;32m  [38;2;0;0;0m        
[38;2;0;0;0m        [38;2;208;143;104m██[38;2;97;45;26m██[38;2;204;168;153m██[38;2;161;123;126m██[38;2;212;203;210m██[38;2;158;123;125m██[38;2;135;99;101m██[38;2;159;126;125m██[38;2;168;136;129m██[38;2;174;146;140m██[38;2;180;147;136m██[38;2;167;136;130m██[38;2;157;121;121m██[38;2;111;79;78m██[38;2;91;62;63m██[38;2;157;186;195m██[38;2;149;133;138m██[38;2;213;143;96m██[38;2;151;83;37m██[38;2;168;107;68m██[38;2;128;76;45m██[38;2;0;0;0m          
[38;2;0;0;0m        [38;2;19;11;6m  [38;2;212;141;97m██[38;2;207;170;154m██[38;2;153;117;117m██[38;2;160;124;124m██[38;2;219;189;175m██[38;2;236;217;192m██[38;2;238;216;195m██[38;2;236;216;196m██[38;2;238;216;194m████[38;2;237;216;195m██[38;2;238;216;199m██[38;2;238;215;199m██[38;2;189;163;152m██[38;2;159;124;124m██[38;2;160;124;124m██[38;2;197;164;156m██[38;2;203;171;160m██[38;2;149;91;57m██[38;2;118;60;31m██[38;2;120;82;62m  [38;2;0;0;0m        
[38;2;0;0;0m      [38;2;156;156;156m  [38;2;29;30;29m  [38;2;0;0;0m  [38;2;196;159;145m██[38;2;176;143;131m██[38;2;237;216;197m██[38;2;238;216;197m██[38;2;240;217;202m██[38;2;237;215;197m██[38;2;240;237;242m██[38;2;226;223;225m██[38;2;238;239;240m██[38;2;237;237;240m██[38;2;239;215;200m██[38;2;236;216;196m██[38;2;238;216;195m██[38;2;235;217;195m██[38;2;162;128;127m██[38;2;205;171;159m██[38;2;208;172;156m██[38;2;79;39;16m██[38;2;0;0;0m            
[38;2;0;0;0m          [38;2;4;4;4m  [38;2;208;173;159m██[38;2;177;150;137m██[38;2;238;216;195m████[38;2;238;216;196m██[38;2;179;166;164m██[38;2;242;238;243m██[38;2;235;235;238m██[38;2;239;240;243m██[38;2;237;238;241m██[38;2;196;186;189m██[38;2;236;216;194m██[38;2;235;216;196m██[38;2;238;220;204m██[38;2;153;128;113m██[38;2;204;170;156m██[38;2;52;31;29m  [38;2;0;0;0m  [38;2;138;142;138m  [38;2;0;0;0m          
[38;2;0;0;0m              [38;2;240;216;199m██[38;2;237;219;203m██[38;2;234;216;198m██[38;2;223;200;183m██[38;2;189;185;191m██[38;2;240;238;242m██[38;2;221;204;191m██[38;2;174;160;154m██[38;2;238;239;240m██[38;2;189;185;188m██[38;2;209;187;171m██[38;2;238;216;195m██[38;2;238;215;195m██[38;2;242;217;199m██[38;2;239;217;199m██[38;2;0;0;0m                
[38;2;0;0;0m              [38;2;211;143;100m██[38;2;207;141;100m██[38;2;236;215;195m██[38;2;212;190;172m██[38;2;194;187;189m██[38;2;237;215;194m██[38;2;168;138;121m██[38;2;237;215;196m██[38;2;205;184;171m██[38;2;238;238;240m██[38;2;219;200;186m██[38;2;236;217;199m██[38;2;226;200;182m██[38;2;183;121;77m██[38;2;207;141;98m██[38;2;0;0;0m  [38;2;24;24;24m  [38;2;0;0;0m            
[38;2;0;0;0m                [38;2;92;49;25m██[38;2;92;42;11m██[38;2;203;183;164m██[38;2;237;215;193m██[38;2;228;204;184m██[38;2;200;164;150m██[38;2;204;170;153m██[38;2;238;214;195m██[38;2;231;209;188m██[38;2;237;216;196m██[38;2;236;217;195m██[38;2;171;105;64m██[38;2;66;31;13m██[38;2;0;0;0m  [38;2;54;58;51m  [38;2;0;0;0m              
[38;2;0;0;0m          [38;2;85;87;81m  [38;2;0;0;0m  [38;2;71;71;70m  [38;2;0;0;0m    [38;2;123;91;76m  [38;2;239;219;206m██[38;2;237;215;193m██[38;2;238;214;193m██[38;2;230;204;184m██[38;2;237;214;193m██[38;2;236;214;194m██[38;2;218;193;178m██[38;2;200;137;91m██[38;2;32;7;0m  [38;2;0;0;0m    [38;2;49;50;47m  [38;2;0;0;0m              
[38;2;0;0;0m        [38;2;76;76;74m  [38;2;129;128;123m  [38;2;0;0;0m          [38;2;204;169;152m██[38;2;32;10;8m██[38;2;235;214;200m██[38;2;236;215;197m██[38;2;101;79;72m██[38;2;200;165;154m██[38;2;207;169;153m██[38;2;0;0;0m                        
[38;2;0;0;0m      [38;2;23;23;22m  [38;2;0;0;0m  [38;2;133;112;68m  [38;2;116;97;60m  [38;2;0;0;0m      [38;2;158;162;168m██[38;2;183;180;185m██[38;2;180;178;184m██[38;2;174;176;179m██[38;2;173;169;174m██[38;2;184;178;183m██[38;2;185;182;192m██[38;2;151;151;161m██[38;2;14;14;14m  [38;2;0;0;0m              [38;2;38;38;35m  [38;2;0;0;0m      
[38;2;0;0;0m        [38;2;217;184;101m██[38;2;217;186;103m██[38;2;210;183;107m██[38;2;224;221;223m██[38;2;146;107;50m██[38;2;188;128;73m██[38;2;29;17;14m██[38;2;30;18;15m██[38;2;27;18;18m██[38;2;142;143;150m██[38;2;90;89;96m██[38;2;27;18;22m██[38;2;29;19;14m██[38;2;30;18;13m██[38;2;38;13;2m██[38;2;186;131;72m██[38;2;0;0;0m  [38;2;55;53;52m  [38;2;217;224;227m██[38;2;165;151;124m██[38;2;218;186;104m██[38;2;74;64;42m  [38;2;0;0;0m  [38;2;59;58;55m  [38;2;0;0;0m    
[38;2;0;0;0m  [38;2;147;148;146m██[38;2;0;0;0m  [38;2;212;182;100m████[38;2;211;182;100m██[38;2;212;182;101m██[38;2;213;183;101m██[38;2;214;182;102m██[38;2;41;17;1m██[38;2;57;46;37m██[38;2;29;18;9m██[38;2;29;18;13m██[38;2;168;171;178m██[38;2;116;115;123m██[38;2;29;18;13m████[38;2;29;18;10m██[38;2;48;38;30m██[38;2;182;127;74m██[38;2;214;174;103m██[38;2;198;169;92m██[38;2;214;184;103m██[38;2;210;183;107m██[38;2;213;183;101m████[38;2;184;160;97m██[38;2;0;0;0m      
[38;2;0;0;0m  [38;2;86;87;82m  [38;2;207;182;105m██[38;2;206;177;97m██[38;2;207;178;98m██[38;2;206;177;97m██[38;2;207;178;98m██[38;2;207;178;97m██[38;2;208;179;99m██[38;2;35;17;6m██[38;2;28;18;14m██[38;2;28;16;13m██[38;2;27;16;11m██[38;2;150;145;149m██[38;2;160;154;157m██[38;2;26;14;13m██[38;2;22;11;8m██[38;2;27;16;12m██[38;2;29;18;10m██[38;2;98;68;35m██[38;2;207;179;99m██[38;2;208;179;99m██[38;2;207;178;98m██[38;2;208;179;99m██[38;2;207;178;98m████[38;2;206;177;97m██[38;2;82;68;33m██[38;2;0;0;0m    
[38;2;0;0;0m    [38;2;202;172;94m██[38;2;186;162;104m██[38;2;144;121;75m██[38;2;202;173;95m██████[38;2;202;173;97m██[38;2;57;46;39m██[38;2;29;19;12m██[38;2;31;20;15m██[38;2;27;16;12m██[38;2;36;26;29m██[38;2;79;71;81m██[38;2;28;17;10m██[38;2;26;17;13m██[38;2;27;16;12m██[38;2;56;46;37m██[38;2;54;34;21m██[38;2;203;174;96m██[38;2;202;173;95m██[38;2;203;174;96m██[38;2;201;173;95m██[38;2;202;173;95m██[38;2;199;170;95m██[38;2;202;172;95m██[38;2;202;174;97m██[38;2;0;0;0m    
[38;2;3;3;3m  [38;2;0;0;0m  [38;2;190;165;96m██[38;2;201;203;206m██[38;2;161;140;86m██[38;2;197;169;93m██[38;2;198;170;93m██[38;2;197;169;93m██[38;2;198;169;93m██[38;2;55;45;36m██[38;2;55;46;35m██[38;2;27;17;10m██[38;2;43;33;26m██[38;2;102;105;122m██[38;2;102;105;123m██[38;2;27;17;12m██[38;2;32;21;15m██[38;2;48;38;31m██[38;2;52;43;34m██[38;2;59;45;33m██[38;2;198;170;93m██[38;2;197;170;91m██[38;2;195;169;92m██[38;2;198;170;93m██[38;2;197;169;93m██[38;2;191;171;96m██[38;2;191;190;182m██[38;2;198;170;93m██[38;2;0;0;0m  [38;2;16;17;16m  
[38;2;61;62;58m  [38;2;168;149;95m██[38;2;189;163;91m██[38;2;197;199;200m██[38;2;181;161;96m██[38;2;177;147;75m██[38;2;193;164;91m██[38;2;192;166;91m██[38;2;193;165;96m██[38;2;54;44;34m██[38;2;53;44;34m██[38;2;54;44;34m██[38;2;26;16;10m██[38;2;50;40;32m██[38;2;27;17;11m██[38;2;54;43;35m██[38;2;54;44;34m██████[38;2;59;45;37m██[38;2;192;165;91m████[38;2;167;149;97m██[38;2;192;165;90m██[38;2;192;165;91m██[38;2;190;165;92m██[38;2;196;198;197m██[38;2;159;150;131m██[38;2;0;0;0m  [38;2;47;48;47m  
[38;2;0;0;0m  [38;2;188;161;84m██[38;2;186;160;88m██[38;2;185;161;92m██[38;2;190;161;91m██[38;2;188;156;94m██[38;2;157;149;133m██[38;2;180;158;95m██[38;2;115;97;62m██[38;2;52;43;32m██[38;2;53;43;33m██[38;2;52;43;32m██[38;2;48;38;28m██[38;2;52;43;32m██[38;2;53;43;33m██[38;2;52;43;32m██[38;2;53;43;33m██[38;2;52;43;33m██[38;2;68;60;54m██[38;2;74;68;64m██[38;2;188;161;86m██[38;2;186;161;89m██[38;2;193;193;195m██[38;2;188;161;89m██[38;2;190;157;88m██[38;2;188;161;86m██[38;2;160;149;130m██[38;2;190;162;92m██[38;2;32;21;0m  [38;2;11;11;11m  
[38;2;0;0;0m  [38;2;180;155;83m██[38;2;180;155;85m██[38;2;181;156;84m██[38;2;155;106;59m██[38;2;182;157;83m██[38;2;185;188;190m██[38;2;153;136;98m██[38;2;55;41;30m██[38;2;51;42;32m████[38;2;51;41;32m██[38;2;45;36;26m██[38;2;51;42;32m██[38;2;51;41;32m██[38;2;51;42;32m████[38;2;50;42;33m██[38;2;122;109;80m██[38;2;139;144;145m██[38;2;184;158;84m██[38;2;155;145;127m██[38;2;185;188;188m██[38;2;181;156;89m██[38;2;153;106;57m██[38;2;182;155;84m██[38;2;181;156;84m██[38;2;182;155;89m██[38;2;144;124;76m  [38;2;35;36;35m  [0m
