
[38;2;0;0;0m              [38;2;255;210;225m██[38;2;255;255;255m██[38;2;127;59;65m  [38;2;0;0;0m                  
[38;2;0;0;0m              [38;2;255;174;200m██[38;2;255;174;201m██[38;2;127;59;65m  [38;2;0;0;0m      [38;2;250;192;134m██[38;2;255;198;193m████[38;2;0;0;0m      
[38;2;0;0;0m              [38;2;255;174;200m██[38;2;255;174;201m██[38;2;127;59;65m  [38;2;0;0;0m      [38;2;255;198;193m██[38;2;255;197;193m████[38;2;255;198;193m██[38;2;0;0;0m    
[38;2;0;0;0m              [38;2;255;174;201m████[38;2;127;59;65m  [38;2;0;0;0m    [38;2;251;192;134m██[38;2;255;198;193m██[38;2;254;118;131m██[38;2;253;118;131m██[38;2;34;177;76m██[38;2;255;198;193m████
[38;2;0;0;0m              [38;2;255;174;200m██[38;2;255;174;201m██[38;2;127;59;65m  [38;2;0;0;0m    [38;2;253;234;214m██[38;2;255;198;193m██[38;2;254;118;131m██████[38;2;255;198;193m██[38;2;0;0;0m  
[38;2;0;0;0m              [38;2;255;174;201m████[38;2;127;59;65m  [38;2;0;0;0m  [38;2;251;192;134m██[38;2;0;0;0m  [38;2;27;21;21m  [38;2;255;198;193m████████[38;2;0;0;0m  
[38;2;0;0;0m              [38;2;255;174;201m████[38;2;127;59;65m  [38;2;0;0;0m          [38;2;255;198;193m██[38;2;255;197;193m██[38;2;0;0;0m    
[38;2;0;0;0m  [38;2;106;70;50m  [38;2;0;0;0m      [38;2;255;210;225m██[38;2;244;104;115m██[38;2;244;81;83m██[38;2;237;28;36m██[38;2;127;59;65m  [38;2;145;111;77m  [38;2;255;122;115m██[38;2;255;87;79m██[38;2;247;159;162m██[38;2;0;0;0m          
[38;2;255;237;131m████[38;2;238;218;184m██[38;2;0;0;0m    [38;2;236;28;36m██[38;2;255;154;149m██[38;2;237;28;36m██[38;2;255;255;255m██[38;2;255;185;181m██[38;2;255;169;165m██[38;2;255;146;140m████[38;2;255;87;79m██[38;2;0;0;0m  [38;2;255;169;166m██[38;2;255;255;255m██[38;2;0;0;0m    
[38;2;0;0;0m  [38;2;255;237;131m██[38;2;255;246;198m██[38;2;67;49;41m  [38;2;255;255;255m████[38;2;254;203;206m██[38;2;241;69;67m██[38;2;255;255;255m██[38;2;246;141;145m██[38;2;255;87;79m██[38;2;255;235;234m██[38;2;255;255;255m██[38;2;255;146;140m██[38;2;241;65;70m██[38;2;255;102;95m██[38;2;255;110;65m██[38;2;237;28;36m██[38;2;0;0;0m  
[38;2;0;0;0m  [38;2;255;237;131m████[38;2;185;121;87m██[38;2;255;238;198m██[38;2;255;255;255m████████[38;2;246;141;145m██[38;2;255;146;140m██[38;2;253;181;179m██[38;2;255;170;166m██[38;2;255;255;255m██[38;2;255;170;166m██[38;2;255;183;176m██[38;2;255;146;140m██[38;2;237;28;36m██[38;2;0;0;0m  
[38;2;0;0;0m  [38;2;184;121;87m██[38;2;255;166;113m██[38;2;255;209;163m██[38;2;255;238;198m██[38;2;254;118;131m██[38;2;255;255;255m██████[38;2;254;165;144m██[38;2;255;255;255m████████[38;2;255;116;108m██[38;2;253;180;178m██[38;2;255;183;176m██[38;2;237;28;36m██[38;2;0;0;0m  
[38;2;0;0;0m  [38;2;255;255;255m██[38;2;255;166;113m████[38;2;185;121;87m██[38;2;255;238;198m██████[38;2;255;255;255m████████████████[38;2;255;154;148m██[38;2;117;154;190m██[38;2;0;0;0m  
[38;2;0;0;0m  [38;2;152;217;234m██[38;2;117;153;191m██[38;2;255;166;113m██[38;2;255;209;163m██[38;2;254;186;156m██[38;2;254;185;156m██[38;2;254;213;156m██[38;2;255;238;198m██[38;2;254;234;205m██[38;2;255;255;255m██████[38;2;255;238;198m██[38;2;255;255;255m████[38;2;149;145;171m██[38;2;153;217;234m██[38;2;0;0;0m  
[38;2;0;0;0m  [38;2;255;255;255m██[38;2;254;138;119m██[38;2;255;166;113m██[38;2;255;255;255m████[38;2;117;154;191m████[38;2;255;238;198m██[38;2;255;255;255m██████[38;2;117;154;191m████[38;2;255;255;255m██[38;2;255;238;198m██[38;2;253;186;156m██[38;2;153;217;234m██[38;2;0;0;0m  
[38;2;0;0;0m    [38;2;116;154;191m██[38;2;255;255;255m██[38;2;255;237;131m██[38;2;255;248;215m██[38;2;255;115;108m██[38;2;254;213;156m██[38;2;255;238;198m██[38;2;254;225;177m██[38;2;255;255;255m██[38;2;255;238;198m██[38;2;255;238;197m██[38;2;255;238;198m██████[38;2;149;177;206m██[38;2;117;154;191m██[38;2;0;0;0m  
[38;2;0;0;0m    [38;2;255;244;233m██[38;2;255;163;147m██[38;2;255;255;255m████[38;2;116;154;191m████[38;2;255;255;255m████████[38;2;117;154;191m██[38;2;255;255;255m██████[38;2;255;238;198m██[38;2;0;0;0m    
[38;2;0;0;0m    [38;2;255;244;233m██[38;2;255;209;163m██[38;2;185;121;87m██[38;2;255;237;131m██[38;2;255;249;215m██[38;2;255;116;108m██[38;2;253;213;156m██[38;2;254;212;156m██[38;2;255;237;198m██[38;2;255;238;198m██████[38;2;254;186;156m██[38;2;255;238;198m██[38;2;254;198;165m██[38;2;0;0;0m    
[38;2;0;0;0m    [38;2;149;177;206m██[38;2;255;255;255m██[38;2;117;154;191m██[38;2;255;255;255m████[38;2;185;121;87m██[38;2;254;186;156m██[38;2;255;139;127m██[38;2;254;213;156m██[38;2;255;163;147m██[38;2;254;213;156m██[38;2;255;255;255m██[38;2;117;154;191m██[38;2;255;255;255m██[38;2;254;238;231m██[38;2;0;0;0m    
[38;2;0;0;0m    [38;2;149;177;206m██[38;2;255;209;163m████[38;2;185;121;87m██[38;2;255;218;198m██[38;2;255;255;255m████████████[38;2;255;163;147m████[38;2;255;209;163m██[38;2;255;244;233m██[38;2;0;0;0m    
[38;2;0;0;0m    [38;2;27;36;45m  [38;2;255;209;163m████[38;2;253;240;170m██[38;2;255;208;164m██[38;2;255;209;163m████[38;2;255;208;163m██[38;2;255;209;163m████[38;2;255;208;163m██[38;2;255;116;108m██[38;2;255;208;163m██[38;2;255;209;163m██[38;2;149;177;206m██[38;2;0;0;0m    
[38;2;0;0;0m      [38;2;255;209;163m██[38;2;253;239;170m████[38;2;253;240;170m████[38;2;255;209;163m██[38;2;253;240;169m██[38;2;255;209;163m██[38;2;253;240;170m██[38;2;255;209;163m██[38;2;237;28;36m██[38;2;253;240;170m██[38;2;255;209;163m██[38;2;27;36;45m  [38;2;0;0;0m    
[38;2;0;0;0m      [38;2;254;251;232m██[38;2;237;28;35m██[38;2;254;212;190m██[38;2;253;240;170m██████[38;2;254;207;194m██[38;2;253;240;170m████████[38;2;254;212;190m██[38;2;253;240;170m██[38;2;7;9;12m  [38;2;0;0;0m    
[38;2;0;0;0m      [38;2;255;255;255m██[38;2;253;240;170m██[38;2;255;202;198m██[38;2;253;240;169m██████[38;2;255;201;197m██[38;2;255;202;198m██[38;2;253;240;169m██[38;2;253;240;170m████[38;2;255;202;198m██[38;2;253;240;170m██[38;2;0;0;0m      
[38;2;0;0;0m      [38;2;117;153;191m██[38;2;253;223;181m██[38;2;255;165;160m██[38;2;253;223;181m████[38;2;253;240;170m██[38;2;255;116;108m██[38;2;255;202;198m██[38;2;253;223;181m██[38;2;253;239;170m██[38;2;255;116;108m██[38;2;237;28;36m██[38;2;255;255;255m██[38;2;0;0;0m      
[38;2;0;0;0m        [38;2;255;255;255m██[38;2;255;213;210m██[38;2;255;170;166m██[38;2;255;202;197m██[38;2;255;202;198m██████[38;2;255;202;197m██[38;2;255;202;198m████[38;2;255;255;255m██[38;2;117;154;191m██[38;2;0;0;0m      
[38;2;0;0;0m        [38;2;255;170;166m██[38;2;255;245;245m██[38;2;132;165;198m████[38;2;239;243;248m████████[38;2;132;165;197m██[38;2;255;245;245m██[38;2;255;170;166m██[38;2;117;154;191m██[38;2;0;0;0m      
[38;2;0;0;0m        [38;2;237;28;36m██[38;2;255;170;166m██[38;2;255;146;140m██[38;2;255;97;89m██[38;2;255;170;166m████[38;2;255;146;140m██[38;2;255;169;166m██[38;2;255;170;165m██[38;2;255;170;166m██[38;2;255;146;140m██[38;2;0;0;0m        
[38;2;0;0;0m        [38;2;237;28;36m██[38;2;255;146;140m██[38;2;237;27;36m██[38;2;255;170;166m██████[38;2;255;146;140m██[38;2;236;28;36m██[38;2;237;28;36m██[38;2;255;170;166m██[38;2;255;97;89m██[38;2;0;0;0m        
[38;2;0;0;0m        [38;2;255;255;255m██[38;2;255;146;140m██████████████[38;2;255;97;89m██████[38;2;0;0;0m        
[38;2;0;0;0m        [38;2;117;154;191m██[38;2;255;97;89m████[38;2;237;28;36m██████[38;2;255;146;140m████[38;2;255;97;89m████[38;2;255;255;255m██[38;2;0;0;0m        
[38;2;0;0;0m            [38;2;117;154;191m████[38;2;255;255;255m██████[38;2;117;154;191m████[38;2;0;0;0m            [0m
