
[38;2;0;0;0m                [38;2;17;18;18m  [38;2;129;64;72m██[38;2;92;45;51m██[38;2;38;17;21m██[38;2;25;10;14m██[38;2;27;11;15m████████████[38;2;27;10;15m██[38;2;27;11;15m████████[38;2;63;30;35m██[38;2;29;12;16m██[38;2;129;64;72m██[38;2;130;65;73m██[38;2;42;28;30m██[38;2;13;13;13m  [38;2;0;0;0m  
[38;2;0;0;0m              [38;2;18;18;18m  [38;2;59;28;33m██[38;2;60;28;33m██[38;2;81;39;45m██[38;2;28;11;15m██[38;2;26;11;15m██[38;2;27;11;15m██████[38;2;26;11;15m██[38;2;146;122;102m██[38;2;161;134;112m██[38;2;117;94;81m██[38;2;109;90;77m██[38;2;58;41;38m██[38;2;27;11;15m██████████[38;2;37;17;21m██[38;2;130;65;73m██[38;2;32;24;25m██[38;2;0;0;0m  
[38;2;0;0;0m            [38;2;17;17;17m  [38;2;119;60;68m██[38;2;130;65;73m██[38;2;54;25;30m██[38;2;27;11;15m████[38;2;26;11;15m██[38;2;31;16;19m██[38;2;221;189;156m██[38;2;250;213;175m██[38;2;251;213;175m████[38;2;250;213;175m████[38;2;251;213;175m██[38;2;251;213;174m██[38;2;251;213;175m██[38;2;241;206;169m██[38;2;34;18;20m██[38;2;27;11;15m██████[38;2;129;64;72m██[38;2;24;20;21m  [38;2;0;0;0m  
[38;2;0;0;0m    [38;2;10;10;10m  [38;2;5;5;5m  [38;2;18;18;18m    [38;2;108;55;62m██[38;2;130;65;73m██[38;2;67;31;37m██[38;2;26;11;15m██[38;2;48;22;26m██[38;2;124;61;69m██[38;2;34;15;19m██[38;2;109;88;76m██[38;2;250;212;175m████[38;2;251;212;175m██████[38;2;250;213;175m██[38;2;251;213;175m██[38;2;250;213;175m████[38;2;235;200;164m██[38;2;246;210;172m██[38;2;45;20;23m██[38;2;26;11;15m████[38;2;130;65;73m██[38;2;19;19;19m  [38;2;0;0;0m  
[38;2;0;0;0m    [38;2;18;18;18m  [38;2;68;39;42m██[38;2;98;51;57m██[38;2;129;64;73m██[38;2;125;62;70m██[38;2;31;13;17m██[38;2;27;11;14m██[38;2;72;34;40m██[38;2;28;11;15m██[38;2;27;11;15m██[38;2;198;168;140m██[38;2;250;213;175m██[38;2;251;213;174m██[38;2;251;213;175m██[38;2;251;213;174m██[38;2;250;213;175m██[38;2;250;213;174m██[38;2;250;213;175m██[38;2;251;213;175m████[38;2;247;210;172m██[38;2;129;79;72m██[38;2;116;51;52m██[38;2;117;50;52m██[38;2;28;12;16m██[38;2;29;12;16m██[38;2;109;56;62m██[38;2;0;0;0m    
[38;2;0;0;0m      [38;2;18;18;18m  [38;2;117;59;66m██[38;2;91;44;51m██[38;2;36;16;20m██[38;2;30;12;16m██[38;2;29;12;16m██[38;2;26;11;14m██[38;2;27;11;15m████[38;2;249;212;174m██[38;2;251;213;175m██[38;2;250;213;175m██[38;2;251;213;175m████████[38;2;250;213;175m██[38;2;251;213;175m██[38;2;250;213;175m██[38;2;226;192;158m██[38;2;222;190;157m██[38;2;119;63;61m██[38;2;116;51;52m██[38;2;123;90;79m██[38;2;44;20;25m██[38;2;129;65;73m██[38;2;17;18;18m  [38;2;0;0;0m  
[38;2;0;0;0m        [38;2;17;17;17m  [38;2;18;18;18m  [38;2;108;55;62m██[38;2;125;63;70m██[38;2;65;31;36m██[38;2;26;11;15m██[38;2;27;11;15m██[38;2;175;148;123m██[38;2;251;212;175m████████[38;2;251;213;175m██[38;2;168;139;117m██[38;2;228;195;160m██[38;2;250;212;175m██[38;2;251;212;175m████[38;2;249;211;173m██[38;2;240;205;168m██[38;2;251;212;175m██[38;2;229;193;159m██[38;2;116;50;52m██[38;2;26;11;15m██[38;2;56;26;31m██[38;2;100;52;58m██[38;2;10;10;10m  
[38;2;0;0;0m            [38;2;10;10;10m  [38;2;66;39;42m██[38;2;77;37;43m██[38;2;27;11;15m████[38;2;243;206;169m██[38;2;251;213;174m██[38;2;251;212;175m██[38;2;250;212;174m██[38;2;178;153;127m██[38;2;251;214;175m██[38;2;251;212;175m██[38;2;251;213;174m██[38;2;250;213;175m██[38;2;251;212;174m██[38;2;250;213;175m██[38;2;251;213;174m██[38;2;234;200;165m██[38;2;242;206;169m██[38;2;250;213;175m██[38;2;116;51;53m██[38;2;26;10;14m████[38;2;129;64;72m██[38;2;18;18;18m  
[38;2;0;0;0m            [38;2;17;17;17m  [38;2;126;63;71m██[38;2;62;32;36m██[38;2;26;11;15m██[38;2;26;10;15m██[38;2;234;200;163m██[38;2;251;213;174m██[38;2;251;213;175m██[38;2;250;213;175m██[38;2;251;213;175m████████████[38;2;250;213;175m██[38;2;251;213;175m████[38;2;247;210;172m██[38;2;231;198;163m██[38;2;250;212;174m██[38;2;25;10;14m██[38;2;66;31;36m██[38;2;71;40;44m██[38;2;0;0;0m  
[38;2;0;0;0m            [38;2;17;18;18m  [38;2;122;60;68m██[38;2;117;59;66m██[38;2;27;11;15m██[38;2;26;11;15m██[38;2;250;212;174m██[38;2;251;213;175m██[38;2;250;212;175m██[38;2;251;212;175m████████[38;2;251;213;175m████████[38;2;251;212;175m████[38;2;251;213;175m██[38;2;250;213;175m██[38;2;251;212;175m██[38;2;24;9;13m██[38;2;130;65;73m██[38;2;17;18;17m  [38;2;0;0;0m  
[38;2;0;0;0m    [38;2;11;11;11m  [38;2;18;18;18m  [38;2;17;18;17m  [38;2;61;36;39m██[38;2;130;64;72m██[38;2;27;11;15m██[38;2;130;64;72m██[38;2;27;11;14m██[38;2;27;11;15m██[38;2;250;213;175m████[38;2;251;213;175m██[38;2;250;213;175m██[38;2;251;213;175m████████████[38;2;250;213;175m██[38;2;251;213;175m██[38;2;251;212;175m██[38;2;251;213;175m██████[38;2;25;9;13m██[38;2;95;50;55m██[38;2;0;0;0m    
[38;2;0;0;0m      [38;2;12;12;12m  [38;2;51;31;34m██[38;2;69;33;39m██[38;2;26;11;15m██[38;2;27;11;14m██[38;2;122;61;69m██[38;2;31;13;17m██[38;2;27;11;15m██[38;2;250;213;175m████[38;2;240;205;169m██[38;2;67;60;52m██[38;2;26;26;24m██[38;2;70;62;54m██[38;2;251;213;175m██[38;2;250;213;175m██[38;2;251;213;175m██████[38;2;250;212;174m██[38;2;251;212;175m██[38;2;251;213;175m██████[38;2;26;11;14m██[38;2;109;56;62m██[38;2;0;0;0m    
[38;2;0;0;0m        [38;2;3;3;3m  [38;2;18;18;18m  [38;2;115;58;65m██[38;2;155;127;108m██[38;2;240;205;168m██[38;2;120;59;67m██[38;2;26;11;15m██[38;2;37;21;23m██[38;2;251;212;175m██[38;2;250;213;175m██[38;2;226;192;158m██[38;2;250;212;175m██[38;2;251;212;175m██[38;2;250;213;175m██[38;2;251;213;175m██[38;2;250;213;175m██[38;2;251;212;175m██[38;2;250;212;175m██[38;2;247;210;172m██[38;2;19;19;18m██[38;2;249;212;175m██[38;2;250;213;175m██[38;2;251;213;175m██[38;2;26;11;15m██[38;2;130;65;73m██[38;2;18;18;18m  [38;2;0;0;0m  
[38;2;0;0;0m          [38;2;15;15;15m  [38;2;129;64;72m██[38;2;251;213;175m██[38;2;238;204;167m██[38;2;160;124;108m██[38;2;46;21;26m██[38;2;33;18;20m██[38;2;42;26;27m██[38;2;250;213;175m██[38;2;251;213;175m██[38;2;250;213;175m██[38;2;251;213;174m██[38;2;251;213;175m██[38;2;250;213;175m██[38;2;251;213;175m████[38;2;250;213;175m██████[38;2;53;48;42m██[38;2;250;213;175m██[38;2;238;203;167m██[38;2;27;11;15m██[38;2;34;14;19m██[38;2;125;62;70m██[38;2;57;34;37m██
[38;2;0;0;0m        [38;2;6;6;6m  [38;2;98;51;57m████[38;2;234;199;164m██[38;2;201;155;131m██[38;2;190;154;129m██[38;2;191;154;131m██[38;2;236;200;165m██[38;2;250;213;175m██████████[38;2;251;213;175m████[38;2;249;212;174m██[38;2;251;213;175m██[38;2;250;213;175m██[38;2;251;213;175m██████[38;2;251;213;174m██[38;2;152;127;107m██[38;2;32;13;18m██[38;2;123;61;69m██[38;2;85;46;51m  [38;2;7;7;7m  
[38;2;0;0;0m        [38;2;8;8;8m    [38;2;2;2;2m  [38;2;45;41;36m  [38;2;204;169;140m██[38;2;189;147;124m██[38;2;250;213;175m██[38;2;237;202;166m██[38;2;250;213;175m████████[38;2;250;213;174m██[38;2;251;213;175m██[38;2;250;213;175m██[38;2;250;212;174m██[38;2;251;213;175m████[38;2;250;213;174m██[38;2;251;213;175m██[38;2;250;213;175m██[38;2;251;213;175m██[38;2;28;12;16m██[38;2;27;11;15m██[38;2;18;18;18m  [38;2;0;0;0m    
[38;2;0;0;0m              [38;2;12;12;12m  [38;2;208;178;147m██[38;2;250;213;175m██[38;2;249;211;174m██[38;2;250;213;175m████[38;2;251;214;178m██[38;2;251;217;184m██[38;2;250;213;175m██[38;2;228;197;164m██[38;2;227;216;205m██[38;2;227;212;197m██[38;2;229;204;178m██[38;2;251;213;175m████████[38;2;250;212;175m██[38;2;251;213;175m██[38;2;195;150;126m██[38;2;26;10;14m██[38;2;10;10;10m  [38;2;0;0;0m    
[38;2;0;0;0m              [38;2;17;17;17m  [38;2;22;14;16m  [38;2;133;115;96m██[38;2;251;213;175m██[38;2;250;213;175m████[38;2;238;220;210m██[38;2;251;214;177m██[38;2;250;213;175m██[38;2;168;121;107m██[38;2;160;85;84m██[38;2;187;152;152m██[38;2;195;182;182m██[38;2;195;181;180m██[38;2;250;213;175m████[38;2;251;213;175m██[38;2;250;213;175m██[38;2;205;171;142m██[38;2;213;180;149m██[38;2;40;36;32m  [38;2;17;17;17m  [38;2;0;0;0m    
[38;2;0;0;0m              [38;2;5;5;5m  [38;2;19;16;17m  [38;2;54;45;50m██[38;2;38;28;32m██[38;2;117;99;84m██[38;2;250;213;175m████[38;2;251;213;175m██[38;2;250;213;175m██[38;2;234;199;164m██[38;2;167;89;87m██[38;2;166;88;88m██[38;2;167;89;88m██[38;2;144;106;93m██[38;2;251;213;174m██[38;2;251;213;175m████[38;2;250;212;174m██[38;2;127;110;97m██[38;2;173;149;124m  [38;2;0;0;0m        
[38;2;0;0;0m              [38;2;12;12;12m  [38;2;24;12;15m  [38;2;155;100;112m██[38;2;129;125;126m██[38;2;26;11;15m██[38;2;217;184;152m  [38;2;251;212;175m██[38;2;250;212;175m████[38;2;251;212;175m██[38;2;200;144;121m██[38;2;215;138;116m██[38;2;207;139;117m██[38;2;251;213;175m██[38;2;250;213;175m████[38;2;251;213;175m██[38;2;51;46;40m  [38;2;24;23;23m  [38;2;8;8;8m  [38;2;0;0;0m        
[38;2;0;0;0m                  [38;2;217;217;216m██[38;2;114;109;110m██[38;2;27;11;15m██[38;2;200;153;130m██[38;2;214;180;148m██[38;2;251;213;174m██[38;2;251;213;175m██[38;2;251;213;174m██[38;2;250;213;175m██[38;2;250;213;174m██[38;2;250;213;175m██[38;2;251;213;175m██████[38;2;76;68;58m  [38;2;157;157;157m  [38;2;162;115;126m██[38;2;0;0;0m          
[38;2;0;0;0m          [38;2;13;13;13m  [38;2;17;17;17m      [38;2;198;207;209m██[38;2;79;81;82m  [38;2;171;171;177m██[38;2;160;149;147m██[38;2;201;155;131m██[38;2;180;140;118m██[38;2;250;213;175m██[38;2;251;213;175m██████[38;2;250;213;175m██[38;2;251;213;175m██[38;2;249;212;174m██[38;2;21;21;19m  [38;2;0;0;0m  [38;2;165;165;165m  [38;2;206;205;205m██[38;2;0;0;0m          
[38;2;0;0;0m        [38;2;17;18;18m  [38;2;38;33;37m██[38;2;51;42;45m██[38;2;47;38;42m██[38;2;53;42;46m██[38;2;70;63;70m██[38;2;36;34;36m██[38;2;33;10;22m██[38;2;184;183;190m██[38;2;176;175;181m██[38;2;178;177;184m██[38;2;159;155;159m██[38;2;151;127;110m██[38;2;244;208;171m██[38;2;249;212;174m██[38;2;245;209;171m██[38;2;119;101;86m██[38;2;14;14;14m  [38;2;0;0;0m    [38;2;119;120;119m  [38;2;148;153;153m██[38;2;0;0;0m          
[38;2;0;0;0m        [38;2;72;36;37m██[38;2;37;32;37m██[38;2;128;68;51m██[38;2;154;78;56m██[38;2;130;67;49m██[38;2;41;34;31m██[38;2;40;35;32m██[38;2;35;12;25m██[38;2;36;11;25m████[38;2;43;23;35m██[38;2;159;156;162m██[38;2;193;192;199m██[38;2;169;169;175m██[38;2;190;189;196m██[38;2;157;156;162m██[38;2;166;165;171m██[38;2;31;28;26m██[38;2;25;23;23m██[38;2;20;19;19m██[38;2;148;154;155m██[38;2;141;145;148m██[38;2;17;18;17m  [38;2;17;17;17m  [38;2;0;0;0m      
[38;2;0;0;0m      [38;2;11;11;11m  [38;2;50;30;31m██[38;2;191;188;184m██[38;2;229;226;221m████[38;2;138;170;156m██[38;2;61;128;103m██[38;2;38;33;30m██[38;2;35;12;25m██[38;2;36;11;25m████████[38;2;192;191;198m██[38;2;152;151;156m██[38;2;156;156;161m██[38;2;36;12;26m██[38;2;37;13;26m██[38;2;40;34;32m██[38;2;145;75;54m██[38;2;135;70;51m██[38;2;144;74;54m██[38;2;50;41;45m██[38;2;52;41;45m██[38;2;18;18;18m  [38;2;0;0;0m      
[38;2;0;0;0m    [38;2;17;17;17m  [38;2;36;31;29m██[38;2;40;35;32m██[38;2;205;202;198m██[38;2;229;226;221m██[38;2;228;226;221m██[38;2;120;167;149m██[38;2;89;152;123m██[38;2;78;177;142m██[38;2;80;58;55m██[38;2;36;11;25m████████[38;2;190;189;196m██[38;2;168;167;173m██[38;2;161;160;166m██[38;2;36;11;25m████[38;2;38;32;29m██[38;2;40;34;31m██[38;2;88;50;39m██[38;2;145;106;93m██[38;2;154;79;56m██[38;2;51;40;44m██[38;2;18;18;18m  [38;2;0;0;0m      
[38;2;0;0;0m  [38;2;9;9;9m  [38;2;31;27;25m██[38;2;40;35;32m████[38;2;189;177;162m██[38;2;217;189;160m██[38;2;229;226;221m██[38;2;112;147;129m██[38;2;250;213;175m██[38;2;77;175;141m██[38;2;38;30;37m██[38;2;69;40;44m██[38;2;36;11;25m████[38;2;34;11;24m██[38;2;41;18;31m██[38;2;54;35;46m██[38;2;48;27;39m██[38;2;36;11;25m████[38;2;70;74;66m██[38;2;76;172;138m██[38;2;75;168;135m██[38;2;80;159;131m██[38;2;228;225;220m██[38;2;152;118;106m██[38;2;18;18;18m  [38;2;0;0;0m      
[38;2;0;0;0m  [38;2;18;18;18m  [38;2;40;35;32m██████[38;2;197;186;174m██[38;2;246;209;172m██[38;2;220;216;211m██[38;2;91;157;132m██[38;2;251;213;175m██[38;2;80;173;139m██[38;2;42;53;52m██[38;2;39;13;26m██[38;2;41;16;28m██[38;2;36;11;25m██[38;2;34;12;24m██[38;2;126;129;152m██[38;2;115;117;137m██[38;2;36;11;25m████[38;2;81;49;50m██[38;2;48;37;42m██[38;2;78;177;142m████[38;2;77;176;141m██[38;2;229;226;221m████[38;2;183;181;177m██[38;2;17;17;17m  [38;2;0;0;0m    
[38;2;9;9;9m  [38;2;52;108;88m██[38;2;52;92;76m██[38;2;50;43;38m██[38;2;42;36;33m██[38;2;229;226;221m██[38;2;238;203;166m██[38;2;198;182;166m██[38;2;86;172;142m██[38;2;242;206;169m██[38;2;92;165;133m██[38;2;65;108;90m██[38;2;46;19;30m██[38;2;63;34;40m██[38;2;36;11;25m██[38;2;35;11;25m██[38;2;129;131;155m██[38;2;128;131;154m██[38;2;36;11;25m██[38;2;74;43;46m██[38;2;42;16;28m██[38;2;81;59;57m██[38;2;78;177;142m████[38;2;77;177;141m██[38;2;229;226;221m██[38;2;228;226;221m██[38;2;228;225;220m██[38;2;33;29;27m██[38;2;7;7;7m  [38;2;0;0;0m  
[38;2;18;18;18m  [38;2;74;167;135m██[38;2;78;177;142m██[38;2;157;174;143m██[38;2;247;210;173m██[38;2;228;226;221m██[38;2;248;211;173m██[38;2;249;212;174m██[38;2;65;125;103m██[38;2;250;213;175m██[38;2;189;175;143m██[38;2;68;139;112m██[38;2;82;51;51m██[38;2;250;212;174m██[38;2;85;52;52m██[38;2;55;26;35m██[38;2;36;11;24m██[38;2;36;11;25m██[38;2;65;35;41m██[38;2;36;11;25m██[38;2;84;52;52m██[38;2;80;54;53m██[38;2;78;177;142m██████[38;2;229;225;221m██[38;2;229;226;220m██[38;2;229;226;221m██[38;2;40;35;32m██[38;2;22;21;21m  [38;2;0;0;0m  
[38;2;18;17;18m  [38;2;78;177;142m██[38;2;68;152;122m██[38;2;78;164;132m██[38;2;213;182;151m██[38;2;201;188;174m██[38;2;217;193;166m██[38;2;238;202;166m██[38;2;202;174;143m██[38;2;251;213;175m██[38;2;231;197;162m██[38;2;37;35;31m██[38;2;125;100;87m██[38;2;250;212;174m██[38;2;37;12;25m██[38;2;84;52;52m████[38;2;65;36;41m██[38;2;36;11;25m██[38;2;84;52;52m████[38;2;81;51;51m██[38;2;78;177;142m██████[38;2;229;226;221m██████[38;2;40;35;32m██[38;2;40;34;31m██[38;2;10;10;10m  
[38;2;37;67;56m██[38;2;78;177;142m████[38;2;75;170;136m██[38;2;243;208;171m██[38;2;236;201;165m██[38;2;213;208;203m██[38;2;251;213;175m██[38;2;226;192;158m██[38;2;250;213;175m████[38;2;38;33;31m██[38;2;138;111;96m██[38;2;250;213;175m██[38;2;84;52;52m██████[38;2;54;27;35m██[38;2;82;51;51m██[38;2;83;52;52m██[38;2;84;52;52m██[38;2;83;51;51m██[38;2;78;177;142m██████[38;2;229;226;221m██[38;2;228;226;221m██[38;2;229;226;221m██[38;2;40;35;32m████[38;2;19;19;19m  [0m
