
[38;2;0;0;0m                                  [38;2;254;251;238m██[38;2;254;252;240m██[38;2;16;14;14m██[38;2;0;0;0m          
[38;2;0;0;0m                                [38;2;252;251;249m██[38;2;0;0;0m    [38;2;255;250;240m██[38;2;0;0;0m          
[38;2;0;0;0m                                    [38;2;1;1;0m  [38;2;255;251;240m██[38;2;0;0;0m          
[38;2;0;0;0m                                  [38;2;10;9;6m██[38;2;251;252;244m██[38;2;0;0;0m            
[38;2;0;0;0m                    [38;2;250;250;250m██[38;2;152;149;164m██[38;2;247;247;246m██[38;2;249;249;248m██[38;2;0;0;0m      [38;2;28;28;26m██[38;2;6;12;15m  [38;2;0;0;0m            
[38;2;0;0;0m                [38;2;7;4;8m██[38;2;245;244;246m██[38;2;250;250;248m██[38;2;221;209;207m██[38;2;169;136;119m██[38;2;242;236;234m██[38;2;249;250;246m██[38;2;34;34;34m██[38;2;0;0;0m  [38;2;92;89;86m██[38;2;242;242;232m██[38;2;0;0;0m            
[38;2;255;251;244m██[38;2;112;112;107m██[38;2;254;250;239m██[38;2;0;0;0m        [38;2;62;57;95m██[38;2;234;233;238m██[38;2;220;218;229m██[38;2;219;216;224m██[38;2;143;107;95m██[38;2;196;164;144m██[38;2;204;175;153m██[38;2;189;181;179m██[38;2;223;222;223m██[38;2;21;28;39m██[38;2;0;0;0m                
[38;2;11;12;11m██[38;2;0;0;0m  [38;2;243;243;233m██[38;2;0;0;0m      [38;2;160;157;184m██[38;2;192;189;209m██[38;2;170;169;175m██[38;2;170;136;124m██[38;2;224;217;226m██[38;2;225;221;230m██[38;2;225;222;233m██[38;2;224;222;232m██[38;2;225;222;232m██[38;2;224;221;228m██[38;2;109;74;56m██[38;2;250;249;250m██[38;2;0;0;0m              
[38;2;0;0;0m  [38;2;254;251;239m██[38;2;6;20;11m  [38;2;0;0;0m    [38;2;162;157;186m██[38;2;196;194;208m██[38;2;173;161;168m██[38;2;175;159;157m██[38;2;225;222;233m████████[38;2;151;140;175m██[38;2;156;145;183m██[38;2;203;200;218m██[38;2;206;202;219m██[38;2;140;113;105m██[38;2;24;27;25m██[38;2;0;0;0m            
[38;2;0;0;0m  [38;2;249;249;237m██[38;2;0;0;0m    [38;2;160;157;181m██[38;2;171;168;186m██[38;2;199;198;212m██[38;2;175;158;158m██[38;2;207;203;220m██[38;2;207;200;221m██[38;2;157;147;167m██[38;2;188;178;206m██[38;2;204;199;219m██[38;2;204;197;220m██[38;2;207;199;220m██[38;2;151;142;180m██[38;2;181;176;198m██[38;2;252;252;253m██[38;2;136;135;142m██[38;2;208;49;108m██[38;2;0;0;0m          
[38;2;0;0;0m  [38;2;252;250;238m██[38;2;0;0;0m    [38;2;169;165;187m██[38;2;13;9;5m██[38;2;145;119;104m██[38;2;206;201;221m██[38;2;205;200;219m██[38;2;243;242;248m██[38;2;189;163;138m██[38;2;156;119;103m██[38;2;205;200;218m██[38;2;161;150;185m██[38;2;222;218;233m██[38;2;251;251;251m██[38;2;205;201;218m██[38;2;207;200;218m██[38;2;226;223;232m██[38;2;57;12;29m██[38;2;76;19;41m██[38;2;0;0;0m        
[38;2;0;0;0m      [38;2;0;1;0m██[38;2;195;44;102m██[38;2;207;50;109m██[38;2;206;50;107m██[38;2;206;201;221m██[38;2;208;203;223m██[38;2;204;200;219m██[38;2;155;122;106m██[38;2;170;137;123m██[38;2;208;200;221m██[38;2;204;199;219m██[38;2;206;201;221m██[38;2;211;207;224m██[38;2;207;200;219m██[38;2;81;75;131m██[38;2;191;186;208m██[38;2;224;221;232m██[38;2;149;42;89m██[38;2;0;0;0m        
[38;2;0;0;0m      [38;2;207;50;107m██[38;2;120;23;67m██[38;2;199;49;105m██[38;2;118;22;68m██[38;2;147;144;155m██[38;2;206;205;222m██[38;2;139;131;169m██[38;2;164;160;185m██[38;2;249;244;233m██[38;2;165;164;170m██[38;2;222;218;231m██[38;2;209;205;223m██[38;2;225;222;231m██[38;2;224;221;231m██[38;2;254;247;237m██[38;2;224;222;231m██[38;2;225;222;231m██[38;2;150;44;89m██[38;2;0;0;0m        
[38;2;0;0;0m      [38;2;113;22;66m██[38;2;153;43;92m██[38;2;148;41;90m██[38;2;207;49;107m██[38;2;36;35;36m██[38;2;174;228;249m██[38;2;173;170;192m██[38;2;135;128;169m██[38;2;228;221;211m██[38;2;225;222;232m████████[38;2;211;208;225m██[38;2;254;245;236m██[38;2;179;169;192m██[38;2;225;222;232m██[38;2;0;0;0m    [38;2;86;87;83m██[38;2;245;246;240m██[38;2;0;0;0m  
[38;2;0;0;0m      [38;2;88;82;98m██[38;2;153;43;92m██[38;2;150;43;89m██[38;2;155;150;173m██[38;2;223;220;231m██[38;2;171;224;253m██[38;2;222;219;231m██[38;2;234;208;189m██[38;2;27;27;23m██[38;2;14;10;9m██[38;2;184;175;204m██[38;2;218;214;228m██[38;2;217;213;227m██[38;2;252;247;236m██[38;2;115;140;75m██[38;2;255;247;236m██[38;2;225;222;232m██[38;2;0;0;0m    [38;2;3;3;5m██[38;2;0;0;0m  [38;2;255;250;240m██
[38;2;0;0;0m      [38;2;161;157;181m██[38;2;161;157;184m██[38;2;164;160;186m██[38;2;224;222;233m██[38;2;148;141;172m██[38;2;36;96;136m██[38;2;175;148;150m██[38;2;55;35;14m██[38;2;179;192;186m██[38;2;120;144;70m██[38;2;230;224;214m██[38;2;255;246;237m████[38;2;252;252;238m██[38;2;120;143;68m██[38;2;51;63;23m██[38;2;95;84;130m██[38;2;0;0;0m      [38;2;250;249;242m██[38;2;182;181;175m██
[38;2;0;0;0m      [38;2;161;157;182m████[38;2;220;215;230m██[38;2;195;192;207m██[38;2;163;159;184m██[38;2;225;222;233m██[38;2;71;60;113m██[38;2;251;251;238m██[38;2;254;254;253m██[38;2;80;98;48m██[38;2;87;117;22m██[38;2;255;246;237m██[38;2;255;245;237m██[38;2;251;252;238m██[38;2;200;221;152m██[38;2;90;85;140m██[38;2;162;159;184m██[38;2;4;5;2m  [38;2;0;0;0m  [38;2;0;1;0m  [38;2;4;5;4m  [38;2;0;0;0m  
[38;2;0;0;0m    [38;2;9;9;9m  [38;2;158;154;179m██[38;2;161;157;182m██[38;2;212;208;223m██[38;2;163;159;184m██[38;2;217;215;228m██[38;2;223;222;229m██[38;2;214;210;228m██[38;2;254;251;239m██[38;2;250;252;236m██[38;2;213;229;164m██[38;2;154;169;106m██[38;2;255;246;237m██████[38;2;112;138;54m██[38;2;255;246;237m██[38;2;225;222;233m██[38;2;225;222;231m██[38;2;0;0;0m        
[38;2;0;0;0m    [38;2;155;151;176m  [38;2;117;110;148m██[38;2;160;157;182m██[38;2;161;157;181m██[38;2;159;155;180m██[38;2;163;159;184m██[38;2;161;158;183m██[38;2;63;56;114m██[38;2;246;228;213m██[38;2;253;247;237m██[38;2;254;246;237m██[38;2;255;246;237m████[38;2;255;246;236m██[38;2;254;246;237m██[38;2;255;246;237m████[38;2;224;223;231m██[38;2;224;221;230m██[38;2;0;0;0m        
[38;2;0;0;0m    [38;2;1;1;1m  [38;2;161;157;182m████[38;2;151;146;174m██[38;2;161;157;182m██[38;2;163;159;184m██[38;2;162;158;183m██[38;2;229;192;170m██[38;2;254;246;237m██[38;2;211;215;216m██[38;2;255;246;237m██████[38;2;246;159;124m██[38;2;255;245;237m██[38;2;255;246;237m██[38;2;111;55;33m██[38;2;216;213;227m██[38;2;163;160;185m██[38;2;0;0;0m        
[38;2;0;0;0m      [38;2;135;132;153m  [38;2;159;153;180m██[38;2;154;140;175m██[38;2;160;157;183m██[38;2;161;158;184m██[38;2;163;159;184m██[38;2;73;73;88m██[38;2;158;107;85m██[38;2;254;245;236m██[38;2;255;246;237m████████[38;2;255;247;240m██[38;2;113;115;141m██[38;2;65;69;97m██[38;2;95;95;120m██[38;2;168;172;152m██[38;2;0;0;0m        
[38;2;0;0;0m          [38;2;148;134;168m██[38;2;132;118;155m██[38;2;154;138;173m██[38;2;162;157;183m██[38;2;90;88;103m██[38;2;115;119;148m██[38;2;116;118;146m██[38;2;73;39;13m██[38;2;220;179;157m██[38;2;35;20;16m██[38;2;117;118;147m██[38;2;165;127;88m██[38;2;0;0;0m  [38;2;49;52;84m██[38;2;75;80;117m██[38;2;0;0;0m          
[38;2;0;0;0m              [38;2;7;8;6m  [38;2;0;0;0m  [38;2;161;157;183m██[38;2;158;128;90m██[38;2;134;117;112m██[38;2;169;168;188m██[38;2;106;90;88m██[38;2;127;80;51m██[38;2;65;56;45m██[38;2;112;81;52m██[38;2;246;246;246m██[38;2;0;0;0m              
[38;2;0;0;0m                  [38;2;14;16;16m██[38;2;10;8;11m██[38;2;208;167;128m██[38;2;116;28;63m██[38;2;155;43;93m██[38;2;215;169;127m██[38;2;8;9;7m██[38;2;178;152;125m██[38;2;193;192;207m██[38;2;0;0;0m              
[38;2;0;0;0m                [38;2;217;217;218m██[38;2;50;47;54m██[38;2;53;50;57m██[38;2;246;246;246m██[38;2;138;25;68m██[38;2;208;49;107m██[38;2;188;189;209m██[38;2;35;31;41m██[38;2;13;12;10m██[38;2;70;43;15m██[38;2;0;0;0m              
[38;2;0;0;0m              [38;2;194;194;207m██[38;2;245;245;244m██[38;2;4;5;2m██[38;2;11;12;5m██[38;2;187;186;197m██[38;2;166;127;93m██[38;2;140;104;68m██[38;2;140;106;69m██[38;2;52;49;56m██[38;2;51;49;55m██[38;2;18;15;10m██[38;2;0;0;0m              
[38;2;0;0;0m            [38;2;167;130;121m██[38;2;246;246;246m██[38;2;164;125;84m██[38;2;10;12;6m  [38;2;75;63;44m██[38;2;6;4;1m██[38;2;193;190;205m██[38;2;219;175;132m██[38;2;207;50;107m██[38;2;184;44;95m██[38;2;4;4;2m██[38;2;169;41;93m██[38;2;188;58;108m██[38;2;0;0;0m            
[38;2;0;0;0m            [38;2;67;29;5m██[38;2;166;127;86m██[38;2;0;0;0m  [38;2;114;32;67m██[38;2;179;178;191m██[38;2;253;254;253m██[38;2;32;28;32m██[38;2;36;28;19m██[38;2;24;21;19m██[38;2;87;54;30m██[38;2;174;174;185m██[38;2;152;43;90m██[38;2;152;42;91m██[38;2;132;21;64m██[38;2;0;0;0m          
[38;2;0;0;0m          [38;2;204;168;176m  [38;2;86;86;97m██[38;2;0;0;0m  [38;2;150;43;89m██[38;2;168;137;109m██[38;2;207;207;217m██[38;2;24;17;10m██[38;2;214;49;110m██[38;2;183;148;107m██[38;2;246;245;241m██[38;2;100;61;22m██[38;2;103;91;121m██[38;2;175;174;173m██[38;2;114;28;61m██[38;2;0;0;0m            
[38;2;0;0;0m          [38;2;127;116;121m  [38;2;2;1;4m  [38;2;0;0;0m  [38;2;152;42;91m██[38;2;42;37;26m██[38;2;11;7;10m██[38;2;196;47;103m██[38;2;240;240;241m██[38;2;194;178;165m██[38;2;121;84;44m██[38;2;180;181;197m██[38;2;42;39;46m██[38;2;12;13;10m██[38;2;42;33;20m██[38;2;56;41;30m██[38;2;4;1;2m  [38;2;0;0;0m        
[38;2;0;0;0m              [38;2;204;48;105m██[38;2;126;35;74m██[38;2;56;55;54m██[38;2;208;50;108m██[38;2;69;61;71m██[38;2;126;125;137m██[38;2;120;120;132m██[38;2;231;231;235m██[38;2;191;190;208m██[38;2;220;219;228m██[38;2;20;17;24m██[38;2;236;236;237m██[38;2;49;49;53m██[38;2;150;42;89m██[38;2;0;0;0m        
[38;2;0;0;0m                  [38;2;156;37;81m██[38;2;207;50;108m██[38;2;150;143;169m██[38;2;246;246;246m██[38;2;245;245;245m████[38;2;243;243;242m██[38;2;246;246;246m██[38;2;114;100;124m██[38;2;55;19;37m██[38;2;114;100;123m██[38;2;0;0;0m  [38;2;96;12;46m██[38;2;0;0;0m      [0m
