
[38;2;0;0;0m                        [38;2;229;205;125m  [38;2;245;216;94m██[38;2;246;220;93m██[38;2;245;217;104m██[38;2;0;0;0m                              
[38;2;0;0;0m                    [38;2;238;205;98m██[38;2;243;212;106m  [38;2;246;216;93m██[38;2;246;217;96m██[38;2;247;216;91m██[38;2;248;213;95m██[38;2;245;214;99m██[38;2;247;217;101m██[38;2;224;197;111m  [38;2;0;0;0m                        
[38;2;0;0;0m                [38;2;187;176;148m  [38;2;243;214;95m██[38;2;237;193;88m██[38;2;249;214;95m██[38;2;247;218;95m██[38;2;247;216;91m██[38;2;247;217;94m██[38;2;246;217;94m██[38;2;233;179;77m██[38;2;243;215;93m██[38;2;246;213;98m██[38;2;244;218;94m██[38;2;246;218;102m██[38;2;0;0;0m                    
[38;2;0;0;0m                [38;2;217;187;91m  [38;2;245;215;93m██[38;2;238;188;86m██[38;2;246;218;92m██[38;2;247;218;95m██[38;2;248;219;94m██[38;2;247;218;94m██[38;2;247;217;94m██[38;2;228;175;79m██[38;2;247;210;95m██[38;2;246;213;94m██[38;2;246;208;99m██[38;2;244;217;93m██[38;2;247;218;109m██[38;2;0;0;0m                  
[38;2;0;0;0m              [38;2;247;218;97m██[38;2;247;217;95m██[38;2;247;211;97m██[38;2;231;179;77m██[38;2;247;215;100m██[38;2;247;219;94m██[38;2;247;217;95m██[38;2;244;219;95m██[38;2;247;219;95m██[38;2;245;207;96m██[38;2;235;172;91m██[38;2;246;214;96m██[38;2;245;207;105m██[38;2;236;182;90m██[38;2;245;219;94m██[38;2;0;0;0m                  
[38;2;0;0;0m              [38;2;243;219;98m██[38;2;243;218;90m██[38;2;230;192;82m██[38;2;220;162;80m██[38;2;242;207;99m██[38;2;247;218;95m██[38;2;242;210;92m██[38;2;247;213;96m██[38;2;246;217;91m██[38;2;241;205;92m██[38;2;229;176;88m██[38;2;247;218;93m██[38;2;245;216;90m██[38;2;228;172;80m██[38;2;245;213;96m██[38;2;247;222;133m██[38;2;0;0;0m                
[38;2;0;0;0m            [38;2;7;7;7m  [38;2;246;215;95m██[38;2;244;214;92m██[38;2;233;195;86m██[38;2;225;165;92m██[38;2;245;210;97m██[38;2;245;217;96m██[38;2;246;215;98m██[38;2;223;168;106m██[38;2;235;166;90m██[38;2;228;167;82m██[38;2;233;188;87m██[38;2;247;218;95m██[38;2;247;219;95m██[38;2;241;211;92m██[38;2;233;178;91m██[38;2;247;217;103m██[38;2;0;0;0m                
[38;2;0;0;0m            [38;2;222;156;112m██[38;2;241;154;97m██[38;2;241;159;99m██[38;2;234;153;97m██[38;2;218;153;119m██[38;2;244;213;105m██[38;2;241;207;105m██[38;2;244;212;98m██[38;2;245;208;164m██[38;2;226;146;100m██[38;2;215;128;73m██[38;2;248;208;104m██[38;2;248;219;97m██[38;2;247;219;98m██[38;2;248;219;97m██[38;2;232;184;92m██[38;2;243;217;99m██[38;2;84;80;69m  [38;2;0;0;0m              
[38;2;0;0;0m            [38;2;224;136;82m██[38;2;233;144;91m██[38;2;231;167;137m██[38;2;232;153;99m██[38;2;246;202;110m██[38;2;236;162;96m██[38;2;228;168;85m██[38;2;232;157;95m██[38;2;245;212;105m██[38;2;217;138;96m██[38;2;227;139;81m██[38;2;227;174;110m██[38;2;247;210;104m██[38;2;247;219;94m██[38;2;228;198;85m██[38;2;244;211;104m██[38;2;216;139;76m██[38;2;241;165;110m██[38;2;34;23;22m  [38;2;0;0;0m            
[38;2;0;0;0m    [38;2;247;219;196m██[38;2;245;217;191m██[38;2;0;0;0m  [38;2;230;156;111m██[38;2;240;154;95m██[38;2;239;153;103m██[38;2;214;144;98m██[38;2;246;210;98m██[38;2;238;202;144m██[38;2;221;152;104m██[38;2;237;152;92m██[38;2;247;207;167m██[38;2;244;212;108m██[38;2;233;182;94m██[38;2;235;161;121m██[38;2;212;148;112m██[38;2;226;143;90m██[38;2;245;157;98m██[38;2;240;151;98m██[38;2;224;149;93m██[38;2;243;155;92m██[38;2;210;141;100m  [38;2;230;157;115m██[38;2;0;0;0m            
[38;2;0;0;0m  [38;2;228;206;190m██[38;2;244;209;178m██[38;2;243;211;178m██[38;2;58;48;48m  [38;2;209;144;115m██[38;2;229;145;95m██[38;2;204;150;130m██[38;2;222;152;107m██[38;2;227;182;126m██[38;2;246;215;175m██[38;2;248;201;161m██[38;2;236;150;98m██[38;2;247;210;174m██[38;2;246;214;175m██[38;2;205;145;95m██[38;2;223;139;93m██[38;2;248;206;169m██[38;2;219;133;82m██[38;2;241;154;100m██[38;2;238;153;103m██[38;2;241;155;99m██[38;2;237;154;101m██[38;2;0;0;0m  [38;2;238;164;119m██[38;2;0;0;0m            
[38;2;0;0;0m  [38;2;245;213;180m██[38;2;240;202;170m██[38;2;241;202;170m██[38;2;92;70;68m██[38;2;0;0;0m  [38;2;237;160;113m██[38;2;169;121;103m██[38;2;234;201;176m██[38;2;109;83;85m██[38;2;89;63;59m██[38;2;245;218;180m██[38;2;247;197;161m██[38;2;244;210;175m██[38;2;79;61;60m██[38;2;94;71;64m██[38;2;245;209;182m██[38;2;243;212;176m██[38;2;206;124;78m██[38;2;241;156;102m██[38;2;240;154;94m██[38;2;236;149;100m██[38;2;225;143;92m██[38;2;238;154;105m██[38;2;227;156;106m██[38;2;0;0;0m            
[38;2;0;0;0m  [38;2;124;108;102m██[38;2;247;217;179m██[38;2;246;217;182m██[38;2;233;220;212m██[38;2;105;84;92m██[38;2;227;157;115m██[38;2;175;107;80m██[38;2;90;60;53m██[38;2;240;196;173m██[38;2;246;209;173m██[38;2;248;220;179m██[38;2;246;220;182m██[38;2;246;220;180m██[38;2;245;213;171m██[38;2;219;185;159m██[38;2;81;57;59m██[38;2;229;196;171m██[38;2;222;159;112m██[38;2;239;152;96m██[38;2;236;153;104m██[38;2;238;156;103m██[38;2;221;135;84m██[38;2;240;159;106m██[38;2;0;0;0m              
[38;2;0;0;0m    [38;2;237;225;221m██[38;2;230;218;206m██[38;2;223;220;208m██[38;2;97;81;75m██[38;2;159;82;51m██[38;2;235;154;104m██[38;2;247;189;147m██[38;2;246;194;152m██[38;2;244;213;172m██[38;2;248;219;182m██[38;2;248;221;185m██[38;2;244;218;179m██[38;2;245;213;172m██[38;2;247;196;156m██[38;2;248;191;146m██[38;2;246;199;157m██[38;2;236;179;132m██[38;2;229;149;103m██[38;2;214;143;108m██[38;2;210;147;115m██[38;2;238;153;92m██[38;2;95;83;78m  [38;2;0;0;0m              
[38;2;0;0;0m    [38;2;109;106;118m██[38;2;210;201;193m██[38;2;97;86;80m██[38;2;78;66;65m██[38;2;230;120;61m██[38;2;8;6;5m██[38;2;247;184;145m██[38;2;247;192;150m██[38;2;232;195;174m██[38;2;246;235;227m██[38;2;241;236;225m██[38;2;247;227;220m██[38;2;248;210;175m██[38;2;246;193;152m██[38;2;247;186;144m██[38;2;247;196;156m██[38;2;244;213;172m██[38;2;250;211;178m██[38;2;229;177;145m██[38;2;238;180;145m██[38;2;241;165;103m██[38;2;190;138;113m  [38;2;0;0;0m              
[38;2;0;0;0m  [38;2;126;126;126m  [38;2;158;129;115m██[38;2;93;79;79m██[38;2;75;70;71m██[38;2;215;134;99m██[38;2;247;135;75m██[38;2;217;115;66m██[38;2;248;201;161m██[38;2;246;206;166m██[38;2;247;205;172m██[38;2;164;101;101m██[38;2;186;101;101m██[38;2;189;102;102m██[38;2;247;210;177m██[38;2;248;205;163m██[38;2;249;199;156m██[38;2;246;206;165m██[38;2;248;218;178m██[38;2;234;197;165m██[38;2;246;210;180m██[38;2;228;157;109m██[38;2;112;85;76m  [38;2;0;0;0m                
[38;2;0;0;0m  [38;2;217;143;102m██[38;2;207;190;174m██[38;2;79;68;65m██[38;2;197;129;96m██[38;2;222;134;89m██[38;2;250;140;82m██[38;2;241;128;73m██[38;2;199;139;120m██[38;2;248;215;179m██[38;2;245;212;177m██[38;2;229;133;124m██[38;2;231;136;113m██[38;2;234;141;117m██[38;2;245;215;181m██[38;2;247;211;183m██[38;2;215;182;150m██[38;2;245;209;173m██[38;2;235;202;172m██[38;2;243;210;177m██[38;2;206;139;96m██[38;2;0;0;0m                    
[38;2;0;0;0m  [38;2;213;146;113m██[38;2;210;189;168m██[38;2;243;144;83m██[38;2;239;125;63m██[38;2;231;228;215m██[38;2;243;148;92m██[38;2;249;142;75m██[38;2;246;157;85m██[38;2;216;192;166m██[38;2;248;215;182m██[38;2;248;207;173m██[38;2;232;147;123m██[38;2;244;209;176m██[38;2;248;217;180m██[38;2;240;205;179m██[38;2;243;210;172m██[38;2;241;197;169m██[38;2;210;130;80m██[38;2;229;155;96m██[38;2;51;48;48m  [38;2;0;0;0m                    
[38;2;0;0;0m  [38;2;221;176;156m██[38;2;243;141;80m██[38;2;248;137;77m██[38;2;248;137;76m██[38;2;228;141;97m██[38;2;241;143;88m██[38;2;247;146;78m██[38;2;246;169;77m██[38;2;226;202;164m██[38;2;214;179;116m██[38;2;246;206;175m██[38;2;248;213;172m██[38;2;246;212;179m██[38;2;196;171;145m██[38;2;234;197;172m██[38;2;247;217;179m██[38;2;245;211;176m██[38;2;242;144;84m██[38;2;189;136;121m██[38;2;0;19;0m  [38;2;0;0;0m                    
[38;2;0;0;0m  [38;2;221;126;81m██[38;2;237;132;81m██[38;2;247;133;80m██[38;2;245;131;78m██[38;2;222;108;85m██[38;2;250;141;78m██[38;2;246;155;72m██[38;2;247;178;73m██[38;2;247;197;87m██[38;2;245;194;95m██[38;2;222;147;79m██[38;2;67;57;60m██[38;2;156;144;154m██[38;2;78;65;64m██[38;2;240;208;176m██[38;2;247;216;182m██[38;2;245;211;181m██[38;2;122;84;64m██[38;2;241;211;187m██[38;2;246;217;195m██[38;2;81;66;67m██[38;2;194;142;114m██[38;2;247;152;88m██[38;2;246;148;81m██[38;2;243;150;78m██[38;2;241;163;109m██[38;2;0;0;0m        
[38;2;0;0;0m  [38;2;247;136;75m██[38;2;246;213;196m██[38;2;229;138;89m██[38;2;249;136;76m██[38;2;228;107;76m██[38;2;209;149;127m██[38;2;238;170;100m██[38;2;246;189;77m██[38;2;220;178;118m██[38;2;196;168;103m██[38;2;171;130;80m██[38;2;69;61;60m██[38;2;129;128;156m██[38;2;70;58;63m██[38;2;212;185;149m██[38;2;236;204;183m██[38;2;225;209;197m██[38;2;108;81;78m██[38;2;245;137;77m██[38;2;218;106;75m██[38;2;245;143;71m██[38;2;240;221;210m██[38;2;237;218;200m██[38;2;246;141;72m██[38;2;235;201;176m██[38;2;225;165;121m██[38;2;244;144;75m██[38;2;182;119;89m  [38;2;0;0;0m    
[38;2;0;0;0m  [38;2;247;137;82m██[38;2;229;166;133m██[38;2;213;139;105m██[38;2;248;135;69m██[38;2;229;108;73m██[38;2;186;130;116m██[38;2;204;203;183m██[38;2;236;188;85m██[38;2;234;227;209m██[38;2;232;188;83m██[38;2;84;83;78m██[38;2;85;73;73m██[38;2;104;99;105m██[38;2;173;149;114m██[38;2;152;101;59m██[38;2;94;79;79m██[38;2;97;79;79m██[38;2;119;66;44m██[38;2;222;108;68m██[38;2;249;135;75m██[38;2;245;143;78m██[38;2;251;141;76m██[38;2;247;137;72m██[38;2;242;127;68m██[38;2;245;211;194m██[38;2;237;228;213m██[38;2;231;150;105m██[38;2;228;120;67m██[38;2;0;0;0m    
[38;2;168;104;69m  [38;2;234;118;69m██[38;2;248;135;79m██[38;2;250;136;71m██[38;2;251;137;72m██[38;2;244;120;79m██[38;2;223;113;77m██[38;2;223;125;83m██[38;2;228;169;77m██[38;2;233;191;94m██[38;2;106;82;62m██[38;2;87;80;80m██[38;2;82;71;75m██[38;2;116;101;109m██[38;2;233;183;83m██[38;2;202;169;139m██[38;2;197;174;162m██[38;2;67;57;65m██[38;2;229;131;81m██[38;2;224;102;59m██[38;2;246;134;77m██[38;2;247;135;75m██[38;2;219;127;81m██[38;2;247;141;81m██[38;2;244;132;69m██[38;2;244;133;69m██[38;2;249;141;77m██[38;2;233;115;61m██[38;2;207;132;109m██[38;2;0;0;0m    
[38;2;247;145;82m██[38;2;248;136;77m██[38;2;238;126;65m██[38;2;248;136;78m██[38;2;249;135;69m██[38;2;246;139;75m██[38;2;227;119;68m██[38;2;214;116;75m██[38;2;247;182;86m██[38;2;170;133;80m██[38;2;88;82;79m██[38;2;84;77;75m██[38;2;86;80;87m██[38;2;197;192;190m██[38;2;126;99;89m██[38;2;222;200;192m██[38;2;205;178;160m██[38;2;187;177;161m██[38;2;245;133;79m██[38;2;250;134;76m██[38;2;242;129;71m██[38;2;216;140;102m██[38;2;237;225;219m██[38;2;247;138;70m██[38;2;248;137;81m██[38;2;243;130;76m██[38;2;247;144;72m██[38;2;242;142;75m██[38;2;0;0;0m      
[38;2;249;140;78m██[38;2;246;139;78m██[38;2;249;140;79m██[38;2;250;141;72m██[38;2;242;146;89m██[38;2;243;211;183m██[38;2;249;147;82m██[38;2;231;128;68m██[38;2;232;173;98m██[38;2;93;84;76m██[38;2;92;81;81m██[38;2;68;61;59m██[38;2;78;72;89m██[38;2;88;84;91m██[38;2;85;75;74m██[38;2;170;164;161m██[38;2;148;89;69m██[38;2;205;151;122m██[38;2;226;183;150m██[38;2;246;134;76m██[38;2;239;122;63m██[38;2;244;139;76m██[38;2;235;148;94m██[38;2;246;142;80m██[38;2;232;120;60m██[38;2;250;138;76m██[38;2;245;145;89m██[38;2;0;0;0m        
[38;2;245;147;88m██[38;2;239;231;204m██[38;2;244;147;82m██[38;2;250;135;71m██[38;2;244;138;77m██[38;2;233;226;210m██[38;2;240;209;191m██[38;2;244;151;91m██[38;2;200;180;165m██[38;2;91;82;79m██[38;2;91;80;78m██[38;2;91;82;79m██[38;2;87;80;95m██[38;2;111;103;113m██[38;2;87;81;77m██[38;2;141;130;139m██[38;2;188;160;152m██[38;2;225;126;77m██[38;2;242;193;166m██[38;2;247;134;74m██[38;2;247;135;80m██[38;2;248;133;75m██[38;2;248;138;74m██[38;2;244;139;75m██[38;2;248;138;77m██[38;2;224;108;58m██[38;2;53;36;35m  [38;2;0;0;0m        
[38;2;238;129;66m██[38;2;242;207;181m██[38;2;242;143;83m██[38;2;246;140;77m██[38;2;248;138;75m██[38;2;249;142;77m██[38;2;229;121;64m██[38;2;212;189;165m██[38;2;208;190;178m██[38;2;211;203;197m██[38;2;204;192;190m██[38;2;175;171;179m██[38;2;213;213;215m██[38;2;189;185;188m██[38;2;214;210;208m██[38;2;144;136;136m██[38;2;203;195;180m██[38;2;181;108;77m██[38;2;241;135;79m██[38;2;212;145;118m██[38;2;214;140;93m██[38;2;241;137;88m██[38;2;245;137;84m██[38;2;246;137;80m██[38;2;236;146;94m██[38;2;248;144;78m██[38;2;247;141;75m██[38;2;245;145;84m██[38;2;0;0;0m      
[38;2;34;32;32m  [38;2;241;135;73m██[38;2;246;140;66m██[38;2;249;138;73m██[38;2;251;138;70m██[38;2;243;142;89m██[38;2;222;180;160m██[38;2;210;193;184m██[38;2;205;193;183m██[38;2;201;197;194m██[38;2;215;215;213m██[38;2;181;182;183m██[38;2;179;178;180m██[38;2;185;183;190m██[38;2;214;212;210m██[38;2;213;207;206m██[38;2;180;175;173m██[38;2;218;211;205m██[38;2;219;139;89m██[38;2;245;140;83m██[38;2;236;220;211m██[38;2;250;135;72m██[38;2;251;136;69m██[38;2;224;138;99m██[38;2;238;232;213m██[38;2;237;147;95m██[38;2;249;141;73m██[38;2;247;144;80m██[38;2;241;147;105m██[38;2;0;0;0m    
[38;2;0;0;0m    [38;2;101;75;74m██[38;2;227;142;91m██[38;2;243;144;82m██[38;2;182;122;94m██[38;2;208;192;177m██[38;2;202;192;177m██[38;2;187;171;156m██[38;2;83;77;72m██[38;2;92;82;83m██[38;2;82;76;76m██[38;2;87;76;77m██[38;2;87;80;80m██[38;2;87;79;80m██[38;2;84;77;77m██[38;2;86;79;79m██[38;2;87;80;82m██[38;2;93;82;74m██[38;2;191;138;120m██[38;2;245;140;80m██[38;2;249;136;76m██[38;2;248;138;69m██[38;2;246;140;77m██[38;2;244;222;208m██[38;2;236;150;100m██[38;2;249;142;75m██[38;2;248;145;68m██[38;2;226;150;96m██[38;2;116;85;71m██[38;2;0;0;0m  
[38;2;0;0;0m          [38;2;211;192;184m██[38;2;206;194;182m██[38;2;203;191;180m██[38;2;85;74;69m██[38;2;92;82;80m██[38;2;92;81;79m██[38;2;87;81;78m██[38;2;84;78;75m██[38;2;85;79;75m██[38;2;86;79;77m██[38;2;90;79;80m██[38;2;88;79;80m██[38;2;90;82;77m██[38;2;89;83;75m██[38;2;96;84;88m██[38;2;180;170;195m██[38;2;195;159;148m██[38;2;230;139;88m██[38;2;250;136;76m██[38;2;248;140;76m██[38;2;245;146;78m██[38;2;250;142;78m██[38;2;232;207;179m██[38;2;239;234;221m██[38;2;247;147;75m██[38;2;0;0;0m  
[38;2;0;0;0m        [38;2;122;107;103m██[38;2;206;194;183m██[38;2;205;193;182m██[38;2;199;183;168m██[38;2;90;84;79m██[38;2;93;83;81m██[38;2;92;81;81m██[38;2;85;79;76m██[38;2;86;80;77m██[38;2;88;81;79m██[38;2;87;81;78m██[38;2;87;80;80m██[38;2;88;82;79m██[38;2;92;82;79m██[38;2;91;81;81m██[38;2;92;83;77m██[38;2;84;78;86m██[38;2;157;155;177m██[38;2;181;174;192m██[38;2;201;184;180m██[38;2;215;182;165m██[38;2;243;148;76m██[38;2;246;142;80m██[38;2;249;141;74m██[38;2;232;183;155m██[38;2;238;155;104m██[38;2;82;71;65m  
[38;2;0;0;0m        [38;2;211;199;186m██[38;2;208;196;185m██[38;2;208;192;182m██[38;2;196;178;167m██[38;2;90;84;78m██[38;2;91;82;75m██[38;2;92;82;81m██[38;2;93;83;81m██[38;2;91;81;78m██[38;2;91;82;75m██[38;2;92;81;80m██[38;2;88;82;80m██[38;2;88;81;77m██[38;2;91;82;78m██[38;2;93;82;81m██[38;2;93;82;82m██[38;2;92;79;79m██[38;2;105;105;127m██[38;2;174;171;192m██[38;2;159;155;171m██[38;2;0;0;0m      [38;2;248;147;91m██[38;2;246;143;75m██[38;2;245;141;78m██[38;2;246;150;94m██[0m
