
[38;2;0;0;0m    [38;2;5;10;18m  [38;2;156;88;75m██[38;2;221;190;151m██[38;2;219;187;149m████[38;2;219;188;149m████[38;2;218;188;149m██[38;2;197;139;124m██[38;2;219;188;149m████[38;2;218;188;149m██[38;2;218;187;149m██[38;2;195;135;123m██[38;2;219;188;149m██[38;2;215;179;144m██[38;2;196;136;124m██[38;2;192;133;120m██[38;2;195;137;125m████[38;2;195;137;124m██[38;2;41;27;24m  [38;2;154;79;76m████[38;2;184;120;109m██[38;2;80;94;95m██[38;2;177;228;255m██[38;2;182;141;135m██[38;2;1;1;2m  [38;2;0;0;0m  
[38;2;0;0;0m  [38;2;6;7;10m  [38;2;12;8;8m  [38;2;220;190;150m██[38;2;218;188;149m██[38;2;219;188;149m██[38;2;218;188;149m██[38;2;219;188;149m████[38;2;218;188;149m██[38;2;194;134;122m██[38;2;219;188;149m████[38;2;218;188;149m████[38;2;195;136;123m██[38;2;219;188;149m██[38;2;218;188;149m██[38;2;218;186;147m██[38;2;159;92;81m██[38;2;195;136;124m██[38;2;195;136;125m██[38;2;195;137;125m██[38;2;158;111;100m██[38;2;154;79;76m████[38;2;186;123;113m██[38;2;187;130;118m██[38;2;182;232;254m██[38;2;201;140;125m██[38;2;8;12;21m  [38;2;0;0;0m  
[38;2;0;0;0m  [38;2;7;36;42m  [38;2;218;181;145m██[38;2;219;188;148m██[38;2;219;188;149m██[38;2;219;188;148m████[38;2;219;188;149m██████[38;2;198;139;125m██[38;2;219;188;148m████[38;2;219;188;149m████[38;2;197;138;125m██[38;2;219;188;149m██████[38;2;129;57;45m██[38;2;219;189;149m██[38;2;195;136;123m██[38;2;195;137;125m██[38;2;205;144;131m██[38;2;157;80;77m██[38;2;154;79;76m██[38;2;191;131;119m██[38;2;196;137;125m██[38;2;123;153;167m██[38;2;199;139;125m██[38;2;0;0;1m  [38;2;0;0;0m  
[38;2;3;2;2m  [38;2;135;94;86m██[38;2;195;135;124m██[38;2;214;175;142m██[38;2;216;179;144m██[38;2;214;174;142m██[38;2;210;164;136m██[38;2;206;157;134m██[38;2;203;153;131m██[38;2;202;149;130m██[38;2;197;138;125m██[38;2;205;155;133m██[38;2;209;161;135m██[38;2;213;172;140m██[38;2;218;183;146m██[38;2;200;145;127m██[38;2;220;189;149m██[38;2;219;188;149m████[38;2;153;84;73m██[38;2;219;189;149m██[38;2;218;188;149m██[38;2;198;142;127m██[38;2;197;138;126m██[38;2;143;73;70m██[38;2;153;78;75m██[38;2;196;137;125m██[38;2;195;137;125m██[38;2;70;50;46m██[38;2;195;136;125m██[38;2;4;3;5m  [38;2;0;0;0m  
[38;2;1;1;1m  [38;2;196;137;125m██[38;2;195;137;125m██[38;2;195;137;124m██[38;2;195;137;125m██[38;2;195;137;124m██[38;2;195;137;125m████████████████████[38;2;195;136;124m██[38;2;195;135;123m██[38;2;196;137;123m██[38;2;179;114;105m██[38;2;198;141;127m██[38;2;196;137;124m██[38;2;195;135;123m██[38;2;195;137;125m██[38;2;115;56;54m██[38;2;153;77;75m██[38;2;196;137;125m██[38;2;195;137;125m██[38;2;164;115;105m██[38;2;197;137;126m██[38;2;8;6;5m  [38;2;0;0;0m  
[38;2;99;70;63m  [38;2;195;137;125m██[38;2;195;137;124m██[38;2;195;137;125m████[38;2;175;108;100m██[38;2;195;137;125m██████████[38;2;195;137;124m████[38;2;195;137;125m████████████[38;2;184;121;110m██[38;2;197;138;125m██[38;2;195;137;125m██████[38;2;84;44;41m  [38;2;153;78;75m██[38;2;195;137;125m████[38;2;200;139;127m██[38;2;202;141;129m██[38;2;15;10;10m  [38;2;0;0;0m  
[38;2;192;134;122m██[38;2;195;137;124m██[38;2;195;137;125m████[38;2;192;132;120m██[38;2;162;90;85m██[38;2;195;137;125m██████████████████████████[38;2;187;124;113m██[38;2;185;122;111m██[38;2;195;137;125m██[38;2;195;137;124m██[38;2;195;137;125m██[38;2;73;39;36m██[38;2;187;125;114m██[38;2;195;137;125m████[38;2;201;141;128m██[38;2;204;142;129m██[38;2;24;17;16m  [38;2;0;0;0m  
[38;2;192;131;119m██[38;2;195;137;125m██████[38;2;159;86;82m██[38;2;73;39;37m██[38;2;197;138;126m██[38;2;195;137;125m██████[38;2;170;118;108m██[38;2;195;137;124m██[38;2;195;137;125m██████[38;2;195;137;124m██[38;2;195;137;125m████[38;2;195;137;124m██[38;2;183;120;109m██[38;2;166;101;89m██[38;2;195;137;125m██████[38;2;66;34;34m██[38;2;196;137;125m██[38;2;195;137;125m████[38;2;201;141;128m██[38;2;204;142;129m██[38;2;43;30;28m  [38;2;0;0;0m  
[38;2;155;79;76m██[38;2;190;130;119m██[38;2;196;137;125m██[38;2;195;137;125m██[38;2;147;76;72m██[38;2;255;144;112m██[38;2;57;29;28m██[38;2;157;83;79m██[38;2;192;132;120m██[38;2;198;139;126m██[38;2;129;91;82m  [38;2;93;55;50m██[38;2;202;141;128m██[38;2;197;138;126m██[38;2;196;137;125m████[38;2;198;139;127m██[38;2;181;126;114m██[38;2;191;131;119m██[38;2;173;104;96m██[38;2;151;82;71m██[38;2;196;136;125m██[38;2;196;137;125m████[38;2;65;43;40m██[38;2;196;137;125m██████[38;2;197;138;126m██[38;2;199;140;127m██[38;2;53;37;34m  [38;2;0;0;0m  
[38;2;141;109;92m  [38;2;154;79;76m██[38;2;158;86;81m██[38;2;197;137;125m██[38;2;103;58;49m██[38;2;241;230;222m██[38;2;252;164;138m██[38;2;142;85;70m██[38;2;207;167;135m██[38;2;178;115;102m██[38;2;118;65;59m██[38;2;252;154;126m██[38;2;247;140;109m██[38;2;118;63;56m██[38;2;154;106;92m██[38;2;184;126;108m██[38;2;171;103;94m██[38;2;215;123;97m██[38;2;183;107;85m██[38;2;128;95;80m██[38;2;147;81;70m██[38;2;195;137;125m████[38;2;195;137;124m██[38;2;78;55;50m██[38;2;195;137;125m████[38;2;196;137;125m██[38;2;114;60;57m██[38;2;195;137;125m██[38;2;64;44;41m  [38;2;0;0;0m  
[38;2;0;0;0m  [38;2;222;188;150m██[38;2;150;75;72m██[38;2;154;79;76m██[38;2;152;135;129m██[38;2;243;235;226m██[38;2;245;237;227m██[38;2;242;238;231m  [38;2;238;230;223m██[38;2;182;175;172m  [38;2;125;113;111m  [38;2;241;233;224m██[38;2;240;231;222m██[38;2;235;223;216m  [38;2;239;231;224m  [38;2;243;233;223m██[38;2;239;231;225m  [38;2;240;230;223m██[38;2;236;226;219m  [38;2;229;206;193m██[38;2;106;74;73m██[38;2;195;137;125m██████[38;2;77;53;49m██[38;2;195;137;125m██[38;2;197;138;125m██[38;2;152;76;74m██[38;2;108;73;68m██[38;2;195;137;125m██[38;2;81;58;53m  [38;2;0;0;0m  
[38;2;0;0;0m  [38;2;3;5;10m  [38;2;98;76;65m  [38;2;221;185;147m██[38;2;156;153;150m  [38;2;245;237;228m██[38;2;249;217;202m██[38;2;249;200;183m██[38;2;243;148;123m  [38;2;240;231;222m██[38;2;239;231;222m██[38;2;240;231;222m██████[38;2;245;198;181m██[38;2;248;213;199m██[38;2;246;235;226m██[38;2;240;232;225m██[38;2;246;238;228m██[38;2;240;231;222m██[38;2;118;112;112m██[38;2;196;137;125m██[38;2;195;137;125m████[38;2;77;61;58m██[38;2;135;91;83m██[38;2;153;78;75m██[38;2;155;79;76m██[38;2;198;139;127m██[38;2;195;137;125m██[38;2;92;64;59m  [38;2;0;0;0m  
[38;2;0;0;0m  [38;2;6;8;11m  [38;2;90;61;56m  [38;2;171;103;95m██[38;2;14;10;10m  [38;2;19;21;21m██[38;2;9;26;19m██[38;2;43;42;34m██[38;2;178;106;100m  [38;2;240;231;222m██████████[38;2;238;217;206m██[38;2;103;71;64m██[38;2;32;47;39m██[38;2;52;51;49m  [38;2;7;15;15m██[38;2;3;3;3m██[38;2;48;39;39m  [38;2;196;137;125m██[38;2;195;136;125m██[38;2;195;137;125m██[38;2;86;68;64m██[38;2;230;226;219m  [38;2;156;80;77m██[38;2;94;50;46m██[38;2;196;137;125m██[38;2;195;136;125m██[38;2;101;67;63m  [38;2;0;0;0m  
[38;2;0;0;0m    [38;2;38;24;23m  [38;2;173;107;98m██[38;2;84;72;73m██[38;2;205;205;204m██[38;2;104;136;109m██[38;2;105;136;109m██[38;2;155;165;167m██[38;2;244;224;214m██[38;2;244;222;212m██[38;2;245;220;209m██[38;2;246;220;209m██[38;2;245;220;209m██[38;2;243;219;209m██[38;2;184;185;185m██[38;2;86;134;92m██[38;2;98;145;107m██[38;2;106;150;105m██[38;2;128;152;145m██[38;2;126;119;121m  [38;2;196;137;125m████[38;2;195;137;125m██[38;2;94;61;57m██[38;2;252;178;154m██[38;2;84;45;43m██[38;2;154;79;76m██[38;2;197;138;125m██[38;2;195;137;125m██[38;2;110;75;69m  [38;2;0;0;0m  
[38;2;0;0;0m    [38;2;8;5;5m  [38;2;180;114;105m██[38;2;76;46;45m██[38;2;201;182;178m██[38;2;198;177;174m██[38;2;200;179;176m██[38;2;226;203;196m██[38;2;244;222;211m██[38;2;246;220;209m████[38;2;245;219;208m██[38;2;245;219;207m██[38;2;246;220;209m██[38;2;240;213;203m██[38;2;213;185;178m██[38;2;213;186;179m██[38;2;200;181;177m██[38;2;212;201;200m██[38;2;159;134;127m██[38;2;196;137;125m██[38;2;195;137;125m████[38;2;93;61;56m██[38;2;227;205;194m██[38;2;107;128;176m██[38;2;153;78;75m██[38;2;197;138;126m██[38;2;195;137;125m██[38;2;111;77;71m  [38;2;0;0;0m  
[38;2;0;0;0m    [38;2;4;5;7m  [38;2;189;127;116m██[38;2;147;74;71m██[38;2;242;233;224m██[38;2;240;231;222m██[38;2;242;227;218m██[38;2;243;224;214m██[38;2;245;222;211m██[38;2;246;220;209m██████[38;2;244;218;206m██[38;2;246;220;209m████[38;2;245;221;211m██[38;2;243;224;214m██[38;2;241;228;218m██[38;2;240;231;222m██[38;2;157;108;98m██[38;2;196;137;125m██[38;2;196;137;124m██[38;2;196;137;125m██[38;2;93;70;66m██[38;2;126;150;157m██[38;2;95;118;172m██[38;2;153;78;75m██[38;2;197;139;126m██[38;2;196;137;125m██[38;2;119;82;76m  [38;2;0;0;0m  
[38;2;0;0;0m    [38;2;4;8;14m  [38;2;201;139;127m██[38;2;154;79;76m██[38;2;206;201;197m  [38;2;240;231;222m██[38;2;241;229;220m██[38;2;243;225;215m██[38;2;244;222;212m██[38;2;245;221;210m██[38;2;246;220;209m██[38;2;245;219;208m██[38;2;246;220;208m██[38;2;246;220;209m████[38;2;244;222;212m██[38;2;242;227;217m██[38;2;240;231;222m████[38;2;152;87;70m██[38;2;196;137;125m██[38;2;196;137;124m██[38;2;195;137;124m██[38;2;73;66;65m██[38;2;175;227;255m██[38;2;95;118;173m██[38;2;153;78;75m██[38;2;197;138;125m██[38;2;195;137;125m██[38;2;120;84;76m  [38;2;0;0;0m  
[38;2;0;0;0m    [38;2;1;2;2m  [38;2;177;132;113m██[38;2;153;78;75m██[38;2;133;68;66m██[38;2;243;235;226m██[38;2;240;231;222m████████[38;2;241;232;223m██[38;2;243;237;229m██[38;2;243;235;225m██[38;2;240;231;222m██[38;2;240;231;221m██[38;2;240;231;222m██████[38;2;239;234;226m██[38;2;133;75;60m██[38;2;196;137;125m██[38;2;195;137;125m████[38;2;85;91;96m██[38;2;176;227;255m██[38;2;91;131;191m  [38;2;153;78;75m██[38;2;197;138;126m██[38;2;195;137;125m██[38;2;129;91;82m  [38;2;0;0;0m  
[38;2;0;0;0m      [38;2;66;50;42m  [38;2;153;78;75m██[38;2;154;79;76m██[38;2;11;10;9m  [38;2;207;202;199m  [38;2;240;231;222m██████[38;2;202;150;145m  [38;2;204;113;106m  [38;2;201;107;97m  [38;2;241;233;224m██[38;2;240;231;222m████████[38;2;250;169;145m██[38;2;85;52;43m██[38;2;196;137;125m██[38;2;195;137;125m██[38;2;189;129;117m██[38;2;134;160;170m██[38;2;176;227;255m██[38;2;97;146;208m  [38;2;153;78;75m██[38;2;196;138;125m██[38;2;195;137;125m██[38;2;142;101;91m  [38;2;0;0;0m  
[38;2;0;0;0m    [38;2;195;195;195m  [38;2;125;126;130m  [38;2;175;117;113m  [38;2;156;83;78m██[38;2;10;7;7m  [38;2;5;9;15m  [38;2;4;3;4m  [38;2;84;75;77m  [38;2;182;174;172m██[38;2;231;227;222m██[38;2;245;238;231m██[38;2;248;240;232m██[38;2;236;222;216m██[38;2;227;219;215m██[38;2;183;175;173m██[38;2;127;133;130m██[38;2;127;156;164m  [38;2;82;117;138m  [38;2;66;46;45m██[38;2;195;137;125m██[38;2;196;136;124m██[38;2;160;81;78m██[38;2;179;226;248m██[38;2;176;227;255m██[38;2;114;168;225m██[38;2;153;78;75m██[38;2;196;137;125m██[38;2;195;137;125m██[38;2;162;113;103m██[38;2;0;0;0m  
[38;2;0;0;0m    [38;2;119;119;119m  [38;2;7;14;27m  [38;2;195;149;123m  [38;2;195;150;146m██[38;2;139;138;140m  [38;2;0;0;0m      [38;2;5;9;18m  [38;2;2;1;2m  [38;2;118;80;89m  [38;2;136;88;97m██[38;2;148;41;51m  [38;2;212;48;42m██[38;2;128;40;53m  [38;2;207;44;41m██[38;2;73;103;132m  [38;2;129;83;91m██[38;2;74;51;47m██[38;2;188;127;116m██[38;2;152;77;74m██[38;2;142;111;93m██[38;2;205;237;255m██[38;2;176;227;255m██[38;2;140;195;239m██[38;2;153;78;75m██[38;2;196;137;125m██[38;2;195;137;125m██[38;2;177;123;113m██[38;2;10;16;28m  
[38;2;0;0;0m      [38;2;79;79;79m  [38;2;37;27;24m  [38;2;205;169;166m██[38;2;142;132;132m  [38;2;0;0;0m      [38;2;33;41;62m  [38;2;55;28;32m  [38;2;133;87;96m  [38;2;159;123;130m  [38;2;205;45;42m██[38;2;128;27;45m██[38;2;213;48;42m██[38;2;212;47;42m██[38;2;171;142;146m██[38;2;137;92;101m██[38;2;87;45;42m██[38;2;152;77;74m██[38;2;222;191;151m██[38;2;63;71;98m  [38;2;255;255;255m██[38;2;185;232;254m██[38;2;166;217;248m██[38;2;155;77;73m██[38;2;196;137;125m██[38;2;195;137;124m██[38;2;191;134;122m██[38;2;3;2;2m  
[38;2;0;0;0m      [38;2;255;255;255m  [38;2;253;253;253m  [38;2;181;131;111m██[38;2;120;61;58m██[38;2;11;13;20m  [38;2;0;0;0m    [38;2;1;1;2m  [38;2;120;75;84m██[38;2;160;125;131m  [38;2;176;148;152m██[38;2;205;45;42m██[38;2;175;92;80m  [38;2;178;35;40m██[38;2;174;146;150m██[38;2;172;143;147m██[38;2;131;81;93m  [38;2;136;71;67m██[38;2;221;189;150m██[38;2;121;100;81m  [38;2;31;29;31m  [38;2;255;255;255m████[38;2;193;233;254m██[38;2;156;76;71m██[38;2;196;137;125m██[38;2;195;137;125m██[38;2;201;141;128m██[38;2;3;4;6m  
[38;2;0;0;0m      [38;2;255;255;255m    [38;2;205;206;206m  [38;2;185;131;124m██[38;2;11;12;16m  [38;2;0;0;0m    [38;2;3;1;1m  [38;2;132;85;93m  [38;2;164;133;137m██[38;2;130;82;93m  [38;2;154;115;122m██[38;2;235;133;100m██[38;2;117;57;72m  [38;2;127;22;41m██[38;2;116;61;75m  [38;2;167;135;140m  [38;2;225;194;153m██[38;2;193;165;129m██[38;2;148;109;116m██[38;2;101;68;69m  [38;2;255;255;255m████[38;2;254;254;254m██[38;2;153;78;75m██[38;2;197;138;126m██[38;2;195;137;125m██[38;2;201;140;128m██[38;2;9;17;31m  
[38;2;0;0;0m  [38;2;30;35;49m  [38;2;145;141;144m  [38;2;192;208;218m██[38;2;203;216;220m██[38;2;203;208;213m██[38;2;200;215;218m██[38;2;196;217;225m██[38;2;127;123;125m  [38;2;3;3;4m  [38;2;0;0;1m  [38;2;131;84;92m  [38;2;110;80;83m██[38;2;138;92;101m  [38;2;172;143;148m██[38;2;126;67;77m  [38;2;173;145;150m██[38;2;173;144;149m██[38;2;125;75;87m  [38;2;109;92;94m██[38;2;150;120;99m██[38;2;175;146;151m██[38;2;172;143;147m██[38;2;146;104;112m  [38;2;254;254;254m██[38;2;255;255;255m████[38;2;130;83;99m██[38;2;197;138;126m██[38;2;195;137;125m██[38;2;198;138;126m██[38;2;0;0;0m  
[38;2;3;2;2m  [38;2;14;14;13m  [38;2;255;255;255m██████████[38;2;254;254;255m██[38;2;232;230;233m  [38;2;0;1;1m    [38;2;130;84;92m██[38;2;79;49;52m  [38;2;172;143;148m██[38;2;123;72;84m  [38;2;151;114;120m██[38;2;172;143;148m██[38;2;99;35;56m██[38;2;172;143;147m██[38;2;116;87;89m██[38;2;125;107;110m██[38;2;172;143;147m████[38;2;176;148;152m██[38;2;177;224;239m██[38;2;174;227;254m██[38;2;255;255;254m██[38;2;110;117;159m██[38;2;197;139;126m██[38;2;196;137;125m████[38;2;1;0;0m  
[38;2;17;20;31m  [38;2;166;122;116m  [38;2;255;255;255m██████████[38;2;181;229;255m██[38;2;218;218;218m  [38;2;0;0;0m  [38;2;2;2;1m  [38;2;130;84;92m██[38;2;57;39;37m██[38;2;142;102;109m  [38;2;173;144;149m██[38;2;151;114;120m██[38;2;109;49;67m██[38;2;172;143;148m██[38;2;172;143;147m██[38;2;154;116;123m██[38;2;117;95;98m██[38;2;172;143;147m██████[38;2;125;62;59m██[38;2;154;78;73m██[38;2;139;81;88m  [38;2;112;94;127m  [38;2;197;138;125m██[38;2;195;137;125m██[38;2;195;137;124m██[38;2;11;8;9m  
[38;2;0;0;0m  [38;2;161;57;55m  [38;2;254;254;253m██[38;2;255;255;255m████████[38;2;171;225;255m██[38;2;194;190;188m  [38;2;134;113;116m██[38;2;169;138;142m  [38;2;129;83;91m██[38;2;48;32;31m██[38;2;129;83;91m██[38;2;141;101;107m██[38;2;135;89;100m██[38;2;170;140;145m██[38;2;172;143;147m████[38;2;139;98;105m██[38;2;111;89;91m██[38;2;172;143;147m██████[38;2;92;48;45m  [38;2;154;79;76m██████[38;2;196;136;124m██[38;2;195;137;125m████[38;2;42;29;27m  
[38;2;0;0;0m  [38;2;121;55;45m  [38;2;251;251;251m██[38;2;230;247;255m██[38;2;255;255;255m██████[38;2;174;225;255m██[38;2;148;142;144m██[38;2;172;143;148m██[38;2;160;128;132m  [38;2;129;83;91m██[38;2;49;33;33m██[38;2;129;83;91m████[38;2;131;84;94m  [38;2;172;143;147m██████[38;2;129;83;91m  [38;2;112;89;91m██[38;2;172;143;147m██████[38;2;68;37;36m██[38;2;154;79;76m██[38;2;154;79;75m██[38;2;154;79;76m██[38;2;194;133;121m██[38;2;195;137;125m████[38;2;115;80;74m  
[38;2;0;0;0m  [38;2;0;1;2m  [38;2;246;246;246m██[38;2;255;255;255m████[38;2;254;254;255m██[38;2;176;228;255m██[38;2;174;225;255m██[38;2;93;88;88m  [38;2;145;104;111m██[38;2;129;83;91m████[38;2;46;33;33m██[38;2;129;83;91m██[38;2;129;82;91m██[38;2;125;75;86m  [38;2;131;85;94m  [38;2;172;143;148m████[38;2;128;82;90m██[38;2;110;86;88m██[38;2;172;143;147m██[38;2;171;143;147m██[38;2;172;143;147m██[38;2;55;40;40m  [38;2;154;79;75m██████[38;2;188;126;114m██[38;2;195;137;125m██[38;2;195;137;124m██[38;2;179;124;113m  
[38;2;0;0;0m  [38;2;13;23;39m  [38;2;235;233;231m██[38;2;176;226;255m██[38;2;179;227;255m██[38;2;174;225;255m██[38;2;176;227;255m██[38;2;187;232;255m██[38;2;60;54;55m██[38;2;132;85;93m██[38;2;95;62;67m  [38;2;13;9;10m  [38;2;35;24;23m  [38;2;129;83;91m████[38;2;125;75;85m  [38;2;129;83;91m██[38;2;128;82;90m██[38;2;156;121;126m██[38;2;129;83;91m██[38;2;108;84;86m██[38;2;172;143;147m██████[38;2;74;53;54m██[38;2;154;78;76m██[38;2;154;79;76m████[38;2;177;111;102m██[38;2;195;137;125m████[38;2;199;139;127m██
[38;2;0;0;0m  [38;2;7;8;13m  [38;2;37;32;34m  [38;2;162;160;159m  [38;2;225;224;222m██[38;2;240;240;240m██[38;2;201;198;201m  [38;2;101;98;97m  [38;2;7;16;30m  [38;2;9;12;17m  [38;2;0;0;0m    [38;2;77;50;50m  [38;2;129;83;91m████[38;2;121;68;80m  [38;2;129;83;91m████████[38;2;106;81;83m██[38;2;172;143;148m██[38;2;172;143;147m████[38;2;100;81;84m  [38;2;154;79;76m██[38;2;153;79;76m██[38;2;154;79;76m██[38;2;163;91;86m██[38;2;195;137;125m████[38;2;197;138;125m██[0m
