
[38;2;0;0;0m                [38;2;85;85;75m  [38;2;123;121;109m  [38;2;0;0;0m                                                                                                                                                                  
[38;2;0;0;0m              [38;2;23;22;20m  [38;2;108;105;95m  [38;2;127;124;113m  [38;2;0;0;0m                                                                                                                                                                  
[38;2;0;0;0m              [38;2;49;48;43m  [38;2;175;172;159m  [38;2;135;132;121m  [38;2;0;0;0m                                                                                                                                                                  
[38;2;0;0;0m            [38;2;21;17;16m  [38;2;135;133;121m  [38;2;199;196;183m██[38;2;137;134;122m  [38;2;0;0;0m                                                                                                                                                                  
[38;2;0;0;0m            [38;2;143;114;109m  [38;2;180;178;164m██[38;2;213;211;196m██[38;2;135;133;122m  [38;2;0;0;0m                                                                                                                                                                  
[38;2;0;0;0m          [38;2;69;66;60m  [38;2;133;131;119m██[38;2;212;209;195m██[38;2;213;211;197m██[38;2;136;133;122m  [38;2;0;0;0m                                                                                                                                                                  
[38;2;0;0;0m        [38;2;1;1;1m  [38;2;97;95;86m  [38;2;214;210;196m██[38;2;213;211;197m████[38;2;141;138;126m██[38;2;129;127;115m██[38;2;129;127;114m  [38;2;167;163;150m  [38;2;152;149;137m  [38;2;128;126;114m  [38;2;134;131;119m  [38;2;3;3;3m    [38;2;4;4;3m  [38;2;4;3;3m  [38;2;3;3;3m                  [38;2;3;3;2m      [38;2;3;3;3m              [38;2;4;3;3m    [38;2;4;4;3m                [38;2;4;4;4m  [38;2;5;5;4m  [38;2;5;4;4m  [38;2;4;4;4m  [38;2;4;4;3m        [38;2;0;0;0m                                                                    
[38;2;0;0;0m        [38;2;55;54;49m  [38;2;166;164;151m  [38;2;214;211;196m██[38;2;214;211;197m████[38;2;189;186;172m██[38;2;179;176;163m██[38;2;178;176;162m██[38;2;170;167;154m██[38;2;171;168;155m██[38;2;172;169;156m██[38;2;157;155;142m██[38;2;156;154;141m████[38;2;161;158;144m  [38;2;157;155;141m  [38;2;152;149;136m██[38;2;151;148;136m██[38;2;151;148;135m██[38;2;150;147;134m██[38;2;149;146;134m██[38;2;148;146;133m██[38;2;148;145;132m██[38;2;147;145;132m██[38;2;146;144;131m  [38;2;144;143;129m  [38;2;145;142;130m  [38;2;145;144;130m  [38;2;146;143;131m  [38;2;149;147;135m  [38;2;152;149;137m  [38;2;151;148;135m  [38;2;153;151;138m  [38;2;156;153;141m  [38;2;155;152;140m  [38;2;153;150;138m  [38;2;152;151;138m  [38;2;150;149;136m  [38;2;141;139;126m  [38;2;146;144;132m  [38;2;130;129;117m  [38;2;130;128;116m  [38;2;129;128;117m  [38;2;135;132;121m  [38;2;134;132;119m  [38;2;142;139;127m  [38;2;158;157;143m  [38;2;149;146;133m  [38;2;137;134;123m  [38;2;129;129;117m  [38;2;131;130;118m  [38;2;133;130;118m  [38;2;133;133;122m  [38;2;43;42;38m                [38;2;41;40;36m  [38;2;39;38;34m  [38;2;36;36;32m  [38;2;39;39;34m  [38;2;45;44;40m  [38;2;45;44;41m  [38;2;41;40;36m  [38;2;36;35;31m  [38;2;38;37;33m  [38;2;40;39;34m  [38;2;41;40;36m  [38;2;40;39;35m  [38;2;41;41;36m  [38;2;46;46;41m  [38;2;52;51;46m  [38;2;51;51;46m  [38;2;51;50;46m  [38;2;49;49;44m  [38;2;46;44;40m  [38;2;42;41;37m  [38;2;41;41;36m  [38;2;42;41;38m  [38;2;43;43;39m  [38;2;45;44;40m  [38;2;46;46;41m  [38;2;7;7;6m  
[38;2;0;0;0m      [38;2;9;9;8m  [38;2;122;119;109m  [38;2;203;200;186m██[38;2;214;211;196m████████████[38;2;214;211;197m██[38;2;214;211;196m████████████[38;2;214;211;197m██[38;2;214;211;196m████[38;2;214;211;197m██[38;2;214;211;196m████[38;2;214;211;197m██[38;2;214;211;196m████[38;2;214;211;197m██[38;2;214;211;196m████[38;2;214;210;196m████[38;2;214;211;196m██[38;2;214;211;197m██[38;2;214;211;196m██████[38;2;212;209;195m██[38;2;208;206;191m██[38;2;209;206;192m██[38;2;205;202;188m██[38;2;195;192;178m██[38;2;200;197;183m██[38;2;184;181;168m██████████████████[38;2;170;168;155m██[38;2;171;168;155m████[38;2;170;168;155m████[38;2;170;167;155m████[38;2;170;168;155m██████[38;2;170;167;154m██[38;2;161;159;146m██[38;2;149;146;134m  [38;2;149;146;133m██[38;2;150;148;135m  [38;2;155;153;140m  [38;2;137;135;122m  [38;2;128;126;115m  [38;2;148;146;133m  [38;2;119;118;106m  [38;2;123;121;109m██  [38;2;124;122;110m  [38;2;124;121;109m  [38;2;125;123;111m██[38;2;130;128;115m██[38;2;135;133;120m██[38;2;135;133;121m  [38;2;134;132;120m  [38;2;133;131;118m  [38;2;129;127;114m  [38;2;125;123;111m  [38;2;124;123;111m  [38;2;126;124;112m  [38;2;127;125;113m  [38;2;128;126;114m  [38;2;129;128;116m  [38;2;86;85;76m  
[38;2;0;0;0m      [38;2;120;120;106m  [38;2;164;162;149m  [38;2;213;210;196m██[38;2;214;211;196m██[38;2;214;211;197m████[38;2;214;211;196m████[38;2;214;211;197m████████████[38;2;210;207;193m██[38;2;175;172;159m██[38;2;181;178;164m██[38;2;212;209;195m██[38;2;214;211;197m██[38;2;178;175;162m██[38;2;176;173;160m██[38;2;172;169;156m██[38;2;202;199;186m██[38;2;214;211;197m████████████[38;2;214;211;196m██[38;2;214;211;197m██[38;2;214;211;196m████[38;2;214;211;197m██[38;2;214;211;196m████[38;2;214;211;197m██[38;2;214;211;196m████[38;2;214;211;197m██[38;2;214;211;196m████[38;2;214;211;197m██[38;2;214;210;196m██[38;2;214;211;196m██[38;2;214;211;197m██████████[38;2;213;210;196m██████████████████████[38;2;212;209;195m██████████[38;2;211;208;194m████[38;2;212;209;195m██[38;2;211;208;194m████████████[38;2;176;173;159m██[38;2;134;131;120m██[38;2;182;179;167m██[38;2;129;127;115m██[38;2;149;147;135m██[38;2;203;200;186m██[38;2;210;207;193m██[38;2;202;199;185m██[38;2;156;154;142m██[38;2;127;125;113m██[38;2;211;208;194m████[38;2;110;106;94m  
[38;2;0;0;0m    [38;2;28;27;24m  [38;2;137;134;122m██[38;2;214;211;197m██[38;2;213;211;197m██[38;2;214;211;196m██[38;2;214;211;197m████[38;2;214;211;196m██[38;2;214;211;197m██████████████[38;2;204;201;187m██[38;2;134;132;120m██[38;2;127;124;113m████████████[38;2;134;132;120m██[38;2;200;197;183m██[38;2;214;211;197m████[38;2;213;211;197m██[38;2;196;193;179m██[38;2;189;186;173m██[38;2;193;190;177m██[38;2;209;206;192m██[38;2;213;211;197m████[38;2;214;211;197m██[38;2;213;211;197m████[38;2;214;211;197m██[38;2;213;211;197m████[38;2;213;209;196m██[38;2;192;189;176m██[38;2;191;188;175m██[38;2;214;211;197m██[38;2;213;211;197m████[38;2;214;211;197m██[38;2;213;211;197m████[38;2;214;211;197m██[38;2;213;211;197m██[38;2;197;194;180m██[38;2;214;211;197m██[38;2;213;211;197m████[38;2;214;211;197m██[38;2;213;211;197m██[38;2;214;211;197m████[38;2;213;211;197m██[38;2;214;211;197m████[38;2;213;211;197m████[38;2;214;211;197m██[38;2;213;211;197m██[38;2;214;211;197m████[38;2;213;211;197m██[38;2;213;210;196m██[38;2;177;173;161m██[38;2;213;211;197m██[38;2;214;211;197m████[38;2;213;211;197m██[38;2;214;211;197m██[38;2;213;210;196m██[38;2;176;174;160m██[38;2;198;195;182m██[38;2;202;199;185m██[38;2;152;150;137m██[38;2;214;211;197m██[38;2;213;211;197m████[38;2;164;162;149m██[38;2;126;125;113m██[38;2;213;211;197m██[38;2;214;211;197m██[38;2;135;133;120m  
[38;2;0;0;0m    [38;2;101;98;89m  [38;2;182;180;166m██[38;2;214;211;197m████[38;2;214;211;196m██[38;2;214;211;197m██████████████████████[38;2;182;179;166m██[38;2;178;176;162m██[38;2;175;172;159m██[38;2;133;131;119m██[38;2;135;133;121m██[38;2;178;176;162m██████[38;2;194;191;178m██[38;2;214;211;197m██████[38;2;151;149;136m██[38;2;127;124;113m██[38;2;133;130;118m██[38;2;156;154;141m██[38;2;213;210;196m██[38;2;214;211;197m████████████[38;2;211;208;194m██[38;2;179;176;163m██[38;2;131;129;117m██[38;2;136;134;122m██[38;2;197;194;180m██[38;2;214;211;197m██████████████[38;2;140;138;126m██[38;2;213;210;196m██[38;2;214;211;197m██[38;2;167;165;152m██[38;2;214;211;197m██████████████████████[38;2;214;211;196m██[38;2;214;211;197m████[38;2;195;193;179m██[38;2;136;133;121m██[38;2;214;211;197m██[38;2;214;211;196m██[38;2;214;211;197m████[38;2;214;211;196m██[38;2;213;210;196m██[38;2;175;172;159m██[38;2;199;196;183m██[38;2;210;207;193m██[38;2;152;150;137m██[38;2;214;211;196m██[38;2;214;211;197m████[38;2;164;162;149m██[38;2;127;124;113m██[38;2;214;211;197m████[38;2;132;130;117m██
[38;2;0;0;0m  [38;2;55;54;48m  [38;2;152;149;137m  [38;2;214;211;197m████[38;2;213;211;197m██[38;2;214;211;197m████[38;2;213;211;197m██[38;2;214;211;197m████[38;2;213;211;197m██[38;2;214;211;197m████[38;2;213;211;197m██[38;2;214;211;197m████[38;2;213;211;197m████[38;2;214;211;197m██[38;2;206;204;190m██[38;2;137;135;123m██[38;2;141;139;127m██[38;2;213;211;197m████[38;2;214;211;197m██[38;2;213;211;197m████[38;2;214;211;197m██[38;2;213;210;196m██[38;2;151;148;136m██[38;2;194;190;177m██[38;2;155;152;140m██[38;2;127;125;112m██[38;2;161;159;146m██[38;2;214;211;197m██[38;2;213;211;197m████[38;2;214;211;197m██[38;2;213;211;197m████[38;2;195;193;179m██[38;2;129;127;115m██[38;2;127;124;113m██[38;2;129;127;115m██[38;2;177;174;161m██[38;2;213;211;197m██[38;2;214;211;197m██[38;2;213;211;197m██[38;2;214;211;197m████████[38;2;131;129;117m██[38;2;213;210;196m██[38;2;214;211;197m██[38;2;128;126;114m██[38;2;199;196;182m██[38;2;213;211;197m██[38;2;214;211;197m████[38;2;213;211;197m██[38;2;214;211;197m████[38;2;213;211;197m████[38;2;214;211;197m██[38;2;213;211;197m████[38;2;214;211;197m██[38;2;213;211;197m██[38;2;149;147;134m██[38;2;198;196;182m██[38;2;213;211;197m████[38;2;214;211;197m██[38;2;213;211;197m████[38;2;212;209;195m██[38;2;152;150;137m██[38;2;207;204;190m██[38;2;213;211;197m██[38;2;143;141;129m██[38;2;201;199;185m██[38;2;213;211;197m██[38;2;214;211;197m██[38;2;164;162;149m██[38;2;154;152;139m██[38;2;214;211;197m██[38;2;213;211;197m██[38;2;130;128;115m  
[38;2;20;20;17m  [38;2;136;134;119m  [38;2;200;197;183m██[38;2;214;211;197m██[38;2;214;210;197m██[38;2;214;211;197m████[38;2;214;210;197m████[38;2;214;211;197m██[38;2;214;210;197m████████████████████[38;2;206;204;190m██[38;2;137;135;123m██[38;2;141;139;127m██[38;2;214;210;197m██████[38;2;214;211;197m██[38;2;214;210;197m████[38;2;199;196;183m██[38;2;141;139;126m██[38;2;193;191;177m██[38;2;170;168;155m██[38;2;127;124;113m██[38;2;163;160;148m██[38;2;214;211;197m██[38;2;214;210;197m██[38;2;213;211;197m██[38;2;214;211;197m██[38;2;214;210;197m██[38;2;213;211;197m██[38;2;164;161;148m██[38;2;157;154;141m██[38;2;209;206;192m██[38;2;158;155;143m██[38;2;214;210;197m██[38;2;213;211;197m████[38;2;214;210;197m██[38;2;214;211;197m████[38;2;204;201;187m██[38;2;181;178;165m██[38;2;130;127;115m██[38;2;190;187;174m██[38;2;208;205;191m██[38;2;144;142;129m██[38;2;214;210;197m██[38;2;214;211;197m████[38;2;214;210;197m██[38;2;214;211;197m██[38;2;213;211;197m██[38;2;214;210;197m██[38;2;214;211;197m████[38;2;214;210;197m██[38;2;214;211;197m████[38;2;214;210;197m██[38;2;214;211;197m██[38;2;145;143;131m██[38;2;207;204;191m██[38;2;214;211;197m████[38;2;214;210;197m██[38;2;214;211;197m████[38;2;212;209;195m██[38;2;150;148;135m██[38;2;208;205;191m██[38;2;213;211;197m██[38;2;146;144;131m██[38;2;194;191;178m██[38;2;213;211;197m██[38;2;214;211;197m██[38;2;164;162;149m██[38;2;175;173;160m██[38;2;213;211;197m██[38;2;214;211;197m██[38;2;117;115;103m  
[38;2;76;74;67m  [38;2;167;165;152m██[38;2;213;210;196m██[38;2;214;211;197m██████████[38;2;213;211;196m██[38;2;214;211;197m██[38;2;213;211;197m████[38;2;214;211;197m██[38;2;213;211;197m██[38;2;214;211;197m████[38;2;213;211;197m██[38;2;214;211;197m████[38;2;213;211;197m██[38;2;206;204;190m██[38;2;137;135;123m██[38;2;141;139;127m██[38;2;214;211;197m██[38;2;213;211;196m██[38;2;214;211;197m████[38;2;213;211;196m██[38;2;214;211;197m██[38;2;193;191;177m██[38;2;137;135;122m██[38;2;127;125;113m██[38;2;127;124;113m██[38;2;152;150;137m██[38;2;213;210;196m██[38;2;214;211;197m██[38;2;209;206;192m██[38;2;176;173;160m██[38;2;206;203;190m██[38;2;214;211;197m██[38;2;213;210;196m██[38;2;130;128;116m██[38;2;181;178;165m██[38;2;214;211;197m████████[38;2;214;210;197m██[38;2;214;211;197m████[38;2;213;211;197m██[38;2;180;177;164m██[38;2;128;126;114m██[38;2;127;124;113m██[38;2;129;127;115m██[38;2;189;186;173m██[38;2;209;206;192m██[38;2;213;211;197m████[38;2;214;211;197m██[38;2;213;211;197m██[38;2;214;211;197m████[38;2;213;211;197m██[38;2;214;211;197m████[38;2;213;211;197m██[38;2;214;211;197m████[38;2;213;211;197m██[38;2;213;210;196m██[38;2;145;143;130m██[38;2;209;206;192m██[38;2;214;211;197m██████████[38;2;212;209;195m██[38;2;151;148;136m██[38;2;209;205;192m██[38;2;214;211;197m██[38;2;174;171;158m██[38;2;181;178;165m██[38;2;214;211;197m████[38;2;164;162;149m██[38;2;174;171;158m██[38;2;214;211;197m████[38;2;118;115;103m  
[38;2;134;132;120m  [38;2;194;191;178m██[38;2;214;211;196m████[38;2;214;211;197m████[38;2;214;211;196m██[38;2;214;211;197m████[38;2;214;211;196m██[38;2;214;211;197m████████████████████[38;2;206;203;190m██[38;2;137;135;123m██[38;2;141;139;127m██[38;2;214;211;197m████████████[38;2;189;186;172m██[38;2;134;131;119m██[38;2;127;125;113m██[38;2;127;124;113m██[38;2;134;132;120m██[38;2;213;210;196m██[38;2;203;200;187m██[38;2;154;152;139m██[38;2;129;127;115m██[38;2;149;147;134m██[38;2;200;197;184m██[38;2;164;161;148m██[38;2;144;142;129m██[38;2;209;206;193m██[38;2;214;211;197m████████████████[38;2;209;206;192m██[38;2;151;149;136m██[38;2;130;128;116m██[38;2;199;196;182m██[38;2;210;207;193m██[38;2;214;211;197m██[38;2;203;200;187m██[38;2;202;199;186m██[38;2;214;211;197m████████████[38;2;214;211;196m██[38;2;214;211;197m████[38;2;214;211;196m██[38;2;214;211;197m██[38;2;197;194;180m██[38;2;138;135;123m██[38;2;213;210;196m██[38;2;214;211;197m██████████[38;2;212;209;195m██[38;2;152;149;137m██[38;2;210;207;193m██[38;2;214;211;197m██[38;2;188;185;172m██[38;2;180;177;164m██[38;2;214;211;197m████[38;2;164;162;149m██[38;2;188;185;172m██[38;2;214;211;197m████[38;2;119;116;104m  
[38;2;140;138;126m██[38;2;214;211;196m██████████████████████████████████████[38;2;192;189;175m██[38;2;133;131;119m██[38;2;141;139;127m██[38;2;207;204;190m██[38;2;197;194;181m██[38;2;202;199;185m██[38;2;213;210;196m██[38;2;214;211;196m████[38;2;180;177;163m██[38;2;127;125;113m██[38;2;212;209;195m██[38;2;193;190;176m██[38;2;136;134;121m██[38;2;142;140;128m██[38;2;186;184;170m██[38;2;128;126;114m██[38;2;200;197;183m██[38;2;127;125;113m██[38;2;178;175;162m██[38;2;135;133;120m██[38;2;146;144;131m██[38;2;214;211;196m██[38;2;214;211;197m██[38;2;208;205;191m██[38;2;183;180;167m██[38;2;197;194;180m██[38;2;214;211;197m██[38;2;209;207;193m██[38;2;211;209;195m██[38;2;214;211;197m██[38;2;214;211;196m██[38;2;161;158;146m██[38;2;131;129;117m██[38;2;214;211;196m██[38;2;214;211;197m████[38;2;185;183;169m██[38;2;182;180;166m██[38;2;201;198;184m██[38;2;213;210;196m██[38;2;171;169;155m██[38;2;208;205;191m██[38;2;160;157;144m██[38;2;188;186;172m██[38;2;202;199;185m██[38;2;159;157;145m██[38;2;164;161;148m██[38;2;211;208;194m██[38;2;214;211;196m██[38;2;193;190;177m██[38;2;136;134;121m██[38;2;214;211;196m██[38;2;214;211;197m████[38;2;214;211;196m██[38;2;214;211;197m████[38;2;212;209;195m██[38;2;153;151;138m██[38;2;211;208;194m██[38;2;214;211;197m██[38;2;188;185;172m██[38;2;179;177;164m██[38;2;213;210;196m██[38;2;214;211;197m██[38;2;164;162;149m██[38;2;195;192;178m██[38;2;214;211;197m██[38;2;211;208;195m██[38;2;130;129;116m██
[38;2;132;129;117m  [38;2;200;197;183m██[38;2;214;211;197m██[38;2;214;210;196m██[38;2;214;211;197m████[38;2;214;210;196m██[38;2;214;211;197m████[38;2;214;210;196m██[38;2;214;211;197m████████████████████[38;2;183;180;166m██[38;2;131;129;117m██[38;2;141;139;127m██[38;2;171;168;155m██[38;2;139;137;124m██[38;2;132;130;118m██[38;2;190;187;174m██[38;2;214;211;197m████[38;2;179;176;163m██[38;2;127;124;113m██[38;2;214;211;197m████[38;2;165;162;149m██[38;2;127;125;113m██[38;2;158;156;143m██[38;2;133;131;119m██[38;2;171;168;155m██[38;2;136;134;122m██[38;2;191;189;175m██[38;2;135;133;120m██[38;2;146;144;131m██[38;2;214;211;197m████[38;2;169;167;154m██[38;2;136;134;122m██[38;2;130;128;116m██[38;2;181;178;165m██[38;2;181;179;165m██[38;2;187;184;171m██[38;2;173;170;157m██[38;2;174;172;159m██[38;2;152;150;137m██[38;2;131;129;117m██[38;2;213;210;196m██[38;2;185;183;169m██[38;2;196;194;180m██[38;2;185;183;169m██[38;2;156;154;141m██[38;2;129;127;115m██[38;2;175;173;160m██[38;2;155;152;139m██[38;2;206;204;190m██[38;2;147;145;133m██[38;2;188;185;172m██[38;2;138;136;123m██[38;2;127;124;113m████[38;2;199;196;182m██[38;2;181;178;165m██[38;2;151;149;136m██[38;2;127;125;113m██[38;2;214;211;197m████████████[38;2;212;209;195m██[38;2;152;150;137m██[38;2;210;207;193m██[38;2;214;211;197m██[38;2;188;185;172m██[38;2;160;158;145m██[38;2;211;208;194m██[38;2;214;211;197m██[38;2;164;162;149m██[38;2;195;192;178m██[38;2;214;211;197m██[38;2;207;204;190m██[38;2;128;126;114m██
[38;2;42;41;37m  [38;2;172;169;156m██[38;2;214;210;197m██[38;2;214;211;197m██████████████████████████████████[38;2;173;170;157m██[38;2;128;126;114m██[38;2;141;139;127m██[38;2;171;168;155m██[38;2;187;184;171m██[38;2;136;134;122m██[38;2;165;163;150m██[38;2;214;211;197m████[38;2;182;179;166m██[38;2;129;127;115m██[38;2;214;211;197m██[38;2;213;211;197m██[38;2;191;188;175m██[38;2;127;125;113m██[38;2;127;124;113m██████[38;2;173;171;158m██[38;2;212;209;195m██[38;2;135;133;120m██[38;2;136;133;121m██[38;2;192;189;176m██[38;2;213;211;197m██[38;2;129;127;115m██[38;2;165;163;150m██[38;2;167;164;151m██[38;2;140;137;125m██[38;2;174;171;158m██[38;2;136;134;122m██[38;2;127;125;113m████[38;2;134;132;119m██[38;2;131;129;117m██[38;2;212;209;195m██[38;2;153;150;138m██[38;2;173;170;158m██[38;2;178;176;162m██[38;2;127;124;113m██[38;2;151;149;136m██[38;2;136;134;122m██[38;2;146;144;131m██[38;2;207;204;190m██[38;2;142;140;128m██[38;2;170;167;154m██[38;2;130;128;116m██[38;2;155;152;140m██[38;2;127;124;113m██[38;2;142;140;128m██[38;2;130;128;116m██[38;2;127;124;113m██[38;2;127;125;113m██[38;2;214;211;197m██[38;2;213;211;197m██[38;2;214;211;197m████[38;2;213;211;197m██[38;2;214;211;197m██[38;2;212;209;195m██[38;2;151;148;136m██[38;2;208;205;192m██[38;2;213;211;197m██[38;2;191;188;175m██[38;2;138;135;123m██[38;2;208;205;191m██[38;2;213;211;197m██[38;2;164;162;149m██[38;2;184;181;168m██[38;2;213;211;197m██[38;2;214;211;197m██[38;2;129;127;115m██
[38;2;16;16;14m  [38;2;114;113;100m  [38;2;195;193;179m██[38;2;214;211;197m██[38;2;213;211;197m██[38;2;214;211;197m████[38;2;213;211;197m████[38;2;214;211;197m██[38;2;213;211;197m████████████████████[38;2;188;186;172m██[38;2;132;130;118m██[38;2;141;139;127m██[38;2;170;168;155m██[38;2;190;187;174m██[38;2;127;124;112m██[38;2;165;163;150m██[38;2;213;211;197m████[38;2;189;186;172m██[38;2;133;131;119m██[38;2;210;207;193m██[38;2;211;208;194m██[38;2;152;150;137m██[38;2;131;129;117m██[38;2;129;127;115m██[38;2;181;179;166m██[38;2;214;210;197m████[38;2;213;211;197m██[38;2;142;140;127m██[38;2;127;124;113m██[38;2;173;170;157m██[38;2;213;210;196m██[38;2;127;125;113m██[38;2;166;164;151m██[38;2;172;169;156m██[38;2;138;136;124m██[38;2;174;171;158m██[38;2;127;125;113m██[38;2;201;199;185m██[38;2;127;124;112m██[38;2;132;130;118m██[38;2;131;129;117m██[38;2;211;208;194m██[38;2;152;150;137m██[38;2;207;205;190m██[38;2;176;174;160m██[38;2;175;172;159m██[38;2;195;192;179m██[38;2;132;130;118m██[38;2;135;133;121m██[38;2;192;189;176m██[38;2;140;138;125m██[38;2;154;152;139m██[38;2;127;125;113m██[38;2;131;129;117m██[38;2;168;166;153m██[38;2;139;137;125m████[38;2;178;175;162m██[38;2;129;127;115m██[38;2;213;211;197m██[38;2;214;211;197m██[38;2;213;211;197m████[38;2;214;211;197m██[38;2;213;211;197m██[38;2;212;209;195m██[38;2;154;152;139m██[38;2;212;209;195m██[38;2;214;210;197m██[38;2;201;198;184m██[38;2;144;141;129m██[38;2;207;204;191m██[38;2;214;210;197m██[38;2;164;162;149m██[38;2;181;178;165m██[38;2;214;210;197m██[38;2;213;211;197m██[38;2;129;126;113m  
[38;2;0;0;0m  [38;2;35;35;31m  [38;2;155;152;140m  [38;2;214;211;197m██[38;2;213;211;197m██[38;2;214;211;197m████[38;2;213;211;197m██[38;2;213;211;196m██[38;2;214;211;197m██[38;2;213;211;197m██[38;2;213;211;196m██[38;2;213;211;197m████[38;2;213;211;196m██[38;2;213;211;197m████[38;2;213;211;196m██[38;2;213;211;197m████[38;2;206;203;190m██[38;2;137;135;123m██[38;2;141;139;127m██[38;2;187;184;171m██[38;2;133;131;119m██[38;2;131;129;117m██[38;2;185;182;169m██[38;2;213;211;197m████[38;2;202;199;185m██[38;2;142;140;128m██[38;2;158;156;143m██[38;2;160;158;145m██[38;2;127;125;113m██[38;2;188;185;172m██[38;2;169;167;154m██[38;2;159;157;144m██[38;2;178;176;162m██[38;2;188;185;172m██[38;2;213;211;197m██[38;2;212;209;195m██[38;2;130;128;116m██[38;2;148;145;133m██[38;2;176;174;161m██[38;2;127;125;113m██[38;2;130;127;115m██[38;2;128;126;114m██[38;2;162;160;147m██[38;2;174;171;158m██[38;2;158;155;143m██[38;2;205;202;189m██[38;2;136;134;121m██[38;2;195;192;178m██[38;2;130;128;115m██[38;2;197;195;181m██[38;2;174;171;158m██[38;2;213;210;196m██[38;2;182;180;167m██[38;2;186;183;170m██[38;2;199;196;182m██[38;2;142;140;128m██[38;2;149;147;134m██[38;2;127;124;113m██[38;2;163;161;148m██[38;2;181;179;165m██[38;2;134;132;120m██[38;2;155;152;139m██[38;2;178;175;162m██[38;2;135;133;121m██[38;2;134;132;120m██[38;2;164;161;149m██[38;2;131;129;117m██[38;2;211;208;194m██[38;2;214;211;196m██[38;2;213;211;197m████[38;2;214;211;196m██[38;2;214;211;197m██[38;2;212;209;195m██[38;2;156;153;141m██[38;2;214;211;197m████[38;2;211;208;194m██[38;2;157;155;142m██[38;2;207;204;191m██[38;2;214;211;196m██[38;2;164;162;149m██[38;2;197;194;180m██[38;2;214;211;196m██[38;2;214;210;197m██[38;2;131;129;117m  
[38;2;0;0;0m    [38;2;98;96;87m  [38;2;196;193;180m██[38;2;213;211;196m██[38;2;213;211;197m██[38;2;214;211;196m██[38;2;213;211;196m██[38;2;213;211;197m██[38;2;214;211;196m██[38;2;213;211;196m██[38;2;213;211;197m████[38;2;213;211;196m██[38;2;213;211;197m████[38;2;213;211;196m██[38;2;213;211;197m████[38;2;213;211;196m██[38;2;212;209;195m██[38;2;164;162;149m██[38;2;193;190;177m██[38;2;213;210;196m██[38;2;193;191;177m██[38;2;192;189;176m██[38;2;214;211;197m██[38;2;213;211;197m██[38;2;214;211;197m██[38;2;211;208;194m██[38;2;177;174;161m██[38;2;146;143;131m██[38;2;141;139;127m██[38;2;180;178;164m██[38;2;213;210;196m██[38;2;196;193;180m██[38;2;138;136;124m██[38;2;127;124;113m██[38;2;165;163;150m██[38;2;213;211;197m██[38;2;214;211;196m██[38;2;180;178;165m██[38;2;132;130;118m██[38;2;127;124;113m██[38;2;162;160;147m██[38;2;176;173;160m██[38;2;175;172;159m██[38;2;209;206;192m██[38;2;202;199;186m██[38;2;208;205;191m██[38;2;211;208;194m██[38;2;195;193;179m██[38;2;211;208;194m██[38;2;177;174;161m██[38;2;191;188;174m██[38;2;211;208;194m██[38;2;213;210;196m██[38;2;207;204;191m██[38;2;207;204;190m██[38;2;211;208;194m██[38;2;196;193;179m██[38;2;199;196;182m██[38;2;189;186;173m██[38;2;212;209;195m██[38;2;213;210;196m██[38;2;171;169;156m██[38;2;127;125;113m██[38;2;129;127;115m██[38;2;179;177;163m██[38;2;158;155;142m██[38;2;138;136;124m██[38;2;164;161;148m██[38;2;156;153;141m██[38;2;214;211;197m██████████[38;2;212;209;195m██[38;2;156;153;141m██[38;2;214;211;197m██[38;2;214;211;196m██[38;2;213;211;197m██[38;2;160;158;145m██[38;2;207;204;191m██[38;2;213;211;197m██[38;2;164;162;149m██[38;2;195;192;178m██[38;2;213;211;197m██[38;2;213;210;197m██[38;2;137;136;124m  
[38;2;0;0;0m      [38;2;137;134;122m  [38;2;212;209;195m██[38;2;214;211;197m██[38;2;214;210;196m██[38;2;213;211;197m████[38;2;213;210;196m██[38;2;212;209;195m██████████[38;2;213;210;196m██[38;2;213;211;197m████████████████████[38;2;214;211;197m██[38;2;213;211;197m████[38;2;214;211;197m██[38;2;213;211;197m████[38;2;214;211;197m██[38;2;213;211;197m██[38;2;214;211;197m██[38;2;214;211;196m██[38;2;213;211;197m██[38;2;214;210;196m██[38;2;214;211;196m██[38;2;213;211;197m██[38;2;214;211;196m████[38;2;213;211;197m██[38;2;214;211;196m████[38;2;213;211;197m██[38;2;214;211;196m████[38;2;213;211;197m██[38;2;214;211;197m████[38;2;213;211;197m██[38;2;214;211;197m████[38;2;213;211;197m██[38;2;214;211;197m████[38;2;213;211;197m██[38;2;214;211;197m██[38;2;214;211;196m██[38;2;213;211;197m██[38;2;214;211;197m██[38;2;214;211;196m██[38;2;213;211;197m██[38;2;214;211;197m██[38;2;214;211;196m██[38;2;213;211;197m██[38;2;214;211;197m████[38;2;213;211;197m██[38;2;214;211;197m████[38;2;139;137;124m██[38;2;214;211;197m████[38;2;213;211;197m██[38;2;214;211;197m████[38;2;212;209;195m██[38;2;156;153;141m██[38;2;214;211;196m██[38;2;214;211;197m██[38;2;214;211;196m██[38;2;160;158;145m██[38;2;198;195;181m██[38;2;214;211;196m██[38;2;164;162;149m██[38;2;193;191;177m██[38;2;214;211;196m██[38;2;214;210;196m██[38;2;134;132;120m  
[38;2;0;0;0m      [38;2;84;82;73m  [38;2;159;157;144m██[38;2;211;208;194m██[38;2;214;211;196m██[38;2;214;211;197m████[38;2;212;209;195m██[38;2;153;150;138m  [38;2;152;149;136m  [38;2;159;156;143m  [38;2;162;159;146m██[38;2;164;162;148m██[38;2;185;182;169m██[38;2;183;180;166m  [38;2;180;177;164m    [38;2;182;179;166m  [38;2;183;180;167m  [38;2;182;179;166m  [38;2;180;177;164m  [38;2;179;176;163m  [38;2;178;176;162m  [38;2;181;179;165m██[38;2;184;181;168m██[38;2;185;182;168m██[38;2;183;180;167m  [38;2;181;178;165m    [38;2;183;180;167m  [38;2;181;178;165m  [38;2;184;181;168m██████████████████[38;2;185;182;169m██[38;2;184;181;168m██████[38;2;185;182;168m██[38;2;186;183;170m██[38;2;189;187;173m██[38;2;189;186;173m████[38;2;190;187;173m██████[38;2;189;187;173m██[38;2;190;187;174m██[38;2;194;191;177m██[38;2;204;202;188m██[38;2;207;204;190m██[38;2;192;190;176m██[38;2;195;192;178m██[38;2;194;192;178m██[38;2;192;189;176m██[38;2;194;191;178m██[38;2;199;196;182m██[38;2;193;191;177m██[38;2;192;189;176m██[38;2;195;192;179m██[38;2;208;206;192m██[38;2;214;211;197m██[38;2;214;211;196m██[38;2;214;211;197m████[38;2;212;209;195m██[38;2;206;203;190m██[38;2;204;201;188m██[38;2;193;190;176m██[38;2;192;189;176m██[38;2;188;185;172m██[38;2;148;146;133m██[38;2;191;188;175m██[38;2;190;187;174m██[38;2;191;188;175m██[38;2;152;150;137m██[38;2;127;125;113m██[38;2;184;181;168m██[38;2;151;149;136m██[38;2;165;163;150m██[38;2;184;181;168m████[38;2;121;119;107m  
[38;2;0;0;0m      [38;2;14;14;14m  [38;2;135;134;126m  [38;2;197;194;180m██[38;2;214;211;196m██████[38;2;211;208;194m  [38;2;93;90;82m  [38;2;41;40;36m  [38;2;44;43;39m  [38;2;48;47;43m  [38;2;49;48;43m  [38;2;46;45;41m  [38;2;42;42;37m  [38;2;39;38;34m    [38;2;41;41;37m  [38;2;43;42;37m  [38;2;42;41;37m  [38;2;40;39;35m  [38;2;38;38;34m  [38;2;38;37;33m  [38;2;41;41;36m  [38;2;43;42;38m  [38;2;44;44;39m  [38;2;43;42;37m  [38;2;41;40;36m    [38;2;42;42;37m  [38;2;40;40;35m  [38;2;43;42;38m                [38;2;44;43;39m  [38;2;44;44;40m  [38;2;43;43;38m  [38;2;43;42;38m  [38;2;43;43;39m  [38;2;44;43;39m  [38;2;45;45;40m  [38;2;49;48;44m  [38;2;116;116;106m  [38;2;137;134;124m  [38;2;133;131;119m  [38;2;127;126;113m  [38;2;123;121;109m  [38;2;121;119;107m    [38;2;127;123;112m  [38;2;141;139;127m  [38;2;149;147;134m  [38;2;141;138;126m  [38;2;145;142;130m  [38;2;147;145;132m  [38;2;150;148;136m  [38;2;143;140;128m  [38;2;139;137;125m  [38;2;130;128;115m  [38;2;128;126;114m  [38;2;132;129;117m  [38;2;145;143;129m  [38;2;150;147;134m  [38;2;150;148;134m  [38;2;150;147;134m    [38;2;148;145;133m  [38;2;142;140;128m  [38;2;142;140;127m  [38;2;132;129;118m  [38;2;139;137;124m  [38;2;132;129;117m  [38;2;139;136;124m  [38;2;137;133;121m  [38;2;132;129;117m  [38;2;126;124;112m  [38;2;118;117;105m  [38;2;114;112;101m  [38;2;116;114;102m  [38;2;119;117;105m  [38;2;123;123;111m  [38;2;129;127;115m  [38;2;129;128;116m  [38;2;51;50;46m  
[38;2;0;0;0m        [38;2;51;50;44m  [38;2;126;124;111m  [38;2;214;211;196m██[38;2;214;211;197m████[38;2;212;209;195m  [38;2;98;96;89m  [38;2;0;0;0m                                                                            [38;2;3;3;2m  [38;2;4;4;3m  [38;2;3;3;3m      [38;2;3;3;2m    [38;2;3;3;3m      [38;2;4;4;3m      [38;2;4;4;4m  [38;2;4;4;3m  [38;2;3;3;3m                          [38;2;4;4;3m  [38;2;3;3;3m  [38;2;4;4;3m  [38;2;4;3;3m  [38;2;3;3;3m      [38;2;3;3;2m  [38;2;3;3;3m      [38;2;4;4;3m    [38;2;0;0;0m  
[38;2;0;0;0m          [38;2;93;90;82m  [38;2;191;188;175m██[38;2;214;211;197m████[38;2;211;208;194m  [38;2;85;83;75m  [38;2;0;0;0m                                                                                                                                                                
[38;2;0;0;0m          [38;2;36;33;30m  [38;2;127;125;113m  [38;2;197;194;180m██[38;2;214;211;197m██[38;2;211;208;194m  [38;2;79;79;70m  [38;2;0;0;0m                                                                                                                                                                
[38;2;0;0;0m            [38;2;19;19;17m  [38;2;159;157;150m██[38;2;213;211;197m██[38;2;211;208;194m  [38;2;74;73;65m  [38;2;0;0;0m                                                                                                                                                                
[38;2;0;0;0m            [38;2;6;6;6m  [38;2;100;98;98m  [38;2;177;175;173m  [38;2;209;207;204m  [38;2;90;89;83m  [38;2;0;0;0m                                                                                                                                                                
[38;2;0;0;0m              [38;2;20;20;20m  [38;2;113;112;111m  [38;2;202;200;198m  [38;2;86;84;84m  [38;2;0;0;0m                                                                                                                                                                
[38;2;0;0;0m                [38;2;13;13;12m  [38;2;131;130;128m  [38;2;75;75;73m  [38;2;0;0;0m                                                                                                                                                                [0m
