
[38;2;0;0;0m          [38;2;195;195;32m  [38;2;29;29;29m  [38;2;93;93;93m  [38;2;15;15;19m  [38;2;1;1;1m  [38;2;3;4;2m  [38;2;2;1;1m  [38;2;5;4;6m  [38;2;31;25;12m  [38;2;77;68;39m██[38;2;32;25;17m  [38;2;85;86;89m  [38;2;30;32;31m  [38;2;20;20;20m  [38;2;0;0;0m                                    
[38;2;0;0;0m        [38;2;55;55;55m  [38;2;56;57;52m  [38;2;4;3;10m  [38;2;143;135;82m██[38;2;226;217;126m██[38;2;69;68;51m██[38;2;2;5;1m██[38;2;1;3;3m██[38;2;6;5;5m██[38;2;54;42;23m██[38;2;249;201;80m██[38;2;253;201;75m██[38;2;240;204;83m██[38;2;106;79;34m  [38;2;93;87;98m  [38;2;81;84;79m  [38;2;90;90;90m  [38;2;0;0;0m  [38;2;54;54;54m  [38;2;30;30;30m  [38;2;8;8;8m  [38;2;51;51;51m  [38;2;0;0;0m                      
[38;2;0;0;0m      [38;2;64;64;63m  [38;2;6;6;6m  [38;2;210;207;126m██[38;2;248;233;109m██[38;2;248;223;79m██[38;2;44;31;12m██[38;2;1;5;1m██[38;2;33;23;14m██[38;2;204;169;67m██[38;2;28;25;23m██[38;2;14;24;11m██[38;2;250;203;80m██[38;2;253;202;81m██[38;2;253;201;59m██[38;2;225;152;47m██[38;2;237;141;31m██[38;2;165;137;64m  [38;2;8;2;0m  [38;2;0;1;1m  [38;2;3;4;3m  [38;2;3;4;2m  [38;2;13;14;13m  [38;2;49;50;48m  [38;2;71;71;69m  [38;2;32;32;32m  [38;2;0;0;0m                  
[38;2;0;0;0m    [38;2;49;49;49m  [38;2;27;25;22m  [38;2;251;248;126m██[38;2;254;240;124m██[38;2;250;218;95m██[38;2;131;103;51m██[38;2;12;9;15m██[38;2;245;203;80m██[38;2;247;200;77m██[38;2;237;172;57m██[38;2;200;141;56m██[38;2;7;6;12m██[38;2;148;121;67m██[38;2;253;200;76m██[38;2;247;181;58m██[38;2;143;67;32m██[38;2;249;195;77m██[38;2;252;204;71m██[38;2;246;204;78m██[38;2;253;205;83m██[38;2;246;206;80m██[38;2;254;216;85m██[38;2;254;216;92m██[38;2;238;209;92m██[38;2;85;67;37m██[38;2;12;16;12m  [38;2;36;36;35m  [38;2;49;49;49m  [38;2;0;0;0m              
[38;2;0;0;0m  [38;2;62;62;62m  [38;2;24;23;29m  [38;2;202;201;122m██[38;2;251;244;128m██[38;2;252;237;114m██[38;2;167;144;75m██[38;2;122;99;60m██[38;2;249;208;76m██[38;2;44;38;19m██[38;2;220;183;76m██[38;2;182;123;35m██[38;2;219;140;30m██[38;2;68;40;23m██[38;2;3;2;4m██[38;2;250;198;75m██[38;2;242;160;49m██[38;2;185;98;10m██[38;2;253;203;79m██[38;2;252;202;73m██[38;2;242;199;74m██[38;2;117;71;23m██[38;2;234;161;47m██[38;2;247;168;47m██[38;2;246;196;62m██[38;2;254;225;103m██[38;2;251;227;110m██[38;2;237;207;98m██[38;2;18;14;5m  [38;2;156;156;153m  [38;2;50;50;50m  [38;2;0;0;0m            
[38;2;0;0;0m  [38;2;138;160;137m  [38;2;59;54;28m  [38;2;253;245;123m██[38;2;251;243;122m██[38;2;251;226;104m██[38;2;247;209;76m██[38;2;254;201;80m██[38;2;250;204;77m██[38;2;58;48;26m██[38;2;3;2;1m██[38;2;164;115;48m██[38;2;202;136;38m██[38;2;239;191;64m██[38;2;6;6;10m██[38;2;215;170;55m██[38;2;237;155;36m██[38;2;158;111;34m██[38;2;249;202;72m██[38;2;113;88;34m██[38;2;181;105;29m██[38;2;172;92;22m██[38;2;238;156;37m██[38;2;253;197;72m██[38;2;254;232;111m██[38;2;253;239;117m████[38;2;253;229;104m██[38;2;252;206;86m██[38;2;4;3;2m  [38;2;64;61;59m  [38;2;178;178;178m  [38;2;0;0;0m          
[38;2;112;112;113m  [38;2;11;12;20m  [38;2;254;254;149m██[38;2;253;243;131m██[38;2;254;234;115m██[38;2;250;213;85m██[38;2;253;203;77m██[38;2;250;205;68m██[38;2;217;174;81m██[38;2;104;105;91m██[38;2;149;153;152m██[38;2;8;4;6m██[38;2;7;1;5m██[38;2;175;138;79m██[38;2;35;30;18m██[38;2;25;19;12m██[38;2;7;2;10m██[38;2;244;202;88m██[38;2;205;159;58m██[38;2;112;48;8m██[38;2;250;145;23m██[38;2;248;167;49m██[38;2;251;190;63m██[38;2;254;219;95m██[38;2;252;236;115m██[38;2;254;239;122m██[38;2;252;241;125m██[38;2;254;234;116m██[38;2;254;213;91m██[38;2;246;204;74m██[38;2;51;42;22m  [38;2;71;71;70m  [38;2;3;3;3m  [38;2;0;0;0m        
[38;2;190;178;190m  [38;2;12;10;11m  [38;2;250;245;127m██[38;2;253;242;123m██[38;2;251;232;108m██[38;2;214;169;74m██[38;2;238;199;76m██[38;2;251;203;68m██[38;2;123;97;47m██[38;2;112;113;107m██[38;2;45;46;48m██[38;2;0;0;0m████[38;2;8;8;7m██[38;2;39;31;24m██[38;2;3;3;6m██[38;2;5;4;7m██[38;2;243;194;90m██[38;2;176;92;19m██[38;2;249;152;32m██[38;2;249;182;50m██[38;2;251;197;68m██[38;2;252;204;82m██[38;2;253;215;87m██[38;2;221;194;93m██[38;2;118;108;64m██[38;2;49;48;30m██[38;2;121;112;63m██[38;2;253;219;92m██[38;2;254;206;64m██[38;2;248;207;73m██[38;2;71;56;26m██[38;2;19;18;20m  [38;2;45;45;45m  [38;2;0;0;0m      
[38;2;62;65;60m  [38;2;182;179;105m██[38;2;253;241;127m██[38;2;252;227;106m██[38;2;251;214;90m██[38;2;145;118;52m██[38;2;240;164;43m██[38;2;236;153;36m██[38;2;198;147;75m██[38;2;40;42;42m██[38;2;227;226;226m██[38;2;2;2;2m██[38;2;1;1;1m██[38;2;148;148;147m██[38;2;51;36;22m██[38;2;79;68;39m██[38;2;88;78;43m██[38;2;76;38;18m██[38;2;243;158;35m██[38;2;248;185;55m██[38;2;254;207;78m██[38;2;146;119;45m██[38;2;72;63;34m██[38;2;5;6;16m██[38;2;8;6;7m██[38;2;2;0;2m██[38;2;1;0;5m██[38;2;1;3;13m██[38;2;3;5;9m██[38;2;251;219;101m██[38;2;250;206;70m██[38;2;245;205;70m██[38;2;62;50;30m  [38;2;23;23;26m  [38;2;57;57;57m  [38;2;0;0;0m    
[38;2;7;10;8m  [38;2;250;246;133m██[38;2;254;224;96m██[38;2;252;209;80m██[38;2;122;79;28m██[38;2;181;82;19m██[38;2;240;116;9m██[38;2;246;123;5m██[38;2;229;129;31m██[38;2;118;77;28m██[38;2;35;34;39m██[38;2;223;225;219m██[38;2;232;232;230m██[38;2;215;203;155m██[38;2;240;206;80m██[38;2;241;205;79m██[38;2;0;2;7m██[38;2;242;147;28m██[38;2;186;143;62m██[38;2;48;36;22m██[38;2;2;4;4m██[38;2;0;2;5m██[38;2;1;1;0m██[38;2;0;3;1m██[38;2;1;3;0m██[38;2;30;19;6m██[38;2;81;60;25m██[38;2;101;70;40m██[38;2;3;2;2m██[38;2;11;3;9m██[38;2;198;170;69m██[38;2;254;200;84m██[38;2;250;203;84m██[38;2;57;36;22m██[38;2;39;39;39m  [38;2;131;131;131m  [38;2;0;0;0m  
[38;2;13;13;7m  [38;2;254;242;129m██[38;2;252;214;100m██[38;2;190;119;37m██[38;2;210;105;23m██[38;2;240;116;10m██[38;2;241;115;4m██[38;2;243;121;8m██[38;2;245;128;14m██[38;2;246;142;26m██[38;2;244;170;57m██[38;2;44;30;17m██[38;2;105;91;41m██[38;2;127;113;58m██[38;2;254;202;78m██[38;2;214;176;88m██[38;2;16;6;8m██[38;2;17;4;8m██[38;2;5;2;7m██[38;2;9;8;6m██[38;2;3;1;3m██[38;2;16;9;11m██[38;2;62;50;24m██[38;2;139;114;57m██[38;2;182;115;37m██[38;2;28;17;9m██[38;2;98;61;20m██[38;2;141;93;26m██[38;2;213;145;42m██[38;2;13;9;5m██[38;2;8;7;5m██[38;2;216;180;81m██[38;2;252;203;73m██[38;2;251;206;72m██[38;2;3;3;2m██[38;2;86;86;87m  [38;2;15;15;15m  
[38;2;101;100;54m  [38;2;253;240;121m██[38;2;249;197;79m██[38;2;115;50;8m██[38;2;245;115;1m██[38;2;242;116;3m██[38;2;243;121;5m██[38;2;243;128;12m██[38;2;246;139;22m██[38;2;248;156;35m██[38;2;254;179;59m██[38;2;247;204;70m██[38;2;254;211;92m██[38;2;246;201;85m██[38;2;254;217;100m██[38;2;253;214;85m██[38;2;155;129;55m██[38;2;208;171;85m██[38;2;251;204;82m██[38;2;254;198;85m██[38;2;210;170;98m██[38;2;2;1;0m██[38;2;5;7;6m██[38;2;5;8;5m██[38;2;18;13;24m██[38;2;1;0;3m██[38;2;13;12;8m██[38;2;54;38;13m██[38;2;70;38;16m██[38;2;249;176;29m██[38;2;214;169;55m██[38;2;26;7;3m██[38;2;250;205;70m██[38;2;252;203;76m██[38;2;253;222;91m██[38;2;4;5;6m  [38;2;35;35;33m  
[38;2;105;102;57m  [38;2;252;237;116m██[38;2;209;174;84m██[38;2;234;122;17m██[38;2;241;117;5m██[38;2;243;121;6m██[38;2;245;129;14m██[38;2;245;140;23m██[38;2;247;159;38m██[38;2;250;178;55m██[38;2;251;198;71m██[38;2;81;60;34m██[38;2;10;4;2m██[38;2;93;80;44m██[38;2;251;213;87m██[38;2;242;208;82m██[38;2;84;69;35m██[38;2;251;205;71m██[38;2;251;205;69m██[38;2;254;208;79m██[38;2;46;45;44m██[38;2;113;113;115m██[38;2;0;2;1m██[38;2;1;1;0m██[38;2;4;5;9m██[38;2;127;128;132m██[38;2;91;90;88m██[38;2;30;28;18m██[38;2;244;186;48m██[38;2;252;175;51m██[38;2;252;180;47m██[38;2;253;188;54m██[38;2;252;206;71m██[38;2;254;205;78m██[38;2;246;221;99m██[38;2;108;90;47m██[38;2;104;105;104m  
[38;2;48;44;26m  [38;2;251;232;118m██[38;2;67;48;25m██[38;2;229;108;1m██[38;2;241;117;3m██[38;2;245;127;13m██[38;2;248;142;24m██[38;2;249;160;38m██[38;2;252;176;57m██[38;2;253;198;72m██[38;2;248;202;73m██[38;2;201;142;43m██[38;2;85;31;12m██[38;2;136;101;51m██[38;2;92;75;37m██[38;2;26;16;8m██[38;2;89;61;29m██[38;2;10;5;15m██[38;2;209;168;85m██[38;2;251;204;87m██[38;2;32;30;22m██[38;2;203;200;200m██[38;2;2;3;4m██[38;2;0;0;0m██[38;2;11;11;11m██[38;2;232;232;232m██[38;2;250;252;248m██[38;2;212;185;123m██[38;2;251;198;63m██[38;2;254;188;58m██[38;2;254;193;61m██[38;2;253;180;46m██[38;2;253;197;63m██[38;2;253;208;78m██[38;2;251;221;89m██[38;2;251;222;108m██[38;2;9;9;8m  
[38;2;26;26;15m  [38;2;248;232;118m██[38;2;6;1;0m██[38;2;215;99;1m██[38;2;241;119;6m██[38;2;244;139;21m██[38;2;249;158;38m██[38;2;249;176;54m██[38;2;251;193;65m██[38;2;213;167;56m██[38;2;215;165;65m██[38;2;125;94;34m██[38;2;177;118;22m██[38;2;160;96;30m██[38;2;152;85;20m██[38;2;218;120;25m██[38;2;192;97;24m██[38;2;192;110;37m██[38;2;17;2;2m██[38;2;18;10;7m██[38;2;223;187;100m██[38;2;19;20;20m██[38;2;188;188;190m██[38;2;144;145;145m██[38;2;236;236;238m██[38;2;249;249;249m██[38;2;27;27;23m██[38;2;69;49;28m██[38;2;254;197;72m██[38;2;253;201;70m██[38;2;253;204;68m██[38;2;254;195;64m██[38;2;251;187;51m██[38;2;254;212;83m██[38;2;254;226;109m██[38;2;252;238;112m██[38;2;7;6;6m  
[38;2;11;10;7m  [38;2;251;235;122m██[38;2;36;19;17m██[38;2;204;101;6m██[38;2;237;128;20m██[38;2;252;152;31m██[38;2;202;150;53m██[38;2;6;2;1m██[38;2;33;33;14m██[38;2;181;150;68m██[38;2;63;52;24m██[38;2;166;135;69m██[38;2;27;22;7m██[38;2;176;135;52m██[38;2;75;42;12m██[38;2;200;138;50m██[38;2;206;140;45m██[38;2;198;119;30m██[38;2;124;68;26m██[38;2;220;164;71m██[38;2;53;40;14m██[38;2;83;74;47m██[38;2;41;36;21m██[38;2;34;26;16m██[38;2;32;19;18m██[38;2;109;65;17m██[38;2;168;86;23m██[38;2;125;63;30m██[38;2;248;148;32m██[38;2;253;200;70m██[38;2;254;203;72m██[38;2;254;207;78m██[38;2;255;217;87m██[38;2;253;226;101m██[38;2;254;237;116m██[38;2;250;242;123m██[38;2;23;23;14m  
[38;2;14;18;15m  [38;2;231;218;126m██[38;2;54;47;26m██[38;2;194;107;17m██[38;2;233;136;26m██[38;2;242;166;53m██[38;2;146;110;40m██[38;2;252;198;27m██[38;2;249;194;50m██[38;2;138;116;45m██[38;2;249;204;69m██[38;2;254;201;77m██[38;2;250;203;74m██[38;2;202;165;73m██[38;2;127;103;63m██[38;2;221;180;71m██[38;2;182;142;62m██[38;2;83;57;30m██[38;2;118;77;44m██[38;2;102;47;15m██[38;2;230;159;48m██[38;2;231;177;78m██[38;2;60;44;21m██[38;2;33;21;11m██[38;2;221;148;56m██[38;2;231;124;21m██[38;2;244;118;11m██[38;2;243;117;5m██[38;2;246;116;4m██[38;2;89;34;5m██[38;2;250;201;73m██[38;2;252;217;92m██[38;2;253;233;114m██[38;2;253;238;120m██[38;2;253;241;124m██[38;2;250;244;123m██[38;2;29;29;17m  
[38;2;115;114;110m  [38;2;100;81;43m  [38;2;240;206;112m██[38;2;198;117;24m██[38;2;230;145;34m██[38;2;251;177;61m██[38;2;55;43;12m██[38;2;243;171;23m██[38;2;243;158;20m██[38;2;39;22;8m██[38;2;210;181;84m██[38;2;186;101;12m██[38;2;250;202;75m██[38;2;249;204;74m██[38;2;252;219;93m██[38;2;254;225;103m██[38;2;250;213;85m██[38;2;249;198;64m██[38;2;179;144;69m██[38;2;9;6;6m██[38;2;76;56;22m██[38;2;218;127;42m██[38;2;234;165;66m██[38;2;238;191;75m██[38;2;94;84;46m██[38;2;179;131;68m██[38;2;244;129;11m██[38;2;246;118;13m██[38;2;239;116;1m██[38;2;242;117;14m██[38;2;211;124;34m██[38;2;252;206;73m██[38;2;252;227;105m██[38;2;253;239;120m██[38;2;254;242;122m██[38;2;254;243;128m██[38;2;93;85;48m  
[38;2;161;160;160m  [38;2;13;13;7m  [38;2;219;166;48m██[38;2;157;94;28m██[38;2;226;150;45m██[38;2;250;187;64m██[38;2;42;32;18m██[38;2;219;115;17m██[38;2;248;133;17m██[38;2;78;49;25m██[38;2;222;192;91m██[38;2;100;48;17m██[38;2;202;111;15m██[38;2;242;172;53m██[38;2;250;213;88m██[38;2;255;234;115m██[38;2;253;222;96m██[38;2;254;204;82m██[38;2;251;203;78m██[38;2;252;205;70m██[38;2;66;53;21m██[38;2;62;41;20m██[38;2;150;98;35m██[38;2;198;140;47m██[38;2;192;159;55m██[38;2;190;155;84m██[38;2;42;24;11m██[38;2;241;142;22m██[38;2;244;121;6m██[38;2;244;115;1m██[38;2;189;96;18m██[38;2;240;189;73m██[38;2;253;216;86m██[38;2;253;231;110m██[38;2;254;241;121m██[38;2;254;243;128m██[38;2;145;140;89m  
[38;2;10;10;10m  [38;2;107;107;119m  [38;2;67;46;22m  [38;2;105;58;13m██[38;2;196;141;37m██[38;2;243;192;65m██[38;2;106;85;40m██[38;2;242;131;8m██[38;2;206;85;6m██[38;2;62;34;12m██[38;2;190;156;78m██[38;2;59;42;18m██[38;2;76;33;13m██[38;2;115;62;28m██[38;2;207;134;48m██[38;2;251;211;98m██[38;2;253;208;90m██[38;2;252;215;77m██[38;2;251;203;77m██[38;2;253;204;74m██[38;2;251;201;77m██[38;2;239;197;93m██[38;2;36;31;17m██[38;2;101;87;43m██[38;2;175;141;47m██[38;2;252;198;83m██[38;2;228;187;82m██[38;2;225;164;64m██[38;2;246;138;15m██[38;2;243;118;2m██[38;2;239;126;12m██[38;2;50;24;8m██[38;2;249;210;80m██[38;2;250;227;105m██[38;2;251;239;122m██[38;2;254;243;127m██[38;2;110;107;66m  
[38;2;0;0;0m    [38;2;153;156;163m  [38;2;20;7;3m  [38;2;149;102;32m██[38;2;226;179;60m██[38;2;78;57;29m██[38;2;243;143;13m██[38;2;242;117;5m██[38;2;172;94;23m██[38;2;198;174;84m██[38;2;223;173;60m██[38;2;197;153;51m██[38;2;188;147;60m██[38;2;65;43;16m██[38;2;1;0;0m██[38;2;66;47;22m██[38;2;242;209;83m██[38;2;253;202;79m██[38;2;252;203;74m██[38;2;249;205;74m██[38;2;250;203;78m██[38;2;244;204;71m██[38;2;254;209;86m██[38;2;165;146;77m██[38;2;5;4;3m██[38;2;2;0;0m██[38;2;97;89;40m██[38;2;245;157;54m██[38;2;246;122;5m██[38;2;247;133;13m██[38;2;225;127;29m██[38;2;235;204;108m██[38;2;254;226;99m██[38;2;251;239;123m██[38;2;254;243;127m██[38;2;92;87;57m  
[38;2;0;0;0m    [38;2;153;153;153m  [38;2;105;103;105m  [38;2;37;18;8m  [38;2;173;126;43m██[38;2;28;19;10m██[38;2;247;165;29m██[38;2;245;150;21m██[38;2;246;160;26m██[38;2;115;101;39m██[38;2;72;59;28m██[38;2;14;6;2m██[38;2;2;0;1m██[38;2;19;8;3m██[38;2;56;45;24m██[38;2;79;63;30m██[38;2;160;128;64m██[38;2;81;65;31m██[38;2;64;51;33m██[38;2;48;40;23m██[38;2;16;10;8m██[38;2;12;12;5m██[38;2;62;47;22m██[38;2;177;131;46m██[38;2;190;134;47m██[38;2;224;188;106m██[38;2;125;110;55m██[38;2;146;104;48m██[38;2;243;130;15m██[38;2;245;121;6m██[38;2;245;127;7m██[38;2;47;42;24m██[38;2;250;231;105m██[38;2;254;241;124m██[38;2;249;245;124m██[38;2;16;16;9m  
[38;2;0;0;0m      [38;2;30;30;30m  [38;2;121;125;120m  [38;2;5;5;3m██[38;2;156;133;46m██[38;2;251;197;35m██[38;2;248;173;26m██[38;2;245;158;17m██[38;2;245;168;20m██[38;2;244;182;24m██[38;2;252;192;44m██[38;2;247;200;53m██[38;2;240;204;59m██[38;2;223;184;51m██[38;2;227;178;41m██[38;2;247;188;37m██[38;2;247;188;47m██[38;2;247;177;37m██[38;2;239;163;33m██[38;2;240;157;37m██[38;2;235;153;24m██[38;2;238;147;17m██[38;2;237;147;7m██[38;2;248;138;26m██[38;2;98;58;23m██[38;2;252;202;75m██[38;2;250;181;53m██[38;2;248;134;17m██[38;2;242;131;17m██[38;2;246;156;36m██[38;2;189;159;75m██[38;2;252;236;125m██[38;2;253;244;123m██[38;2;249;244;123m██[38;2;40;40;28m  
[38;2;0;0;0m      [38;2;2;2;2m  [38;2;60;59;57m  [38;2;98;81;37m██[38;2;251;211;57m██[38;2;251;209;49m██[38;2;251;192;39m██[38;2;247;169;23m██[38;2;244;153;12m██[38;2;245;148;11m██[38;2;242;153;13m██[38;2;244;161;18m██[38;2;243;168;22m██[38;2;245;162;19m██[38;2;243;153;11m██[38;2;242;134;9m██[38;2;227;104;2m██[38;2;185;72;11m██[38;2;175;74;4m██[38;2;110;48;6m██[38;2;240;143;6m██[38;2;242;145;10m██[38;2;243;144;15m██[38;2;239;144;14m██[38;2;69;31;14m██[38;2;252;211;69m██[38;2;250;178;57m██[38;2;249;143;23m██[38;2;243;159;36m██[38;2;242;192;86m██[38;2;105;96;55m██[38;2;253;238;117m██[38;2;251;242;125m██[38;2;250;243;135m██[38;2;16;15;8m  
[38;2;0;0;0m      [38;2;58;58;58m  [38;2;9;8;13m  [38;2;252;213;54m██[38;2;251;186;32m██[38;2;249;186;34m██[38;2;249;202;42m██[38;2;251;192;34m██[38;2;246;169;21m██[38;2;244;146;10m██[38;2;244;145;12m██[38;2;245;145;12m██[38;2;245;145;11m██[38;2;245;144;10m██[38;2;243;143;8m██[38;2;244;128;10m██[38;2;236;100;1m██[38;2;236;86;3m██[38;2;231;80;3m██[38;2;154;56;6m██[38;2;240;118;6m██[38;2;243;129;9m██[38;2;244;132;5m██[38;2;247;138;8m██[38;2;38;19;8m██[38;2;248;204;64m██[38;2;250;169;45m██[38;2;249;154;37m██[38;2;201;150;62m██[38;2;88;84;45m██[38;2;252;237;115m██[38;2;254;240;127m██[38;2;253;239;122m██[38;2;250;248;119m██[38;2;13;12;7m  
[38;2;0;0;0m      [38;2;73;73;73m  [38;2;7;7;7m  [38;2;233;165;26m██[38;2;244;148;14m██[38;2;246;150;15m██[38;2;250;191;37m██[38;2;252;193;40m██[38;2;248;182;33m██[38;2;247;150;13m██[38;2;242;145;11m██[38;2;242;143;11m██[38;2;229;132;14m██[38;2;167;98;23m██[38;2;173;106;24m██[38;2;181;108;32m██[38;2;176;92;26m██[38;2;177;78;17m██[38;2;154;59;10m██[38;2;133;51;13m██[38;2;120;47;11m██[38;2;72;27;9m██[38;2;46;20;8m██[38;2;21;9;4m██[38;2;228;188;80m██[38;2;252;197;70m██[38;2;243;152;37m██[38;2;233;167;68m██[38;2;101;88;50m██[38;2;253;233;117m██[38;2;253;243;123m██[38;2;251;241;127m██[38;2;252;239;125m██[38;2;186;182;115m██[38;2;2;2;1m  
[38;2;0;0;0m      [38;2;152;152;152m  [38;2;18;17;16m  [38;2;230;85;4m██[38;2;226;108;10m██[38;2;240;139;13m██[38;2;245;155;18m██[38;2;245;167;23m██[38;2;249;178;31m██[38;2;249;171;27m██[38;2;242;146;7m██[38;2;245;141;10m██[38;2;235;116;20m██[38;2;133;67;27m██[38;2;101;47;20m██[38;2;137;71;27m██[38;2;117;54;20m██[38;2;79;33;14m██[38;2;92;47;17m██[38;2;151;77;18m██[38;2;181;90;11m██[38;2;180;103;27m██[38;2;188;125;43m██[38;2;201;148;50m██[38;2;239;189;66m██[38;2;247;188;59m██[38;2;235;153;44m██[38;2;161;129;66m██[38;2;252;236;118m██[38;2;252;242;129m██[38;2;250;220;103m██[38;2;244;238;138m██[38;2;111;106;55m  [38;2;110;113;106m  [38;2;11;11;11m  
[38;2;0;0;0m        [38;2;130;128;131m  [38;2;48;14;8m██[38;2;186;68;17m██[38;2;219;102;11m██[38;2;242;134;7m██[38;2;245;145;7m██[38;2;246;157;16m██[38;2;249;171;29m██[38;2;247;151;10m██[38;2;244;136;10m██[38;2;234;114;9m██[38;2;30;12;5m██[38;2;137;61;20m██[38;2;124;65;15m██[38;2;143;86;13m██[38;2;149;90;17m██[38;2;176;112;25m██[38;2;190;119;26m██[38;2;205;134;33m██[38;2;220;157;50m██[38;2;228;176;63m██[38;2;240;190;68m██[38;2;250;204;76m██[38;2;240;201;85m██[38;2;177;146;64m██[38;2;249;223;104m██[38;2;251;248;132m██[38;2;164;158;90m██[38;2;9;7;4m  [38;2;52;51;52m  [38;2;138;138;138m  [38;2;84;84;84m  [38;2;0;0;0m  
[38;2;0;0;0m        [38;2;92;92;106m  [38;2;58;52;65m  [38;2;39;11;6m██[38;2;144;53;18m██[38;2;219;86;6m██[38;2;239;111;2m██[38;2;246;125;5m██[38;2;246;144;13m██[38;2;240;141;14m██[38;2;213;109;6m██[38;2;84;35;6m██[38;2;112;69;26m██[38;2;163;93;27m██[38;2;190;138;37m██[38;2;183;134;39m██[38;2;194;143;47m██[38;2;219;168;55m██[38;2;237;186;66m██[38;2;245;194;71m██[38;2;248;199;72m██[38;2;252;204;70m██[38;2;252;203;76m██[38;2;249;209;70m██[38;2;233;199;82m██[38;2;182;156;82m██[38;2;20;21;10m  [38;2;23;28;21m  [38;2;95;95;92m  [38;2;39;39;40m  [38;2;85;85;85m  [38;2;0;0;0m      
[38;2;0;0;0m          [38;2;88;88;88m  [38;2;63;63;65m  [38;2;33;20;16m  [38;2;116;40;12m██[38;2;235;87;4m██[38;2;232;94;7m██[38;2;236;106;2m██[38;2;207;82;9m██[38;2;177;67;12m██[38;2;238;103;2m██[38;2;161;101;27m  [38;2;108;74;33m  [38;2;178;139;57m  [38;2;212;166;55m██[38;2;237;185;72m██[38;2;247;199;71m██[38;2;250;204;72m██[38;2;250;206;67m██[38;2;248;205;69m██[38;2;229;191;89m██[38;2;52;37;22m  [38;2;1;2;2m  [38;2;12;13;13m  [38;2;105;105;104m  [38;2;0;0;0m  [38;2;102;102;102m  [38;2;0;0;0m            
[38;2;0;0;0m            [38;2;47;47;47m  [38;2;137;142;142m  [38;2;27;17;23m  [38;2;168;71;16m  [38;2;230;86;15m██[38;2;233;82;4m██[38;2;176;60;19m██[38;2;206;84;15m██[38;2;55;28;10m  [38;2;128;141;147m  [38;2;13;13;12m  [38;2;60;61;56m  [38;2;74;78;76m  [38;2;19;13;10m  [38;2;107;90;53m  [38;2;90;72;34m  [38;2;67;56;20m  [38;2;8;4;3m  [38;2;9;9;18m  [38;2;67;66;65m  [38;2;95;95;94m  [38;2;58;58;58m    [38;2;0;0;0m                
[38;2;0;0;0m              [38;2;1;1;1m  [38;2;140;140;140m  [38;2;121;121;121m  [38;2;7;3;4m  [38;2;24;9;6m  [38;2;9;3;3m  [38;2;35;35;34m  [38;2;40;40;40m  [38;2;31;0;31m  [38;2;0;0;0m  [38;2;4;4;4m  [38;2;0;10;10m  [38;2;6;70;6m  [38;2;21;21;20m  [38;2;171;170;170m  [38;2;217;217;217m  [38;2;42;42;42m  [38;2;0;0;65m  [38;2;7;7;7m  [38;2;0;0;0m                      [0m
