
[38;2;210;93;110m  [38;2;223;139;152m  [38;2;211;60;87m  [38;2;212;88;108m  [38;2;245;223;225m  [38;2;244;216;220m  [38;2;242;207;211m    [38;2;70;86;132m  [38;2;110;123;159m  [38;2;183;191;209m  [38;2;125;142;175m  [38;2;76;100;148m  [38;2;111;131;169m  [38;2;129;146;181m  [38;2;137;152;183m  [38;2;108;124;162m  [38;2;145;156;183m  [38;2;197;200;215m  [38;2;56;65;113m  [38;2;139;100;102m  [38;2;128;84;86m  [38;2;179;154;156m  [38;2;93;108;146m  [38;2;14;36;95m  [38;2;108;198;248m██[38;2;178;241;254m██[38;2;178;241;255m████████
[38;2;210;93;110m  [38;2;223;139;152m  [38;2;211;60;87m  [38;2;212;88;108m  [38;2;245;223;225m  [38;2;244;216;220m  [38;2;242;207;211m    [38;2;70;86;132m  [38;2;110;123;159m  [38;2;183;191;209m  [38;2;125;142;175m  [38;2;76;100;148m  [38;2;111;131;169m  [38;2;129;146;181m  [38;2;137;152;183m  [38;2;108;124;162m  [38;2;145;156;183m  [38;2;197;200;215m  [38;2;56;65;113m  [38;2;139;100;102m  [38;2;128;84;86m  [38;2;181;159;161m  [38;2;135;135;159m  [38;2;17;44;102m██[38;2;108;194;241m██[38;2;132;210;245m██[38;2;171;236;254m██[38;2;178;241;255m████[38;2;172;237;254m██
[38;2;210;93;110m  [38;2;224;139;152m  [38;2;211;60;87m  [38;2;213;89;109m  [38;2;210;91;109m  [38;2;244;217;221m  [38;2;242;207;212m    [38;2;70;86;132m  [38;2;110;123;159m  [38;2;183;191;209m  [38;2;125;142;175m  [38;2;76;100;148m  [38;2;111;131;169m  [38;2;131;147;182m  [38;2;138;153;184m  [38;2;109;125;163m  [38;2;147;158;184m  [38;2;200;203;216m  [38;2;56;65;113m  [38;2;139;100;102m  [38;2;75;9;9m  [38;2;162;108;63m██[38;2;59;16;31m██[38;2;25;49;104m██[38;2;0;6;64m██[38;2;1;16;77m██[38;2;33;79;138m██[38;2;106;193;241m██[38;2;96;186;240m██[38;2;68;147;205m██
[38;2;233;81;98m██[38;2;247;109;119m██[38;2;208;43;74m  [38;2;208;32;65m██[38;2;254;127;132m██[38;2;206;50;78m  [38;2;209;70;95m  [38;2;208;66;91m  [38;2;70;86;132m  [38;2;110;123;159m  [38;2;183;191;209m  [38;2;125;142;175m  [38;2;74;99;147m  [38;2;10;44;109m██[38;2;15;52;117m██[38;2;16;56;121m██[38;2;17;55;119m██[38;2;19;54;115m██[38;2;16;43;103m██[38;2;7;22;82m██[38;2;45;41;83m  [38;2;139;60;20m██[38;2;244;165;68m██[38;2;42;18;46m██[38;2;0;40;117m██[38;2;53;196;243m██[38;2;0;103;191m██[38;2;0;36;113m██[38;2;15;56;115m██[38;2;7;53;116m  [38;2;110;140;177m  
[38;2;236;84;103m██[38;2;255;123;130m██[38;2;252;117;126m██[38;2;254;123;130m██[38;2;252;118;126m██[38;2;221;96;123m  [38;2;229;139;158m  [38;2;101;122;160m  [38;2;70;86;132m  [38;2;104;118;155m  [38;2;8;31;95m  [38;2;33;100;169m  [38;2;66;169;238m██[38;2;69;167;234m██[38;2;78;174;236m██[38;2;92;183;238m██[38;2;104;191;240m██[38;2;109;194;241m██[38;2;107;193;242m██[38;2;104;191;240m██[38;2;108;196;244m██[38;2;87;159;208m██[38;2;29;54;109m██[38;2;3;5;61m██[38;2;0;56;134m██[38;2;0;101;189m██[38;2;0;106;194m██[38;2;0;43;121m██[38;2;3;28;93m██[38;2;174;185;204m  [38;2;136;160;191m  
[38;2;208;31;71m  [38;2;253;117;127m██[38;2;255;119;128m██[38;2;254;119;128m██[38;2;211;26;69m  [38;2;245;208;216m  [38;2;147;145;176m  [38;2;107;121;159m  [38;2;33;54;110m  [38;2;33;92;158m██[38;2;104;192;242m██[38;2;154;223;250m██[38;2;168;234;253m██[38;2;175;238;254m██[38;2;176;240;255m██[38;2;177;240;255m██[38;2;178;241;255m██[38;2;177;241;255m██[38;2;177;240;255m██[38;2;177;241;255m██[38;2;168;235;253m██[38;2;99;187;240m██[38;2;101;189;240m██[38;2;102;190;240m██[38;2;20;36;91m██[38;2;0;10;71m██[38;2;0;57;137m██[38;2;0;64;145m██[38;2;0;11;74m  [38;2;137;145;173m  [38;2;38;61;113m  
[38;2;247;216;222m  [38;2;211;32;72m  [38;2;248;105;119m██[38;2;210;20;63m  [38;2;241;187;201m  [38;2;211;210;222m  [38;2;126;143;177m  [38;2;12;37;99m  [38;2;79;166;224m██[38;2;173;233;252m██[38;2;213;251;255m██[38;2;215;252;255m██[38;2;176;241;255m██[38;2;177;241;255m██[38;2;178;241;255m██████████████[38;2;153;224;251m██[38;2;104;191;240m██[38;2;92;183;238m██[38;2;95;185;239m██[38;2;80;156;210m██[38;2;0;4;59m██[38;2;1;14;75m██[38;2;100;51;42m  [38;2;61;29;46m  [38;2;40;64;116m  
[38;2;247;222;227m  [38;2;217;68;100m  [38;2;219;93;118m  [38;2;228;134;153m  [38;2;228;183;196m  [38;2;197;206;220m  [38;2;17;48;111m  [38;2;96;188;241m██[38;2;175;239;255m██[38;2;214;252;255m██[38;2;197;247;255m██[38;2;213;252;255m██[38;2;215;252;255m████[38;2;176;241;255m██[38;2;178;241;255m██████[38;2;209;250;255m██[38;2;178;241;255m████[38;2;177;240;255m██[38;2;175;239;254m██[38;2;174;238;254m██[38;2;159;228;252m██[38;2;102;190;241m██[38;2;83;165;221m██[38;2;40;22;52m██[38;2;255;208;118m██[38;2;231;175;93m██[38;2;32;48;93m██
[38;2;247;222;227m  [38;2;217;69;100m  [38;2;226;132;150m  [38;2;238;170;183m  [38;2;187;197;215m  [38;2;82;106;154m  [38;2;62;157;224m██[38;2;179;242;255m██[38;2;177;241;255m██[38;2;178;241;255m████[38;2;177;241;255m██[38;2;200;247;255m██[38;2;199;247;255m██[38;2;176;240;255m██[38;2;176;241;255m██[38;2;178;241;255m██[38;2;210;250;255m██[38;2;215;252;255m██[38;2;210;250;255m██[38;2;190;244;255m██[38;2;177;241;255m██[38;2;180;242;255m██[38;2;178;241;255m██[38;2;178;240;255m██[38;2;178;241;255m██[38;2;128;207;244m██[38;2;58;120;178m██[38;2;144;62;17m██[38;2;191;101;27m██[38;2;68;116;163m██
[38;2;227;214;223m  [38;2;150;83;124m  [38;2;227;163;177m  [38;2;205;213;226m  [38;2;184;194;213m  [38;2;31;99;169m██[38;2;142;216;248m██[38;2;179;241;254m██[38;2;179;240;254m██[38;2;175;238;253m██[38;2;172;236;253m██[38;2;174;238;254m██[38;2;173;237;254m██[38;2;170;235;253m██[38;2;175;239;255m████[38;2;176;239;255m██[38;2;209;249;255m██[38;2;184;241;254m██[38;2;194;245;255m██[38;2;215;252;255m██[38;2;214;252;255m██[38;2;207;250;255m██[38;2;178;240;255m██[38;2;177;241;255m██[38;2;178;241;255m██[38;2;177;240;255m██[38;2;105;192;241m██[38;2;32;51;99m██[38;2;65;102;145m██[38;2;74;172;235m██
[38;2;201;209;223m  [38;2;66;94;146m  [38;2;69;98;149m  [38;2;175;186;207m  [38;2;12;54;122m  [38;2;81;174;235m██[38;2;180;239;252m██[38;2;181;239;250m██[38;2;137;208;240m██[38;2;94;177;231m██[38;2;83;170;229m██[38;2;81;170;230m██[38;2;74;164;227m██[38;2;80;173;234m██[38;2;165;231;251m██[38;2;171;237;252m██[38;2;162;230;251m██[38;2;164;231;252m██[38;2;166;233;252m██[38;2;167;233;253m██[38;2;174;239;254m██[38;2;211;250;255m██[38;2;195;246;255m██[38;2;178;240;255m██[38;2;172;236;250m██[38;2;178;240;255m██[38;2;178;241;255m██[38;2;174;238;255m██[38;2;76;174;239m██[38;2;3;74;144m██[38;2;27;110;178m██
[38;2;200;209;223m  [38;2;66;94;146m  [38;2;71;99;150m  [38;2;9;45;113m██[38;2;67;165;233m██[38;2;171;232;248m██[38;2;128;197;234m██[38;2;94;165;217m██[38;2;106;170;216m██[38;2;115;173;216m██[38;2;116;177;218m██[38;2;100;165;212m██[38;2;35;104;164m██[38;2;102;178;227m██[38;2;95;176;230m██[38;2;87;174;231m██[38;2;81;172;231m██[38;2;123;201;241m██[38;2;164;230;251m██[38;2;165;231;251m██[38;2;170;235;253m██[38;2;175;239;255m██[38;2;177;240;255m██[38;2;178;240;255m██[38;2;179;241;255m██[38;2;165;229;248m██[38;2;178;241;255m████[38;2;147;220;249m██[38;2;20;100;169m██[38;2;73;170;234m██
[38;2;93;116;159m  [38;2;39;72;131m  [38;2;23;85;156m  [38;2;62;163;236m██[38;2;54;137;205m██[38;2;83;161;220m██[38;2;58;107;161m██[38;2;131;172;204m██[38;2;147;175;199m██[38;2;156;181;200m██[38;2;82;109;151m██[38;2;154;112;106m██[38;2;59;90;137m██[38;2;133;183;215m██[38;2;124;182;221m██[38;2;114;181;224m██[38;2;45;119;179m██[38;2;96;177;229m██[38;2;86;173;230m██[38;2;79;171;231m██[38;2;95;183;236m██[38;2;171;235;252m██[38;2;175;238;254m██[38;2;176;240;255m██[38;2;178;241;255m██[38;2;118;186;221m██[38;2;178;241;255m████[38;2;170;235;254m██[38;2;68;164;231m██[38;2;31;115;185m██
[38;2;144;161;191m  [38;2;181;193;213m  [38;2;73;101;150m  [38;2;64;86;135m  [38;2;30;104;170m██[38;2;114;170;216m██[38;2;135;161;190m██[38;2;167;175;189m██[38;2;138;131;150m██[38;2;106;77;102m██[38;2;230;169;142m██[38;2;156;81;76m██[38;2;96;84;114m██[38;2;168;184;197m██[38;2;157;185;203m██[38;2;152;188;210m██[38;2;30;82;141m██[38;2;129;182;218m██[38;2;117;181;221m██[38;2;105;178;225m██[38;2;95;176;228m██[38;2;84;171;230m██[38;2;151;220;246m██[38;2;178;240;254m██[38;2;178;241;255m██[38;2;171;234;250m██[38;2;171;234;251m██[38;2;178;240;255m██[38;2;176;240;255m██[38;2;98;187;239m██[38;2;13;86;152m██
[38;2;144;161;190m  [38;2;176;188;210m  [38;2;189;198;215m  [38;2;63;84;131m  [38;2;100;164;216m██[38;2;111;113;137m██[38;2;83;66;105m██[38;2;94;29;51m██[38;2;121;20;17m██[38;2;115;11;9m██[38;2;148;54;46m██[38;2;229;167;141m██[38;2;139;84;88m██[38;2;193;183;181m██[38;2;186;183;186m██[38;2;96;101;136m██[38;2;130;99;107m██[38;2;162;184;200m██[38;2;152;185;206m██[38;2;87;126;169m██[38;2;127;183;218m██[38;2;112;179;224m██[38;2;96;175;227m██[38;2;150;216;243m██[38;2;179;240;253m██[38;2;179;241;254m██[38;2;139;205;233m██[38;2;178;241;255m████[38;2;140;215;247m██[38;2;17;92;159m██
[38;2;76;116;165m  [38;2;73;114;164m  [38;2;75;115;165m  [38;2;22;84;149m  [38;2;108;161;208m██[38;2;99;22;25m██[38;2;240;181;153m██[38;2;238;179;152m██[38;2;238;179;151m██[38;2;237;175;148m██[38;2;234;173;146m██[38;2;233;172;146m██[38;2;224;160;134m██[38;2;171;140;144m██[38;2;204;182;173m██[38;2;113;78;104m██[38;2;233;167;136m██[38;2;100;73;102m██[38;2;186;187;189m██[38;2;127;131;155m██[38;2;166;188;203m██[38;2;149;186;208m██[38;2;128;182;217m██[38;2;106;177;223m██[38;2;86;152;195m██[38;2;179;238;251m██[38;2;103;171;212m██[38;2;177;240;255m██[38;2;177;241;255m██[38;2;163;231;252m██[38;2;23;100;168m██
[38;2;175;194;216m    [38;2;176;194;216m  [38;2;8;77;145m  [38;2;114;150;190m██[38;2;87;13;22m██[38;2;73;6;6m██[38;2;45;4;4m██[38;2;41;2;2m██[38;2;58;0;0m██[38;2;104;5;4m██[38;2;237;178;152m██[38;2;233;172;146m██[38;2;162;105;108m██[38;2;207;178;168m██[38;2;126;75;95m██[38;2;238;180;153m██[38;2;229;166;137m██[38;2;119;68;89m██[38;2;191;177;176m██[38;2;165;157;166m██[38;2;177;186;194m██[38;2;158;184;203m██[38;2;132;181;213m██[38;2;52;121;177m██[38;2;181;235;247m██[38;2;113;178;215m██[38;2;176;238;254m██[38;2;185;242;255m██[38;2;175;238;254m██[38;2;38;107;171m██
[38;2;221;226;235m    [38;2;220;225;234m  [38;2;98;154;193m██[38;2;118;79;100m██[38;2;241;175;153m██[38;2;129;54;50m██[38;2;139;79;75m██[38;2;151;83;79m██[38;2;159;93;89m██[38;2;162;85;81m██[38;2;254;210;194m██[38;2;253;212;196m██[38;2;238;176;153m██[38;2;174;110;110m██[38;2;131;70;87m██[38;2;239;181;154m██[38;2;167;87;75m██[38;2;237;178;152m██[38;2;174;110;109m██[38;2;104;52;79m██[38;2;196;187;185m██[38;2;179;184;190m██[38;2;153;182;201m██[38;2;76;124;172m██[38;2;182;230;242m██[38;2;173;223;240m██[38;2;215;251;255m██[38;2;212;250;255m██[38;2;175;237;254m██[38;2;61;141;203m██
[38;2;222;224;232m  [38;2;223;225;233m  [38;2;50;86;139m  [38;2;180;218;230m██[38;2;115;0;0m██[38;2;247;171;155m██[38;2;253;172;169m██[38;2;248;126;129m██[38;2;253;156;157m██[38;2;250;139;141m██[38;2;248;123;126m██[38;2;254;172;170m██[38;2;248;132;133m██[38;2;253;177;172m██[38;2;250;159;153m██[38;2;253;197;184m██[38;2;186;113;105m██[38;2;73;0;0m██[38;2;53;1;1m██[38;2;103;37;32m██[38;2;214;142;110m██[38;2;102;62;87m██[38;2;188;181;183m██[38;2;166;179;192m██[38;2;123;162;194m██[38;2;35;105;166m██[38;2;177;232;246m██[38;2;173;235;251m██[38;2;210;250;255m██[38;2;172;235;254m██[38;2;61;148;214m██
[38;2;145;154;180m  [38;2;125;135;167m  [38;2;110;155;190m██[38;2;179;216;230m██[38;2;130;18;17m██[38;2;241;166;150m██[38;2;250;142;142m██[38;2;251;155;155m██[38;2;253;159;160m██[38;2;251;143;146m██[38;2;251;141;144m██[38;2;254;145;147m██[38;2;254;165;165m██[38;2;247;114;119m██[38;2;251;144;145m██[38;2;248;129;131m██[38;2;247;128;129m██[38;2;252;164;160m██[38;2;72;9;9m██[38;2;51;0;0m██[38;2;75;0;0m██[38;2;177;100;81m██[38;2;85;62;98m██[38;2;174;179;187m██[38;2;143;173;197m██[38;2;76;136;181m██[38;2;177;227;242m██[38;2;172;232;250m██[38;2;181;239;254m██[38;2;168;235;255m██[38;2;59;146;211m██
[38;2;168;177;199m  [38;2;19;40;98m  [38;2;170;216;234m██[38;2;156;142;152m██[38;2;189;105;90m██[38;2;241;182;161m██[38;2;255;210;196m██[38;2;255;204;193m██[38;2;255;201;190m██[38;2;255;198;189m██[38;2;183;70;68m██[38;2;194;18;18m██[38;2;187;15;15m██[38;2;154;19;19m██[38;2;255;185;183m██[38;2;251;141;144m██[38;2;253;154;157m██[38;2;255;160;163m██[38;2;251;143;145m██[38;2;223;118;115m██[38;2;93;0;0m██[38;2;106;0;2m██[38;2;218;150;121m██[38;2;46;59;110m██[38;2;73;119;166m██[38;2;23;94;158m██[38;2;179;227;241m██[38;2;169;229;249m██[38;2;167;233;254m██[38;2;166;233;255m██[38;2;44;123;188m██
[38;2;43;69;123m  [38;2;159;217;242m██[38;2;185;226;241m██[38;2;125;35;38m██[38;2;238;181;154m██[38;2;250;215;193m██[38;2;255;228;209m██████[38;2;218;155;142m██[38;2;213;23;23m██[38;2;224;26;26m██[38;2;224;27;27m████[38;2;146;3;3m██[38;2;255;197;188m██[38;2;255;179;176m██[38;2;249;131;134m██[38;2;254;162;164m██[38;2;250;150;149m██[38;2;239;134;124m██[38;2;236;170;146m██[38;2;228;163;135m██[38;2;34;64;117m██[38;2;188;198;203m██[38;2;48;110;165m██[38;2;148;201;225m██[38;2;165;228;248m██[38;2;163;230;253m██[38;2;163;232;255m██[38;2;17;77;143m██
[38;2;29;66;128m  [38;2;182;231;248m██[38;2;181;225;242m██[38;2;120;7;8m██[38;2;236;178;152m██[38;2;253;225;205m██[38;2;255;229;210m██████[38;2;171;43;40m██[38;2;224;27;27m████[38;2;223;25;25m██[38;2;244;73;69m██[38;2;251;100;94m██[38;2;218;154;142m██[38;2;255;216;201m██[38;2;255;200;190m██[38;2;255;185;180m██[38;2;254;186;180m██[38;2;238;163;145m██[38;2;234;169;145m██[38;2;220;143;107m██[38;2;34;74;124m██[38;2;190;203;206m██[38;2;179;211;224m██[38;2;168;219;239m██[38;2;139;205;235m██[38;2;159;228;251m██[38;2;158;228;254m██[38;2;10;61;126m  
[38;2;91;162;213m██[38;2;150;214;246m██[38;2;150;206;236m██[38;2;115;13;19m██[38;2;236;179;154m██[38;2;250;217;196m██[38;2;255;228;210m██████[38;2;160;11;10m██[38;2;224;26;26m██[38;2;226;31;30m██[38;2;255;99;94m██████[38;2;167;39;36m██[38;2;255;229;210m██[38;2;255;228;209m██[38;2;255;222;205m██[38;2;254;216;199m██[38;2;234;168;144m██[38;2;234;171;146m██[38;2;121;91;94m██[38;2;169;177;186m██[38;2;183;203;212m██[38;2;171;212;229m██[38;2;162;218;242m██[38;2;28;102;164m██[38;2;156;227;255m██[38;2;109;195;245m██[38;2;41;77;132m  
[38;2;92;168;223m██[38;2;145;213;249m██[38;2;123;189;234m██[38;2;106;60;88m██[38;2;225;162;138m██[38;2;239;186;162m██[38;2;255;227;208m████[38;2;255;228;209m██[38;2;176;58;54m██[38;2;223;26;26m██[38;2;255;99;94m██[38;2;255;98;94m██[38;2;255;99;94m████[38;2;158;17;16m██[38;2;255;230;211m██[38;2;255;229;210m██[38;2;255;228;210m██[38;2;247;210;189m██[38;2;232;171;144m██[38;2;230;167;140m██[38;2;57;61;92m██[38;2;208;233;237m██[38;2;173;206;222m██[38;2;162;213;235m██[38;2;85;168;225m██[38;2;40;114;174m██[38;2;151;224;255m██[38;2;41;126;195m██[38;2;185;197;216m  
[38;2;61;144;216m██[38;2;142;214;251m██[38;2;86;164;231m██[38;2;83;155;224m██[38;2;125;8;7m██[38;2;240;186;159m██[38;2;250;217;196m██[38;2;254;226;206m██[38;2;254;226;207m██[38;2;225;169;154m██[38;2;235;72;69m██[38;2;255;98;93m██[38;2;255;99;94m██[38;2;255;98;94m██[38;2;254;100;95m██[38;2;152;17;17m██[38;2;255;228;209m██[38;2;255;229;209m████[38;2;236;179;153m██[38;2;234;172;145m██[38;2;58;37;58m██[38;2;209;236;241m██[38;2;211;242;246m██[38;2;199;236;246m██[38;2;134;200;238m██[38;2;15;95;165m██[38;2;94;168;215m██[38;2;138;216;254m██[38;2;9;61;125m  [38;2;105;133;172m  
[38;2;40;117;191m██[38;2;69;161;235m██[38;2;58;144;221m██[38;2;80;159;230m██[38;2;93;151;212m██[38;2;125;7;7m██[38;2;236;180;155m██[38;2;242;194;171m██[38;2;253;223;204m██[38;2;253;226;206m██[38;2;158;24;22m██[38;2;255;99;94m██████[38;2;183;35;33m██[38;2;253;224;205m██[38;2;254;226;207m████[38;2;253;226;206m██[38;2;233;173;146m██[38;2;127;83;82m██[38;2;130;152;174m██[38;2;160;204;229m██[38;2;155;208;236m██[38;2;178;226;247m██[38;2;40;126;194m██[38;2;63;165;235m██[38;2;136;211;247m██[38;2;102;181;229m██[38;2;113;140;175m  [38;2;170;185;207m  
[38;2;8;56;128m  [38;2;62;157;236m██[38;2;35;119;194m██[38;2;121;203;253m██[38;2;84;163;232m██[38;2;90;180;249m██[38;2;119;1;1m██[38;2;203;130;112m██[38;2;236;181;156m██[38;2;242;197;173m██[38;2;253;225;204m██[38;2;158;24;22m██[38;2;213;61;58m██[38;2;158;19;18m██[38;2;245;212;192m██[38;2;253;224;204m██████[38;2;235;175;149m██[38;2;221;164;139m██[38;2;62;37;56m██[38;2;149;206;237m██[38;2;146;207;240m██[38;2;132;202;243m██[38;2;66;156;221m██[38;2;69;166;234m██[38;2;32;120;189m██[38;2;137;215;255m██[38;2;72;136;187m██[38;2;188;200;217m  [38;2;184;197;215m  
[38;2;58;93;148m  [38;2;63;155;231m██[38;2;20;100;173m██[38;2;126;208;255m██[38;2;99;183;244m██[38;2;86;168;237m██[38;2;86;167;235m██[38;2;117;13;19m██[38;2;125;8;7m██[38;2;215;147;126m██[38;2;237;182;157m████[38;2;237;182;158m██[38;2;239;187;162m██[38;2;242;195;172m██[38;2;243;197;174m██[38;2;236;180;155m██[38;2;236;177;151m██[38;2;236;178;152m██[38;2;82;39;47m██[38;2;84;164;221m██[38;2;138;207;246m██[38;2;127;203;246m██[38;2;79;171;236m██[38;2;54;144;213m██[38;2;69;168;235m██[38;2;73;153;208m██[38;2;132;212;255m██[38;2;23;71;132m██[38;2;68;98;147m    
[38;2;207;215;228m  [38;2;8;46;114m  [38;2;24;95;164m██[38;2;128;210;255m████[38;2;126;211;255m██[38;2;26;51;111m██[38;2;5;10;57m██[38;2;64;63;110m██[38;2;96;57;76m██[38;2;75;8;10m██[38;2;75;7;6m██[38;2;86;18;15m██[38;2;120;54;48m██[38;2;155;92;79m██[38;2;160;96;82m██[38;2;112;42;36m██[38;2;73;15;12m██[38;2;80;31;44m██[38;2;45;37;66m██[38;2;80;171;233m██[38;2;82;174;236m██[38;2;75;168;231m██[38;2;15;93;163m██[38;2;74;171;236m██[38;2;50;141;209m██[38;2;129;210;254m██[38;2;129;209;255m██[38;2;25;69;130m██[38;2;110;130;167m    
[38;2;215;221;231m  [38;2;110;130;169m  [38;2;18;69;135m██[38;2;109;195;249m██[38;2;58;122;189m██[38;2;14;19;81m██[38;2;77;82;154m██[38;2;120;124;181m██[38;2;181;184;222m████[38;2;97;101;151m██[38;2;69;71;141m██[38;2;128;68;106m██[38;2;128;67;104m██[38;2;122;63;100m██[38;2;123;63;101m██[38;2;102;82;142m██[38;2;34;32;86m██[38;2;180;183;221m██[38;2;30;82;140m██[38;2;79;174;237m██[38;2;76;170;235m██[38;2;10;88;157m██[38;2;79;176;240m██[38;2;70;165;232m██[38;2;107;196;250m██[38;2;126;208;255m████[38;2;48;95;151m██[38;2;125;140;172m  [38;2;123;139;171m  
[38;2;86;106;151m  [38;2;87;107;151m  [38;2;8;38;102m██[38;2;78;172;241m██[38;2;81;170;239m██[38;2;149;60;52m██[38;2;74;63;102m██[38;2;14;28;106m██[38;2;128;132;187m██[38;2;180;183;222m██[38;2;212;214;236m██[38;2;74;85;146m██[38;2;59;69;144m██[38;2;83;91;164m██[38;2;83;90;163m██[38;2;79;86;160m██[38;2;29;30;90m██[38;2;160;163;203m██[38;2;183;185;223m██[38;2;5;76;143m██[38;2;79;175;239m██[38;2;9;86;155m██[38;2;80;176;240m██[38;2;78;173;239m██[38;2;73;170;237m██[38;2;124;207;255m██[38;2;125;207;255m██[38;2;124;207;255m██[38;2;122;204;249m██[38;2;134;145;174m  [38;2;174;181;200m  [0m
