
[38;2;0;0;0m            [38;2;121;108;53m  [38;2;92;80;72m  [38;2;246;217;201m  [38;2;222;169;168m██[38;2;227;177;174m██[38;2;231;208;192m██[38;2;252;243;221m██[38;2;250;240;218m██[38;2;238;216;201m██[38;2;242;211;200m██[38;2;239;201;193m██[38;2;209;159;155m██[38;2;228;177;175m██[38;2;227;176;173m██[38;2;230;181;178m██[38;2;230;178;176m  [38;2;213;165;161m  [38;2;87;87;87m  [38;2;0;0;0m                
[38;2;0;0;0m          [38;2;138;136;135m  [38;2;241;234;207m  [38;2;234;190;184m██[38;2;243;224;205m██[38;2;246;229;209m██[38;2;234;204;192m██[38;2;225;179;174m██[38;2;212;164;165m██[38;2;209;167;176m██[38;2;202;153;155m██[38;2;218;165;164m██[38;2;198;144;143m██[38;2;236;218;199m██[38;2;225;193;186m██[38;2;213;163;166m██[38;2;221;175;171m██[38;2;240;212;196m██[38;2;233;188;182m██[38;2;234;181;179m  [38;2;69;49;48m  [38;2;4;4;4m  [38;2;0;0;0m            
[38;2;0;0;0m        [38;2;145;142;141m  [38;2;238;220;200m  [38;2;229;195;183m██[38;2;243;215;202m██[38;2;212;163;161m██[38;2;228;177;175m██[38;2;227;175;174m██[38;2;226;176;174m██[38;2;227;178;175m██[38;2;227;177;174m██[38;2;227;176;174m██[38;2;227;174;172m██[38;2;226;175;174m██[38;2;228;178;175m██[38;2;229;183;179m██[38;2;207;166;170m██[38;2;240;216;203m██[38;2;214;172;167m██[38;2;243;216;198m██[38;2;239;208;193m██[38;2;230;176;174m██[38;2;145;113;104m  [38;2;13;13;13m  [38;2;0;0;0m          
[38;2;0;0;0m      [38;2;145;142;141m  [38;2;245;236;213m  [38;2;233;198;193m██[38;2;225;180;181m██[38;2;214;165;164m██[38;2;224;185;178m██[38;2;227;175;173m██[38;2;227;175;172m██[38;2;227;175;174m██[38;2;227;176;174m██[38;2;227;177;175m██[38;2;227;177;174m██[38;2;231;184;180m██[38;2;228;179;176m██[38;2;226;172;171m██[38;2;227;175;173m██[38;2;226;174;172m██[38;2;208;158;155m██[38;2;207;167;169m██[38;2;195;146;151m██[38;2;239;208;193m██[38;2;240;211;194m██[38;2;227;169;169m██[38;2;65;53;49m  [38;2;0;0;0m          
[38;2;0;0;0m    [38;2;63;63;63m  [38;2;212;185;168m  [38;2;247;230;212m██[38;2;219;178;172m██[38;2;226;178;175m██[38;2;227;177;177m██[38;2;228;182;178m██[38;2;227;175;173m██[38;2;227;176;174m██[38;2;226;179;178m██[38;2;233;190;184m██[38;2;229;182;179m██[38;2;232;188;182m██[38;2;229;183;179m██[38;2;230;186;181m██[38;2;230;183;179m██[38;2;228;180;176m██[38;2;226;171;171m██[38;2;226;177;175m██[38;2;230;186;180m██[38;2;199;156;171m██[38;2;226;178;178m██[38;2;226;208;184m██[38;2;240;210;193m██[38;2;227;161;165m  [38;2;163;161;161m  [38;2;0;0;0m        
[38;2;0;0;0m    [38;2;80;63;58m  [38;2;223;177;175m██[38;2;223;183;175m██[38;2;221;176;172m██[38;2;234;193;186m██[38;2;221;173;171m██[38;2;230;184;180m██[38;2;232;185;181m██[38;2;231;185;181m██[38;2;222;177;180m██[38;2;229;187;181m██[38;2;238;202;191m██[38;2;236;196;189m██[38;2;239;207;195m██[38;2;234;193;186m██[38;2;224;184;177m██[38;2;233;190;184m██[38;2;231;189;182m██[38;2;227;175;173m██[38;2;229;184;177m██[38;2;234;194;184m██[38;2;188;143;158m██[38;2;240;206;195m██[38;2;245;234;203m██[38;2;235;195;184m██[38;2;223;192;178m  [38;2;51;51;51m  [38;2;0;0;0m      
[38;2;0;0;0m  [38;2;72;67;67m  [38;2;215;167;161m  [38;2;230;194;186m██[38;2;225;183;177m██[38;2;225;180;177m██[38;2;238;202;193m██[38;2;219;175;171m██[38;2;237;202;191m██[38;2;237;194;188m██[38;2;229;184;182m██[38;2;225;181;181m██[38;2;230;191;183m██[38;2;244;217;202m██[38;2;237;209;193m██[38;2;243;213;201m██[38;2;242;217;199m██[38;2;229;183;180m██[38;2;242;228;201m██[38;2;239;208;194m██[38;2;234;198;186m██[38;2;230;182;178m██[38;2;232;192;182m██[38;2;206;157;154m██[38;2;236;197;188m██[38;2;196;152;148m██[38;2;246;234;202m██[38;2;231;187;178m██[38;2;34;26;25m  [38;2;0;0;0m      
[38;2;0;0;0m  [38;2;158;121;113m  [38;2;245;223;209m██[38;2;237;206;193m██[38;2;240;211;196m██[38;2;225;185;178m██[38;2;243;215;201m██[38;2;220;180;173m██[38;2;238;206;194m██[38;2;238;200;192m██[38;2;227;180;179m██[38;2;228;186;184m██[38;2;238;209;194m██[38;2;243;214;201m██[38;2;248;235;209m██[38;2;238;207;193m██[38;2;247;231;207m██[38;2;240;208;196m██[38;2;221;164;167m██[38;2;247;240;208m██[38;2;246;226;202m██[38;2;242;218;197m██[38;2;231;183;180m██[38;2;208;150;154m██[38;2;209;145;158m██[38;2;210;145;159m██[38;2;210;168;160m██[38;2;233;190;179m██[38;2;217;203;177m  [38;2;45;2;43m  [38;2;0;0;0m    
[38;2;115;115;115m  [38;2;233;212;195m  [38;2;234;193;186m██[38;2;226;181;178m██[38;2;226;189;181m██[38;2;242;226;202m██[38;2;242;225;202m██[38;2;220;180;172m██[38;2;239;216;198m██[38;2;243;211;199m██[38;2;226;176;177m██[38;2;231;194;189m██[38;2;245;223;204m██[38;2;193;154;147m██[38;2;247;238;208m██[38;2;247;237;207m██[38;2;248;231;209m██[38;2;247;234;206m██[38;2;221;164;168m██[38;2;231;199;186m██[38;2;246;240;207m██[38;2;247;226;203m██[38;2;238;198;187m██[38;2;202;167;155m██[38;2;204;146;155m██[38;2;224;170;175m██[38;2;216;162;161m██[38;2;239;212;191m██[38;2;247;240;205m  [38;2;195;12;17m  [38;2;0;0;0m    
[38;2;135;61;61m  [38;2;225;188;179m  [38;2;229;199;186m██[38;2;239;220;199m██[38;2;220;176;172m██[38;2;248;242;212m██[38;2;230;207;188m██[38;2;218;173;168m██[38;2;231;209;188m██[38;2;246;225;204m██[38;2;226;175;175m██[38;2;227;191;187m██[38;2;237;211;198m██[38;2;199;151;145m██[38;2;241;206;195m██[38;2;236;208;192m██[38;2;190;155;146m██[38;2;239;212;195m██[38;2;226;191;183m██[38;2;216;153;161m██[38;2;247;243;207m██[38;2;241;214;195m██[38;2;248;229;203m██[38;2;236;194;184m██[38;2;223;171;170m██[38;2;183;132;149m██[38;2;218;156;161m██[38;2;234;201;185m██[38;2;242;224;196m██[38;2;204;169;157m  [38;2;93;46;46m  [38;2;0;0;0m  
[38;2;156;112;109m  [38;2;239;201;193m██[38;2;239;213;197m██[38;2;249;244;213m██[38;2;233;197;188m██[38;2;247;242;210m██[38;2;219;186;172m██[38;2;220;168;168m██[38;2;213;182;168m██[38;2;247;237;207m██[38;2;225;174;174m██[38;2;225;183;181m██[38;2;220;177;180m██[38;2;205;161;156m██[38;2;189;147;134m██[38;2;225;204;182m██[38;2;212;175;165m██[38;2;227;192;181m██[38;2;227;191;179m██[38;2;216;152;161m██[38;2;212;165;169m██[38;2;248;232;203m██[38;2;218;169;166m██[38;2;246;224;201m██[38;2;233;209;186m██[38;2;204;143;159m██[38;2;190;134;150m██[38;2;206;158;154m██[38;2;240;220;194m██[38;2;243;232;200m  [38;2;66;53;50m  [38;2;0;0;0m  
[38;2;227;189;180m  [38;2;236;216;195m██[38;2;230;190;183m██[38;2;248;242;211m██[38;2;246;228;205m██[38;2;247;237;208m██[38;2;213;175;165m██[38;2;226;172;173m██[38;2;202;155;151m██[38;2;246;239;206m██[38;2;227;175;175m██[38;2;223;174;175m██[38;2;211;157;168m██[38;2;230;190;183m██[38;2;244;192;168m██[38;2;234;186;182m██[38;2;215;154;159m██[38;2;206;155;138m██[38;2;212;151;155m██[38;2;167;119;123m██[38;2;211;147;159m██[38;2;247;225;201m██[38;2;211;161;164m██[38;2;237;209;190m██[38;2;245;221;197m██[38;2;200;144;156m██[38;2;221;157;160m██[38;2;222;158;162m██[38;2;227;199;180m██[38;2;246;243;205m██[38;2;248;214;201m  [38;2;85;85;85m  
[38;2;231;182;179m  [38;2;238;208;194m██[38;2;228;197;183m██[38;2;247;241;209m██[38;2;248;233;205m██[38;2;243;219;198m██[38;2;215;173;165m██[38;2;174;122;121m██[38;2;214;160;159m██[38;2;247;234;203m██[38;2;225;172;173m██[38;2;220;167;169m██[38;2;202;149;153m██[38;2;241;196;188m██[38;2;245;215;194m██[38;2;215;160;154m██[38;2;224;172;170m██[38;2;220;180;162m██[38;2;206;156;151m██[38;2;194;142;142m██[38;2;171;121;118m██[38;2;239;204;192m██[38;2;243;207;193m██[38;2;211;149;156m██[38;2;241;209;192m██[38;2;206;163;156m██[38;2;180;123;138m██[38;2;216;149;155m██[38;2;210;172;164m██[38;2;247;244;205m██[38;2;246;210;198m██[38;2;245;221;200m  
[38;2;216;176;167m  [38;2;227;182;179m██[38;2;238;220;196m██[38;2;246;228;203m██[38;2;246;220;202m██[38;2;232;184;180m██[38;2;184;146;138m██[38;2;219;156;161m██[38;2;227;183;170m██[38;2;244;214;197m██[38;2;221;162;166m██[38;2;217;162;165m██[38;2;198;156;144m██[38;2;230;181;180m██[38;2;248;219;197m██[38;2;247;205;182m██[38;2;237;191;184m██[38;2;231;195;176m██[38;2;224;186;167m██[38;2;218;151;158m██[38;2;228;191;173m██[38;2;178;135;134m██[38;2;224;171;170m██[38;2;204;148;161m██[38;2;223;183;173m██[38;2;241;208;191m██[38;2;182;129;146m██[38;2;186;123;133m██[38;2;205;153;154m██[38;2;247;242;204m██[38;2;242;202;192m██[38;2;246;211;198m██
[38;2;227;204;185m  [38;2;221;170;171m██[38;2;241;220;197m██[38;2;239;206;192m██[38;2;245;210;198m██[38;2;189;134;136m██[38;2;237;203;191m██[38;2;216;150;157m██[38;2;243;201;179m██[38;2;243;204;192m██[38;2;218;155;162m██[38;2;214;157;161m██[38;2;245;208;187m██[38;2;209;156;170m██[38;2;194;156;140m██[38;2;213;178;161m██[38;2;210;165;159m██[38;2;176;150;137m██[38;2;183;163;149m██[38;2;93;65;67m██[38;2;216;189;174m██[38;2;210;179;165m██[38;2;222;169;167m██[38;2;223;175;172m██[38;2;209;151;160m██[38;2;235;186;179m██[38;2;197;141;160m██[38;2;174;123;142m██[38;2;204;144;152m██[38;2;247;240;205m██[38;2;239;193;186m██[38;2;242;199;190m██
[38;2;234;213;193m██[38;2;223;169;172m██[38;2;234;201;187m██[38;2;227;182;176m██[38;2;222;186;176m██[38;2;191;146;134m██[38;2;248;214;201m██[38;2;216;149;157m██[38;2;181;139;126m██[38;2;212;170;162m██[38;2;219;156;161m██[38;2;213;156;160m██[38;2;244;211;190m██[38;2;211;158;160m██[38;2;226;199;182m██[38;2;230;194;175m██[38;2;86;65;65m██[38;2;79;61;58m██[38;2;250;243;220m██[38;2;65;44;44m██[38;2;126;113;108m██[38;2;247;244;221m██[38;2;228;177;174m██[38;2;239;192;185m██[38;2;213;152;163m██[38;2;187;134;147m██[38;2;206;156;160m██[38;2;173;123;143m██[38;2;190;131;140m██[38;2;246;239;204m██[38;2;237;195;185m██[38;2;231;184;177m██
[38;2;229;205;188m██[38;2;222;168;171m██[38;2;225;183;175m██[38;2;212;159;158m██[38;2;243;206;195m██[38;2;251;209;185m██[38;2;249;213;200m██[38;2;202;141;150m██[38;2;253;226;206m██[38;2;225;209;192m██[38;2;217;154;159m██[38;2;214;160;163m██[38;2;248;229;207m██[38;2;232;215;196m██[38;2;243;227;209m██[38;2;253;221;201m██[38;2;132;114;119m██[38;2;63;41;43m██[38;2;251;243;221m██[38;2;81;57;55m██[38;2;106;86;86m██[38;2;250;243;221m██[38;2;239;186;181m██[38;2;220;164;164m██[38;2;221;159;165m██[38;2;224;174;170m██[38;2;234;183;179m██[38;2;179;128;149m██[38;2;172;118;127m██[38;2;242;218;196m██[38;2;225;174;172m██[38;2;216;186;168m██
[38;2;204;168;158m  [38;2;222;168;171m██[38;2;223;174;171m██[38;2;208;150;153m██[38;2;242;199;190m██[38;2;251;212;187m██[38;2;187;137;155m██[38;2;221;179;161m██[38;2;252;226;205m██[38;2;251;215;191m██[38;2;216;155;158m██[38;2;218;166;164m██[38;2;252;241;218m██[38;2;216;196;176m██[38;2;242;217;202m██[38;2;240;225;203m██[38;2;111;96;91m██[38;2;74;48;49m██[38;2;253;250;227m██[38;2;179;161;148m██[38;2;172;96;98m██[38;2;250;242;220m██[38;2;220;167;164m██[38;2;208;147;153m██[38;2;160;115;109m██[38;2;223;165;165m██[38;2;209;153;160m██[38;2;173;122;139m██[38;2;193;142;145m██[38;2;245;208;195m██[38;2;229;175;176m██[38;2;228;185;175m██
[38;2;208;164;160m  [38;2;224;170;172m██[38;2;201;153;151m██[38;2;208;148;152m██[38;2;229;183;175m██[38;2;247;211;187m██[38;2;166;118;116m██[38;2;192;154;150m██[38;2;247;227;207m██[38;2;45;31;31m██[38;2;206;160;154m██[38;2;233;204;184m██[38;2;252;243;220m██[38;2;240;216;196m██[38;2;244;229;207m██[38;2;208;189;171m██[38;2;244;236;214m██[38;2;230;169;165m██[38;2;235;227;207m██[38;2;246;239;217m██[38;2;233;156;140m██[38;2;251;242;220m██[38;2;190;153;144m██[38;2;215;152;158m██[38;2;252;226;206m██[38;2;183;130;146m██[38;2;194;141;153m██[38;2;218;166;165m██[38;2;222;178;172m██[38;2;224;183;176m██[38;2;222;168;169m██[38;2;229;185;175m██
[38;2;215;166;165m  [38;2;226;174;176m██[38;2;198;150;151m██[38;2;216;156;159m██[38;2;210;162;157m██[38;2;248;216;191m██[38;2;94;71;66m██[38;2;71;52;55m██[38;2;247;237;214m██[38;2;64;43;44m██[38;2;44;30;29m██[38;2;248;216;192m██[38;2;251;241;217m██[38;2;206;184;167m██[38;2;239;228;207m██[38;2;241;216;196m██[38;2;251;243;221m██[38;2;120;90;86m██[38;2;212;186;169m██[38;2;251;243;221m██[38;2;123;91;85m██[38;2;251;243;221m██[38;2;242;231;210m██[38;2;220;157;163m██[38;2;252;230;209m██[38;2;179;130;138m██[38;2;185;138;140m██[38;2;228;177;174m██[38;2;227;177;172m██[38;2;195;139;155m██[38;2;201;147;152m██[38;2;223;176;169m██
[38;2;220;179;173m  [38;2;205;146;153m██[38;2;209;159;162m██[38;2;213;151;157m██[38;2;197;148;141m██[38;2;248;215;191m██[38;2;170;141;128m██[38;2;39;25;26m██[38;2;249;241;220m██[38;2;63;42;43m██[38;2;65;42;43m██[38;2;250;223;201m██[38;2;250;224;202m██[38;2;250;219;200m██[38;2;242;233;212m██[38;2;209;173;156m██[38;2;243;234;212m██[38;2;238;229;208m██[38;2;188;161;147m██[38;2;252;243;222m██[38;2;253;245;223m██[38;2;252;243;222m██[38;2;251;243;220m██[38;2;222;156;162m██[38;2;253;236;213m██[38;2;196;153;138m██[38;2;228;187;178m██[38;2;209;149;153m██[38;2;233;182;177m██[38;2;206;146;163m██[38;2;206;149;155m██[38;2;229;189;177m██
[38;2;200;152;149m██[38;2;198;138;145m██[38;2;200;141;148m██[38;2;180;122;135m██[38;2;191;138;133m██[38;2;246;214;190m██[38;2;216;185;165m██[38;2;235;228;232m██[38;2;251;243;221m██[38;2;66;43;43m██[38;2;175;142;141m██[38;2;237;206;184m██[38;2;247;199;175m██[38;2;246;195;174m██[38;2;214;174;159m██[38;2;252;245;222m██[38;2;202;181;165m██[38;2;252;243;222m████████████[38;2;202;173;161m██[38;2;248;237;213m██[38;2;208;164;146m██[38;2;208;169;164m██[38;2;202;146;164m██[38;2;212;162;159m██[38;2;207;146;161m██[38;2;212;150;156m██[38;2;243;222;196m██
[38;2;221;159;162m██[38;2;193;134;142m██[38;2;205;142;148m██[38;2;196;141;159m██[38;2;195;129;141m██[38;2;239;206;181m██[38;2;247;219;194m██[38;2;227;203;202m██[38;2;252;243;222m██[38;2;217;157;136m██[38;2;202;177;158m██[38;2;232;195;176m██[38;2;248;208;185m██[38;2;249;200;176m██[38;2;248;210;192m██[38;2;235;216;194m██[38;2;252;243;221m██[38;2;251;243;222m██[38;2;252;243;221m██[38;2;251;243;222m██[38;2;252;243;221m████[38;2;252;243;222m██[38;2;254;247;224m██[38;2;248;236;212m██[38;2;196;151;141m██[38;2;184;138;148m██[38;2;209;143;152m██[38;2;173;124;128m██[38;2;194;133;143m██[38;2;209;142;151m██[38;2;248;239;206m  
[38;2;221;191;174m██[38;2;202;143;150m██[38;2;215;152;161m██[38;2;209;152;167m██[38;2;195;143;165m██[38;2;249;214;189m██[38;2;247;215;190m██[38;2;198;161;146m██[38;2;252;243;221m██[38;2;205;169;154m██[38;2;250;243;221m██[38;2;218;179;161m██[38;2;248;211;191m██[38;2;249;212;189m██[38;2;250;230;207m██[38;2;206;181;164m██[38;2;251;243;221m██[38;2;252;243;222m████[38;2;251;243;220m██[38;2;251;243;221m████[38;2;252;243;222m██[38;2;251;243;221m██[38;2;250;233;209m██[38;2;192;147;145m██[38;2;185;137;152m██[38;2;217;148;156m██[38;2;198;140;147m██[38;2;218;171;168m██[38;2;226;173;172m██[38;2;235;218;191m  
[38;2;222;179;179m██[38;2;206;146;158m██[38;2;214;154;167m██[38;2;210;155;168m██[38;2;190;136;156m██[38;2;252;217;192m██[38;2;248;225;203m██[38;2;249;240;215m██[38;2;251;242;219m██[38;2;251;243;220m██[38;2;252;243;222m██[38;2;217;178;160m██[38;2;249;232;212m██[38;2;251;243;219m██[38;2;252;243;221m██[38;2;254;249;227m██[38;2;250;227;204m██[38;2;252;243;222m████[38;2;251;243;221m██████[38;2;251;243;220m██[38;2;252;243;222m██[38;2;251;243;220m██[38;2;184;136;140m██[38;2;175;128;140m██[38;2;207;145;153m██[38;2;171;115;122m██[38;2;207;154;153m██[38;2;246;215;200m██[38;2;74;57;55m  
[38;2;226;175;178m██[38;2;209;146;161m██[38;2;205;148;159m██[38;2;208;151;166m██[38;2;169;119;137m██[38;2;250;216;190m██[38;2;249;233;209m██[38;2;251;242;217m██[38;2;251;242;219m██[38;2;252;243;222m████[38;2;214;176;158m██[38;2;252;243;221m██[38;2;250;241;218m██[38;2;206;117;114m██[38;2;209;119;115m██[38;2;201;157;142m██[38;2;252;243;222m████[38;2;251;243;221m██████[38;2;251;242;219m██[38;2;252;243;222m██[38;2;250;236;214m██[38;2;175;127;129m██[38;2;186;141;140m██[38;2;244;207;195m  [38;2;194;135;144m██[38;2;209;140;146m██[38;2;249;216;203m  [38;2;111;80;81m  
[38;2;227;181;178m██[38;2;201;144;157m██[38;2;211;155;161m██[38;2;211;155;163m██[38;2;169;120;138m██[38;2;245;210;185m██[38;2;249;236;212m██[38;2;251;242;218m██[38;2;252;242;220m██[38;2;252;243;222m████[38;2;211;173;155m██[38;2;252;242;220m██[38;2;204;118;113m██[38;2;209;119;114m██[38;2;211;121;116m██[38;2;205;121;116m██[38;2;249;230;208m██[38;2;252;243;222m████[38;2;251;243;221m████[38;2;251;242;220m██[38;2;252;243;222m██[38;2;245;216;192m██[38;2;208;156;162m██[38;2;208;136;143m  [38;2;213;181;169m  [38;2;206;151;153m██[38;2;188;133;143m██[38;2;209;154;161m██[38;2;152;111;117m  
[38;2;216;177;169m██[38;2;206;153;155m██[38;2;229;183;177m██[38;2;230;186;181m██[38;2;180;128;148m██[38;2;240;202;180m██[38;2;249;238;214m██[38;2;251;242;218m██[38;2;251;242;221m██[38;2;252;243;222m██[38;2;252;244;222m██[38;2;209;168;150m██[38;2;251;243;221m██[38;2;201;129;122m██[38;2;209;120;114m██[38;2;234;177;175m██[38;2;233;175;173m██[38;2;218;188;170m██[38;2;252;243;222m██████████[38;2;252;244;222m██[38;2;246;208;182m██[38;2;238;219;192m██[38;2;207;136;142m  [38;2;185;132;132m  [38;2;195;138;140m  [38;2;140;113;106m  [38;2;172;140;134m  [38;2;0;0;0m  
[38;2;227;193;181m██[38;2;188;137;138m██[38;2;241;208;192m██[38;2;247;214;200m██[38;2;182;130;149m██[38;2;232;194;172m██[38;2;249;238;214m██[38;2;251;242;219m██[38;2;252;243;221m██[38;2;252;244;222m██[38;2;250;237;216m██[38;2;223;181;161m██[38;2;252;244;222m████[38;2;232;174;172m██[38;2;233;178;176m████[38;2;231;178;175m██[38;2;249;225;202m██[38;2;251;242;220m██[38;2;252;243;221m██[38;2;252;243;222m████[38;2;251;243;221m██[38;2;193;144;143m██[38;2;238;225;195m██[38;2;195;129;136m  [38;2;105;58;65m  [38;2;51;41;39m  [38;2;137;134;133m  [38;2;24;20;19m  [38;2;0;0;0m  
[38;2;224;179;179m██[38;2;198;134;140m██[38;2;228;198;182m██[38;2;248;226;203m██[38;2;179;125;144m██[38;2;225;188;168m██[38;2;250;240;215m██[38;2;251;243;219m██[38;2;252;243;221m██[38;2;252;244;221m██[38;2;245;211;192m██[38;2;234;194;171m██[38;2;249;235;212m██[38;2;252;242;220m██[38;2;253;244;222m██[38;2;247;225;208m██[38;2;249;235;216m██[38;2;252;245;224m██[38;2;199;169;152m██[38;2;249;238;215m██[38;2;252;244;222m██[38;2;252;243;221m████[38;2;251;242;220m██[38;2;215;153;166m██[38;2;217;169;167m  [38;2;21;14;15m  [38;2;122;99;97m  [38;2;40;40;40m  [38;2;110;97;88m  [38;2;237;213;191m  [38;2;196;190;203m  
[38;2;187;138;150m██[38;2;209;145;149m██[38;2;188;139;138m██[38;2;247;238;204m██[38;2;185;132;149m██[38;2;231;196;174m██[38;2;251;242;219m██[38;2;251;243;221m██[38;2;252;243;222m██[38;2;252;244;222m██[38;2;199;160;148m██[38;2;189;140;166m██[38;2;177;130;151m██[38;2;193;153;140m██[38;2;251;230;208m██[38;2;251;243;222m██[38;2;252;244;224m██[38;2;252;238;216m██[38;2;196;152;137m██[38;2;250;225;202m██[38;2;252;243;222m██████[38;2;251;244;222m██[38;2;171;121;129m██[38;2;166;126;128m  [38;2;145;125;130m  [38;2;163;137;145m  [38;2;172;148;152m  [38;2;245;218;194m  [38;2;199;185;184m██[38;2;217;211;228m██
[38;2;188;138;159m██[38;2;226;163;166m  [38;2;226;153;160m  [38;2;249;240;207m██[38;2;200;147;165m██[38;2;241;208;185m██[38;2;252;243;221m██[38;2;252;243;222m████[38;2;248;227;207m██[38;2;188;141;168m██[38;2;190;132;148m██[38;2;175;120;133m██[38;2;189;142;168m██[38;2;191;144;171m██[38;2;164;118;133m██[38;2;197;152;136m██[38;2;229;180;164m██[38;2;234;186;169m██[38;2;224;182;162m██[38;2;252;243;222m██[38;2;252;244;222m██[38;2;252;243;222m██[38;2;251;243;221m██[38;2;197;177;181m██[38;2;198;151;155m  [38;2;177;143;152m██[38;2;186;158;171m██[38;2;240;213;189m██[38;2;246;218;195m██[38;2;215;208;226m██[38;2;215;210;225m██[0m
