
[38;2;11;2;2m  [38;2;39;3;9m  [38;2;230;37;55m  [38;2;179;34;46m  [38;2;187;105;51m  [38;2;199;141;54m██[38;2;215;156;59m██[38;2;219;160;60m██[38;2;187;128;50m██[38;2;183;35;47m  [38;2;110;26;29m  [38;2;31;31;31m  [38;2;44;44;44m  [38;2;50;50;50m  [38;2;139;139;139m  [38;2;164;164;164m  [38;2;174;174;174m  [38;2;151;151;151m  [38;2;121;121;121m  [38;2;48;48;48m  [38;2;40;40;40m  [38;2;17;17;17m  [38;2;0;0;0m                    
[38;2;148;33;38m  [38;2;194;87;51m  [38;2;217;155;61m██[38;2;245;179;69m██[38;2;254;187;72m██[38;2;255;187;73m██[38;2;255;186;73m██[38;2;255;185;72m██[38;2;255;187;72m██[38;2;236;170;65m██[38;2;176;100;73m  [38;2;213;215;215m██[38;2;235;235;235m██[38;2;245;245;245m████████████[38;2;242;242;242m██[38;2;227;227;227m██[38;2;183;183;183m  [38;2;116;116;116m  [38;2;27;27;27m  [38;2;0;0;0m                
[38;2;157;90;41m██[38;2;255;187;72m██[38;2;254;185;72m██[38;2;253;187;73m██[38;2;247;179;69m  [38;2;224;162;62m  [38;2;230;167;63m  [38;2;253;187;72m██[38;2;254;185;71m██[38;2;255;185;72m██[38;2;206;127;38m██[38;2;246;248;249m██[38;2;243;243;243m████████████[38;2;242;242;242m██[38;2;243;243;243m██████[38;2;244;244;244m██[38;2;195;195;195m  [38;2;46;46;46m  [38;2;0;0;0m              
[38;2;246;182;70m██[38;2;255;185;72m██[38;2;239;171;67m  [38;2;188;69;47m  [38;2;88;1;22m  [38;2;102;0;25m  [38;2;129;34;51m  [38;2;171;96;57m██[38;2;248;181;69m██[38;2;254;185;71m██[38;2;201;125;54m██[38;2;246;248;249m██[38;2;243;243;243m████████████[38;2;235;235;235m██[38;2;241;241;241m██[38;2;243;243;243m██████[38;2;236;236;236m██[38;2;196;196;196m██[38;2;69;69;69m  [38;2;0;4;6m  [38;2;0;0;0m          
[38;2;255;189;73m██[38;2;255;186;72m██[38;2;185;122;49m  [38;2;129;13;32m  [38;2;1;0;0m  [38;2;50;6;12m  [38;2;134;27;49m  [38;2;206;146;60m██[38;2;253;186;72m██[38;2;234;161;61m██[38;2;188;123;116m██[38;2;243;246;246m██[38;2;243;243;243m██████[38;2;244;244;243m██[38;2;216;220;231m██[38;2;240;241;241m██[38;2;240;240;240m██[38;2;232;232;233m██[38;2;243;243;243m████████[38;2;240;240;240m██[38;2;173;174;175m██[38;2;61;103;130m██[38;2;24;59;81m  [38;2;0;0;0m        
[38;2;208;137;57m██[38;2;244;181;70m██[38;2;206;138;56m  [38;2;109;10;25m  [38;2;221;49;54m  [38;2;175;78;46m  [38;2;241;177;67m██[38;2;245;180;67m██[38;2;207;146;57m██[38;2;168;80;80m██[38;2;242;231;232m██[38;2;243;242;242m██[38;2;243;243;243m████[38;2;242;242;242m██[38;2;245;245;244m██[38;2;185;197;218m██[38;2;230;233;237m██[38;2;242;241;242m██[38;2;229;229;230m██[38;2;243;243;243m██[38;2;242;242;242m██[38;2;240;242;243m██[38;2;224;238;244m██[38;2;243;242;242m██[38;2;232;233;234m██[38;2;77;124;151m██[38;2;48;115;158m██[38;2;24;79;113m██[38;2;10;20;26m  [38;2;0;0;0m    
[38;2;212;38;48m  [38;2;197;55;50m  [38;2;202;54;50m  [38;2;148;15;35m  [38;2;184;110;49m  [38;2;250;185;71m██[38;2;224;166;60m██[38;2;184;90;71m██[38;2;221;189;184m██[38;2;245;243;243m██[38;2;243;243;243m██[38;2;226;239;244m██[38;2;243;243;243m██████[38;2;246;245;245m██[38;2;162;179;209m██[38;2;220;225;233m██[38;2;243;243;243m██[38;2;224;225;226m██[38;2;245;244;244m██[38;2;243;243;243m██[38;2;245;243;243m██[38;2;186;232;247m██[38;2;230;240;243m██[38;2;243;243;243m██[38;2;188;197;202m██[38;2;56;105;137m██[38;2;141;178;199m██[38;2;113;119;126m██[38;2;0;0;0m    
[38;2;0;0;0m      [38;2;62;3;4m  [38;2;216;154;58m  [38;2;255;188;73m██[38;2;130;35;13m██[38;2;246;232;232m██[38;2;243;244;244m██[38;2;243;243;243m██[38;2;222;238;244m██[38;2;233;241;243m██[38;2;243;243;243m██████[38;2;239;238;237m██[38;2;142;165;203m██[38;2;205;215;229m██[38;2;243;243;243m██[38;2;228;229;230m██[38;2;219;220;222m██[38;2;243;243;243m████[38;2;200;223;230m██[38;2;177;230;248m██[38;2;245;243;243m██[38;2;246;246;246m██[38;2;170;164;164m██[38;2;205;141;142m██[38;2;129;100;101m██[38;2;165;167;168m  [38;2;37;37;38m  
[38;2;0;0;0m    [38;2;0;5;7m  [38;2;40;80;114m  [38;2;153;69;36m██[38;2;253;186;72m██[38;2;227;168;57m██[38;2;196;136;118m██[38;2;244;243;243m██[38;2;243;243;243m██[38;2;202;234;246m██[38;2;246;243;243m██[38;2;243;243;243m██████[38;2;206;205;204m██[38;2;122;155;200m██[38;2;180;203;224m██[38;2;243;243;243m██[38;2;244;244;244m██[38;2;141;144;148m██[38;2;239;240;240m██[38;2;244;244;244m██[38;2;195;199;202m██[38;2;141;216;239m██[38;2;206;235;245m██[38;2;244;243;243m██[38;2;236;235;235m██[38;2;157;57;58m██[38;2;193;182;182m██[38;2;249;248;248m██[38;2;239;239;239m██
[38;2;0;0;0m    [38;2;131;137;143m  [38;2;122;162;187m██[38;2;139;69;114m██[38;2;202;147;36m██[38;2;255;190;73m██[38;2;171;105;68m██[38;2;244;244;244m██[38;2;241;242;243m██[38;2;202;234;246m██[38;2;246;243;243m██[38;2;243;243;243m████[38;2;244;244;244m██[38;2;179;168;166m██[38;2;115;151;199m██[38;2;141;171;208m██[38;2;245;245;243m██[38;2;244;244;244m██[38;2;187;188;189m██[38;2;191;185;186m██[38;2;244;244;244m██[38;2;212;210;210m██[38;2;165;198;211m██[38;2;141;224;249m██[38;2;235;240;243m██[38;2;243;243;243m██[38;2;195;188;189m██[38;2;219;217;216m██[38;2;207;228;238m██[38;2;115;120;130m  
[38;2;86;86;86m  [38;2;169;169;169m██[38;2;152;143;143m██[38;2;210;142;142m██[38;2;218;189;192m██[38;2;175;101;83m██[38;2;167;88;61m██[38;2;207;125;99m██[38;2;212;170;150m██[38;2;236;232;233m██[38;2;203;234;246m██[38;2;244;243;243m██[38;2;243;243;243m████[38;2;241;241;242m██[38;2;181;144;137m██[38;2;104;144;195m██[38;2;106;144;194m██[38;2;205;212;226m██[38;2;245;245;244m██[38;2;220;221;222m██[38;2;190;153;147m██[38;2;238;238;238m██[38;2;230;230;230m██[38;2;186;172;171m██[38;2;134;223;251m██[38;2;202;235;245m██[38;2;243;243;243m██[38;2;197;198;199m██[38;2;227;227;228m██[38;2;222;240;247m██[38;2;168;206;220m██
[38;2;238;238;238m██[38;2;246;246;245m██[38;2;216;210;213m██[38;2;166;76;77m██[38;2;161;37;38m██[38;2;157;143;147m██[38;2;184;115;65m██[38;2;228;170;54m██[38;2;216;150;41m██[38;2;204;180;185m██[38;2;197;235;248m██[38;2;244;243;243m██[38;2;237;237;237m██[38;2;243;243;243m██[38;2;234;235;236m██[38;2;221;184;175m██[38;2;54;112;169m██[38;2;81;130;189m██[38;2;140;165;204m██[38;2;245;245;244m██[38;2;243;244;244m██[38;2;207;174;167m██[38;2;217;211;210m██[38;2;241;241;242m██[38;2;222;181;172m██[38;2;142;180;198m██[38;2;161;216;235m██[38;2;245;243;243m██[38;2;233;233;233m██[38;2;78;78;79m  [38;2;221;222;223m██[38;2;190;236;252m██
[38;2;82;82;82m  [38;2;208;214;226m██[38;2;230;232;235m██[38;2;196;194;194m██[38;2;113;121;127m██[38;2;225;226;227m██[38;2;176;97;40m██[38;2;247;185;68m██[38;2;209;146;23m██[38;2;203;181;186m██[38;2;183;228;241m██[38;2;244;243;243m██[38;2;210;210;210m██[38;2;243;243;243m██[38;2;228;229;230m██[38;2;242;227;219m██[38;2;110;125;161m██[38;2;77;127;188m██[38;2;55;125;188m██[38;2;243;243;243m██[38;2;244;244;244m██[38;2;230;216;210m██[38;2;200;185;180m██[38;2;215;208;205m██[38;2;235;220;214m██[38;2;222;193;186m██[38;2;134;159;173m██[38;2;244;243;243m██[38;2;246;246;246m██[38;2;107;116;127m  [38;2;70;70;71m  [38;2;226;235;240m  
[38;2;228;230;235m██[38;2;218;223;233m██[38;2;200;200;199m██[38;2;137;142;148m██[38;2;219;221;223m██[38;2;243;244;243m██[38;2;222;182;185m██[38;2;202;161;104m██[38;2;202;131;114m██[38;2;217;230;236m██[38;2;181;228;241m██[38;2;221;219;219m██[38;2;218;217;217m██[38;2;243;243;243m██[38;2;227;226;226m██[38;2;241;230;222m██[38;2;145;152;171m██[38;2;81;124;175m██[38;2;106;149;182m██[38;2;224;214;211m██[38;2;231;220;216m██[38;2;243;225;218m██[38;2;255;237;229m██[38;2;255;236;228m██[38;2;255;235;227m██[38;2;254;235;227m██[38;2;239;206;199m██[38;2;128;120;126m██[38;2;247;247;247m██[38;2;176;179;184m██[38;2;10;12;16m  [38;2;180;181;184m  
[38;2;195;206;224m██[38;2;235;235;237m██[38;2;31;32;33m██[38;2;201;205;208m██[38;2;243;243;243m██[38;2;236;236;236m██[38;2;241;241;241m██[38;2;243;241;241m██[38;2;244;243;243m██[38;2;205;220;224m██[38;2;183;232;247m██[38;2;203;185;182m██[38;2;228;228;228m██[38;2;241;241;241m██[38;2;195;190;188m██[38;2;235;221;213m██[38;2;235;218;212m██[38;2;237;225;221m██[38;2;248;232;223m██[38;2;252;233;225m██[38;2;254;235;226m██[38;2;220;205;198m██[38;2;181;166;160m██[38;2;233;215;208m██[38;2;255;235;227m████[38;2;254;230;222m██[38;2;129;89;86m██[38;2;247;247;247m██[38;2;209;210;211m██[38;2;0;0;0m  [38;2;82;107;115m  
[38;2;148;173;210m██[38;2;162;162;161m  [38;2;52;52;52m  [38;2;239;240;240m██[38;2;243;243;243m██[38;2;232;233;233m██[38;2;240;240;239m██[38;2;243;243;243m██[38;2;244;244;244m██[38;2;196;211;216m██[38;2;171;221;236m██[38;2;218;196;189m██[38;2;207;198;194m██[38;2;217;199;191m██[38;2;220;205;198m██[38;2;213;198;191m██[38;2;249;230;222m██[38;2;255;235;227m████[38;2;255;234;227m██[38;2;255;235;227m██[38;2;251;232;224m██[38;2;241;221;213m██[38;2;235;219;211m██[38;2;247;229;221m██[38;2;229;209;202m██[38;2;230;202;195m██[38;2;167;112;102m██[38;2;245;246;246m██[38;2;229;229;229m██[38;2;0;0;0m  [38;2;16;32;38m  
[38;2;119;156;202m██[38;2;81;80;80m  [38;2;135;135;135m  [38;2;246;246;245m██[38;2;243;243;243m██[38;2;230;230;231m██[38;2;239;239;239m██[38;2;243;243;243m██[38;2;244;244;244m██[38;2;203;201;201m██[38;2;220;213;210m██[38;2;250;231;223m██[38;2;255;236;228m██[38;2;254;234;226m██[38;2;222;208;201m██[38;2;217;206;198m██[38;2;253;235;227m██[38;2;255;235;227m████████[38;2;255;236;227m██[38;2;223;203;195m██[38;2;55;50;48m██[38;2;68;62;60m██[38;2;62;52;50m██[38;2;189;164;159m██[38;2;190;154;144m██[38;2;242;242;242m████[38;2;0;0;0m    
[38;2;132;158;196m██[38;2;58;60;64m  [38;2;132;132;132m  [38;2;245;245;245m██[38;2;243;243;243m██[38;2;228;228;229m██[38;2;238;238;239m██[38;2;243;243;243m██[38;2;244;245;245m██[38;2;210;200;198m██[38;2;229;201;192m██[38;2;227;211;204m██[38;2;236;223;215m██[38;2;236;224;216m██[38;2;221;207;200m██[38;2;180;159;152m██[38;2;243;221;213m██[38;2;255;235;227m██[38;2;255;234;227m██[38;2;255;235;227m████[38;2;255;234;227m██[38;2;255;241;233m██[38;2;65;91;114m██[38;2;120;148;168m██[38;2;234;236;239m██[38;2;195;192;193m██[38;2;215;190;182m██[38;2;233;232;232m██[38;2;249;249;249m██[38;2;0;0;0m    
[38;2;47;67;92m  [38;2;39;47;59m  [38;2;122;122;122m  [38;2;245;245;245m██[38;2;243;243;243m██[38;2;227;228;229m██[38;2;238;238;239m██[38;2;243;243;243m██[38;2;244;245;245m██[38;2;208;201;200m██[38;2;215;183;173m██[38;2;111;105;103m██[38;2;39;46;62m██[38;2;43;47;68m██[38;2;35;52;62m██[38;2;118;112;111m██[38;2;255;235;227m██[38;2;255;234;227m██[38;2;255;235;227m████████[38;2;249;230;221m██[38;2;7;79;127m██[38;2;72;137;170m██[38;2;139;173;193m██[38;2;141;165;179m██[38;2;244;224;216m██[38;2;217;211;211m██[38;2;249;249;249m██[38;2;23;24;24m  [38;2;0;0;0m  
[38;2;1;2;2m  [38;2;42;43;44m  [38;2;95;95;94m  [38;2;246;246;246m██[38;2;243;243;243m██[38;2;227;228;229m██[38;2;238;238;239m██[38;2;243;243;243m██[38;2;244;244;244m██[38;2;209;206;207m██[38;2;254;232;223m██[38;2;223;224;225m██[38;2;3;70;113m██[38;2;92;123;149m██[38;2;234;238;241m██[38;2;189;192;197m██[38;2;255;237;228m██[38;2;255;235;226m██[38;2;255;235;227m████████[38;2;251;231;222m██[38;2;18;116;165m██[38;2;70;151;197m██[38;2;74;153;187m██[38;2;123;162;187m██[38;2;252;241;232m██[38;2;210;198;194m██[38;2;249;249;249m██[38;2;62;64;64m  [38;2;0;0;0m  
[38;2;0;0;0m    [38;2;55;55;55m  [38;2;246;246;246m██[38;2;243;243;243m██[38;2;226;227;229m██[38;2;238;238;238m██[38;2;243;243;243m██[38;2;244;244;244m██[38;2;223;222;222m██[38;2;246;229;222m██[38;2;198;204;209m██[38;2;19;98;142m██[38;2;46;113;154m██[38;2;138;172;193m██[38;2;129;156;176m██[38;2;255;238;229m██[38;2;255;235;226m██████[38;2;255;234;227m██[38;2;255;235;227m██[38;2;255;238;229m██[38;2;130;162;185m██[38;2;118;217;243m██[38;2;125;222;243m██[38;2;183;181;182m██[38;2;254;199;186m██[38;2;222;185;176m██[38;2;246;246;246m██[38;2;80;80;80m  [38;2;0;0;0m  
[38;2;0;0;0m    [38;2;26;26;26m  [38;2;246;246;246m██[38;2;243;243;243m██[38;2;226;227;228m██[38;2;238;238;238m██[38;2;243;243;243m██[38;2;240;240;240m██[38;2;233;232;232m██[38;2;235;220;213m██[38;2;224;229;230m██[38;2;30;127;177m██[38;2;87;171;211m██[38;2;77;169;206m██[38;2;127;160;183m██[38;2;255;238;229m██[38;2;255;235;227m████████████[38;2;236;223;217m██[38;2;189;194;193m██[38;2;196;195;193m██[38;2;243;185;174m██[38;2;255;189;175m██[38;2;224;184;175m██[38;2;245;245;245m██[38;2;94;94;94m  [38;2;0;0;0m  
[38;2;0;0;0m    [38;2;95;95;95m  [38;2;246;246;246m██[38;2;243;243;243m██[38;2;225;226;227m██[38;2;238;238;238m██[38;2;236;237;240m██[38;2;235;236;240m██[38;2;200;201;203m██[38;2;229;217;211m██[38;2;252;246;242m██[38;2;123;164;191m██[38;2;121;219;242m██[38;2;122;213;234m██[38;2;208;207;206m██[38;2;255;236;228m██[38;2;255;235;227m██████████████[38;2;255;237;229m██[38;2;255;232;224m██[38;2;255;192;179m██[38;2;250;188;174m██[38;2;196;171;172m██[38;2;245;245;246m██[38;2;112;113;113m  [38;2;0;0;0m  
[38;2;0;0;0m    [38;2;151;151;151m  [38;2;245;245;245m██[38;2;243;243;243m██[38;2;222;223;225m██[38;2;239;239;239m██[38;2;230;233;237m██[38;2;211;217;229m██[38;2;217;216;216m██[38;2;180;155;151m██[38;2;255;208;196m██[38;2;236;200;194m██[38;2;177;194;204m██[38;2;203;208;209m██[38;2;251;232;224m██[38;2;255;235;227m██[38;2;238;218;210m██[38;2;226;200;192m██[38;2;224;194;186m██[38;2;224;192;184m██[38;2;229;198;190m██[38;2;252;233;225m██[38;2;255;235;227m██████[38;2;246;214;204m██[38;2;222;190;182m██[38;2;173;185;209m██[38;2;232;232;234m██[38;2;128;128;129m  [38;2;0;0;0m  
[38;2;0;0;0m    [38;2;203;203;203m██[38;2;245;245;245m██[38;2;245;245;244m██[38;2;213;215;217m██[38;2;243;243;243m██[38;2;231;233;237m██[38;2;187;198;219m██[38;2;239;232;230m██[38;2;208;152;142m██[38;2;229;170;157m██[38;2;255;189;176m██[38;2;255;206;194m██[38;2;255;236;228m██[38;2;255;235;227m██[38;2;239;218;210m██[38;2;222;156;148m██[38;2;244;169;161m██[38;2;243;168;161m██[38;2;245;170;163m██[38;2;229;171;164m██[38;2;246;228;220m██[38;2;255;235;227m██[38;2;255;238;230m██[38;2;241;219;211m██[38;2;192;181;179m██[38;2;246;247;246m██[38;2;171;185;213m██[38;2;227;228;230m██[38;2;106;108;110m  [38;2;8;8;9m  
[38;2;0;0;0m  [38;2;30;30;30m  [38;2;236;236;236m  [38;2;188;188;188m  [38;2;241;241;242m██[38;2;200;203;207m██[38;2;240;240;240m██[38;2;233;235;238m██[38;2;143;168;205m██[38;2;241;236;233m██[38;2;219;167;156m██[38;2;254;190;176m██[38;2;255;191;177m██[38;2;255;206;195m██[38;2;255;236;228m████[38;2;223;192;184m██[38;2;228;156;148m██[38;2;230;163;155m██[38;2;231;167;160m██[38;2;226;170;162m██[38;2;225;196;188m██[38;2;249;230;222m██[38;2;223;202;195m██[38;2;190;172;168m██[38;2;150;145;150m██[38;2;191;194;197m██[38;2;246;246;245m██[38;2;155;174;207m██[38;2;228;229;231m██[38;2;13;13;13m  [38;2;8;8;8m  
[38;2;0;0;0m  [38;2;134;134;134m  [38;2;139;139;139m  [38;2;130;130;130m  [38;2;191;194;198m██[38;2;185;189;194m██[38;2;225;227;228m██[38;2;237;238;240m██[38;2;73;138;195m██[38;2;229;230;231m██[38;2;164;157;159m██[38;2;158;135;133m██[38;2;188;146;137m██[38;2;216;189;180m██[38;2;240;219;211m██[38;2;254;237;229m██[38;2;247;229;221m██[38;2;242;219;211m██[38;2;243;222;213m██[38;2;242;224;216m██[38;2;235;213;204m██[38;2;195;172;165m██[38;2;162;147;147m██[38;2;167;165;169m██[38;2;166;170;177m██[38;2;166;172;179m██[38;2;195;197;201m██[38;2;245;245;244m██[38;2;137;162;202m██[38;2;225;226;228m██[38;2;0;0;0m    
[38;2;23;23;23m  [38;2;94;94;94m  [38;2;0;0;0m  [38;2;106;107;107m  [38;2;182;184;188m██[38;2;199;202;205m██[38;2;206;208;211m██[38;2;244;243;244m██[38;2;75;144;198m██[38;2;193;202;219m██[38;2;177;181;186m██[38;2;168;174;181m██[38;2;140;147;154m██[38;2;140;146;153m██[38;2;127;108;108m██[38;2;221;160;150m██[38;2;231;173;163m██[38;2;181;146;138m██[38;2;172;160;160m██[38;2;112;95;96m██[38;2;149;149;155m██[38;2;169;175;183m██[38;2;170;176;184m██[38;2;170;175;182m████[38;2;166;171;178m██[38;2;202;205;207m██[38;2;241;243;243m██[38;2;105;149;198m██[38;2;216;217;219m██[38;2;0;0;0m    
[38;2;0;0;0m    [38;2;3;3;3m  [38;2;132;132;133m  [38;2;233;233;233m██[38;2;218;220;222m██[38;2;170;174;180m██[38;2;247;247;246m██[38;2;149;175;209m██[38;2;101;150;199m██[38;2;180;182;185m██[38;2;142;147;153m██[38;2;172;178;185m██[38;2;181;188;195m██[38;2;156;129;127m██[38;2;229;171;160m██[38;2;233;173;163m██[38;2;149;124;122m██[38;2;180;188;195m██[38;2;183;189;195m██[38;2;107;105;108m██[38;2;172;177;184m██[38;2;169;175;182m██[38;2;170;175;182m██[38;2;170;175;181m██[38;2;167;172;178m██[38;2;198;200;202m██[38;2;221;227;235m██[38;2;89;150;199m██[38;2;195;195;195m██[38;2;0;0;0m    
[38;2;0;0;0m    [38;2;10;10;10m  [38;2;185;185;185m  [38;2;243;243;243m██[38;2;214;216;220m██[38;2;137;145;155m██[38;2;240;240;240m██[38;2;205;212;226m██[38;2;77;146;199m██[38;2;196;200;205m██[38;2;167;173;181m██[38;2;179;185;192m██[38;2;178;184;191m██[38;2;167;159;161m██[38;2;217;161;152m██[38;2;176;128;121m██[38;2;159;125;123m██[38;2;252;253;254m██[38;2;251;251;251m██[38;2;9;9;33m██[38;2;157;161;167m██[38;2;170;175;182m████[38;2;172;177;184m██[38;2;124;130;138m██[38;2;171;174;178m██[38;2;187;199;220m██[38;2;134;181;216m██[38;2;145;144;145m██[38;2;0;0;0m    
[38;2;0;0;0m    [38;2;15;15;15m  [38;2;208;208;208m██[38;2;243;243;243m██[38;2;207;210;213m██[38;2;166;172;179m██[38;2;182;185;190m██[38;2;241;241;242m██[38;2;87;149;201m██[38;2;148;177;192m██[38;2;110;113;117m██[38;2;119;125;146m██[38;2;176;180;186m██[38;2;195;201;206m██[38;2;169;152;115m██[38;2;182;157;111m██[38;2;206;173;117m██[38;2;253;248;238m██[38;2;153;171;183m██[38;2;32;114;159m██[38;2;99;115;126m██[38;2;170;175;182m████[38;2;155;160;166m██[38;2;121;126;133m██[38;2;185;187;190m██[38;2;128;170;209m██[38;2;170;215;232m██[38;2;21;20;21m██[38;2;0;0;0m    
[38;2;0;0;0m    [38;2;20;20;20m  [38;2;230;230;230m██[38;2;243;243;243m██[38;2;186;188;192m██[38;2;161;166;174m██[38;2;157;162;170m██[38;2;222;223;224m██[38;2;175;197;220m██[38;2;84;144;170m██[38;2;36;80;108m██[38;2;37;67;96m██[38;2;37;106;143m██[38;2;154;162;171m██[38;2;219;212;201m██[38;2;204;165;74m██[38;2;172;165;149m██[38;2;189;186;179m██[38;2;68;108;133m██[38;2;50;116;158m██[38;2;67;107;132m██[38;2;165;170;176m██[38;2;170;175;182m██[38;2;167;172;179m██[38;2;170;175;182m██[38;2;154;159;171m██[38;2;124;211;244m██[38;2;166;185;196m██[38;2;44;46;49m██[38;2;0;0;0m    [0m
