
[38;2;125;81;151m██[38;2;127;83;152m██[38;2;129;86;154m██[38;2;130;87;155m██[38;2;131;89;156m██[38;2;133;91;156m██[38;2;134;93;158m██[38;2;136;95;158m██[38;2;138;97;159m██[38;2;139;98;160m████[38;2;139;97;160m██[38;2;140;99;161m██[38;2;146;106;166m██[38;2;152;114;172m██[38;2;158;121;178m██[38;2;160;123;180m██[38;2;167;130;186m██[38;2;177;140;198m██[38;2;166;131;185m██[38;2;163;127;182m██[38;2;159;122;179m██[38;2;153;116;173m██[38;2;14;10;16m██[38;2;0;0;0m██[38;2;1;1;1m          [38;2;0;0;0m  [38;2;1;1;1m  
[38;2;128;84;152m██[38;2;129;85;154m██[38;2;130;87;154m██[38;2;130;88;155m██[38;2;132;90;156m██[38;2;133;92;158m██[38;2;135;94;158m██[38;2;137;96;159m██[38;2;138;97;160m██[38;2;139;98;161m██[38;2;139;98;160m██[38;2;139;97;159m██[38;2;139;98;160m██[38;2;142;102;163m██[38;2;148;109;169m██[38;2;155;118;175m██[38;2;158;121;178m██[38;2;162;126;182m██[38;2;146;114;163m██[38;2;170;135;189m██[38;2;168;133;187m██[38;2;164;129;184m██[38;2;160;123;180m██[38;2;159;120;181m██[38;2;0;0;0m██  [38;2;1;1;1m            
[38;2;128;85;153m██[38;2;129;86;154m██[38;2;131;88;155m██[38;2;131;89;156m██[38;2;133;91;157m██[38;2;134;93;158m██[38;2;136;95;159m██[38;2;138;97;161m██[38;2;140;98;161m██[38;2;139;98;161m████[38;2;139;97;160m██[38;2;139;98;160m████[38;2;144;104;165m██[38;2;150;111;169m██[38;2;157;119;177m██[38;2;160;125;180m██[38;2;90;70;101m██[38;2;167;131;186m██[38;2;171;136;190m██[38;2;168;132;187m██[38;2;162;126;181m██[38;2;154;116;174m██[38;2;104;75;119m██[38;2;0;0;0m██  [38;2;1;1;1m          
[38;2;129;86;155m██[38;2;130;88;156m██[38;2;131;89;156m██[38;2;132;91;157m██[38;2;133;92;158m██[38;2;135;94;159m██[38;2;137;97;160m██[38;2;139;98;161m██[38;2;140;99;161m████[38;2;139;98;160m████[38;2;139;97;160m████[38;2;139;98;160m██[38;2;145;105;166m██[38;2;150;110;170m██[38;2;156;119;176m██[38;2;170;131;191m██[38;2;171;133;191m██[38;2;167;131;186m██[38;2;129;101;146m██[38;2;160;124;180m██[38;2;153;115;173m██[38;2;146;106;167m██[38;2;2;1;2m██[38;2;0;0;0m██          
[38;2;130;87;155m██[38;2;131;89;157m██[38;2;132;90;157m██[38;2;133;91;157m██[38;2;134;93;158m██[38;2;136;96;160m██[38;2;139;97;160m██[38;2;139;99;161m██[38;2;140;100;162m██[38;2;139;99;161m██[38;2;139;98;161m██[38;2;139;98;160m██[38;2;138;98;160m██[38;2;138;97;159m██[38;2;147;105;170m██[38;2;139;98;160m██[38;2;124;90;143m██[38;2;148;109;168m██[38;2;156;118;176m██[38;2;72;55;81m██[38;2;161;124;180m██[38;2;147;113;164m██[38;2;176;133;197m██[38;2;151;112;171m██[38;2;145;105;166m██[38;2;146;103;168m██[38;2;0;0;0m██  [38;2;1;1;1m        
[38;2;131;89;157m██[38;2;132;90;157m██[38;2;133;91;158m██[38;2;135;94;159m██[38;2;135;95;160m██[38;2;139;97;161m██[38;2;139;99;161m██[38;2;140;100;162m████[38;2;140;99;161m██[38;2;139;99;161m██[38;2;139;98;160m████[38;2;139;97;160m██[38;2;147;104;169m██[38;2;59;41;68m██[38;2;142;100;164m██[38;2;146;104;167m██[38;2;145;105;166m██[38;2;156;116;177m██[38;2;161;121;183m██[38;2;153;115;173m██[38;2;162;121;184m██[38;2;103;75;117m██[38;2;52;37;60m██[38;2;145;102;167m██[38;2;20;14;24m██[38;2;0;0;0m██        
[38;2;132;90;158m██[38;2;133;91;158m██[38;2;135;94;159m██[38;2;136;96;160m██[38;2;137;97;161m██[38;2;140;98;162m██[38;2;140;99;162m██[38;2;140;100;162m████[38;2;140;99;161m████[38;2;139;98;160m██[38;2;139;97;160m████[38;2;138;97;159m██[38;2;146;102;168m██[38;2;131;93;151m██[38;2;106;76;122m██[38;2;142;102;163m██[38;2;81;59;94m██[38;2;151;107;172m██[38;2;101;72;116m██[38;2;140;100;161m██[38;2;146;104;168m██[38;2;9;7;11m██[38;2;44;15;18m██[38;2;148;104;170m██[38;2;0;0;0m██  [38;2;1;1;1m    [38;2;0;0;0m  
[38;2;133;92;158m██[38;2;134;93;160m██[38;2;136;96;160m██[38;2;137;97;160m██[38;2;140;99;162m██[38;2;140;100;163m██[38;2;140;101;162m██[38;2;140;100;162m████[38;2;140;99;161m██[38;2;140;99;162m██[38;2;144;101;165m██[38;2;142;100;164m██[38;2;133;93;153m██[38;2;107;75;123m██[38;2;43;31;50m██[38;2;140;99;161m██[38;2;75;54;87m██[38;2;145;105;166m██[38;2;86;61;99m██[38;2;150;107;174m██[38;2;135;95;157m██[38;2;135;94;157m██[38;2;16;8;13m██[38;2;42;15;18m██[38;2;0;0;0m██[38;2;33;16;23m██[38;2;0;0;1m██[38;2;0;0;0m██  [38;2;1;1;1m  [38;2;0;0;0m  
[38;2;134;92;158m██[38;2;135;95;160m██[38;2;138;97;161m██[38;2;140;98;163m██[38;2;140;100;163m██[38;2;141;101;163m████[38;2;142;101;163m██[38;2;143;102;165m██[38;2;66;46;76m██[38;2;64;46;74m██[38;2;111;79;128m██[38;2;138;97;160m██[38;2;142;101;165m██[38;2;141;99;162m██[38;2;138;97;159m██[38;2;139;99;161m██[38;2;128;92;149m██[38;2;110;79;127m██[38;2;116;85;133m██[38;2;89;62;105m██[38;2;137;94;162m██[38;2;78;55;92m██[38;2;230;81;100m██[38;2;13;4;5m██[38;2;0;0;0m██[38;2;93;29;32m██[38;2;41;28;47m██[38;2;129;91;148m██[38;2;92;65;107m██[38;2;0;0;0m    
[38;2;135;95;160m██[38;2;139;97;161m██[38;2;140;99;162m██[38;2;141;100;163m██[38;2;141;101;163m██[38;2;142;102;164m██[38;2;100;70;115m██[38;2;85;61;98m██[38;2;153;109;177m██[38;2;140;99;161m██[38;2;139;99;160m██[38;2;140;98;160m██[38;2;140;99;162m██[38;2;141;99;162m████[38;2;138;97;161m██[38;2;135;95;157m██[38;2;130;91;152m██[38;2;102;70;122m██[38;2;136;94;162m██[38;2;105;69;126m██[38;2;18;12;21m██[38;2;10;7;12m██[38;2;211;74;90m██[38;2;84;30;36m██[38;2;18;13;21m██[38;2;144;101;166m██[38;2;142;100;163m██[38;2;14;10;17m██[38;2;169;130;190m██[38;2;50;36;57m██[38;2;0;0;0m  
[38;2;137;97;161m██[38;2;139;99;162m██[38;2;140;100;163m██[38;2;141;101;163m██[38;2;156;112;180m██[38;2;85;61;99m██[38;2;144;103;167m██[38;2;140;100;162m██[38;2;139;98;161m██[38;2;145;103;167m██[38;2;66;49;81m██[38;2;17;13;22m██[38;2;60;20;24m██[38;2;74;26;31m██[38;2;0;0;0m██  [38;2;3;1;1m  [38;2;41;13;16m██[38;2;50;31;62m██[38;2;99;62;122m██[38;2;96;58;120m██[38;2;100;61;123m██[38;2;19;12;23m██[38;2;47;32;56m██[38;2;146;103;169m██[38;2;147;103;169m██[38;2;85;59;99m██[38;2;16;16;17m██[38;2;90;63;106m██[38;2;154;116;174m██[38;2;135;98;154m██[38;2;0;0;0m  
[38;2;139;98;162m██[38;2;140;100;163m██[38;2;141;101;164m██[38;2;149;107;172m██[38;2;155;111;179m██[38;2;141;100;163m██[38;2;142;102;165m██[38;2;117;84;137m██[38;2;5;1;2m██[38;2;211;75;92m██[38;2;217;77;94m██[38;2;209;73;91m██[38;2;208;73;91m██[38;2;209;73;91m██[38;2;51;17;21m██[38;2;0;0;0m████[38;2;96;59;120m██[38;2;48;28;59m██[38;2;94;58;116m██[38;2;104;66;128m██[38;2;115;76;137m██[38;2;127;87;149m██[38;2;149;106;173m██[38;2;14;10;17m██[38;2;69;70;69m██[38;2;255;255;255m██[38;2;92;92;92m██[38;2;65;46;75m██[38;2;156;119;176m██[38;2;129;92;148m██[38;2;0;0;0m  
[38;2;139;99;162m██[38;2;141;100;163m██[38;2;146;104;168m██[38;2;126;90;146m██[38;2;147;105;170m██[38;2;79;58;95m██[38;2;75;26;32m██[38;2;224;79;97m██[38;2;208;73;91m██[38;2;209;73;90m██[38;2;209;73;91m████████[38;2;192;68;84m██[38;2;9;5;10m██[38;2;105;67;128m██[38;2;37;23;44m██[38;2;109;71;132m██[38;2;118;79;140m██[38;2;131;89;154m██[38;2;86;59;102m██[38;2;61;61;60m██[38;2;243;243;242m██[38;2;255;255;255m██[38;2;32;32;32m██[38;2;255;255;255m██[38;2;159;159;159m██[38;2;57;40;66m██[38;2;160;123;180m██[38;2;83;60;96m██[38;2;0;0;0m  
[38;2;134;95;155m██[38;2;141;101;163m██[38;2;139;99;162m██[38;2;121;87;141m██[38;2;45;14;16m██[38;2;220;77;96m██[38;2;208;73;90m██[38;2;209;73;91m████████[38;2;207;73;90m██[38;2;196;69;84m██[38;2;11;3;4m██[38;2;121;83;143m██[38;2;64;44;75m██[38;2;131;90;156m██[38;2;125;86;148m██[38;2;128;89;150m██[38;2;96;67;112m██[38;2;65;67;66m██[38;2;251;251;251m██[38;2;255;255;255m██████[38;2;192;192;192m██[38;2;255;255;255m██[38;2;250;250;250m██[38;2;50;35;58m██[38;2;161;124;180m██[38;2;41;28;47m██[38;2;0;0;0m  
[38;2;132;93;155m██[38;2;144;102;167m██[38;2;17;10;15m██[38;2;216;76;94m██[38;2;208;73;90m██[38;2;209;73;90m██[38;2;209;73;91m██[38;2;208;73;91m██[38;2;218;77;95m██[38;2;198;70;86m██[38;2;77;26;31m██[38;2;46;32;53m██[38;2;141;99;164m██[38;2;137;97;159m██[38;2;136;96;158m██[38;2;134;94;157m██[38;2;140;99;162m██[38;2;116;81;134m██[38;2;46;47;46m██[38;2;255;255;255m████████████[38;2;238;238;238m██[38;2;236;236;236m██[38;2;254;254;254m██[38;2;60;43;68m██[38;2;157;120;177m██[38;2;8;6;9m██[38;2;0;0;0m  
[38;2;104;71;124m██[38;2;100;34;42m██[38;2;217;76;94m██[38;2;222;78;96m██[38;2;236;83;102m██[38;2;172;59;71m██[38;2;72;20;22m██[38;2;15;6;10m██[38;2;87;62;101m██[38;2;141;100;163m██[38;2;141;99;162m██[38;2;139;97;159m██[38;2;139;97;160m████[38;2;151;106;174m██[38;2;72;48;85m██[38;2;45;47;44m██[38;2;240;241;240m██[38;2;255;255;255m████████████████[38;2;183;183;183m██[38;2;255;255;255m██[38;2;60;43;69m██[38;2;151;114;172m██[38;2;0;0;0m██  
[38;2;119;80;144m██[38;2;42;34;63m██[38;2;57;45;77m██[38;2;107;79;130m██[38;2;146;103;170m██[38;2;148;105;170m██[38;2;140;99;161m██[38;2;139;97;159m████[38;2;139;98;160m██[38;2;142;100;163m██[38;2;148;104;170m██[38;2;96;68;110m██[38;2;21;21;21m██[38;2;170;171;170m██[38;2;255;255;255m██████[38;2;96;96;96m██[38;2;255;255;255m████  ████████[38;2;153;153;153m██[38;2;254;254;254m██[38;2;62;44;71m██[38;2;150;108;171m██[38;2;0;0;0m████
[38;2;110;111;109m██[38;2;84;85;83m██[38;2;32;31;32m██[38;2;24;16;27m██[38;2;36;25;42m██[38;2;44;31;51m██[38;2;46;32;53m██[38;2;45;32;53m██[38;2;33;23;38m██[38;2;19;15;22m██[38;2;106;107;106m██[38;2;206;207;206m██[38;2;255;255;255m████████████[38;2;12;12;12m██[38;2;255;255;255m██████████████[38;2;60;60;60m██[38;2;254;254;254m██[38;2;66;46;77m██[38;2;155;110;179m██[38;2;45;32;52m██[38;2;0;0;0m██
[38;2;251;251;251m██[38;2;85;85;85m██[38;2;255;255;255m██████████████[38;2;106;106;106m██[38;2;255;255;255m████  ██████████[38;2;146;146;146m██[38;2;255;255;255m████[38;2;254;254;254m██[38;2;255;255;255m████████[38;2;77;77;77m██[38;2;253;253;253m██[38;2;98;68;114m██[38;2;153;108;176m██[38;2;122;86;141m██[38;2;0;0;0m██
[38;2;124;124;123m██[38;2;255;255;255m██[38;2;24;24;24m██[38;2;255;255;255m████████████[38;2;202;202;202m██[38;2;255;255;255m████  ██████████[38;2;238;238;238m██[38;2;255;255;255m██████████████[38;2;124;124;124m██[38;2;245;245;245m██[38;2;135;95;156m██[38;2;154;109;178m██[38;2;153;108;176m██[38;2;0;0;0m██
[38;2;91;64;108m██[38;2;246;246;246m██[38;2;254;254;254m██[38;2;108;108;108m██[38;2;251;251;251m██[38;2;255;255;255m████████[38;2;232;232;232m██[38;2;250;250;250m██[38;2;255;255;255m████    ██████[38;2;253;253;253m██[38;2;211;211;211m  [38;2;255;255;255m████████████[38;2;164;164;164m██[38;2;30;33;28m██[38;2;144;101;166m██[38;2;138;97;159m██[38;2;145;103;168m██[38;2;0;0;0m██
[38;2;139;97;161m██[38;2;20;14;23m██[38;2;255;255;255m██████[38;2;241;241;241m██[38;2;255;255;255m██████[38;2;251;251;251m██[38;2;207;207;207m██[38;2;255;255;255m████  ██████████[38;2;129;129;129m██[38;2;255;255;255m████████████[38;2;215;215;215m██[38;2;46;32;53m██[38;2;139;97;160m████[38;2;142;99;163m██[38;2;1;1;2m██
[38;2;136;96;159m██[38;2;143;101;166m██[38;2;30;30;30m██[38;2;255;255;255m██████████  ██[38;2;145;145;145m██[38;2;255;255;255m██      ████████[38;2;58;58;58m██[38;2;255;255;255m██████████[38;2;224;224;224m██[38;2;10;10;10m██[38;2;142;100;163m██[38;2;139;97;160m████[38;2;139;98;160m██[38;2;12;9;14m██
[38;2;134;93;157m██[38;2;135;93;157m██[38;2;149;103;173m██[38;2;108;108;108m██[38;2;255;255;255m████████████[38;2;76;76;76m██[38;2;255;255;255m██  ████████████[38;2;94;94;94m██[38;2;255;255;255m████[38;2;201;202;201m██[38;2;24;24;24m██[38;2;49;32;58m██[38;2;146;103;168m██[38;2;142;100;163m██[38;2;59;42;68m██[38;2;144;101;165m██[38;2;138;97;160m████[38;2;19;13;22m██
[38;2;132;90;156m████[38;2;133;92;156m████[38;2;142;142;141m██[38;2;255;255;255m██████████[38;2;61;61;61m██[38;2;255;255;255m████████████████[38;2;168;168;168m██[38;2;54;54;54m██[38;2;63;44;73m██[38;2;141;99;163m██[38;2;140;98;161m██[38;2;149;105;172m██[38;2;100;71;116m██[38;2;39;27;45m██[38;2;143;100;166m██[38;2;137;97;160m██[38;2;137;96;159m██[38;2;136;96;159m██[38;2;24;17;27m██
[38;2;130;87;154m██[38;2;130;88;154m██[38;2;131;89;155m██[38;2;132;90;156m██[38;2;142;97;166m██[38;2;148;149;148m██[38;2;255;255;255m████████[38;2;82;82;82m██[38;2;255;255;255m████████████[38;2;238;238;238m██[38;2;5;7;5m██[38;2;107;76;125m██[38;2;139;98;160m██[38;2;146;103;168m██[38;2;44;32;51m██[38;2;28;19;33m██[38;2;118;82;139m██[38;2;145;102;169m██[38;2;136;96;159m██[38;2;136;95;158m██[38;2;135;95;158m██[38;2;134;93;157m████[38;2;35;24;42m██
[38;2;128;85;153m██[38;2;129;85;153m██[38;2;130;86;154m██[38;2;130;88;154m██[38;2;131;89;155m██[38;2;126;86;148m██[38;2;104;105;104m██[38;2;255;255;255m██████[38;2;104;104;104m██[38;2;255;255;255m██████████[38;2;45;45;44m██[38;2;110;78;127m██[38;2;142;100;164m██[38;2;145;103;169m██[38;2;39;27;44m██[38;2;125;85;148m██[38;2;53;36;63m██[38;2;55;37;67m██[38;2;122;83;146m██[38;2;131;89;153m██[38;2;134;93;157m██[38;2;133;92;156m██[38;2;132;90;156m██[38;2;132;89;155m██[38;2;131;89;155m██[38;2;32;22;39m██
[38;2;126;82;151m██[38;2;127;83;151m██[38;2;127;84;152m██[38;2;128;85;153m██[38;2;142;95;168m██[38;2;130;87;154m██[38;2;152;103;178m██[38;2;30;30;30m██[38;2;254;254;254m██[38;2;255;255;255m██[38;2;160;160;160m██[38;2;255;255;255m████[38;2;253;253;253m██[38;2;46;46;46m██[38;2;104;73;121m██[38;2;134;94;156m██[38;2;130;90;152m██[38;2;119;80;143m██[38;2;108;72;131m██[38;2;46;30;56m██[38;2;110;71;134m██[38;2;112;73;135m██[38;2;119;79;143m██[38;2;126;84;149m██[38;2;131;89;155m██[38;2;130;88;154m██[38;2;129;86;153m████[38;2;128;85;152m██[38;2;129;85;153m██[38;2;24;16;28m██
[38;2;125;80;150m██[38;2;125;81;150m██[38;2;126;81;151m██[38;2;127;83;151m██[38;2;138;91;164m██[38;2;63;42;75m██[38;2;129;86;152m██[38;2;136;93;161m██[38;2;34;22;41m██[38;2;165;166;164m██[38;2;224;224;224m██[38;2;220;220;220m  [38;2;63;64;63m██[38;2;82;57;95m██[38;2;142;100;166m██[38;2;135;93;158m██[38;2;119;80;142m██[38;2;108;70;132m██[38;2;105;67;129m██[38;2;104;66;128m██[38;2;107;68;131m██[38;2;117;77;141m██[38;2;127;84;151m██[38;2;130;87;154m██[38;2;129;86;153m██[38;2;128;85;153m██[38;2;127;84;152m██[38;2;127;83;152m████████[38;2;18;12;22m██
[38;2;122;77;148m██[38;2;122;78;149m██[38;2;123;79;149m██[38;2;122;79;148m██[38;2;121;78;147m██[38;2;122;80;148m██[38;2;134;88;161m██[38;2;32;21;38m██[38;2;132;88;156m██[38;2;138;93;164m██[38;2;121;82;143m██[38;2;138;94;163m██[38;2;129;88;152m██[38;2;118;80;139m██[38;2;29;19;35m██[38;2;109;71;131m██[38;2;106;67;130m██[38;2;102;64;126m██[38;2;107;69;131m██[38;2;118;77;142m██[38;2;128;85;152m██[38;2;128;86;152m██[38;2;128;84;152m██[38;2;127;83;151m██[38;2;126;82;151m████[38;2;126;81;151m████[38;2;126;81;150m██[38;2;126;81;151m██[38;2;127;82;152m██[38;2;8;5;10m██
[38;2;120;75;147m██[38;2;120;76;147m██[38;2;121;76;147m██[38;2;120;76;147m██[38;2;119;76;146m██[38;2;118;75;144m██[38;2;116;74;142m██[38;2;115;74;141m██[38;2;83;53;101m██[38;2;42;28;52m██[38;2;74;48;89m██[38;2;40;27;49m██[38;2;52;33;63m██[38;2;121;78;146m██[38;2;113;73;136m██[38;2;115;74;138m██[38;2;115;74;139m██[38;2;120;78;145m██[38;2;127;84;152m██[38;2;127;83;151m██[38;2;126;82;151m██[38;2;126;81;151m██[38;2;125;81;150m██[38;2;125;80;150m██[38;2;124;80;150m████[38;2;125;80;150m██[38;2;124;80;150m██████[38;2;130;84;156m██[38;2;0;0;0m██
[38;2;119;74;147m██████[38;2;120;75;147m████[38;2;118;74;145m██[38;2;116;72;142m██[38;2;116;73;142m██[38;2;117;74;143m██[38;2;116;74;142m██[38;2;117;74;142m██[38;2;115;73;141m██[38;2;114;73;139m██[38;2;117;75;141m██[38;2;121;79;147m██[38;2;123;80;148m██[38;2;125;81;150m██[38;2;126;82;151m██[38;2;126;81;151m██[38;2;125;81;150m██[38;2;125;80;150m████[38;2;123;79;150m██[38;2;123;79;149m████████[38;2;123;79;150m████[38;2;123;80;150m██[38;2;129;83;156m██[38;2;0;0;0m██[0m
