
[38;2;50;50;50m  [38;2;84;77;90m  [38;2;253;215;85m██[38;2;255;206;60m████[38;2;255;206;58m██[38;2;255;206;59m██[38;2;255;206;57m██[38;2;253;202;71m██[38;2;15;11;11m  [38;2;71;71;61m  [38;2;0;0;0m                                                
[38;2;0;0;0m  [38;2;104;104;98m  [38;2;247;209;105m██[38;2;255;201;58m██[38;2;255;207;60m██[38;2;255;206;59m████[38;2;255;205;57m██[38;2;253;202;67m██[38;2;27;17;13m  [38;2;44;9;0m  [38;2;0;0;0m      [38;2;177;177;177m  [38;2;93;93;93m  [38;2;2;0;0m  [38;2;0;0;0m  [38;2;52;50;50m  [38;2;87;87;87m  [38;2;0;0;0m                              
[38;2;0;0;0m  [38;2;139;139;139m  [38;2;166;136;72m  [38;2;254;204;63m██[38;2;255;206;59m██████[38;2;255;206;57m██[38;2;254;206;60m██[38;2;29;20;16m  [38;2;63;63;46m  [38;2;63;63;20m  [38;2;38;33;18m  [38;2;107;91;66m  [38;2;82;61;51m  [38;2;86;60;45m  [38;2;78;56;38m  [38;2;77;55;37m  [38;2;69;50;35m  [38;2;54;42;36m  [38;2;72;60;54m  [38;2;94;92;109m  [38;2;39;33;35m  [38;2;32;32;32m  [38;2;8;8;8m  [38;2;0;0;0m                    
[38;2;0;0;0m  [38;2;22;22;22m  [38;2;62;46;30m  [38;2;254;203;65m██[38;2;255;206;57m██[38;2;255;205;59m██[38;2;255;206;59m██[38;2;255;202;58m██[38;2;252;198;71m██[38;2;32;20;15m  [38;2;155;115;55m  [38;2;228;189;102m  [38;2;251;208;98m  [38;2;253;204;76m██[38;2;254;204;72m██[38;2;254;205;70m██[38;2;254;206;62m██[38;2;254;203;67m██[38;2;254;206;68m██[38;2;254;205;73m██[38;2;253;208;62m██[38;2;251;211;93m██[38;2;227;190;105m  [38;2;91;76;41m  [38;2;38;37;31m  [38;2;135;107;123m  [38;2;24;11;24m  [38;2;15;15;15m  [38;2;0;0;0m              
[38;2;0;0;0m  [38;2;123;123;123m  [38;2;36;34;38m  [38;2;252;205;71m██[38;2;255;206;59m████[38;2;255;206;60m██[38;2;254;206;60m██[38;2;234;175;46m██[38;2;254;204;82m██[38;2;254;206;66m██[38;2;255;206;62m████[38;2;255;205;58m██[38;2;255;206;58m██[38;2;255;205;58m██[38;2;255;205;59m██[38;2;255;206;59m██[38;2;255;206;58m██[38;2;255;205;57m██[38;2;255;204;64m██[38;2;255;207;61m██[38;2;255;206;64m██[38;2;255;204;69m██[38;2;254;205;74m██[38;2;245;202;97m██[38;2;95;77;46m  [38;2;93;85;69m  [38;2;189;181;180m  [38;2;128;103;93m  [38;2;115;94;86m  [38;2;108;109;83m  [38;2;163;158;155m  [38;2;161;154;153m  [38;2;33;30;35m  
[38;2;0;0;0m    [38;2;162;150;152m  [38;2;243;210;108m  [38;2;255;204;67m██[38;2;255;204;63m██[38;2;255;205;59m██[38;2;255;209;62m██[38;2;255;206;59m████[38;2;255;206;60m██[38;2;255;206;59m██████[38;2;255;206;58m██[38;2;255;206;59m██[38;2;255;206;61m██[38;2;255;205;56m██[38;2;255;206;59m████████[38;2;255;206;58m██[38;2;255;206;57m██[38;2;255;206;61m██[38;2;255;205;65m██[38;2;201;145;40m██[38;2;242;201;91m██[38;2;249;217;98m  [38;2;251;214;80m██[38;2;251;215;85m██[38;2;251;213;89m██[38;2;249;212;96m  [38;2;244;209;110m  [38;2;211;178;105m  
[38;2;0;0;0m    [38;2;46;46;44m  [38;2;84;63;40m  [38;2;251;204;84m██[38;2;254;209;74m██[38;2;255;206;59m██[38;2;255;206;58m██[38;2;255;206;59m██[38;2;255;206;58m██[38;2;255;206;59m██[38;2;255;206;60m██[38;2;255;207;62m██[38;2;255;205;63m██[38;2;255;204;57m██[38;2;255;205;56m██[38;2;255;207;60m██[38;2;255;206;60m██[38;2;255;206;59m████████[38;2;255;206;58m████[38;2;255;206;60m██[38;2;255;205;62m██[38;2;255;204;69m██[38;2;255;205;59m██[38;2;255;203;59m██[38;2;255;204;65m██[38;2;255;203;67m██[38;2;255;202;65m██[38;2;255;202;64m██[38;2;255;207;63m██[38;2;255;204;66m██
[38;2;0;0;0m    [38;2;32;32;32m  [38;2;39;32;29m  [38;2;75;53;34m██[38;2;254;203;68m██[38;2;255;206;57m██[38;2;255;206;59m████████[38;2;255;207;61m██[38;2;255;206;63m██[38;2;233;176;60m██[38;2;254;201;71m██[38;2;255;206;59m██[38;2;255;207;61m██[38;2;255;205;56m██[38;2;255;206;59m██████████████[38;2;255;206;61m██[38;2;255;205;53m██[38;2;255;205;65m██[38;2;255;203;65m██[38;2;255;207;62m██[38;2;255;205;63m██[38;2;255;205;64m████[38;2;255;207;62m██[38;2;255;205;62m██
[38;2;0;0;0m    [38;2;46;46;46m  [38;2;109;89;89m  [38;2;238;199;121m██[38;2;255;204;64m██[38;2;255;205;59m██[38;2;255;206;59m████[38;2;255;205;59m██[38;2;255;206;60m██[38;2;255;207;59m██[38;2;255;209;65m██[38;2;208;151;47m██[38;2;254;207;74m██[38;2;255;206;59m████[38;2;255;207;60m██[38;2;255;206;59m██████████████[38;2;255;206;60m████[38;2;255;207;60m██[38;2;255;206;58m██[38;2;255;206;56m██[38;2;255;207;61m██[38;2;255;207;62m██[38;2;255;207;61m██[38;2;255;207;60m████
[38;2;0;0;0m    [38;2;4;4;4m  [38;2;39;22;12m  [38;2;253;203;70m██[38;2;255;203;66m██[38;2;255;208;58m██[38;2;255;206;57m██[38;2;255;206;59m████[38;2;255;206;58m██[38;2;254;206;63m██[38;2;253;210;100m██[38;2;212;153;60m██[38;2;254;205;67m██[38;2;255;206;60m██[38;2;255;206;59m██[38;2;255;206;60m██[38;2;255;206;59m██████████████[38;2;255;206;60m██[38;2;255;207;60m████[38;2;253;201;54m██[38;2;251;191;50m██[38;2;254;207;59m██[38;2;255;206;60m██[38;2;255;205;55m██[38;2;255;208;60m██[38;2;255;206;59m██
[38;2;0;0;0m    [38;2;175;162;180m  [38;2;239;201;101m  [38;2;255;204;67m██[38;2;255;206;60m██[38;2;255;205;55m██[38;2;255;206;60m██[38;2;255;206;59m████[38;2;255;208;61m██[38;2;254;209;63m██[38;2;207;152;89m██[38;2;238;195;79m██[38;2;209;154;55m██[38;2;254;205;68m██[38;2;255;206;56m██[38;2;255;207;60m██[38;2;255;205;58m██[38;2;255;206;59m██[38;2;255;206;58m██[38;2;255;206;59m██[38;2;255;206;58m██[38;2;255;206;59m██[38;2;255;206;58m██[38;2;255;206;59m██████[38;2;233;165;37m██[38;2;213;138;24m██[38;2;210;128;26m██[38;2;212;136;28m██[38;2;248;186;52m██[38;2;255;206;60m██[38;2;255;205;57m██
[38;2;0;0;0m  [38;2;98;98;98m  [38;2;37;29;36m  [38;2;253;203;76m██[38;2;255;207;60m██[38;2;255;206;60m██[38;2;255;206;59m██[38;2;255;207;60m██████[38;2;255;207;61m████[38;2;231;178;83m██[38;2;225;182;78m██[38;2;158;109;44m██[38;2;203;148;45m██[38;2;254;203;56m██[38;2;255;206;61m██[38;2;255;208;65m██[38;2;255;207;62m██[38;2;255;207;60m██[38;2;255;206;60m██[38;2;255;206;58m██[38;2;255;206;59m██████████[38;2;255;204;59m██[38;2;220;136;26m██[38;2;217;140;23m██[38;2;186;109;30m██[38;2;128;82;34m██[38;2;209;150;50m  [38;2;253;211;76m██
[38;2;0;0;0m  [38;2;27;27;27m  [38;2;62;47;29m  [38;2;254;208;64m██[38;2;255;207;60m██[38;2;255;205;55m██[38;2;255;205;56m████[38;2;255;205;55m████[38;2;255;203;64m██[38;2;255;207;65m██[38;2;253;217;92m██[38;2;170;118;46m██[38;2;241;202;89m██[38;2;95;64;32m██[38;2;254;208;69m██[38;2;255;207;61m██[38;2;255;206;59m██[38;2;255;207;60m██[38;2;255;206;59m████████████[38;2;255;206;58m██[38;2;255;206;59m██[38;2;255;204;59m██[38;2;255;207;59m██[38;2;225;151;34m██[38;2;221;134;23m██[38;2;71;47;24m  [38;2;64;56;41m  [38;2;125;100;75m  
[38;2;0;0;0m  [38;2;207;207;207m  [38;2;154;125;76m  [38;2;255;202;56m██[38;2;255;207;69m██[38;2;255;204;64m██[38;2;255;204;69m██[38;2;255;206;64m██[38;2;255;207;66m██[38;2;255;205;64m██[38;2;254;207;75m██[38;2;251;209;85m██[38;2;49;29;14m██[38;2;254;209;89m██[38;2;187;134;43m██[38;2;147;102;46m██[38;2;177;131;56m██[38;2;252;207;74m██[38;2;254;210;67m██[38;2;255;203;66m██[38;2;255;207;61m████[38;2;255;206;61m██[38;2;255;206;62m██[38;2;255;206;58m██[38;2;255;207;63m██[38;2;255;206;61m██[38;2;255;205;53m██[38;2;255;206;58m██[38;2;255;206;59m██[38;2;255;208;56m██[38;2;247;175;47m██[38;2;169;123;50m  [38;2;203;200;198m  [38;2;0;0;0m  
[38;2;0;0;0m  [38;2;111;97;88m  [38;2;227;188;119m██[38;2;254;208;74m██[38;2;252;206;65m██[38;2;176;128;61m██[38;2;147;118;71m██[38;2;146;119;75m██[38;2;144;116;69m██[38;2;146;121;71m██[38;2;135;115;62m██[38;2;59;36;20m██[38;2;239;200;107m██[38;2;255;207;57m██[38;2;252;200;60m██[38;2;249;209;87m██[38;2;126;92;45m██[38;2;119;93;54m██[38;2;146;114;54m██[38;2;189;154;79m██[38;2;242;196;98m██[38;2;253;211;106m██[38;2;254;220;108m██[38;2;254;215;93m██[38;2;254;219;106m██[38;2;241;199;105m██[38;2;255;205;66m██[38;2;255;208;57m██[38;2;255;207;61m██[38;2;255;204;60m██[38;2;255;208;55m██[38;2;255;207;62m██[38;2;254;208;83m██[38;2;104;88;81m  [38;2;0;0;0m  
[38;2;32;32;32m  [38;2;89;77;93m  [38;2;252;215;110m██[38;2;238;191;102m██[38;2;198;153;78m██[38;2;145;127;86m██[38;2;31;29;36m██[38;2;20;17;19m██[38;2;250;249;247m██[38;2;254;254;254m██[38;2;202;201;187m██[38;2;238;198;123m██[38;2;234;186;67m██[38;2;255;204;58m██[38;2;254;203;64m██[38;2;206;158;54m██[38;2;230;183;77m██[38;2;98;74;45m██[38;2;226;217;220m██[38;2;202;200;185m██[38;2;221;213;222m██[38;2;227;221;214m██[38;2;16;15;17m██[38;2;16;15;16m██[38;2;198;185;181m██[38;2;238;217;129m██[38;2;204;157;60m██[38;2;190;137;47m██[38;2;251;204;74m██[38;2;255;208;63m██[38;2;255;206;59m████[38;2;253;204;68m██[38;2;34;22;21m  [38;2;43;43;43m  
[38;2;90;90;90m  [38;2;18;11;12m  [38;2;253;207;64m██[38;2;216;164;53m██[38;2;201;153;54m██[38;2;250;210;128m██[38;2;112;98;88m██[38;2;253;254;253m██[38;2;253;252;249m██[38;2;254;254;253m██[38;2;64;54;53m██[38;2;229;184;72m██[38;2;254;207;66m██[38;2;255;202;61m██[38;2;255;206;64m██[38;2;254;206;63m██[38;2;218;163;52m██[38;2;249;205;89m██[38;2;72;63;58m██[38;2;252;252;252m██[38;2;254;253;254m██[38;2;254;254;253m██[38;2;251;251;251m██[38;2;252;253;251m██[38;2;72;57;41m██[38;2;244;203;63m██[38;2;229;182;91m██[38;2;245;210;117m██[38;2;240;191;82m██[38;2;254;209;66m██[38;2;255;205;59m██[38;2;255;206;59m██[38;2;255;204;64m██[38;2;153;123;71m  [38;2;67;67;67m  
[38;2;186;181;176m  [38;2;230;201;109m  [38;2;254;194;87m██[38;2;231;152;87m██[38;2;222;145;68m██[38;2;245;185;105m██[38;2;204;155;83m██[38;2;74;56;36m██[38;2;48;40;24m██[38;2;59;47;29m██[38;2;169;122;54m██[38;2;254;206;72m██[38;2;255;205;58m██[38;2;255;205;56m██[38;2;255;206;61m██[38;2;255;204;67m██[38;2;255;207;62m████[38;2;188;142;77m██[38;2;34;27;18m██[38;2;56;44;41m██[38;2;44;35;31m██[38;2;65;58;40m██[38;2;117;94;49m██[38;2;250;200;116m██[38;2;223;135;83m██[38;2;209;130;76m██[38;2;232;148;89m██[38;2;249;190;103m██[38;2;255;206;66m██[38;2;255;206;58m██[38;2;255;206;59m██[38;2;255;206;58m██[38;2;239;207;107m  [38;2;82;77;74m  
[38;2;38;34;25m  [38;2;233;191;75m██[38;2;213;130;51m██[38;2;246;168;80m██[38;2;252;197;87m██[38;2;227;159;66m██[38;2;240;185;79m██[38;2;185;130;57m██[38;2;182;152;55m██[38;2;240;217;98m██[38;2;252;204;74m██[38;2;255;203;61m██[38;2;255;208;59m██[38;2;255;206;61m██[38;2;255;202;62m██[38;2;255;206;59m██[38;2;255;207;60m████[38;2;254;206;81m██[38;2;109;74;34m██[38;2;172;136;89m██[38;2;115;85;52m██[38;2;181;142;71m██[38;2;228;166;78m██[38;2;221;131;61m██[38;2;212;126;55m██[38;2;253;190;99m██[38;2;242;174;70m██[38;2;218;139;57m██[38;2;246;187;60m██[38;2;255;206;59m██████[38;2;252;208;67m██[38;2;84;68;64m  
[38;2;89;70;35m  [38;2;254;207;77m██[38;2;255;205;64m████[38;2;255;204;70m██[38;2;255;209;63m██[38;2;255;206;62m██[38;2;253;207;76m██[38;2;203;147;55m██[38;2;254;211;80m██[38;2;255;207;56m██[38;2;255;206;58m██[38;2;255;207;60m██[38;2;255;205;60m██[38;2;255;205;59m██[38;2;255;206;60m██[38;2;255;205;59m██[38;2;255;207;58m██[38;2;255;207;60m██[38;2;254;204;70m██[38;2;212;170;78m██[38;2;139;89;50m██[38;2;162;108;38m██[38;2;254;204;69m██[38;2;255;204;60m██[38;2;254;204;65m██[38;2;255;207;64m██[38;2;255;207;62m██[38;2;255;205;68m██[38;2;255;206;59m██[38;2;255;206;58m██[38;2;255;206;59m██[38;2;255;205;59m██[38;2;254;207;65m██[38;2;66;49;29m  
[38;2;134;111;55m  [38;2;254;207;62m██[38;2;255;209;59m██[38;2;255;205;58m██[38;2;255;205;55m██[38;2;255;206;59m██[38;2;254;207;61m██[38;2;150;107;47m██[38;2;254;216;99m██[38;2;254;216;96m██[38;2;254;211;102m██[38;2;254;212;95m██[38;2;254;211;102m██[38;2;254;210;96m██[38;2;254;215;94m██[38;2;254;218;95m██[38;2;254;216;97m██[38;2;254;219;103m██[38;2;254;225;108m██[38;2;254;221;111m██[38;2;254;228;126m██[38;2;254;214;120m██[38;2;210;167;66m██[38;2;255;207;62m██[38;2;255;206;59m██[38;2;255;205;58m██[38;2;255;205;59m██[38;2;255;206;59m██[38;2;255;206;62m██[38;2;255;206;64m██[38;2;255;206;59m██████[38;2;255;206;62m██[38;2;189;151;89m  
[38;2;89;68;39m  [38;2;254;206;60m██[38;2;255;202;69m██[38;2;255;208;53m██[38;2;255;205;56m██[38;2;255;206;60m██[38;2;255;206;55m██[38;2;254;212;83m██[38;2;127;100;54m██[38;2;223;213;211m██[38;2;172;157;141m██[38;2;218;207;204m██[38;2;215;208;198m██[38;2;222;220;209m██[38;2;212;201;188m██[38;2;232;228;222m██[38;2;221;213;201m██[38;2;151;149;136m██[38;2;253;253;249m██[38;2;82;70;51m██[38;2;154;136;95m██[38;2;246;212;89m██[38;2;255;201;70m██[38;2;255;205;64m██[38;2;255;205;57m██[38;2;255;206;59m██████[38;2;255;206;58m██[38;2;255;206;60m██[38;2;255;206;58m██[38;2;255;206;59m████[38;2;255;204;68m██[38;2;253;209;79m██
[38;2;33;29;19m  [38;2;253;205;70m██[38;2;255;204;69m██[38;2;255;209;56m██[38;2;255;206;58m██[38;2;255;206;60m████[38;2;255;205;60m██[38;2;252;220;107m██[38;2;100;83;78m██[38;2;247;246;242m██[38;2;143;137;123m██[38;2;44;43;52m██[38;2;245;249;244m██[38;2;21;16;12m██[38;2;254;254;254m██[38;2;105;96;80m██[38;2;170;149;126m██[38;2;62;41;34m██[38;2;237;204;115m██[38;2;254;204;66m██[38;2;255;204;78m██[38;2;255;206;56m██[38;2;255;205;56m██[38;2;255;206;59m██[38;2;255;206;58m██[38;2;255;206;59m██████████████[38;2;255;205;59m██[38;2;255;205;60m██
[38;2;109;95;106m  [38;2;243;209;100m██[38;2;255;204;69m██[38;2;255;206;59m██[38;2;255;206;60m██[38;2;255;206;58m██[38;2;255;207;56m██[38;2;253;206;69m██[38;2;120;79;38m██[38;2;253;213;96m██[38;2;179;145;74m██[38;2;244;203;98m██[38;2;253;215;123m██[38;2;160;137;56m██[38;2;253;211;88m██[38;2;166;130;60m██[38;2;253;211;102m██[38;2;139;95;37m██[38;2;251;208;84m██[38;2;255;206;65m██[38;2;255;206;60m██[38;2;255;206;58m██[38;2;255;205;56m██[38;2;255;206;59m████████████████[38;2;255;206;60m██[38;2;255;206;59m██[38;2;255;207;62m██[38;2;255;203;55m██
[38;2;69;69;69m  [38;2;66;53;26m  [38;2;254;204;74m██[38;2;255;206;58m██[38;2;255;207;60m██[38;2;255;206;57m██[38;2;255;207;59m██[38;2;212;164;49m██[38;2;253;204;78m██[38;2;246;207;72m██[38;2;244;206;89m██[38;2;254;207;72m██[38;2;142;101;29m██[38;2;253;199;74m██[38;2;255;206;57m██[38;2;255;210;62m██[38;2;255;209;63m██[38;2;251;206;74m██[38;2;255;209;62m██[38;2;255;206;59m██[38;2;255;206;62m██[38;2;255;206;57m██[38;2;255;207;60m██[38;2;255;206;59m████[38;2;255;205;59m██[38;2;255;206;59m██████████[38;2;255;206;60m██[38;2;255;206;59m██[38;2;255;206;60m██[38;2;255;205;56m██
[38;2;10;10;10m  [38;2;92;71;83m  [38;2;242;207;102m██[38;2;255;204;56m██[38;2;255;205;62m██[38;2;255;206;60m██[38;2;255;206;57m██[38;2;245;192;59m██[38;2;255;204;65m██[38;2;254;207;65m██[38;2;254;206;68m██[38;2;247;198;84m██[38;2;241;198;94m██[38;2;255;201;73m██[38;2;255;206;65m██[38;2;255;207;61m██[38;2;255;206;58m██[38;2;255;206;57m██[38;2;255;207;56m██[38;2;255;207;62m██[38;2;255;205;57m██[38;2;255;206;58m██[38;2;255;205;57m██[38;2;255;206;59m██[38;2;255;206;58m██[38;2;255;206;59m██[38;2;255;206;58m██[38;2;255;206;59m████████[38;2;255;205;59m██[38;2;255;206;59m████[38;2;255;205;58m██
[38;2;0;0;0m  [38;2;56;56;56m  [38;2;36;27;21m  [38;2;253;200;82m██[38;2;255;206;60m██[38;2;255;205;55m██[38;2;255;206;59m██[38;2;254;206;58m██[38;2;254;205;62m██[38;2;255;208;57m██[38;2;255;208;65m██[38;2;241;185;62m██[38;2;254;217;88m██[38;2;255;206;79m██[38;2;255;210;79m██[38;2;255;213;70m██[38;2;255;212;69m██[38;2;255;209;65m██[38;2;255;207;63m██[38;2;255;206;60m████[38;2;255;207;61m██[38;2;255;206;59m████[38;2;255;205;59m██[38;2;255;206;59m████████████████████
[38;2;0;0;0m    [38;2;74;71;71m  [38;2;114;84;54m  [38;2;254;206;65m██[38;2;255;210;66m██[38;2;255;208;59m██[38;2;211;174;61m██[38;2;237;190;67m██[38;2;255;206;52m██[38;2;255;206;61m██[38;2;254;207;72m██[38;2;255;214;73m██[38;2;255;211;73m██[38;2;255;208;75m██[38;2;255;207;73m██[38;2;255;211;68m██[38;2;255;210;66m██[38;2;255;209;65m██[38;2;255;207;60m██[38;2;255;206;59m██[38;2;255;204;65m██[38;2;255;206;60m██[38;2;255;207;60m██[38;2;255;205;59m██[38;2;255;206;58m████[38;2;255;206;59m████[38;2;255;206;58m██[38;2;255;206;59m██[38;2;255;206;58m██[38;2;255;206;59m██████
[38;2;0;0;0m      [38;2;143;116;110m  [38;2;209;185;94m  [38;2;254;205;69m██[38;2;254;207;72m██[38;2;76;47;18m██[38;2;254;203;70m██[38;2;255;206;61m██[38;2;255;206;55m██[38;2;255;208;65m██[38;2;255;206;69m██[38;2;255;207;63m████[38;2;255;204;65m██[38;2;255;207;61m██[38;2;255;205;59m██[38;2;255;206;59m████[38;2;255;204;58m██[38;2;255;207;60m██[38;2;255;205;62m██[38;2;255;207;60m██[38;2;255;205;59m██[38;2;255;206;58m██[38;2;255;206;59m████[38;2;255;205;59m██[38;2;255;206;59m████[38;2;255;205;59m██[38;2;255;206;59m██[38;2;255;205;59m████
[38;2;0;0;0m      [38;2;75;75;75m  [38;2;152;144;133m  [38;2;252;216;115m  [38;2;254;207;85m██[38;2;161;123;73m██[38;2;254;205;65m██[38;2;255;204;69m██[38;2;255;208;55m██[38;2;255;206;62m██[38;2;253;202;73m██[38;2;252;203;79m██[38;2;255;204;68m██[38;2;255;205;65m██[38;2;255;207;61m██[38;2;255;206;59m██[38;2;255;205;58m██[38;2;255;207;60m██[38;2;254;205;68m██[38;2;224;178;66m██[38;2;255;205;67m██[38;2;255;207;60m██[38;2;255;206;59m██[38;2;255;206;58m██[38;2;255;206;59m██████[38;2;255;205;59m██████[38;2;255;206;59m██[38;2;255;205;59m██[38;2;255;206;59m██
[38;2;0;0;0m        [38;2;134;134;134m  [38;2;17;13;10m  [38;2;250;208;87m██[38;2;207;160;81m██[38;2;137;109;51m██[38;2;245;207;100m██[38;2;253;207;68m██[38;2;254;208;65m██[38;2;213;174;81m██[38;2;181;134;68m██[38;2;253;202;79m██[38;2;254;201;62m██[38;2;254;203;65m██[38;2;254;202;65m██[38;2;254;207;60m██[38;2;254;208;77m██[38;2;215;174;96m██[38;2;164;124;57m██[38;2;255;209;73m██[38;2;255;207;60m██[38;2;255;206;59m██[38;2;255;206;58m██[38;2;255;206;59m██████████████████
[38;2;0;0;0m        [38;2;82;82;82m  [38;2;111;91;54m  [38;2;242;191;62m██[38;2;254;202;66m██[38;2;252;205;89m██[38;2;164;130;65m██[38;2;90;65;34m██[38;2;66;41;19m██[38;2;86;58;23m██[38;2;113;83;41m██[38;2;141;109;59m██[38;2;117;89;40m██[38;2;145;114;54m██[38;2;154;118;57m██[38;2;117;90;49m██[38;2;89;63;31m██[38;2;221;187;99m██[38;2;254;206;66m██[38;2;255;205;64m██[38;2;255;206;57m██[38;2;255;206;59m██████████████████████[0m
