
[38;2;0;0;0m                              [38;2;3;2;2m  [38;2;229;186;163m  [38;2;245;225;207m██[38;2;245;224;206m██[38;2;241;216;197m██[38;2;225;183;160m████[38;2;225;183;159m██[38;2;225;183;160m██████████[38;2;223;182;159m  [38;2;39;31;26m  [38;2;1;1;1m  [38;2;0;0;0m      
[38;2;0;0;0m                            [38;2;122;122;122m  [38;2;230;187;163m  [38;2;244;223;205m██[38;2;245;223;205m██[38;2;241;217;198m██[38;2;224;183;160m██[38;2;225;183;160m██[38;2;225;182;160m████[38;2;225;183;160m██████████[38;2;225;182;160m██[38;2;225;183;160m  [38;2;5;4;3m  [38;2;0;0;0m      
[38;2;0;0;0m                          [38;2;37;35;35m  [38;2;222;181;158m  [38;2;225;183;160m██[38;2;230;193;171m██[38;2;225;183;160m██████████████████████████[38;2;236;192;168m  [38;2;107;107;89m  [38;2;0;0;0m    
[38;2;0;0;0m                        [38;2;29;29;29m  [38;2;183;148;129m  [38;2;224;182;160m██[38;2;225;183;160m██[38;2;225;182;160m██[38;2;225;182;159m██[38;2;225;183;160m██[38;2;225;182;160m██[38;2;225;183;160m██[38;2;225;182;160m██[38;2;225;183;160m████[38;2;225;182;160m██[38;2;225;183;160m██[38;2;225;182;160m██[38;2;225;183;160m████[38;2;225;182;159m██[38;2;225;183;160m██[38;2;68;56;49m  [38;2;0;0;0m    
[38;2;0;0;0m                        [38;2;25;20;17m  [38;2;223;182;159m  [38;2;225;183;160m██████████████████████████████████[38;2;215;175;153m  [38;2;59;29;29m  [38;2;0;0;0m  
[38;2;0;0;0m                      [38;2;106;61;61m  [38;2;221;180;157m  ██[38;2;181;148;129m██[38;2;185;150;131m██[38;2;212;173;150m██[38;2;225;183;160m██████████████████████████[38;2;224;183;160m██[38;2;228;186;162m  [38;2;10;0;0m  [38;2;0;0;0m  
[38;2;0;0;0m                      [38;2;31;29;27m  [38;2;223;182;159m  [38;2;225;183;160m████[38;2;224;182;159m████[38;2;225;182;160m██[38;2;225;183;160m██[38;2;224;183;160m██[38;2;224;182;160m██[38;2;223;182;158m██[38;2;216;176;154m██[38;2;228;186;162m██[38;2;224;182;160m██[38;2;225;183;160m██[38;2;224;182;160m██[38;2;224;183;160m██[38;2;225;183;160m██[38;2;224;183;160m██[38;2;225;183;160m██[38;2;223;182;159m  [38;2;10;10;10m  [38;2;0;0;0m  
[38;2;0;0;0m                    [38;2;18;18;18m  [38;2;188;153;134m  [38;2;225;183;160m██[38;2;224;182;159m████[38;2;225;183;160m██[38;2;224;182;159m██[38;2;225;183;160m██████████[38;2;224;182;159m██[38;2;230;187;163m██[38;2;186;151;132m██[38;2;224;182;158m██[38;2;224;182;159m██[38;2;225;182;160m████[38;2;225;183;160m████[38;2;223;181;158m  [38;2;0;0;0m    
[38;2;0;0;0m                    [38;2;15;15;7m  [38;2;226;184;161m  ██[38;2;240;235;235m██[38;2;233;229;228m██[38;2;234;228;227m██[38;2;187;162;148m██[38;2;222;181;157m██[38;2;224;182;159m██[38;2;225;183;160m██[38;2;225;183;159m██[38;2;225;182;160m██[38;2;225;183;160m██████[38;2;225;182;160m██[38;2;188;153;133m██[38;2;224;183;160m██[38;2;225;183;160m██████[38;2;223;181;158m  [38;2;0;0;0m    
[38;2;0;0;0m                  [38;2;65;65;65m  [38;2;212;172;150m  [38;2;224;182;159m██[38;2;225;183;160m██[38;2;219;215;214m██[38;2;236;231;229m██[38;2;235;230;229m██[38;2;228;225;225m██[38;2;204;167;145m██[38;2;224;182;159m██[38;2;224;183;160m██[38;2;225;183;160m██[38;2;202;170;154m██[38;2;209;173;153m██[38;2;225;183;159m██[38;2;225;183;160m████[38;2;224;182;160m██[38;2;225;183;160m██████[38;2;224;183;160m██[38;2;223;182;159m  [38;2;10;10;10m  [38;2;0;0;0m  
[38;2;0;0;0m                  [38;2;30;24;22m  [38;2;160;130;114m  [38;2;224;182;159m██[38;2;225;183;160m██[38;2;224;182;159m██[38;2;208;170;147m██[38;2;203;165;146m██[38;2;224;183;160m██[38;2;194;158;138m██[38;2;224;182;160m██[38;2;225;183;160m██[38;2;216;173;150m██[38;2;235;230;229m██[38;2;224;219;218m██[38;2;238;232;231m██[38;2;184;159;145m██[38;2;225;183;160m████████████[38;2;227;185;162m  [38;2;10;9;0m  [38;2;0;0;0m  
[38;2;0;0;0m                  [38;2;91;74;64m  [38;2;203;165;144m██[38;2;225;183;160m██████████[38;2;223;182;159m██[38;2;226;184;161m██[38;2;225;183;160m████[38;2;226;184;161m██[38;2;235;230;229m██[38;2;237;232;231m██[38;2;236;231;230m██[38;2;237;231;230m██[38;2;231;187;162m██[38;2;225;183;160m██[38;2;225;183;159m██[38;2;225;183;160m██[38;2;225;182;160m██[38;2;225;183;160m██[38;2;227;184;161m  [38;2;145;105;105m  [38;2;0;0;0m  
[38;2;0;0;0m                  [38;2;94;76;66m  [38;2;233;190;165m██[38;2;225;182;160m██[38;2;224;183;160m██[38;2;225;183;160m████[38;2;224;182;159m██[38;2;201;164;143m██[38;2;225;183;160m██████[38;2;225;182;160m██[38;2;229;186;163m██[38;2;181;167;161m██[38;2;205;199;198m██[38;2;198;162;142m██[38;2;225;183;160m██[38;2;225;182;160m██[38;2;225;183;159m██[38;2;225;182;160m██[38;2;225;183;160m████[38;2;150;121;107m  [38;2;0;0;0m    
[38;2;0;0;0m                  [38;2;35;29;25m  [38;2;225;183;160m██████████[38;2;213;174;151m██[38;2;225;183;160m██[38;2;225;182;160m██[38;2;225;183;160m████████[38;2;224;182;160m██[38;2;224;182;159m██[38;2;225;183;160m██████████[38;2;225;182;160m██[38;2;223;181;158m██[38;2;16;14;12m  [38;2;0;0;0m    
[38;2;0;0;0m                    [38;2;222;181;158m  [38;2;224;183;160m██[38;2;225;183;160m██[38;2;225;182;160m██[38;2;225;183;160m██[38;2;191;155;136m██[38;2;223;181;158m██[38;2;225;182;160m██[38;2;225;183;160m██████[38;2;225;182;160m██[38;2;224;183;160m██[38;2;225;182;160m████[38;2;225;183;160m██████[38;2;224;183;160m██[38;2;221;180;157m██[38;2;166;134;117m  [38;2;61;3;3m  [38;2;0;0;0m    
[38;2;0;0;0m                  [38;2;25;20;19m  [38;2;224;182;159m██[38;2;225;183;160m██████████████████[38;2;225;183;159m██[38;2;225;183;160m██[38;2;225;183;159m██[38;2;225;183;160m████████████[38;2;224;182;159m██[38;2;218;178;155m██[38;2;154;124;108m  [38;2;0;0;0m    
[38;2;0;0;0m                  [38;2;44;36;31m  [38;2;225;183;160m██████[38;2;224;182;159m████[38;2;224;183;160m██[38;2;225;183;160m████████████[38;2;225;183;159m██[38;2;225;183;160m██████████[38;2;225;182;159m██[38;2;159;123;106m██[38;2;144;106;87m██[38;2;109;88;78m  [38;2;0;0;0m    
[38;2;0;0;0m                  [38;2;40;32;28m  [38;2;224;182;160m██[38;2;225;182;160m██[38;2;225;183;160m██[38;2;233;191;167m██[38;2;86;56;50m██[38;2;203;166;144m██[38;2;230;187;163m██[38;2;223;181;159m██[38;2;224;182;159m██[38;2;225;182;160m██[38;2;225;183;160m██[38;2;225;182;160m████[38;2;225;183;160m██████████[38;2;126;91;75m██[38;2;225;183;160m██[38;2;140;101;83m  [38;2;4;3;3m  [38;2;0;0;0m    
[38;2;0;0;0m                  [38;2;5;3;3m  [38;2;223;181;158m██[38;2;225;183;160m████[38;2;224;182;159m██[38;2;164;118;104m██[38;2;180;125;110m██[38;2;183;127;112m██[38;2;176;121;107m██[38;2;163;114;100m██[38;2;213;173;152m██[38;2;225;183;160m██████████████[38;2;226;184;161m██[38;2;150;113;94m██[38;2;225;183;160m██[38;2;156;122;105m  [38;2;23;23;23m  [38;2;0;0;0m    
[38;2;0;0;0m                  [38;2;101;101;101m  [38;2;224;182;159m  [38;2;225;183;160m██[38;2;225;182;159m██[38;2;225;183;160m██[38;2;224;182;159m██[38;2;215;176;154m██[38;2;182;145;127m██[38;2;218;178;156m██[38;2;223;181;159m██[38;2;225;182;160m██[38;2;225;183;160m██[38;2;225;182;160m██[38;2;225;183;160m████[38;2;225;182;160m██[38;2;225;183;160m██[38;2;224;182;159m██[38;2;142;106;89m██[38;2;224;182;159m██[38;2;229;186;163m  [38;2;115;115;115m  [38;2;0;0;0m      
[38;2;0;0;0m                  [38;2;70;70;70m  [38;2;235;191;166m  [38;2;225;183;160m██████████████████████████████[38;2;196;159;139m██[38;2;194;158;138m██[38;2;231;188;164m  [38;2;15;0;0m  [38;2;0;0;0m        
[38;2;0;0;0m            [38;2;7;7;7m  [38;2;50;51;53m  [38;2;142;144;148m  [38;2;157;160;164m  [38;2;166;141;127m██[38;2;225;183;160m██[38;2;224;183;159m██[38;2;225;183;160m████[38;2;224;183;160m██[38;2;225;183;160m████████████████[38;2;224;182;159m██[38;2;162;117;99m██[38;2;186;141;121m  [38;2;122;89;76m  [38;2;3;1;1m  [38;2;0;0;0m          
[38;2;0;0;0m          [38;2;11;11;11m  [38;2;167;170;174m  [38;2;192;195;199m  [38;2;226;231;236m██  [38;2;219;224;229m██[38;2;225;183;160m████████[38;2;224;183;160m██[38;2;225;183;160m██████[38;2;224;183;160m██[38;2;224;182;160m██[38;2;225;183;160m████[38;2;225;182;159m██[38;2;155;114;97m██[38;2;168;168;173m██[38;2;223;226;233m  [38;2;31;31;31m  [38;2;0;0;0m            
[38;2;0;0;0m    [38;2;13;13;13m  [38;2;116;117;120m  [38;2;142;146;149m  [38;2;222;227;232m  [38;2;224;229;234m██[38;2;204;207;212m██[38;2;167;172;175m██[38;2;225;230;235m██[38;2;224;229;234m██[38;2;160;137;124m██[38;2;224;182;159m██[38;2;225;183;160m████████████████[38;2;224;182;159m████[38;2;118;85;72m██[38;2;156;112;94m██[38;2;164;163;168m██[38;2;186;188;193m  [38;2;0;0;0m              
[38;2;0;0;0m  [38;2;64;64;64m  [38;2;229;234;239m  [38;2;166;167;171m██[38;2;224;229;234m██[38;2;225;230;235m████[38;2;226;231;236m██[38;2;227;232;237m██[38;2;225;230;235m██[38;2;193;195;200m██[38;2;170;171;175m██[38;2;172;145;130m██[38;2;224;182;159m██[38;2;225;183;160m██████[38;2;225;182;160m██[38;2;225;183;160m██[38;2;224;182;159m██[38;2;226;185;162m██[38;2;168;128;110m██[38;2;153;111;94m██[38;2;162;117;99m██[38;2;150;108;91m██[38;2;164;164;168m██[38;2;171;171;176m██[38;2;0;0;0m              
[38;2;42;42;42m  [38;2;191;195;199m  [38;2;224;229;234m██[38;2;167;168;172m██[38;2;220;224;229m██[38;2;210;215;219m██[38;2;178;182;187m██[38;2;226;231;236m██[38;2;225;230;235m██[38;2;226;231;236m██[38;2;170;171;175m██[38;2;225;230;235m██[38;2;183;185;189m██[38;2;102;99;98m██[38;2;191;152;132m██[38;2;214;171;149m██[38;2;216;173;151m██[38;2;210;167;145m██[38;2;185;142;122m██[38;2;134;97;82m██[38;2;144;104;89m██[38;2;162;117;99m██[38;2;163;118;100m████[38;2;157;113;95m██[38;2;164;164;169m██[38;2;177;178;183m██[38;2;87;88;90m  [38;2;0;0;0m            
[38;2;40;40;40m  [38;2;205;210;213m  [38;2;225;230;234m██[38;2;209;213;217m██[38;2;103;105;108m██[38;2;103;111;115m██[38;2;70;76;79m██[38;2;69;75;78m██[38;2;228;233;238m██[38;2;178;180;184m██[38;2;226;231;236m██[38;2;224;229;234m██[38;2;141;141;139m██[38;2;235;191;167m██[38;2;165;119;101m██[38;2;164;118;100m██[38;2;166;120;102m██[38;2;165;119;101m██[38;2;162;117;99m████[38;2;163;118;100m██[38;2;163;117;100m██[38;2;162;118;100m██[38;2;163;118;99m██[38;2;225;182;159m██[38;2;167;166;171m██[38;2;209;212;218m██[38;2;221;224;231m  [38;2;212;216;222m  [38;2;99;99;99m  [38;2;0;0;0m        
[38;2;54;26;13m  [38;2;156;135;84m  [38;2;224;229;234m██[38;2;228;234;239m██[38;2;68;74;77m██[38;2;101;109;113m██[38;2;58;63;66m██[38;2;47;52;54m██[38;2;218;223;228m██[38;2;221;226;231m██[38;2;224;229;234m██[38;2;142;142;143m██[38;2;183;169;153m██[38;2;225;183;159m██[38;2;163;117;99m██[38;2;163;118;100m████████[38;2;163;118;99m██[38;2;163;117;100m██[38;2;161;116;98m██[38;2;205;162;140m██[38;2;224;182;159m██[38;2;221;179;155m██[38;2;166;165;170m██[38;2;230;235;241m██[38;2;233;237;242m██[38;2;223;227;233m  [38;2;47;47;47m  [38;2;0;0;0m        
[38;2;30;24;12m  [38;2;240;198;99m  [38;2;230;234;240m██[38;2;228;233;238m██[38;2;69;76;79m██[38;2;57;62;65m██[38;2;40;46;47m██[38;2;41;47;48m██[38;2;193;197;202m██[38;2;225;230;234m██[38;2;206;209;213m██[38;2;239;234;214m██[38;2;196;159;139m██[38;2;230;187;163m██[38;2;229;187;163m██[38;2;160;115;97m██[38;2;163;118;100m██[38;2;162;117;99m██[38;2;163;118;100m██[38;2;160;115;97m██[38;2;203;160;138m██[38;2;224;182;159m██[38;2;225;182;160m██[38;2;225;183;160m██[38;2;207;169;147m██[38;2;162;162;167m██[38;2;215;219;225m██[38;2;223;227;233m██[38;2;219;223;228m██[38;2;229;233;239m  [38;2;11;11;12m  [38;2;116;116;116m  [38;2;0;0;0m    
[38;2;154;127;62m  [38;2;233;192;95m██[38;2;177;165;134m██[38;2;224;229;234m██[38;2;71;76;79m██[38;2;39;44;45m██[38;2;42;47;48m██[38;2;135;139;143m██[38;2;225;230;235m██[38;2;228;233;238m██[38;2;237;232;213m██[38;2;238;233;214m██[38;2;208;168;147m██[38;2;224;183;160m██[38;2;225;183;160m████[38;2;224;182;159m██[38;2;222;180;157m██[38;2;225;183;160m██[38;2;224;182;159m██[38;2;225;183;160m████████[38;2;181;151;136m██[38;2;209;213;219m██[38;2;178;181;186m██[38;2;225;229;235m██[38;2;188;189;195m██[38;2;225;229;235m██[38;2;224;228;234m██[38;2;219;223;229m  [38;2;18;19;19m  [38;2;0;0;0m  
[38;2;233;192;95m  [38;2;232;192;95m██[38;2;236;195;96m██[38;2;232;237;242m██[38;2;223;228;233m██[38;2;198;202;206m██[38;2;231;235;240m██[38;2;225;230;234m██[38;2;224;229;234m██[38;2;167;145;94m██[38;2;239;234;214m██[38;2;240;235;216m██[38;2;179;151;133m██[38;2;225;182;160m██[38;2;225;183;160m████[38;2;225;182;160m████[38;2;225;183;160m██████[38;2;225;182;160m██[38;2;224;183;160m██[38;2;224;182;159m██[38;2;148;133;127m██[38;2;228;232;238m██[38;2;187;191;196m██[38;2;224;228;234m██[38;2;151;152;157m██[38;2;225;229;234m████[38;2;225;228;235m██[38;2;222;227;233m  [38;2;39;40;41m  
[38;2;239;197;97m  [38;2;231;190;94m██[38;2;233;192;95m██[38;2;209;172;85m██[38;2;225;230;234m██[38;2;225;229;234m██[38;2;225;230;235m██[38;2;224;230;235m██[38;2;138;139;144m██[38;2;237;195;95m██[38;2;245;239;219m██[38;2;240;234;215m██[38;2;226;221;203m██[38;2;223;182;159m██[38;2;225;183;160m████████████[38;2;225;183;159m██[38;2;225;183;160m██[38;2;224;182;159m██[38;2;170;154;140m██[38;2;142;142;144m██[38;2;222;226;232m██[38;2;218;222;228m██[38;2;224;228;234m██[38;2;222;226;232m██[38;2;224;229;235m██[38;2;225;229;235m██[38;2;225;228;235m██[38;2;211;214;220m██[38;2;174;173;179m  [0m
