
[38;2;0;0;0m          [38;2;34;34;34m  [38;2;10;10;10m  [38;2;1;1;1m██[38;2;0;0;0m████[38;2;1;1;1m██[38;2;0;0;0m████[38;2;1;1;1m████[38;2;12;12;12m  [38;2;70;70;70m  [38;2;57;57;57m  [38;2;0;0;0m                        
[38;2;0;0;0m    [38;2;43;43;43m  [38;2;44;44;44m  [38;2;0;0;0m██[38;2;1;1;1m████████████[38;2;0;0;0m██[38;2;1;1;1m██████████████[38;2;44;44;44m  [38;2;15;15;15m  [38;2;0;0;0m                  
[38;2;0;0;0m  [38;2;122;122;122m  [38;2;1;1;1m████████████████[38;2;0;0;0m██[38;2;1;1;1m██████[38;2;0;0;0m██[38;2;1;1;1m████████████[38;2;83;83;83m  [38;2;0;0;0m                
[38;2;25;25;25m  [38;2;1;1;1m██████[38;2;53;53;53m██[38;2;2;2;2m██[38;2;1;1;1m████████[38;2;55;55;55m██[38;2;1;1;1m████[38;2;35;35;35m██[38;2;1;1;1m██████████████[38;2;0;0;0m██[38;2;37;37;37m  [38;2;0;0;0m              
[38;2;0;0;0m██[38;2;1;1;1m██[38;2;0;0;0m██[38;2;72;72;72m██[38;2;1;1;1m██████████[38;2;5;5;5m██[38;2;0;0;0m██[38;2;1;1;1m██████[38;2;39;39;39m██[38;2;0;0;0m██[38;2;1;1;1m██████████████[38;2;2;2;2m██[38;2;20;20;20m  [38;2;64;64;64m  [38;2;205;205;205m  [38;2;14;14;14m  [38;2;11;11;11m  [38;2;9;9;9m  
[38;2;1;1;1m████[38;2;51;51;51m██[38;2;1;1;1m████████████[38;2;46;46;46m██[38;2;1;1;1m██████████[38;2;110;110;110m██[38;2;1;1;1m████████████████[38;2;0;0;0m██[38;2;1;1;1m████[38;2;0;0;0m██[38;2;1;1;1m██[38;2;5;5;5m  
[38;2;1;1;1m██[38;2;2;2;2m████[38;2;1;1;1m██████[38;2;0;0;0m██[38;2;1;1;1m██████████████████[38;2;10;10;10m██[38;2;1;1;1m██████████████[38;2;92;92;92m██[38;2;1;1;1m████████[38;2;132;132;132m  
[38;2;1;1;1m██[38;2;81;81;81m██[38;2;0;0;0m██[38;2;1;1;1m████[38;2;0;0;0m████[38;2;1;1;1m██[38;2;4;4;4m██[38;2;1;1;1m██████████████[38;2;0;0;0m████[38;2;1;1;1m████████████[38;2;0;0;0m██[38;2;7;7;7m██[38;2;1;1;1m██████[38;2;0;0;0m  
[38;2;3;3;3m██[38;2;0;0;0m██[38;2;1;1;1m██████[38;2;63;63;63m██[38;2;1;1;1m██████████████████████[38;2;2;2;2m██[38;2;1;1;1m████████████[38;2;0;0;0m██[38;2;75;75;75m██[38;2;1;1;1m████[38;2;158;158;158m  [38;2;0;0;0m  
[38;2;82;82;82m██[38;2;1;1;1m██████[38;2;5;5;5m██[38;2;0;0;0m██[38;2;1;1;1m██████████████████████████████████████[38;2;10;10;10m██[38;2;1;1;1m██[38;2;12;12;12m  [38;2;0;0;0m    
[38;2;14;14;14m██[38;2;1;1;1m████[38;2;0;0;0m██[38;2;85;85;85m██[38;2;1;1;1m████████[38;2;0;0;0m██[38;2;1;1;1m██████████████[38;2;0;0;0m██[38;2;2;2;2m██[38;2;1;1;1m██████[38;2;51;51;51m██[38;2;1;1;1m████[38;2;0;0;0m██[38;2;2;2;2m██[38;2;9;9;9m  [38;2;0;0;0m    
[38;2;1;1;1m██████[38;2;0;0;0m██[38;2;41;41;41m██[38;2;1;1;1m██████[38;2;4;4;4m██[38;2;0;0;0m██[38;2;1;1;1m████████████████[38;2;136;136;136m██[38;2;1;1;1m██[38;2;0;0;0m████[38;2;25;25;25m██[38;2;0;0;0m████[38;2;4;4;4m██[38;2;121;121;121m  [38;2;0;0;0m      
[38;2;0;0;0m██[38;2;1;1;1m████[38;2;5;5;5m██[38;2;0;0;0m██[38;2;1;1;1m████[38;2;0;0;0m██[38;2;106;106;106m██[38;2;72;72;72m██[38;2;1;1;1m████████████[38;2;0;0;0m██[38;2;7;7;7m██[38;2;233;233;233m██[38;2;6;6;6m██[38;2;1;1;1m██[38;2;38;38;38m██[38;2;0;0;0m██[38;2;1;1;1m████[38;2;0;0;0m██[38;2;101;101;101m  [38;2;0;0;0m      
[38;2;1;1;1m██████[38;2;42;42;42m██[38;2;1;1;1m██[38;2;3;3;3m██[38;2;0;0;0m████[38;2;227;227;227m██[38;2;199;199;199m██[38;2;1;1;1m████████████[38;2;0;0;0m██[38;2;86;86;86m██[38;2;219;219;219m██[38;2;220;220;220m██[38;2;0;0;0m██[38;2;108;108;108m██[38;2;0;0;0m██[38;2;15;15;15m██[38;2;1;1;1m████[38;2;44;44;44m  [38;2;0;0;0m      
[38;2;1;1;1m██████[38;2;63;63;63m██[38;2;1;1;1m██[38;2;132;132;132m██[38;2;0;0;0m██[38;2;62;62;62m██[38;2;233;233;233m████[38;2;0;0;0m██[38;2;2;2;2m██[38;2;1;1;1m████████[38;2;7;7;7m██[38;2;229;229;229m██[38;2;231;231;231m██[38;2;230;230;230m██[38;2;199;199;199m██[38;2;2;2;2m██[38;2;194;194;194m██[38;2;34;34;34m██[38;2;0;0;0m██[38;2;1;1;1m██[38;2;94;94;94m  [38;2;0;0;0m      
[38;2;1;1;1m████[38;2;0;0;0m██[38;2;51;51;51m██[38;2;9;9;9m██[38;2;233;233;233m██[38;2;0;0;0m██[38;2;231;231;231m████[38;2;230;230;230m██[38;2;1;1;1m██[38;2;104;104;104m██[38;2;1;1;1m████████[38;2;179;179;179m██[38;2;231;231;231m██████[38;2;230;230;230m██[38;2;231;231;231m██[38;2;232;232;232m██[38;2;80;80;80m██[38;2;1;1;1m████[38;2;162;162;162m  [38;2;0;0;0m      
[38;2;1;1;1m██████[38;2;14;14;14m██[38;2;221;221;221m██[38;2;233;233;233m██[38;2;64;64;64m██[38;2;231;231;231m██[38;2;232;232;232m██[38;2;231;231;231m██[38;2;32;32;32m██[38;2;212;212;212m██[38;2;0;0;0m██[38;2;1;1;1m████[38;2;0;0;0m██[38;2;232;232;232m██[38;2;204;204;204m██[38;2;175;175;175m██[38;2;135;135;135m██[38;2;112;112;112m██[38;2;94;94;94m██[38;2;229;229;229m██[38;2;156;156;156m██[38;2;1;1;1m████[38;2;21;21;21m  [38;2;0;0;0m      
[38;2;1;1;1m██████[38;2;33;33;33m██[38;2;225;225;225m██[38;2;153;153;153m██[38;2;110;110;110m██[38;2;89;89;89m██[38;2;47;47;47m██[38;2;8;8;8m██[38;2;155;155;155m██[38;2;231;231;231m██[38;2;0;0;0m██[38;2;1;1;1m████[38;2;173;173;173m██[38;2;227;227;227m██[38;2;27;27;27m██[38;2;65;65;65m██[38;2;137;137;137m██[38;2;180;180;180m██[38;2;215;215;215m██[38;2;230;230;230m██[38;2;137;137;137m██[38;2;0;0;0m████[38;2;52;52;52m  [38;2;0;0;0m      
[38;2;1;1;1m██████[38;2;36;36;36m██[38;2;74;74;74m██[38;2;90;90;90m██[38;2;167;167;167m██[38;2;89;89;89m██[38;2;156;156;156m██[38;2;254;254;254m██[38;2;246;246;246m██[38;2;231;231;231m██[38;2;0;0;0m██[38;2;1;1;1m██[38;2;21;21;21m██[38;2;232;232;232m██[38;2;211;211;211m██[38;2;239;239;239m██[38;2;120;120;120m██[38;2;96;96;96m██[38;2;65;65;65m██[38;2;253;253;253m██[38;2;231;231;231m██[38;2;92;92;92m██[38;2;68;68;68m██[38;2;9;9;9m██[38;2;0;0;0m██      
[38;2;1;1;1m██████[38;2;32;32;32m██[38;2;236;236;236m██[38;2;254;254;254m██[38;2;56;56;56m██[38;2;31;31;31m██[38;2;108;108;108m██[38;2;71;71;71m██[38;2;244;244;244m██[38;2;232;232;232m██[38;2;0;0;0m██[38;2;1;1;1m██[38;2;236;236;236m██[38;2;232;232;232m██[38;2;196;196;196m██[38;2;240;240;240m██[38;2;25;25;25m██[38;2;81;81;81m██[38;2;30;30;30m██[38;2;250;250;250m██[38;2;231;231;231m██[38;2;27;27;27m██[38;2;71;71;71m██[38;2;123;123;123m██[38;2;3;3;3m██[38;2;29;29;29m  [38;2;0;0;0m    
[38;2;1;1;1m██████[38;2;7;7;7m██[38;2;232;232;232m██[38;2;253;253;253m██[38;2;62;62;62m██[38;2;50;50;50m██[38;2;102;102;102m██[38;2;60;60;60m██[38;2;243;243;243m██[38;2;231;231;231m██[38;2;0;0;0m██[38;2;233;233;233m██[38;2;229;229;229m██[38;2;233;233;233m██[38;2;188;188;188m██[38;2;234;234;234m██[38;2;43;43;43m██[38;2;42;42;42m██[38;2;7;7;7m██[38;2;254;254;254m██[38;2;231;231;231m██[38;2;4;4;4m██[38;2;18;18;18m██[38;2;47;47;47m██[38;2;4;4;4m██[38;2;95;95;95m  [38;2;0;0;0m    
[38;2;1;1;1m██████[38;2;0;0;0m██[38;2;232;232;232m██[38;2;245;245;245m██[38;2;47;47;47m██[38;2;59;59;59m██[38;2;61;61;61m██[38;2;111;111;111m██[38;2;237;237;237m██[38;2;231;231;231m██[38;2;228;228;228m██[38;2;234;234;234m██[38;2;215;215;215m██[38;2;233;233;233m██[38;2;207;207;207m██[38;2;230;230;230m██[38;2;101;101;101m██[38;2;38;38;38m██[38;2;158;158;158m██[38;2;244;244;244m██[38;2;232;232;232m██[38;2;0;0;0m██[38;2;1;1;1m██[38;2;0;0;0m██[38;2;1;1;1m██[38;2;33;33;33m  [38;2;0;0;0m    
[38;2;1;1;1m██████[38;2;0;0;0m██[38;2;233;233;233m██[38;2;231;231;231m██[38;2;249;249;249m██[38;2;181;181;181m██[38;2;230;230;230m██[38;2;252;252;252m██[38;2;231;231;231m██████[38;2;230;230;230m██[38;2;232;232;232m████[38;2;230;230;230m████[38;2;235;235;235m██[38;2;86;86;86m██[38;2;234;234;234m██[38;2;231;231;231m██[38;2;235;235;235m██[38;2;0;0;0m██[38;2;1;1;1m████[38;2;0;0;0m██[38;2;38;38;38m  [38;2;0;0;0m    
[38;2;1;1;1m██[38;2;0;0;0m██[38;2;1;1;1m████[38;2;231;231;231m██[38;2;230;230;230m██[38;2;231;231;231m████████[38;2;232;232;232m██[38;2;231;231;231m████[38;2;232;232;232m████[38;2;212;212;212m██[38;2;230;230;230m████[38;2;231;231;231m██[38;2;232;232;232m██[38;2;230;230;230m██[38;2;231;231;231m██[38;2;234;234;234m██[38;2;0;0;0m██[38;2;1;1;1m██[38;2;13;13;13m██[38;2;0;0;0m██[38;2;30;30;30m  [38;2;0;0;0m    
[38;2;1;1;1m████████[38;2;178;178;178m██[38;2;230;230;230m████[38;2;229;229;229m██[38;2;231;231;231m████[38;2;232;232;232m██[38;2;230;230;230m██[38;2;231;231;231m██[38;2;230;230;230m██[38;2;231;231;231m████[38;2;232;232;232m██[38;2;231;231;231m██████████[38;2;233;233;233m██[38;2;0;0;0m██[38;2;1;1;1m██[38;2;41;41;41m██[38;2;1;1;1m██[38;2;25;25;25m  [38;2;0;0;0m    
[38;2;1;1;1m██████[38;2;0;0;0m██[38;2;73;73;73m██[38;2;230;230;230m██[38;2;231;231;231m██████[38;2;230;230;230m██[38;2;231;231;231m██[38;2;232;232;232m██[38;2;231;231;231m████████[38;2;230;230;230m██[38;2;231;231;231m██[38;2;230;230;230m████[38;2;231;231;231m████[38;2;236;236;236m██[38;2;0;0;0m██[38;2;1;1;1m██[38;2;65;65;65m██[38;2;0;0;0m██[38;2;19;19;19m  [38;2;0;0;0m    
[38;2;1;1;1m████████[38;2;8;8;8m██[38;2;231;231;231m██████████[38;2;230;230;230m██[38;2;231;231;231m██[38;2;233;233;233m██[38;2;231;231;231m██[38;2;209;209;209m██[38;2;195;195;195m██[38;2;223;223;223m██[38;2;231;231;231m██████[38;2;230;230;230m██[38;2;231;231;231m██[38;2;150;150;150m██[38;2;1;1;1m██[38;2;5;5;5m██[38;2;54;54;54m██[38;2;1;1;1m██[38;2;32;32;32m  [38;2;0;0;0m    
[38;2;0;0;0m██[38;2;1;1;1m██████[38;2;0;0;0m██[38;2;234;234;234m██[38;2;231;231;231m██[38;2;230;230;230m██[38;2;231;231;231m████████[38;2;116;116;116m██[38;2;175;175;175m██[38;2;174;174;174m████[38;2;5;5;5m██[38;2;232;232;232m██[38;2;231;231;231m██████[38;2;225;225;225m██[38;2;1;1;1m████[38;2;16;16;16m██[38;2;23;23;23m██[38;2;1;1;1m██[38;2;41;41;41m  [38;2;0;0;0m    
[38;2;66;66;66m██[38;2;0;0;0m██[38;2;1;1;1m██████[38;2;132;132;132m██[38;2;231;231;231m██[38;2;230;230;230m██[38;2;232;232;232m████[38;2;231;231;231m██[38;2;232;232;232m██[38;2;173;173;173m████[38;2;172;172;172m██[38;2;174;174;174m██[38;2;87;87;87m██[38;2;231;231;231m████[38;2;232;232;232m██[38;2;143;143;143m██[38;2;1;1;1m████[38;2;0;0;0m██[38;2;18;18;18m██[38;2;2;2;2m██[38;2;1;1;1m██[38;2;92;92;92m  [38;2;0;0;0m    
[38;2;53;53;53m██[38;2;0;0;0m██[38;2;1;1;1m██████[38;2;20;20;20m██[38;2;115;115;115m██[38;2;142;142;142m██[38;2;235;235;235m██[38;2;231;231;231m██[38;2;232;232;232m██[38;2;231;231;231m██[38;2;226;226;226m██[38;2;163;163;163m██[38;2;128;128;128m██[38;2;167;167;167m██[38;2;232;232;232m██[38;2;231;231;231m██[38;2;173;173;173m██[38;2;11;11;11m██[38;2;109;109;109m  [38;2;14;14;14m  [38;2;1;1;1m██[38;2;0;0;0m██[38;2;36;36;36m██[38;2;0;0;0m██[38;2;2;2;2m██[38;2;0;0;0m      
[38;2;42;42;42m██[38;2;33;33;33m██[38;2;0;0;0m██[38;2;1;1;1m████[38;2;0;0;0m██[38;2;139;139;139m██[38;2;140;140;140m██[38;2;216;216;216m██[38;2;100;100;100m██[38;2;113;113;113m██[38;2;211;211;211m██[38;2;233;233;233m██[38;2;232;232;232m██[38;2;230;230;230m██[38;2;235;235;235m██[38;2;145;145;145m██[38;2;26;26;26m██[38;2;76;76;76m██[38;2;9;9;9m██[38;2;28;28;28m  [38;2;23;23;23m  [38;2;0;0;0m████[38;2;71;71;71m██[38;2;0;0;0m██[38;2;43;43;43m  [38;2;0;0;0m      
[38;2;34;34;34m██[38;2;67;67;67m██[38;2;1;1;1m██████[38;2;0;0;0m██[38;2;61;61;61m██[38;2;126;126;126m██[38;2;235;235;235m██[38;2;231;231;231m██[38;2;232;232;232m██[38;2;233;233;233m██[38;2;101;101;101m██[38;2;9;9;9m██[38;2;19;19;19m██[38;2;4;4;4m██[38;2;102;102;102m██[38;2;48;48;48m██[38;2;1;1;1m██[38;2;27;27;27m██[38;2;0;0;0m  [38;2;141;141;141m  [38;2;3;3;3m██[38;2;1;1;1m██[38;2;19;19;19m██[38;2;10;10;10m  [38;2;73;73;73m  [38;2;0;0;0m      [0m
