
[38;2;0;0;0m                  [38;2;57;36;54m  [38;2;55;21;38m██[38;2;60;21;39m██[38;2;58;20;37m██[38;2;60;21;40m██[38;2;58;29;49m  [38;2;0;0;0m                            
[38;2;0;0;0m              [38;2;58;37;52m  [38;2;61;21;38m██[38;2;57;18;34m██[38;2;70;33;50m██[38;2;156;130;138m██[38;2;170;145;151m██[38;2;100;72;81m██[38;2;63;23;38m██[38;2;59;22;36m██[38;2;54;26;41m  [38;2;0;0;0m                        
[38;2;0;0;0m            [38;2;54;26;43m██[38;2;57;20;37m██[38;2;73;44;58m██[38;2;235;222;226m██[38;2;230;221;222m██[38;2;228;222;222m██[38;2;231;223;224m██[38;2;230;221;222m████[38;2;232;213;219m██[38;2;56;22;36m██[38;2;58;20;38m██[38;2;53;31;47m  [38;2;0;0;0m                    
[38;2;0;0;0m          [38;2;46;13;30m██[38;2;58;18;34m██[38;2;236;217;225m██[38;2;233;225;225m██[38;2;217;212;215m██[38;2;229;222;222m██[38;2;223;214;219m██[38;2;227;223;221m██[38;2;208;198;208m██[38;2;229;224;222m██[38;2;218;214;216m██[38;2;230;225;225m██[38;2;215;195;202m██[38;2;60;20;39m██[38;2;56;19;36m██[38;2;5;0;5m  [38;2;0;0;0m  [38;2;18;9;16m  [38;2;96;86;104m  [38;2;0;0;0m          
[38;2;0;0;0m        [38;2;50;43;54m  [38;2;58;19;37m██[38;2;222;203;207m██[38;2;216;207;219m██[38;2;228;222;222m██[38;2;225;215;228m██[38;2;234;225;227m██[38;2;225;213;231m██[38;2;228;222;222m██[38;2;230;220;231m██[38;2;232;223;227m██[38;2;231;221;232m██[38;2;151;142;161m██[38;2;230;224;224m██[38;2;236;222;223m██[38;2;50;15;30m██[38;2;57;19;33m██[38;2;58;19;35m██[38;2;60;21;39m██[38;2;0;0;0m            
[38;2;0;0;0m        [38;2;60;22;39m██[38;2;90;58;73m██[38;2;227;221;224m██[38;2;230;221;228m██[38;2;226;216;226m██[38;2;232;223;226m██[38;2;210;199;212m██[38;2;231;224;225m██[38;2;209;198;212m██[38;2;231;226;223m██[38;2;170;158;180m██[38;2;230;221;224m██[38;2;233;223;233m██[38;2;153;142;159m██[38;2;228;222;224m██[38;2;187;175;196m██[38;2;96;50;54m██[38;2;82;42;63m██[38;2;58;22;36m██[38;2;0;0;0m            
[38;2;0;0;0m      [38;2;51;32;48m  [38;2;63;22;40m██[38;2;240;231;231m██[38;2;204;192;212m██[38;2;229;223;221m██[38;2;217;206;221m██[38;2;231;225;225m██[38;2;224;213;230m██[38;2;232;223;225m██[38;2;231;221;232m██[38;2;223;214;226m██[38;2;231;222;227m██[38;2;168;159;176m██[38;2;230;224;224m██[38;2;228;219;234m██[38;2;229;224;222m██[38;2;222;209;232m██[38;2;198;179;194m██[38;2;57;20;33m██[38;2;56;22;43m  [38;2;0;0;0m            
[38;2;0;0;0m      [38;2;63;24;42m██[38;2;213;190;203m██[38;2;230;225;223m██[38;2;229;221;232m██[38;2;228;221;225m██[38;2;233;224;227m██[38;2;202;191;211m██[38;2;230;225;223m██[38;2;194;185;206m██[38;2;230;226;227m██[38;2;198;187;208m██[38;2;229;223;228m██[38;2;233;223;233m██[38;2;161;149;170m██[38;2;230;224;226m██[38;2;193;181;200m██[38;2;235;226;230m██[38;2;231;220;237m██[38;2;59;25;38m██[38;2;58;18;36m██[38;2;0;0;0m            
[38;2;0;0;0m  [38;2;194;199;204m  [38;2;55;21;37m██[38;2;72;40;54m██[38;2;231;226;222m██[38;2;156;144;168m██[38;2;230;224;225m██[38;2;187;178;196m██[38;2;232;225;222m██[38;2;227;220;231m██[38;2;232;224;222m██[38;2;224;220;227m██[38;2;227;224;223m██[38;2;230;224;221m██[38;2;167;157;180m██[38;2;228;223;223m██[38;2;229;222;235m██[38;2;233;224;222m██[38;2;224;215;231m██[38;2;167;156;174m██[38;2;230;222;226m██[38;2;239;221;222m██[38;2;60;19;36m██[38;2;48;30;48m  [38;2;0;0;0m          
[38;2;47;27;41m██[38;2;60;19;35m██[38;2;93;45;61m██[38;2;227;197;203m██[38;2;231;225;225m██[38;2;229;218;231m██[38;2;232;227;227m██[38;2;230;221;229m██[38;2;227;221;223m██[38;2;232;225;226m██[38;2;232;223;224m██[38;2;229;220;221m██[38;2;194;174;174m██[38;2;139;93;97m██[38;2;172;103;109m██[38;2;174;104;111m██[38;2;230;229;227m██[38;2;231;225;224m██[38;2;232;226;225m██[38;2;231;225;225m██[38;2;230;226;225m██[38;2;232;223;223m██[38;2;59;21;38m██[38;2;59;21;39m██[38;2;0;0;0m          
[38;2;60;27;44m██[38;2;61;18;35m██[38;2;101;49;62m██[38;2;236;220;223m██[38;2;230;217;227m██[38;2;231;225;229m██[38;2;205;195;204m██[38;2;231;225;223m██[38;2;231;225;224m██[38;2;228;214;215m██[38;2;166;101;104m██[38;2;202;102;110m██[38;2;206;101;106m██[38;2;205;100;105m██[38;2;209;103;108m██[38;2;206;101;106m██[38;2;240;216;219m██[38;2;232;226;226m██████[38;2;230;225;223m██[38;2;230;221;222m██[38;2;196;170;178m██[38;2;60;19;38m██[38;2;0;0;0m          
[38;2;0;0;0m  [38;2;59;18;34m██[38;2;77;25;41m██[38;2;230;222;222m██[38;2;194;183;195m██[38;2;232;223;221m██[38;2;229;220;232m██[38;2;230;227;224m██[38;2;231;225;225m██[38;2;187;135;138m██[38;2;207;105;108m██[38;2;213;108;112m██[38;2;211;107;110m██[38;2;211;106;111m██[38;2;211;107;111m██[38;2;209;102;108m██[38;2;130;53;58m██[38;2;231;226;226m████[38;2;232;226;226m██[38;2;231;226;224m██[38;2;230;225;225m██[38;2;231;219;221m██[38;2;57;26;38m██[38;2;0;0;0m          
[38;2;0;0;0m  [38;2;43;17;34m██[38;2;67;35;49m██[38;2;230;225;222m████[38;2;230;226;223m██[38;2;231;225;223m██[38;2;229;223;223m██[38;2;232;225;224m██[38;2;179;142;142m██[38;2;211;105;110m██[38;2;211;110;114m████[38;2;211;107;112m██[38;2;212;107;112m██[38;2;208;103;108m██[38;2;199;96;105m██[38;2;230;224;224m██[38;2;232;226;226m██[38;2;232;225;225m██[38;2;231;226;226m██[38;2;232;226;226m██[38;2;230;218;220m██[38;2;58;19;37m██[38;2;0;0;0m          
[38;2;0;0;0m  [38;2;61;20;38m██[38;2;240;222;225m██[38;2;230;224;224m██[38;2;231;227;226m██[38;2;231;226;226m██[38;2;232;226;226m████[38;2;230;226;223m██[38;2;203;174;173m██[38;2;211;107;111m██[38;2;213;112;116m██[38;2;212;111;115m██[38;2;207;102;107m██[38;2;208;103;108m██[38;2;211;107;112m██[38;2;204;99;104m██[38;2;232;223;222m██[38;2;229;227;225m██[38;2;232;226;226m████[38;2;231;226;226m██[38;2;232;224;225m██[38;2;57;21;35m██[38;2;0;0;0m          
[38;2;0;0;0m  [38;2;62;22;41m██[38;2;235;221;223m██[38;2;231;225;225m██[38;2;231;227;226m██[38;2;232;226;226m██████[38;2;232;227;224m██[38;2;233;212;213m██[38;2;207;103;108m██[38;2;213;110;114m██[38;2;211;108;112m██[38;2;209;104;109m██[38;2;211;108;112m██[38;2;205;100;105m██[38;2;203;100;104m██[38;2;220;190;191m██[38;2;231;225;224m██[38;2;232;226;226m██████[38;2;230;225;225m██[38;2;59;20;36m██[38;2;0;0;0m          
[38;2;0;0;0m  [38;2;58;25;44m██[38;2;233;214;220m██[38;2;232;226;226m██[38;2;232;225;225m████[38;2;232;226;226m██[38;2;231;225;225m████[38;2;233;221;223m██[38;2;205;101;106m██[38;2;207;102;107m██[38;2;211;106;111m██[38;2;211;108;112m████[38;2;209;104;109m██[38;2;206;101;106m██[38;2;115;59;66m██[38;2;231;226;223m██[38;2;232;225;225m██[38;2;231;225;225m████[38;2;231;226;226m██[38;2;59;21;39m██[38;2;0;0;0m          
[38;2;0;0;0m  [38;2;42;15;32m██[38;2;58;28;41m██[38;2;231;226;226m██[38;2;231;227;226m██[38;2;231;226;226m██[38;2;232;226;226m████[38;2;230;227;226m██[38;2;232;225;226m██[38;2;204;102;105m██[38;2;206;101;105m██[38;2;207;102;106m██[38;2;211;106;111m██[38;2;211;107;111m████[38;2;208;103;108m██[38;2;184;90;101m██[38;2;231;222;223m██[38;2;232;226;226m██████[38;2;230;226;223m██[38;2;56;17;35m██[38;2;0;0;0m          
[38;2;0;0;0m    [38;2;58;19;37m██[38;2;231;222;223m██[38;2;231;226;226m██[38;2;232;226;226m████[38;2;232;225;225m██[38;2;231;227;226m██[38;2;233;228;226m██[38;2;191;99;104m██[38;2;204;99;103m██[38;2;207;102;106m██[38;2;211;107;112m██[38;2;213;113;115m██[38;2;212;113;114m██[38;2;211;111;113m██[38;2;201;103;105m██[38;2;232;222;222m██[38;2;232;226;226m██[38;2;231;225;225m████[38;2;231;227;224m██[38;2;54;17;34m██[38;2;50;26;42m  [38;2;0;0;0m        
[38;2;0;0;0m    [38;2;58;24;41m██[38;2;135;109;118m██[38;2;231;226;226m██[38;2;232;226;226m████[38;2;231;226;226m██[38;2;232;226;226m██[38;2;231;226;225m██[38;2;153;77;82m██[38;2;211;107;112m██[38;2;210;107;111m██[38;2;211;110;114m██[38;2;212;111;115m██[38;2;211;113;115m██[38;2;213;113;115m██[38;2;210;108;112m██[38;2;229;220;219m██[38;2;231;226;226m██[38;2;231;225;224m██[38;2;233;229;228m██[38;2;239;234;231m██[38;2;49;16;31m██[38;2;54;13;31m██[38;2;0;0;0m        
[38;2;0;0;0m    [38;2;59;22;39m██[38;2;141;118;126m██[38;2;231;225;225m██[38;2;232;225;225m██████[38;2;231;226;226m██[38;2;229;226;224m██[38;2;152;113;111m██[38;2;211;107;111m██[38;2;213;109;113m██[38;2;212;109;113m██[38;2;210;110;113m██[38;2;211;110;112m██[38;2;211;108;111m██[38;2;205;101;106m██[38;2;219;191;194m██[38;2;230;224;224m██[38;2;231;226;224m██[38;2;247;246;246m██[38;2;229;223;223m██[38;2;82;52;62m██[38;2;58;19;36m██[38;2;45;23;38m  [38;2;0;0;0m      
[38;2;0;0;0m    [38;2;63;22;40m██[38;2;236;218;223m██[38;2;230;225;225m██[38;2;231;226;226m██[38;2;232;226;226m██████[38;2;230;226;224m██[38;2;233;220;217m██[38;2;206;101;106m██[38;2;212;110;113m██[38;2;211;108;112m██[38;2;211;110;114m██[38;2;211;109;113m██[38;2;210;107;111m██[38;2;206;100;105m██[38;2;130;83;87m██[38;2;230;224;224m██[38;2;229;224;223m██[38;2;225;216;217m██[38;2;232;223;222m██[38;2;232;220;222m██[38;2;57;19;34m██[38;2;56;20;35m██[38;2;0;0;0m      
[38;2;0;0;0m    [38;2;57;17;35m██[38;2;231;221;222m██[38;2;230;226;223m██[38;2;232;226;226m██[38;2;231;226;223m████[38;2;232;226;226m██[38;2;231;226;224m██[38;2;230;228;225m██[38;2;203;102;107m██[38;2;214;112;115m██[38;2;211;110;113m██[38;2;211;109;113m██[38;2;207;102;107m██[38;2;211;108;112m██[38;2;211;107;111m██[38;2;128;59;64m██[38;2;231;225;225m██[38;2;230;226;225m██[38;2;231;226;226m██[38;2;230;227;226m██[38;2;231;222;223m██[38;2;184;163;169m██[38;2;59;20;38m██[38;2;58;26;44m██[38;2;0;0;0m    
[38;2;0;0;0m    [38;2;50;16;32m██[38;2;232;223;224m██[38;2;229;226;223m██[38;2;232;226;226m██[38;2;230;226;223m██[38;2;231;226;223m██[38;2;231;225;225m██[38;2;232;225;226m██[38;2;229;226;224m██[38;2;165;90;95m██[38;2;211;107;111m██[38;2;211;108;112m██[38;2;211;107;112m██[38;2;211;108;112m██[38;2;212;109;113m██[38;2;207;100;105m██[38;2;152;80;86m██[38;2;231;223;223m██[38;2;231;225;225m██[38;2;230;224;224m██[38;2;231;227;226m██[38;2;231;225;225m██[38;2;232;228;227m██[38;2;59;25;39m██[38;2;59;20;38m██[38;2;0;0;0m    
[38;2;0;0;0m  [38;2;47;42;53m  [38;2;52;16;32m██[38;2;232;223;224m██[38;2;230;221;222m██[38;2;232;226;226m██[38;2;229;225;223m██[38;2;233;224;225m██[38;2;230;224;224m██[38;2;231;226;226m██[38;2;231;225;225m██[38;2;171;131;130m██[38;2;209;105;108m██[38;2;211;107;111m██[38;2;204;102;106m██[38;2;203;98;103m██[38;2;198;97;101m██[38;2;201;98;102m██[38;2;159;98;101m██[38;2;231;224;222m██[38;2;231;226;224m██[38;2;232;226;226m██[38;2;231;225;225m████[38;2;228;224;223m██[38;2;237;226;228m██[38;2;56;17;35m██[38;2;60;20;37m  [38;2;0;0;0m  
[38;2;0;0;0m  [38;2;78;71;95m  [38;2;53;19;35m██[38;2;232;223;224m██[38;2;232;224;225m██[38;2;230;226;225m██[38;2;228;227;225m██[38;2;192;180;182m██[38;2;231;225;225m██[38;2;231;226;226m██[38;2;231;225;225m██[38;2;228;221;218m██[38;2;205;102;106m██[38;2;185;90;96m██[38;2;193;137;141m██[38;2;232;221;221m██[38;2;231;225;225m██[38;2;232;226;226m████████████[38;2;229;223;223m██[38;2;232;223;224m██[38;2;229;224;221m██[38;2;175;150;159m██[38;2;62;19;38m██[38;2;0;0;0m  
[38;2;0;0;0m  [38;2;2;2;2m  [38;2;55;18;35m██[38;2;230;220;221m██[38;2;231;224;225m██[38;2;230;221;222m██[38;2;231;226;226m████[38;2;231;227;226m██[38;2;231;226;226m██[38;2;232;226;226m██[38;2;231;226;225m██[38;2;232;218;215m██[38;2;229;227;226m██[38;2;231;227;225m██[38;2;231;226;224m██[38;2;231;226;226m██[38;2;232;226;226m██████████[38;2;231;226;226m██[38;2;232;226;226m██[38;2;231;225;225m██[38;2;229;225;224m██[38;2;232;222;223m██[38;2;47;15;26m██[38;2;47;16;31m  
[38;2;0;0;0m    [38;2;54;20;37m██[38;2;182;162;169m██[38;2;233;224;223m██[38;2;230;223;224m██[38;2;232;226;226m██[38;2;232;225;225m████[38;2;232;226;226m████████[38;2;231;225;225m████[38;2;231;226;226m██[38;2;232;226;226m████████[38;2;232;225;225m████[38;2;232;226;226m████[38;2;230;225;225m██[38;2;231;225;222m██[38;2;230;224;224m██[38;2;154;133;142m██[38;2;52;16;32m██
[38;2;0;0;0m    [38;2;53;52;67m  [38;2;56;23;37m██[38;2;232;224;222m██[38;2;231;223;223m██[38;2;232;226;226m██[38;2;231;226;226m██[38;2;232;226;226m██[38;2;231;226;226m████████████████[38;2;231;225;225m██[38;2;231;226;226m██[38;2;232;226;226m██[38;2;231;226;226m████████[38;2;230;226;225m██[38;2;231;226;223m██[38;2;230;224;224m██[38;2;230;221;223m██[38;2;63;22;40m██
[38;2;0;0;0m      [38;2;59;23;41m██[38;2;163;140;150m██[38;2;232;227;223m██[38;2;232;225;225m██[38;2;232;226;226m██[38;2;231;226;226m██[38;2;232;225;225m██[38;2;232;226;226m████[38;2;231;226;226m██[38;2;232;226;226m████[38;2;231;226;226m██[38;2;231;225;225m██[38;2;232;226;226m██[38;2;230;224;224m██[38;2;232;225;225m██[38;2;231;226;226m██[38;2;232;226;226m██[38;2;232;225;225m██[38;2;232;226;226m████[38;2;231;226;226m██[38;2;230;223;223m██[38;2;232;222;223m██[38;2;59;22;39m██
[38;2;0;0;0m      [38;2;97;97;105m  [38;2;60;23;38m██[38;2;239;232;232m██[38;2;232;226;226m████████[38;2;231;226;226m██[38;2;232;226;226m████[38;2;231;226;226m██[38;2;232;226;226m██████[38;2;231;225;225m████[38;2;232;226;226m████[38;2;231;226;226m██[38;2;232;226;226m██████[38;2;230;227;226m██[38;2;229;224;224m██[38;2;230;224;224m██[38;2;60;22;40m██
[38;2;0;0;0m        [38;2;59;22;40m██[38;2;133;106;113m██[38;2;232;226;226m██████[38;2;231;226;226m██[38;2;232;226;226m██[38;2;231;226;226m██[38;2;232;225;225m██[38;2;232;226;226m████████[38;2;231;225;225m████[38;2;232;226;226m████████████[38;2;230;226;222m██[38;2;230;224;224m████[38;2;60;22;40m██
[38;2;0;0;0m        [38;2;55;66;74m  [38;2;58;19;36m██[38;2;232;226;226m██[38;2;231;225;225m████[38;2;232;226;226m██[38;2;231;225;225m██[38;2;232;226;226m██[38;2;232;225;225m████[38;2;231;225;225m██[38;2;231;226;226m██[38;2;232;226;226m██████[38;2;232;225;225m██[38;2;231;225;225m████[38;2;232;226;226m██████[38;2;232;225;225m██[38;2;230;224;224m██[38;2;230;223;223m██[38;2;60;22;40m██[0m
