
[38;2;255;255;255m                                                      [38;2;245;245;245m  [38;2;30;30;30m  [38;2;255;255;255m  [38;2;186;186;186m  [38;2;255;255;255m  
[38;2;255;255;255m        [38;2;2;8;10m  [38;2;14;24;29m  [38;2;15;14;14m  [38;2;239;239;239m  [38;2;255;255;255m                                      [38;2;23;23;23m  [38;2;169;169;170m██[38;2;164;164;164m  [38;2;100;100;100m  [38;2;255;255;255m  
[38;2;255;255;255m        [38;2;74;121;134m██[38;2;88;128;146m██[38;2;71;118;137m██[38;2;48;91;107m██[38;2;3;7;8m  [38;2;255;255;255m                                  [38;2;5;10;14m  [38;2;24;60;71m██[38;2;12;26;36m██[38;2;70;67;69m██[38;2;91;91;91m  [38;2;255;255;255m  
[38;2;255;255;255m      [38;2;211;211;211m  [38;2;100;140;158m██[38;2;89;132;148m██[38;2;50;104;118m██[38;2;47;95;115m██[38;2;26;84;97m██[38;2;25;63;75m██[38;2;10;19;23m██[38;2;25;66;77m██[38;2;22;43;50m  [38;2;8;12;20m  [38;2;5;8;9m  [38;2;9;9;8m  [38;2;211;211;211m  [38;2;255;255;255m            [38;2;243;243;243m  [38;2;169;169;169m  [38;2;4;9;11m  [38;2;18;14;19m██[38;2;26;58;77m██[38;2;22;59;75m██[38;2;21;56;68m██[38;2;9;9;9m██[38;2;12;12;12m  
[38;2;255;255;255m      [38;2;8;13;15m  [38;2;109;150;163m██[38;2;64;115;133m██[38;2;31;88;112m██[38;2;31;86;107m██[38;2;29;80;101m██[38;2;27;78;99m██[38;2;21;55;69m██[38;2;24;71;88m██[38;2;52;90;104m██[38;2;67;104;118m██[38;2;46;83;97m██[38;2;22;61;76m██[38;2;23;60;77m██[38;2;25;62;76m██[38;2;11;27;33m  [38;2;159;159;160m  [38;2;247;247;247m  [38;2;235;235;235m  [38;2;6;13;15m  [38;2;64;100;112m██[38;2;68;109;123m██[38;2;36;82;98m██[38;2;12;28;34m██[38;2;19;56;72m██[38;2;18;55;71m██[38;2;18;55;67m██[38;2;4;14;14m██[38;2;18;18;18m  
[38;2;255;255;255m      [38;2;20;35;41m  [38;2;107;149;161m██[38;2;54;106;127m██[38;2;31;87;110m██[38;2;30;86;109m██[38;2;27;82;102m██[38;2;27;78;99m██[38;2;24;75;94m██[38;2;18;72;89m██[38;2;28;71;87m██[38;2;35;77;91m██[38;2;31;73;87m██[38;2;23;62;79m██[38;2;22;61;78m██[38;2;22;60;78m██[38;2;22;61;78m██[38;2;23;56;72m██[38;2;0;2;4m  [38;2;40;75;90m  [38;2;74;108;120m██[38;2;100;131;142m██[38;2;75;111;125m██[38;2;30;76;90m██[38;2;26;63;73m██[38;2;17;53;68m████[38;2;19;55;69m██[38;2;19;42;53m██[38;2;11;11;10m  
[38;2;255;255;255m      [38;2;18;33;37m  [38;2;73;124;141m██[38;2;40;96;116m██[38;2;31;88;111m██[38;2;30;86;109m██[38;2;34;83;100m██[38;2;27;80;102m██[38;2;19;40;50m██[38;2;1;0;0m██[38;2;23;73;89m██[38;2;22;69;88m██[38;2;21;67;84m██[38;2;21;65;81m██[38;2;22;61;79m██[38;2;18;62;81m██[38;2;23;61;78m██[38;2;22;61;77m██[38;2;22;61;80m██[38;2;42;80;92m██[38;2;61;98;111m██[38;2;50;88;104m██[38;2;32;72;89m██[38;2;26;67;84m██[38;2;27;62;72m██[38;2;15;52;66m██[38;2;19;52;67m██[38;2;17;52;67m██[38;2;10;28;37m  [38;2;243;243;243m  
[38;2;255;255;255m      [38;2;10;29;38m  [38;2;37;97;119m██[38;2;32;92;114m██[38;2;31;89;111m██[38;2;31;87;110m██[38;2;31;82;96m██[38;2;7;8;7m██[38;2;190;188;179m██[38;2;195;187;173m██[38;2;9;21;27m██[38;2;25;72;86m██[38;2;23;70;86m██[38;2;22;69;84m██[38;2;13;29;38m██[38;2;37;34;34m██[38;2;12;29;33m██[38;2;22;62;79m██[38;2;23;62;79m██[38;2;24;61;79m██[38;2;24;62;80m██[38;2;23;62;79m██[38;2;24;63;80m████[38;2;24;59;69m██[38;2;17;50;65m██[38;2;18;51;66m██[38;2;17;52;67m██[38;2;134;133;134m  [38;2;255;255;255m  
[38;2;255;255;255m      [38;2;20;19;24m  [38;2;34;91;118m████[38;2;32;90;117m██[38;2;27;61;76m██[38;2;134;129;119m██[38;2;213;203;194m██[38;2;207;199;188m██[38;2;202;193;184m██[38;2;55;52;49m██[38;2;26;76;94m██[38;2;24;73;94m██[38;2;7;16;23m██[38;2;171;158;155m██[38;2;172;165;155m██[38;2;161;156;145m██[38;2;1;4;7m██[38;2;25;63;74m██[38;2;23;61;79m██[38;2;22;61;78m██[38;2;22;60;78m██[38;2;21;60;77m██[38;2;22;61;78m██[38;2;24;56;66m██[38;2;17;50;64m██[38;2;20;52;67m██[38;2;11;24;33m  [38;2;255;255;255m    
[38;2;255;255;255m      [38;2;239;239;238m  [38;2;34;98;121m██[38;2;33;92;114m██[38;2;36;91;112m██[38;2;122;116;111m██[38;2;224;214;204m██[38;2;220;209;200m██[38;2;216;206;196m██[38;2;210;200;190m██[38;2;202;194;182m██[38;2;27;57;66m██[38;2;3;6;10m██[38;2;189;183;170m██[38;2;186;178;167m██[38;2;181;172;163m██[38;2;178;169;160m██[38;2;172;166;158m██[38;2;12;12;10m██[38;2;23;64;77m██[38;2;23;62;76m██[38;2;22;60;78m██[38;2;20;59;75m██[38;2;20;57;73m██[38;2;1;5;6m██[38;2;19;50;61m██[38;2;21;54;63m██[38;2;229;229;228m  [38;2;255;255;255m    
[38;2;255;255;255m        [38;2;6;24;33m  [38;2;31;94;114m██[38;2;2;5;6m██[38;2;229;218;209m██[38;2;228;218;208m██[38;2;224;214;204m██[38;2;220;210;200m██[38;2;217;207;197m██[38;2;212;203;193m██[38;2;41;38;33m██[38;2;204;199;185m██[38;2;200;190;180m██[38;2;194;186;175m██[38;2;189;181;171m██[38;2;184;176;165m██[38;2;178;170;159m██[38;2;170;165;154m██[38;2;7;7;8m██[38;2;21;63;79m██[38;2;21;60;77m██[38;2;20;57;73m██[38;2;17;57;72m██[38;2;59;75;83m██[38;2;17;51;64m██[38;2;2;6;8m  [38;2;255;255;255m      
[38;2;255;255;255m        [38;2;46;98;121m██[38;2;38;99;122m██[38;2;202;202;188m██[38;2;233;223;213m██[38;2;230;220;210m██[38;2;228;218;208m██[38;2;225;215;205m██[38;2;222;212;202m██[38;2;219;209;199m██[38;2;215;207;196m██[38;2;210;202;191m██[38;2;205;197;186m██[38;2;201;193;182m██[38;2;196;188;177m██[38;2;190;182;171m██[38;2;184;175;166m██[38;2;177;168;159m██[38;2;157;155;149m██[38;2;15;37;48m██[38;2;21;60;76m██[38;2;19;56;73m██[38;2;4;11;9m██[38;2;19;50;65m██[38;2;17;43;52m  [38;2;255;255;255m        
[38;2;255;255;255m      [38;2;212;212;212m  [38;2;66;118;138m██[38;2;23;50;64m██[38;2;233;224;215m██[38;2;235;225;215m██[38;2;234;224;214m██[38;2;231;221;211m██[38;2;228;218;208m██[38;2;226;216;206m██[38;2;223;213;203m██[38;2;220;210;200m██[38;2;216;206;196m██[38;2;212;202;192m██[38;2;207;197;187m██[38;2;201;193;182m██[38;2;195;187;176m██[38;2;188;179;170m██[38;2;179;170;161m██[38;2;171;162;152m██[38;2;29;27;25m██[38;2;20;60;77m██[38;2;21;42;53m██[38;2;18;43;52m██[38;2;17;49;64m██[38;2;96;95;95m  [38;2;255;255;255m        
[38;2;255;255;255m      [38;2;211;211;212m  [38;2;86;131;150m██[38;2;0;1;1m██[38;2;235;226;212m██[38;2;235;225;215m████[38;2;232;222;212m██[38;2;230;220;210m██[38;2;229;219;209m██[38;2;225;215;204m██[38;2;222;212;202m██[38;2;218;208;198m██[38;2;214;204;193m██[38;2;209;201;190m██[38;2;203;195;184m██[38;2;196;187;178m██[38;2;188;180;169m██[38;2;180;171;162m██[38;2;167;161;151m██[38;2;149;141;134m██[38;2;23;58;73m██[38;2;18;55;72m██[38;2;2;2;5m██[38;2;9;22;30m  [38;2;255;255;255m          
[38;2;255;255;255m      [38;2;212;214;214m  [38;2;81;133;150m██[38;2;0;0;0m██[38;2;236;227;216m██[38;2;133;129;124m██[38;2;222;215;205m██[38;2;232;222;208m██[38;2;232;219;209m██[38;2;230;218;208m██[38;2;227;215;201m██[38;2;222;212;200m██[38;2;220;206;199m██[38;2;193;188;178m██[38;2;120;114;104m██[38;2;51;48;41m██[38;2;76;74;68m██[38;2;4;4;4m██[38;2;117;116;113m██[38;2;8;8;7m██[38;2;162;155;145m██[38;2;12;31;39m██[38;2;18;55;71m██[38;2;12;30;36m  [38;2;255;255;255m            
[38;2;255;255;255m      [38;2;211;212;213m  [38;2;57;111;127m██[38;2;0;0;0m██[38;2;235;225;216m██[38;2;240;234;226m██[38;2;25;24;22m██[38;2;3;4;3m██[38;2;0;0;0m██[38;2;27;26;23m██[38;2;17;16;16m██[38;2;2;5;15m██[38;2;27;54;71m██[38;2;50;92;104m██[38;2;37;89;108m██[38;2;23;81;99m██[38;2;27;79;92m██[38;2;2;6;10m██[38;2;1;1;1m██[38;2;0;0;0m██[38;2;155;149;139m██[38;2;4;13;20m██[38;2;18;54;70m██[38;2;18;39;47m  [38;2;255;255;255m            
[38;2;255;255;255m      [38;2;212;212;212m  [38;2;33;94;116m██[38;2;0;0;0m██[38;2;234;225;212m██[38;2;232;222;212m██[38;2;228;218;208m██[38;2;192;184;178m██[38;2;0;1;1m██[38;2;38;85;100m██[38;2;36;99;122m██[38;2;71;118;132m██[38;2;94;133;149m██[38;2;82;123;139m██[38;2;44;94;109m██[38;2;28;76;96m██[38;2;24;73;88m██[38;2;20;73;84m██[38;2;1;2;4m██[38;2;14;13;13m██[38;2;152;146;135m██[38;2;1;5;8m██[38;2;19;54;70m██[38;2;17;39;47m  [38;2;255;255;255m            
[38;2;255;255;255m        [38;2;30;72;91m  [38;2;0;2;6m██[38;2;229;217;207m██[38;2;178;167;159m██[38;2;4;4;6m██[38;2;38;80;97m██[38;2;43;98;115m██[38;2;73;119;135m██[38;2;106;142;154m██[38;2;96;135;148m██[38;2;61;108;121m██[38;2;39;86;102m██[38;2;27;75;95m██[38;2;25;72;88m██[38;2;24;70;86m██[38;2;25;67;83m██[38;2;19;46;58m██[38;2;1;1;1m██[38;2;2;2;2m██[38;2;2;5;6m██[38;2;16;52;66m██[38;2;5;8;13m  [38;2;255;255;255m            
[38;2;255;255;255m        [38;2;183;182;182m  [38;2;12;21;25m██[38;2;3;3;6m██[38;2;32;79;97m██[38;2;40;96;116m██[38;2;62;111;125m██[38;2;92;134;147m██[38;2;105;142;156m██[38;2;73;119;135m██[38;2;40;87;105m██[38;2;26;76;94m██[38;2;25;74;90m██[38;2;22;71;87m██[38;2;23;69;85m██[38;2;24;65;82m██[38;2;22;63;79m██[38;2;22;56;67m██[38;2;160;161;162m██[38;2;14;13;11m██[38;2;1;4;5m██[38;2;16;53;67m██[38;2;28;29;29m  [38;2;255;255;255m            
[38;2;255;255;255m      [38;2;230;230;230m  [38;2;5;21;26m██[38;2;37;93;112m██[38;2;41;99;116m██[38;2;54;110;123m██[38;2;79;120;139m██[38;2;82;121;137m██[38;2;65;110;128m██[38;2;43;94;110m██[38;2;30;79;94m██[38;2;25;73;91m██[38;2;24;72;90m██[38;2;22;69;85m██[38;2;25;67;85m██[38;2;23;63;80m██[38;2;23;62;80m██[38;2;22;60;78m██[38;2;20;55;68m██[38;2;0;0;0m██[38;2;130;128;122m██[38;2;3;8;9m██[38;2;4;12;15m  [38;2;255;255;255m              
[38;2;255;255;255m      [38;2;21;46;59m  [38;2;49;103;120m██[38;2;71;118;136m██[38;2;66;113;129m██[38;2;59;106;122m██[38;2;50;97;113m██[38;2;35;85;104m██[38;2;28;76;96m██[38;2;27;76;90m██[38;2;25;72;88m██[38;2;24;69;86m██[38;2;24;68;85m██[38;2;23;65;81m██[38;2;23;62;79m██[38;2;21;60;77m██[38;2;20;59;74m██[38;2;19;56;72m██[38;2;17;53;62m██[38;2;4;5;5m██[38;2;62;60;59m██[38;2;12;26;23m  [38;2;255;255;255m                
[38;2;255;255;255m    [38;2;10;11;11m  [38;2;52;100;121m██[38;2;97;135;150m██[38;2;88;128;145m██[38;2;47;96;111m██[38;2;30;81;102m██[38;2;29;77;97m██[38;2;27;75;95m██[38;2;26;73;89m██[38;2;24;71;86m██[38;2;23;68;83m██[38;2;24;65;81m██[38;2;23;62;79m██[38;2;22;61;78m██[38;2;21;58;74m██[38;2;19;56;72m██[38;2;19;55;71m██[38;2;19;54;69m██[38;2;15;41;49m██[38;2;57;58;57m██[38;2;0;0;0m██[38;2;255;255;255m                  
[38;2;255;255;255m    [38;2;36;78;94m  [38;2;80;124;140m██[38;2;99;137;153m██[38;2;52;98;114m██[38;2;27;79;96m██[38;2;25;75;93m██[38;2;25;72;90m██[38;2;22;70;88m██[38;2;22;69;85m██[38;2;25;65;83m██[38;2;24;63;80m██[38;2;22;61;77m██[38;2;21;60;76m██[38;2;19;57;74m██[38;2;19;55;71m██[38;2;17;53;69m██[38;2;19;53;68m██[38;2;15;53;67m██[38;2;5;7;6m██[38;2;2;2;3m██[38;2;1;2;2m  [38;2;255;255;255m                  
[38;2;255;255;255m  [38;2;163;163;163m  [38;2;44;98;117m██[38;2;82;118;137m██[38;2;51;98;116m██[38;2;27;78;97m██[38;2;25;73;93m██[38;2;23;71;87m██[38;2;22;69;85m██[38;2;24;66;83m██[38;2;24;63;80m██[38;2;22;61;78m██[38;2;22;60;78m██[38;2;19;57;73m██[38;2;18;55;71m██[38;2;17;54;70m██[38;2;17;53;69m██[38;2;17;52;67m██[38;2;19;51;66m██[38;2;9;21;24m██[38;2;120;113;105m██[38;2;68;64;59m██[38;2;15;50;61m██[38;2;201;201;201m  [38;2;255;255;255m                
[38;2;255;255;255m  [38;2;16;40;51m  [38;2;41;95;113m██[38;2;41;91;106m██[38;2;27;75;95m██[38;2;24;71;89m██[38;2;23;69;86m██[38;2;24;68;84m██[38;2;23;65;81m██[38;2;22;61;78m██[38;2;21;60;77m██[38;2;21;58;74m██[38;2;19;56;72m██[38;2;19;55;71m██[38;2;17;53;69m██[38;2;17;53;67m██[38;2;17;52;66m██[38;2;20;50;62m██[38;2;2;5;9m██[38;2;123;119;113m██[38;2;128;121;113m██[38;2;128;121;112m██[38;2;5;14;18m██[38;2;18;47;52m  [38;2;255;255;255m                
[38;2;255;255;255m  [38;2;29;89;109m██[38;2;29;80;101m██[38;2;28;75;95m██[38;2;26;73;89m██[38;2;25;69;85m██[38;2;24;66;82m██[38;2;23;62;79m██[38;2;22;61;78m██[38;2;21;58;73m██[38;2;19;56;72m██[38;2;19;55;71m██[38;2;19;54;69m██[38;2;17;53;65m██[38;2;18;51;71m██[38;2;18;52;62m██[38;2;4;11;12m██[38;2;54;54;50m██[38;2;129;122;114m██[38;2;129;121;114m██[38;2;129;122;113m██[38;2;127;120;112m██[38;2;47;42;38m██[38;2;17;50;59m██[38;2;46;47;49m  [38;2;255;255;255m              
[38;2;139;139;139m  [38;2;29;83;102m██[38;2;29;77;98m██[38;2;25;73;90m██[38;2;26;69;85m██[38;2;23;65;81m██[38;2;22;62;79m██[38;2;18;59;74m██[38;2;20;58;74m██[38;2;20;54;71m██[38;2;19;54;69m██[38;2;16;55;71m██[38;2;17;53;67m██[38;2;22;51;59m██[38;2;0;2;5m██[38;2;37;38;37m██[38;2;132;126;122m██[38;2;133;126;118m████[38;2;131;124;116m██[38;2;129;122;114m██[38;2;128;121;113m██[38;2;126;118;114m██[38;2;15;36;43m██[38;2;20;48;58m  [38;2;255;255;255m              
[38;2;5;12;14m  [38;2;29;80;101m██[38;2;27;76;96m██[38;2;26;73;89m██[38;2;26;68;84m██[38;2;23;62;79m██[38;2;22;61;78m██[38;2;23;59;77m██[38;2;27;52;63m██[38;2;13;29;34m██[38;2;1;9;8m██[38;2;0;1;1m██[38;2;18;18;16m██[38;2;121;113;108m██[38;2;133;126;114m██[38;2;136;129;121m████████[38;2;134;127;119m██[38;2;133;126;118m██[38;2;129;122;114m██[38;2;128;121;112m██[38;2;1;5;6m██[38;2;15;51;68m██[38;2;31;31;30m  [38;2;255;255;255m            
[38;2;14;33;39m  [38;2;28;80;98m██[38;2;8;27;31m██[38;2;1;2;4m██[38;2;1;2;3m██[38;2;0;0;2m██[38;2;47;42;35m██[38;2;94;86;79m██[38;2;128;123;120m██[38;2;134;130;124m██[38;2;136;129;124m██[38;2;136;128;121m██[38;2;137;130;122m██[38;2;137;130;121m██[38;2;138;131;123m██[38;2;140;133;125m██[38;2;141;134;126m██[38;2;142;135;127m██[38;2;140;133;125m██[38;2;139;132;124m██[38;2;136;129;121m██[38;2;133;126;118m██[38;2;129;122;114m██[38;2;47;47;44m██[38;2;15;52;65m██[38;2;17;35;42m  [38;2;255;255;255m            
[38;2;20;53;65m  [38;2;39;92;106m██[38;2;25;75;91m██[38;2;154;147;139m██[38;2;170;162;153m██[38;2;157;149;140m██[38;2;149;142;134m██[38;2;144;135;128m██[38;2;140;133;125m██[38;2;137;130;122m██[38;2;138;131;122m██[38;2;137;130;122m██[38;2;139;132;124m██[38;2;142;135;127m██[38;2;143;136;128m██[38;2;145;138;130m██[38;2;147;140;132m██[38;2;148;141;133m██[38;2;146;139;131m██[38;2;144;137;129m██[38;2;140;133;125m██[38;2;137;130;122m██[38;2;133;126;118m██[38;2;108;103;95m██[38;2;16;53;65m██[38;2;22;52;62m  [38;2;255;255;255m            
[38;2;22;56;70m  [38;2;62;104;122m██[38;2;29;71;83m██[38;2;189;182;174m██[38;2;176;167;158m██[38;2;159;150;142m██[38;2;151;143;134m██[38;2;146;138;130m██[38;2;142;135;127m████[38;2;141;134;126m██[38;2;142;135;127m██[38;2;146;139;131m██[38;2;147;140;132m██[38;2;149;142;134m██[38;2;152;144;136m██[38;2;155;146;138m██[38;2;155;147;138m██[38;2;153;146;137m██[38;2;149;142;134m██[38;2;146;139;131m██[38;2;141;134;126m██[38;2;135;128;120m██[38;2;128;122;114m██[38;2;17;51;57m██[38;2;16;52;63m██[38;2;255;255;255m            
[38;2;29;72;85m  [38;2;73;112;131m██[38;2;26;66;76m██[38;2;199;192;184m██[38;2;182;174;165m██[38;2;164;155;146m██[38;2;156;147;138m██[38;2;149;142;134m██[38;2;146;139;131m██████[38;2;147;140;132m██[38;2;150;143;135m██[38;2;154;147;139m██[38;2;157;150;142m██[38;2;160;151;142m██[38;2;162;153;144m████[38;2;160;151;142m██[38;2;155;149;141m██[38;2;150;143;135m██[38;2;143;136;128m██[38;2;139;132;124m██[38;2;131;125;117m██[38;2;17;46;54m██[38;2;20;52;63m██[38;2;16;16;15m  [38;2;255;255;255m          [0m
