
[38;2;6;8;5m  [38;2;46;59;34m  [38;2;117;159;88m██[38;2;150;189;120m██[38;2;153;191;122m██[38;2;100;129;78m  [38;2;146;186;115m██[38;2;137;177;107m██[38;2;133;175;102m██[38;2;149;190;119m██[38;2;142;183;111m████[38;2;128;171;98m██[38;2;151;190;122m██[38;2;165;202;138m██[38;2;109;139;84m  [38;2;11;15;9m  [38;2;14;14;14m  [38;2;255;255;255m              [38;2;114;114;113m  [38;2;22;23;21m██[38;2;17;17;16m██[38;2;87;89;86m██[38;2;246;246;246m  [38;2;255;255;254m  
[38;2;56;60;47m  [38;2;127;165;99m██[38;2;137;177;106m██[38;2;149;188;118m██[38;2;162;200;132m██[38;2;139;179;109m██[38;2;145;184;114m██[38;2;124;167;94m██[38;2;80;111;58m  [38;2;140;180;110m██[38;2;135;177;104m██[38;2;141;180;111m██[38;2;144;184;113m██[38;2;140;181;108m██[38;2;147;187;115m██[38;2;176;214;147m██[38;2;20;27;14m  [38;2;19;23;15m  [38;2;164;165;163m  [38;2;255;255;255m        [38;2;243;243;243m  [38;2;2;3;2m██[38;2;22;23;21m██[38;2;41;42;39m██[38;2;57;59;56m██[38;2;3;3;2m██[38;2;0;0;0m██[38;2;228;228;227m  
[38;2;94;122;72m  [38;2;159;197;131m██[38;2;130;171;100m██[38;2;140;173;115m  [38;2;150;190;118m██[38;2;144;184;113m██[38;2;169;204;144m██[38;2;99;139;71m  [38;2;150;139;113m  [38;2;245;221;195m██[38;2;248;221;197m██[38;2;85;108;63m██[38;2;142;183;111m██[38;2;82;106;63m██[38;2;122;165;92m██[38;2;134;175;104m██[38;2;115;158;85m██[38;2;92;128;69m  [38;2;24;24;24m  [38;2;255;255;255m        [38;2;41;41;39m██[38;2;4;5;4m██[38;2;254;255;254m  [38;2;255;255;255m    [38;2;254;255;254m  [38;2;27;27;26m██[38;2;16;16;15m██
[38;2;145;185;114m██[38;2;143;183;111m██[38;2;135;170;109m  [38;2;148;190;117m██[38;2;64;82;50m  [38;2;143;184;111m██[38;2;104;134;80m██[38;2;96;91;62m  [38;2;243;187;147m██[38;2;252;203;159m██[38;2;254;225;199m██[38;2;239;222;202m██[38;2;218;206;186m██[38;2;105;150;76m██[38;2;117;161;87m██[38;2;120;164;89m██[38;2;116;162;85m██[38;2;60;83;43m  [38;2;65;53;42m  [38;2;255;255;255m        [38;2;46;46;45m██[38;2;0;0;0m██[38;2;253;254;253m  [38;2;252;254;251m  [38;2;255;255;255m  [38;2;252;253;251m  [38;2;168;169;167m  [38;2;5;6;4m██
[38;2;140;180;109m██[38;2;144;185;114m██[38;2;146;186;115m██[38;2;150;189;120m██[38;2;126;167;97m██[38;2;105;138;80m  [38;2;121;163;93m██[38;2;137;110;87m██[38;2;253;209;168m██[38;2;251;199;157m██[38;2;248;192;150m██[38;2;254;226;198m██[38;2;181;164;149m██[38;2;251;247;233m██[38;2;91;122;67m██[38;2;84;116;64m██[38;2;51;70;36m  [38;2;75;84;57m██[38;2;195;161;130m  [38;2;222;182;148m██[38;2;208;208;207m  [38;2;254;254;253m    [38;2;252;253;252m  [38;2;213;212;212m  [38;2;252;253;251m  [38;2;254;254;253m  [38;2;255;255;255m  [38;2;252;253;252m  [38;2;0;0;0m██[38;2;76;78;74m  
[38;2;147;187;116m██[38;2;161;199;132m██[38;2;79;105;60m  [38;2;161;198;134m██[38;2;136;177;105m██[38;2;111;145;86m██[38;2;90;120;70m██[38;2;159;129;103m  [38;2;255;213;171m████[38;2;249;198;157m██[38;2;189;142;112m██[38;2;248;191;148m██[38;2;254;230;203m██[38;2;118;125;108m██[38;2;255;245;229m██[38;2;250;236;218m██[38;2;108;107;80m  [38;2;84;104;60m██[38;2;159;133;107m██[38;2;226;184;148m██[38;2;253;253;252m      [38;2;254;255;253m  [38;2;253;254;253m  [38;2;252;252;252m  [38;2;6;7;6m██[38;2;0;0;0m██[38;2;2;2;2m██[38;2;255;255;255m  
[38;2;142;183;110m██[38;2;124;167;95m██[38;2;147;188;116m██[38;2;121;160;93m██[38;2;124;167;94m██[38;2;66;77;47m  [38;2;220;159;122m██[38;2;254;211;169m██[38;2;255;212;171m██[38;2;253;207;166m██[38;2;252;203;162m██[38;2;253;207;166m██[38;2;248;184;142m██[38;2;163;128;101m██[38;2;254;225;179m██[38;2;208;133;97m██[38;2;217;151;112m██[38;2;255;221;190m██[38;2;169;153;138m  [38;2;122;140;90m  [38;2;200;163;131m██[38;2;46;47;45m  [38;2;253;253;252m    [38;2;254;255;253m  [38;2;255;255;255m  [38;2;102;103;100m██[38;2;1;1;1m██[38;2;255;255;255m  [38;2;254;254;254m  [38;2;255;255;255m  
[38;2;132;170;104m██[38;2;112;144;87m  [38;2;115;158;85m██[38;2;128;170;98m██[38;2;96;137;69m██[38;2;222;161;124m██[38;2;252;204;162m██[38;2;254;209;167m██[38;2;255;212;170m██[38;2;254;211;169m██[38;2;248;187;146m██[38;2;249;194;152m██[38;2;247;189;149m██[38;2;250;199;157m██[38;2;183;160;137m  [38;2;210;175;141m  [38;2;125;110;91m  [38;2;247;188;146m██[38;2;255;244;229m██[38;2;178;160;137m  [38;2;78;86;57m  [38;2;221;185;148m  [38;2;254;254;253m    [38;2;255;255;255m    [38;2;102;103;101m██[38;2;230;231;230m  [38;2;253;254;253m  [38;2;254;254;254m  [38;2;255;255;255m  
[38;2;147;187;116m██[38;2;138;179;107m██[38;2;129;173;98m██[38;2;124;170;93m██[38;2;89;115;64m██[38;2;247;188;147m██[38;2;251;200;159m██[38;2;252;204;162m██[38;2;253;205;163m████[38;2;168;126;97m██[38;2;242;175;135m██[38;2;248;192;150m██[38;2;254;209;165m██[38;2;106;73;53m██[38;2;254;215;178m██[38;2;13;15;12m██[38;2;247;188;147m██[38;2;255;242;227m██[38;2;255;231;208m██[38;2;217;181;151m██[38;2;39;34;24m  [38;2;64;66;65m  [38;2;255;255;255m      [38;2;121;123;118m██[38;2;250;251;249m  [38;2;255;255;255m  [38;2;254;254;254m  [38;2;255;255;255m  
[38;2;130;172;100m██[38;2;105;145;78m██[38;2;121;164;91m██[38;2;85;123;64m██[38;2;108;110;72m██[38;2;231;169;132m██[38;2;251;198;156m██[38;2;249;192;152m██[38;2;247;188;146m██[38;2;248;194;153m██[38;2;252;202;161m██[38;2;236;178;138m██[38;2;247;192;151m██[38;2;132;119;102m  [38;2;248;167;124m██[38;2;105;89;70m██[38;2;253;199;155m██[38;2;162;132;105m  [38;2;255;236;217m██[38;2;255;228;203m██[38;2;255;227;202m██[38;2;225;205;178m  [38;2;92;78;30m  [38;2;82;83;82m  [38;2;253;253;252m    [38;2;255;255;255m  [38;2;254;254;254m  [38;2;255;255;255m      
[38;2;58;82;43m██[38;2;80;111;58m██[38;2;92;130;67m██[38;2;127;85;64m██[38;2;234;166;125m██[38;2;248;192;151m██[38;2;249;193;152m██[38;2;249;196;155m██[38;2;250;198;157m██[38;2;247;188;147m████[38;2;244;189;149m██[38;2;193;146;113m██[38;2;5;3;2m██[38;2;60;40;29m  [38;2;136;91;66m  [38;2;255;213;171m██[38;2;255;212;170m██[38;2;199;171;144m  [38;2;251;201;158m██[38;2;253;204;162m██[38;2;254;221;192m██[38;2;68;59;37m  [38;2;168;153;118m  [38;2;255;255;255m  [38;2;250;250;250m  [38;2;0;0;0m████[38;2;252;252;251m  [38;2;252;254;252m    
[38;2;112;155;82m██[38;2;78;108;57m██[38;2;74;110;57m  [38;2;218;143;105m██[38;2;240;167;127m██[38;2;246;186;144m██[38;2;245;182;141m██[38;2;243;179;138m██[38;2;244;180;139m██[38;2;249;195;154m██[38;2;248;192;151m██[38;2;248;195;154m██[38;2;164;123;96m██[38;2;120;79;57m██[38;2;197;120;84m██[38;2;255;219;175m██[38;2;255;212;169m██[38;2;255;213;170m██[38;2;255;213;171m██[38;2;231;190;154m██[38;2;254;212;170m██[38;2;250;198;156m██[38;2;190;167;144m  [38;2;214;186;124m  [38;2;78;80;77m  [38;2;255;255;255m  [38;2;0;0;0m██[38;2;104;104;102m██[38;2;253;254;253m  [38;2;252;253;251m    
[38;2;109;154;80m██[38;2;108;150;79m██[38;2;70;86;47m  [38;2;193;120;85m██[38;2;231;159;119m██[38;2;242;177;137m██[38;2;245;185;144m██[38;2;243;178;137m██[38;2;242;173;132m██[38;2;243;179;138m██[38;2;234;175;136m██[38;2;190;151;120m██[38;2;254;206;164m██[38;2;253;206;165m██[38;2;254;232;209m██[38;2;255;234;213m██[38;2;255;229;203m██[38;2;255;218;182m██[38;2;255;213;171m████[38;2;255;212;171m██[38;2;253;207;166m██[38;2;238;218;192m  [38;2;133;112;44m  [38;2;77;79;77m  [38;2;253;254;253m  [38;2;252;252;252m  [38;2;255;255;255m  [38;2;252;253;252m  [38;2;252;253;250m  [38;2;252;253;251m  
[38;2;107;150;79m██[38;2;112;156;82m██[38;2;64;92;49m  [38;2;186;112;78m██[38;2;194;121;86m██[38;2;207;145;110m██[38;2;244;180;139m██[38;2;247;190;148m██[38;2;248;186;144m██[38;2;229;180;141m██[38;2;255;225;196m██[38;2;27;23;18m  [38;2;121;70;47m██[38;2;114;75;55m██[38;2;252;203;161m██[38;2;253;217;184m██[38;2;255;230;206m██[38;2;254;232;210m██[38;2;255;213;171m████[38;2;245;198;157m██[38;2;104;72;54m██[38;2;254;208;165m██[38;2;7;5;2m  [38;2;253;254;253m    [38;2;255;255;255m    [38;2;252;253;252m  [38;2;252;253;250m  [38;2;252;253;251m  
[38;2;114;158;84m██[38;2;102;144;74m██[38;2;92;132;67m██[38;2;90;131;67m██[38;2;196;120;85m██[38;2;207;134;97m██[38;2;227;164;126m██[38;2;247;189;148m██[38;2;251;199;156m██[38;2;199;181;158m  [38;2;94;58;40m██[38;2;93;56;38m██[38;2;166;158;151m  [38;2;152;97;70m██[38;2;185;117;83m██[38;2;252;210;170m██[38;2;248;192;151m██[38;2;251;222;196m  [38;2;254;210;168m██[38;2;230;173;133m██[38;2;239;231;215m██[38;2;253;201;159m██[38;2;252;199;157m██[38;2;27;28;27m  [38;2;253;254;253m    [38;2;255;255;255m    [38;2;252;253;252m  [38;2;252;253;251m  [38;2;252;253;250m  
[38;2;112;156;83m██[38;2;112;156;82m██[38;2;95;134;68m██[38;2;71;100;51m  [38;2;93;137;70m██[38;2;203;130;96m██[38;2;177;119;87m██[38;2;217;164;127m██[38;2;187;124;91m██[38;2;219;144;106m██[38;2;160;118;90m  [38;2;241;242;241m  [38;2;150;99;70m  [38;2;248;183;142m██[38;2;224;149;110m██[38;2;232;154;114m██[38;2;193;163;130m  [38;2;242;172;132m██[38;2;250;194;152m██[38;2;206;160;124m██[38;2;195;139;106m██[38;2;242;186;145m██[38;2;254;210;168m██[38;2;39;29;19m  [38;2;253;254;253m    [38;2;255;255;255m    [38;2;252;253;252m  [38;2;252;253;251m  [38;2;252;253;250m  
[38;2;100;140;73m██[38;2;105;147;76m██[38;2;117;162;86m██[38;2;80;112;58m  [38;2;93;132;67m██[38;2;101;143;73m██[38;2;134;92;66m  [38;2;111;72;53m██[38;2;221;154;115m██[38;2;114;79;59m  [38;2;40;43;38m██[38;2;251;251;251m  [38;2;222;152;113m██[38;2;242;176;135m██[38;2;241;174;134m██[38;2;228;157;118m██[38;2;225;149;109m██[38;2;233;159;118m██[38;2;241;171;130m██[38;2;253;211;168m██[38;2;143;98;73m██[38;2;252;205;164m██[38;2;254;212;171m██[38;2;70;54;38m  [38;2;253;254;253m    [38;2;255;255;255m    [38;2;252;253;252m  [38;2;252;253;250m  [38;2;252;253;251m  
[38;2;43;61;31m  [38;2;104;146;75m██[38;2;112;156;82m████[38;2;115;157;84m██[38;2;97;138;70m██[38;2;53;62;34m  [38;2;168;102;71m██[38;2;220;147;109m██[38;2;97;72;52m██[38;2;246;247;248m  [38;2;122;88;64m██[38;2;246;185;144m██████[38;2;245;182;141m██[38;2;240;167;127m██[38;2;238;164;124m██[38;2;139;91;66m██[38;2;174;115;86m██[38;2;253;186;143m██[38;2;253;206;164m██[38;2;247;193;152m██[38;2;21;23;15m  [38;2;253;254;253m    [38;2;255;255;255m    [38;2;252;253;252m  [38;2;252;253;250m    
[38;2;40;52;29m  [38;2;22;29;18m  [38;2;112;156;83m██[38;2;98;139;71m██[38;2;95;134;69m██[38;2;116;160;86m██[38;2;97;138;70m██[38;2;48;50;32m  [38;2;200;124;88m██[38;2;192;124;90m██[38;2;210;135;97m██[38;2;211;141;104m██[38;2;245;183;142m██[38;2;246;187;146m██[38;2;247;188;147m██[38;2;245;188;147m██[38;2;244;181;140m██[38;2;216;144;107m██[38;2;182;125;92m██[38;2;224;150;111m██[38;2;249;193;152m██[38;2;237;176;136m██[38;2;241;167;126m██[38;2;85;76;56m  [38;2;253;254;253m    [38;2;255;255;255m  [38;2;194;194;194m  [38;2;36;36;35m      
[38;2;235;159;120m  [38;2;22;27;18m  [38;2;5;7;4m  [38;2;70;50;36m  [38;2;116;161;86m██[38;2;90;128;65m██[38;2;94;136;68m██[38;2;94;136;69m  [38;2;91;134;68m██[38;2;118;73;52m██[38;2;192;118;83m██[38;2;171;104;72m██[38;2;217;146;108m██[38;2;240;173;133m██[38;2;231;162;123m██[38;2;218;146;108m██[38;2;210;136;99m██[38;2;216;142;105m██[38;2;221;144;106m██[38;2;217;143;105m██[38;2;208;138;101m██[38;2;206;133;96m██[38;2;13;9;7m██[38;2;200;163;133m  [38;2;87;89;88m  [38;2;89;92;89m  [38;2;2;3;2m  [38;2;9;12;8m  [38;2;4;5;3m      
[38;2;171;132;101m  [38;2;197;143;108m  [38;2;234;158;119m  [38;2;93;65;48m  [38;2;81;113;59m  [38;2;102;144;73m██[38;2;214;149;113m██[38;2;90;55;38m██[38;2;46;28;22m██[38;2;69;101;52m  [38;2;50;78;39m  [38;2;189;130;93m  [38;2;149;98;70m██[38;2;86;57;40m██[38;2;218;144;106m██[38;2;220;146;108m██[38;2;220;146;109m██[38;2;212;141;104m██[38;2;228;153;113m██[38;2;245;175;133m██[38;2;223;156;118m██[38;2;57;38;26m██[38;2;205;131;95m██[38;2;241;227;199m██[38;2;9;12;8m        [38;2;4;5;3m      
[38;2;86;97;78m    [38;2;27;35;27m  [38;2;5;6;4m  [38;2;67;42;30m  [38;2;65;88;48m  [38;2;75;110;54m  [38;2;170;126;97m  [38;2;173;116;85m██[38;2;101;60;41m██[38;2;64;35;24m██[38;2;59;63;42m  [38;2;158;106;78m  [38;2;245;166;123m██[38;2;220;146;108m██[38;2;219;145;107m██[38;2;217;142;105m██[38;2;174;114;83m██[38;2;64;40;27m██[38;2;157;88;59m██[38;2;170;95;63m██[38;2;167;95;63m██[38;2;227;162;124m██[38;2;255;239;215m██[38;2;3;7;2m  [38;2;9;12;8m  [38;2;9;11;7m  [38;2;8;11;7m  [38;2;4;5;3m      
[38;2;86;98;78m  [38;2;86;97;78m  [38;2;35;40;31m  [38;2;47;28;19m  [38;2;47;28;20m  [38;2;10;10;7m  [38;2;47;29;20m    [38;2;20;20;13m  [38;2;75;59;45m  [38;2;70;49;37m  [38;2;76;53;40m  [38;2;0;0;0m  [38;2;1;1;0m██[38;2;4;3;2m██[38;2;40;25;17m██[38;2;122;73;51m██[38;2;143;84;57m██[38;2;181;108;75m██[38;2;168;97;65m██[38;2;162;91;60m██[38;2;213;139;101m██[38;2;211;160;124m██[38;2;253;220;193m██[38;2;32;32;28m  [38;2;37;45;28m  [38;2;9;12;8m  [38;2;8;12;8m  [38;2;4;5;3m    [38;2;4;4;3m  
[38;2;86;97;78m    [38;2;35;40;31m  [38;2;47;28;19m  [38;2;47;29;20m    [38;2;47;29;19m    [38;2;46;29;19m  [38;2;47;28;19m  [38;2;47;29;19m    [38;2;26;16;12m  [38;2;159;98;68m██[38;2;98;60;40m██[38;2;147;87;60m██[38;2;122;74;51m██[38;2;178;102;70m██[38;2;177;105;73m██[38;2;173;101;69m██[38;2;176;103;71m██[38;2;239;181;142m██[38;2;178;136;106m██[38;2;252;215;185m██[38;2;210;201;187m██[38;2;75;85;66m██[38;2;112;127;106m██[38;2;8;11;7m  [38;2;4;5;2m      
[38;2;86;97;78m    [38;2;35;40;31m  [38;2;94;71;52m  [38;2;98;60;42m              [38;2;14;14;10m  [38;2;175;107;76m██[38;2;184;112;78m██[38;2;125;78;56m██[38;2;138;83;58m██[38;2;140;86;60m██[38;2;169;97;65m██[38;2;174;102;70m██[38;2;171;99;67m██[38;2;226;164;125m██[38;2;251;202;161m██[38;2;152;120;93m  [38;2;250;209;176m██[38;2;255;240;221m██[38;2;8;10;6m  [38;2;91;103;82m██[38;2;60;67;56m  [38;2;4;5;3m      
[38;2;86;97;78m    [38;2;35;40;31m  [38;2;81;92;73m  [38;2;93;108;86m  [38;2;90;63;45m  [38;2;104;65;44m        [38;2;59;66;53m  [38;2;2;2;1m██[38;2;192;116;81m██[38;2;189;116;83m██[38;2;121;73;50m██[38;2;185;112;79m██[38;2;179;107;74m██[38;2;102;62;43m██[38;2;184;112;78m██[38;2;203;132;96m██[38;2;248;192;151m██[38;2;253;205;163m██[38;2;200;157;123m██[38;2;245;198;164m██[38;2;255;232;210m██[38;2;132;101;78m██[38;2;17;16;13m██[38;2;108;122;104m██[38;2;3;3;2m  [38;2;9;12;7m  [38;2;12;15;10m  
[38;2;86;97;78m    [38;2;35;40;31m  [38;2;81;92;73m  [38;2;93;107;85m  [38;2;49;55;42m  [38;2;76;87;69m  [38;2;96;69;49m  [38;2;104;65;44m  [38;2;14;15;11m  [38;2;26;28;22m██[38;2;18;16;11m██[38;2;199;127;91m██[38;2;194;121;86m██[38;2;202;127;91m██[38;2;190;116;81m██[38;2;183;111;77m██[38;2;189;116;82m██[38;2;183;121;87m██[38;2;235;175;136m██[38;2;249;195;154m██[38;2;254;208;165m██[38;2;253;200;158m██[38;2;242;188;151m██[38;2;252;214;183m██[38;2;247;202;168m██[38;2;0;0;0m██[38;2;71;80;64m██[38;2;122;138;119m██[38;2;100;114;93m██[38;2;68;77;63m  
[38;2;86;97;78m    [38;2;35;40;31m  [38;2;81;92;73m  [38;2;93;107;85m  [38;2;49;55;42m  [38;2;77;87;69m  [38;2;82;93;74m  [38;2;8;10;7m  [38;2;68;75;59m██[38;2;3;3;3m  [38;2;187;117;83m██[38;2;205;133;96m██[38;2;198;125;90m████[38;2;165;101;70m██[38;2;190;117;83m██[38;2;201;129;93m██[38;2;228;164;125m██[38;2;246;188;146m██[38;2;249;196;155m██[38;2;233;182;143m██[38;2;251;197;156m██[38;2;242;183;142m██[38;2;242;191;154m██[38;2;249;205;172m██[38;2;223;147;109m██[38;2;44;26;18m██[38;2;113;128;110m██[38;2;84;95;78m██[38;2;102;116;97m██
[38;2;86;97;78m    [38;2;35;40;31m  [38;2;81;92;73m  [38;2;93;107;85m  [38;2;29;34;24m  [38;2;86;98;78m██[38;2;53;59;47m██[38;2;76;85;67m██[38;2;69;76;59m██[38;2;158;90;59m██[38;2;213;140;103m██[38;2;209;137;100m██[38;2;210;137;99m██[38;2;199;126;91m██[38;2;166;104;74m██[38;2;197;123;88m██[38;2;218;152;114m██[38;2;244;181;140m██[38;2;248;192;151m██[38;2;242;185;145m██[38;2;155;117;92m  [38;2;250;198;157m██[38;2;243;181;141m██[38;2;240;168;127m██[38;2;243;194;160m██[38;2;237;160;120m██[38;2;207;132;95m██[38;2;88;102;84m██[38;2;131;149;129m██[38;2;91;103;85m██
[38;2;86;97;78m    [38;2;35;40;31m  [38;2;30;35;26m  [38;2;32;36;28m  [38;2;71;81;65m██[38;2;68;76;60m██[38;2;77;87;69m██[38;2;68;76;60m██[38;2;47;56;43m██[38;2;178;106;73m██[38;2;212;138;101m██[38;2;210;137;100m██[38;2;212;139;102m██[38;2;202;130;94m████[38;2;198;132;97m██[38;2;239;176;136m██[38;2;247;188;147m██[38;2;245;188;146m██[38;2;232;170;132m██[38;2;186;142;111m██[38;2;250;199;158m██[38;2;247;190;149m██[38;2;240;168;127m██[38;2;242;186;148m██[38;2;237;160;120m██[38;2;230;155;115m██[38;2;54;37;26m██[38;2;139;158;138m██[38;2;115;129;110m██
[38;2;19;22;16m  [38;2;29;33;25m  [38;2;65;72;57m████[38;2;48;54;42m██[38;2;65;73;57m██[38;2;40;46;36m  [38;2;60;67;53m██[38;2;60;67;52m██[38;2;44;38;28m  [38;2;188;115;81m██[38;2;194;122;87m██[38;2;204;132;96m██[38;2;210;139;102m██[38;2;210;140;103m██[38;2;221;156;116m██[38;2;127;89;66m██[38;2;220;155;117m██[38;2;225;164;126m██[38;2;224;163;124m██[38;2;232;164;125m██[38;2;253;199;156m██[38;2;251;200;159m██[38;2;246;187;146m██[38;2;242;177;138m██[38;2;242;183;142m██[38;2;237;160;120m██[38;2;235;159;119m██[38;2;172;102;70m██[38;2;130;147;128m██[38;2;139;159;139m██
[38;2;90;103;82m██[38;2;88;101;81m██[38;2;86;98;78m██[38;2;78;88;70m██[38;2;68;76;61m██[38;2;76;85;68m██[38;2;77;88;69m██[38;2;82;92;74m██[38;2;71;79;62m██[38;2;5;6;5m  [38;2;174;102;69m██[38;2;182;110;76m██[38;2;206;133;96m██[38;2;218;152;114m██[38;2;226;158;119m██[38;2;231;164;125m██[38;2;252;191;148m██[38;2;214;141;103m██[38;2;207;140;103m██[38;2;216;152;114m██[38;2;215;156;120m██[38;2;250;198;156m██[38;2;252;201;160m██[38;2;250;196;155m██[38;2;232;171;132m██[38;2;221;148;110m██[38;2;228;153;114m██[38;2;220;146;107m██[38;2;27;17;12m██[38;2;70;78;64m  [38;2;140;160;140m██[0m
