
[38;2;211;211;211m        [38;2;212;212;212m  [38;2;188;188;188m  [38;2;123;123;123m  [38;2;133;133;133m  [38;2;132;132;132m  [38;2;12;12;12m  [38;2;0;0;0m  ████[38;2;36;29;24m██[38;2;26;20;17m██[38;2;0;0;0m██  [38;2;11;11;11m  [38;2;109;109;109m  [38;2;127;127;127m  [38;2;153;153;153m  [38;2;162;162;162m  [38;2;211;211;211m            [38;2;208;208;208m      [38;2;205;205;205m  [38;2;82;82;82m  [38;2;0;0;0m  [38;2;6;6;6m██[38;2;54;54;54m██[38;2;63;63;63m██[38;2;19;19;19m██[38;2;0;0;0m              
[38;2;211;211;211m        [38;2;212;212;212m  [38;2;188;188;188m  [38;2;123;123;123m  [38;2;43;43;43m  [38;2;0;0;0m  [38;2;89;73;62m██[38;2;118;97;85m██[38;2;96;79;69m██[38;2;218;179;154m██[38;2;222;182;156m██[38;2;222;181;156m██[38;2;231;191;165m██[38;2;221;187;161m██[38;2;75;61;53m██[38;2;0;0;0m  [38;2;50;50;50m  [38;2;153;153;153m  [38;2;162;162;162m  [38;2;211;211;211m            [38;2;208;208;208m  [38;2;207;207;207m  [38;2;208;208;208m  [38;2;108;108;108m  [38;2;6;6;6m██[38;2;244;244;244m██[38;2;255;255;255m██████████[38;2;222;222;222m██[38;2;14;14;14m██[38;2;0;0;0m        
[38;2;211;211;211m        [38;2;212;212;212m  [38;2;187;187;187m  [38;2;0;0;0m  [38;2;10;8;7m██[38;2;188;154;133m██[38;2;183;150;130m██[38;2;207;169;146m██[38;2;221;181;156m████████████[38;2;220;180;155m██[38;2;231;193;166m██[38;2;30;24;20m██[38;2;0;0;0m  [38;2;161;161;161m  [38;2;211;211;211m            [38;2;212;212;212m    [38;2;124;124;124m  [38;2;0;0;0m██[38;2;255;255;255m██████████████████[38;2;98;98;98m██[38;2;0;0;0m      
[38;2;213;213;213m  [38;2;212;212;212m  [38;2;213;213;213m    [38;2;207;207;207m  [38;2;0;0;0m  [38;2;19;16;14m██[38;2;197;170;147m██[38;2;197;164;142m██[38;2;204;174;150m██[38;2;225;183;158m██[38;2;221;181;156m████████[38;2;221;180;156m██[38;2;221;181;156m██████[38;2;224;185;160m██[38;2;57;47;41m██[38;2;0;0;0m  [38;2;211;211;211m  [38;2;212;212;212m          [38;2;176;176;176m  [38;2;172;172;172m  [38;2;0;0;0m  [38;2;231;231;231m██[38;2;255;255;255m████████████████████[38;2;16;16;16m██[38;2;0;0;0m    
[38;2;195;195;195m      [38;2;194;194;194m  [38;2;0;0;0m  [38;2;127;101;88m██[38;2;252;234;201m██[38;2;253;230;198m██[38;2;253;227;195m██[38;2;252;216;186m██[38;2;219;180;155m██[38;2;221;181;156m██[38;2;220;180;156m██[38;2;221;181;156m████████[38;2;220;180;156m██[38;2;221;181;156m████[38;2;220;180;155m██[38;2;40;33;28m██[38;2;101;101;101m  [38;2;203;203;203m          [38;2;190;190;190m  [38;2;0;0;0m  [38;2;92;92;92m██[38;2;255;255;255m██████████████████████[38;2;179;179;179m██[38;2;0;0;0m    
[38;2;179;179;179m      [38;2;26;26;26m  [38;2;7;5;5m██[38;2;182;150;129m██[38;2;209;172;149m██[38;2;223;183;157m██[38;2;236;200;172m██[38;2;224;183;157m██[38;2;221;181;156m██████████████████████[38;2;240;206;178m██[38;2;0;0;0m  [38;2;176;176;176m          [38;2;152;152;152m  [38;2;0;0;0m██[38;2;252;252;252m██[38;2;255;255;255m████████████████████████[38;2;0;0;0m    
[38;2;163;163;163m    [38;2;162;162;162m  [38;2;0;0;0m██[38;2;156;128;112m██[38;2;202;167;144m██[38;2;218;179;154m██[38;2;220;180;155m██[38;2;192;158;136m██[38;2;220;180;156m██[38;2;221;181;156m██████████████████████[38;2;220;180;155m██[38;2;137;113;97m██[38;2;20;20;20m  [38;2;174;174;174m        [38;2;113;113;113m  [38;2;47;47;47m██[38;2;255;255;255m██████████████████████████[38;2;83;83;83m██[38;2;0;0;0m  
[38;2;182;182;182m    [38;2;59;59;59m  [38;2;29;24;21m██[38;2;175;144;124m██[38;2;198;164;142m██[38;2;206;168;145m██[38;2;211;173;149m██[38;2;224;185;159m██[38;2;220;180;155m██[38;2;224;183;158m██[38;2;220;180;155m██[38;2;221;181;156m██[38;2;221;180;156m██[38;2;220;181;156m██[38;2;221;181;156m██[38;2;220;181;156m██[38;2;221;181;156m██[38;2;221;180;156m██[38;2;220;181;156m██[38;2;221;181;156m██[38;2;220;181;156m██[38;2;235;196;169m██[38;2;0;0;0m██[38;2;168;168;168m  [38;2;169;169;169m      [38;2;0;0;0m  [38;2;241;241;241m██[38;2;255;255;255m██████████████████████████[38;2;190;190;190m██[38;2;0;0;0m  
[38;2;186;186;186m    [38;2;0;0;0m  [38;2;191;167;144m██[38;2;230;205;177m██[38;2;235;205;177m██[38;2;238;208;179m██[38;2;243;205;177m██[38;2;237;194;167m██[38;2;225;184;158m██[38;2;203;166;143m██[38;2;222;181;156m██[38;2;221;181;155m████[38;2;221;181;156m██[38;2;221;180;156m██[38;2;221;181;156m██[38;2;221;181;155m████[38;2;221;181;156m██[38;2;221;180;156m██[38;2;221;181;156m██[38;2;220;180;155m██[38;2;129;105;90m██[38;2;20;20;20m  [38;2;201;201;201m      [38;2;0;0;0m██[38;2;255;255;255m████████████████████████████[38;2;243;243;243m██[38;2;0;0;0m  
[38;2;155;155;155m  [38;2;158;158;158m  [38;2;5;3;1m██[38;2;245;205;177m██[38;2;246;206;177m██[38;2;247;209;180m██[38;2;247;210;181m██[38;2;247;202;173m██[38;2;226;184;158m██[38;2;208;170;147m██[38;2;222;182;156m██[38;2;221;181;156m████████████████████████[38;2;219;181;155m██[38;2;1;1;1m  [38;2;160;160;160m      [38;2;24;24;24m██[38;2;255;255;255m██████████████████████████████[38;2;0;0;0m  
[38;2;149;149;149m  [38;2;44;44;44m  [38;2;64;53;46m██[38;2;194;159;138m██[38;2;196;161;139m██[38;2;195;159;138m██[38;2;203;166;143m██[38;2;213;174;150m██[38;2;221;181;156m██[38;2;196;161;139m██[38;2;223;182;156m██[38;2;221;181;156m██████[38;2;221;180;156m██[38;2;221;181;156m████████[38;2;221;180;156m██[38;2;221;181;156m██████[38;2;230;190;164m██[38;2;0;0;0m  [38;2;152;152;152m  [38;2;151;151;151m  [38;2;75;75;75m  [38;2;74;74;74m██[38;2;255;255;255m██████████████████████████████[38;2;0;0;0m██
[38;2;141;141;141m  [38;2;0;0;0m  [38;2;189;155;133m██[38;2;211;173;149m██[38;2;203;166;143m██[38;2;195;160;138m██[38;2;197;162;139m██[38;2;205;168;145m██[38;2;219;180;155m██[38;2;218;179;154m██[38;2;221;181;156m████[38;2;227;186;160m██[38;2;235;192;165m██[38;2;237;195;168m████[38;2;235;192;165m██[38;2;220;180;155m██[38;2;221;181;156m██████[38;2;226;185;159m██[38;2;227;186;160m██[38;2;230;188;162m██[38;2;0;0;0m██[38;2;115;115;115m  [38;2;128;128;128m  [38;2;64;64;64m  [38;2;133;133;133m██[38;2;255;255;255m██████████████████████████████[38;2;0;0;0m██
[38;2;155;155;155m  [38;2;0;0;0m  [38;2;85;70;61m██[38;2;162;133;115m██[38;2;201;165;143m██[38;2;218;179;154m██[38;2;226;185;160m██[38;2;229;187;162m██[38;2;221;181;156m████[38;2;150;124;107m██[38;2;44;36;32m██[38;2;10;8;7m██[38;2;26;22;18m██[38;2;35;29;25m██[38;2;30;25;21m██[38;2;86;71;62m██[38;2;223;182;157m██[38;2;226;185;159m██[38;2;75;62;53m██[38;2;62;50;44m██[38;2;8;7;6m██[38;2;9;8;7m██[38;2;100;82;72m██[38;2;48;38;32m██[38;2;0;0;0m  [38;2;137;137;137m  [38;2;0;0;0m  [38;2;209;209;209m██[38;2;255;255;255m██████████████████████████████[38;2;1;1;1m██
[38;2;195;195;195m  [38;2;0;0;0m  [38;2;241;213;184m██[38;2;249;211;182m██[38;2;250;205;176m██[38;2;241;197;170m██[38;2;234;191;164m██[38;2;225;185;159m██[38;2;221;181;156m██[38;2;220;180;155m██[38;2;229;186;160m██[38;2;248;213;184m██[38;2;231;188;163m██[38;2;216;177;153m██[38;2;237;194;167m██[38;2;247;204;175m██[38;2;220;180;155m██████[38;2;251;211;182m██[38;2;209;171;147m██[38;2;118;95;79m██[38;2;205;169;145m██[38;2;227;185;159m██[38;2;121;99;86m██[38;2;0;0;0m  [38;2;19;19;19m  [38;2;0;0;0m  [38;2;253;253;253m██[38;2;255;255;255m██████[38;2;184;184;184m██[38;2;0;0;0m████[38;2;175;175;175m██[38;2;252;252;252m██[38;2;0;0;0m██[38;2;255;255;255m██[38;2;161;161;161m██[38;2;0;0;0m██[38;2;255;255;255m██████[38;2;6;5;5m██
[38;2;120;120;120m  [38;2;0;0;0m  [38;2;58;47;41m██[38;2;144;118;102m██[38;2;197;162;140m██[38;2;223;183;157m██[38;2;226;185;159m██[38;2;221;181;156m████[38;2;238;195;168m██[38;2;60;63;65m██[38;2;178;178;178m██[38;2;206;206;207m██[38;2;126;126;127m██[38;2;213;214;214m██[38;2;14;14;14m██[38;2;231;190;164m██[38;2;221;181;156m██[38;2;224;183;157m██[38;2;142;144;146m██[38;2;234;234;234m██[38;2;209;209;209m██[38;2;234;235;235m██[38;2;67;54;47m██[38;2;165;135;118m██[38;2;0;0;0m  [38;2;173;173;173m  [38;2;0;0;0m  [38;2;255;255;255m██████[38;2;168;168;168m██[38;2;0;0;0m██[38;2;93;93;93m██[38;2;132;132;132m██[38;2;0;0;0m██[38;2;135;135;135m██[38;2;0;0;0m██[38;2;164;164;164m██[38;2;0;0;0m██[38;2;80;80;80m██[38;2;255;255;255m██████[38;2;12;12;12m██
[38;2;211;211;211m  [38;2;0;0;0m  [38;2;81;66;57m██[38;2;136;117;101m██[38;2;171;141;122m██[38;2;202;166;143m██[38;2;218;179;154m██[38;2;218;178;154m██[38;2;221;181;156m██[38;2;232;190;163m██[38;2;85;88;91m██[38;2;255;255;255m████[38;2;236;236;236m██[38;2;252;252;252m██[38;2;50;41;35m██[38;2;224;184;158m██[38;2;206;169;145m██[38;2;193;166;141m██[38;2;255;255;255m████[38;2;254;254;254m██[38;2;209;209;209m██[38;2;125;102;88m██[38;2;185;151;131m██[38;2;0;0;0m  [38;2;169;169;169m  [38;2;0;0;0m  [38;2;255;255;255m██████[38;2;6;6;6m██[38;2;160;160;160m██[38;2;255;255;255m██[38;2;251;251;251m██[38;2;0;0;0m██[38;2;107;107;107m██[38;2;0;0;0m████[38;2;77;77;77m██[38;2;255;255;255m████████[38;2;26;26;26m██
[38;2;20;20;20m  [38;2;59;48;42m██[38;2;166;137;118m██[38;2;47;39;33m██[38;2;179;147;127m██[38;2;170;141;121m██[38;2;221;181;156m██[38;2;204;168;145m██[38;2;222;181;156m██[38;2;217;178;152m██[38;2;240;197;169m██[38;2;52;48;47m██[38;2;159;160;161m██[38;2;147;148;149m██[38;2;59;48;42m██[38;2;235;193;166m██[38;2;221;181;156m██[38;2;183;151;130m██[38;2;231;192;166m██[38;2;79;66;57m██[38;2;152;152;152m██[38;2;132;132;133m██[38;2;75;61;53m██[38;2;232;190;164m██[38;2;193;158;137m██[38;2;0;0;0m  [38;2;168;168;168m  [38;2;0;0;0m  [38;2;255;255;255m██████[38;2;0;0;0m██[38;2;255;255;255m████[38;2;167;167;167m██[38;2;0;0;0m██[38;2;143;143;143m██[38;2;0;0;0m████[38;2;35;35;35m██[38;2;246;246;246m██[38;2;255;255;255m██████[38;2;23;23;23m██
[38;2;0;0;0m  [38;2;31;26;22m██[38;2;45;37;33m██[38;2;28;23;20m██[38;2;19;16;13m██[38;2;123;101;88m██[38;2;135;111;96m██[38;2;167;137;119m██[38;2;223;183;157m██[38;2;224;183;158m██[38;2;221;181;156m██[38;2;222;181;156m██[38;2;249;207;179m██[38;2;249;208;179m██[38;2;218;179;154m██[38;2;221;181;156m████[38;2;219;180;155m██[38;2;189;156;134m██[38;2;219;178;154m██[38;2;249;208;179m██[38;2;249;207;178m██[38;2;219;179;154m██[38;2;221;181;156m██[38;2;199;163;141m██[38;2;0;0;0m  [38;2;25;25;25m  [38;2;0;0;0m  [38;2;255;255;255m██████[38;2;0;0;0m██[38;2;159;159;159m██[38;2;150;150;150m██[38;2;1;1;1m██[38;2;184;184;184m██[38;2;127;127;127m██[38;2;0;0;0m██[38;2;225;225;225m██[38;2;18;18;18m██[38;2;0;0;0m██[38;2;241;241;241m██[38;2;255;255;255m████[38;2;7;7;7m██
[38;2;0;0;0m  [38;2;20;17;15m██[38;2;109;89;77m██[38;2;38;32;28m██[38;2;79;67;59m██[38;2;104;87;75m██[38;2;120;100;87m██[38;2;143;119;103m██[38;2;192;157;136m██[38;2;221;181;156m██[38;2;221;180;156m██████████████[38;2;237;197;170m██[38;2;98;81;70m██[38;2;221;180;156m██████████[38;2;201;165;142m██[38;2;0;0;0m  [38;2;8;8;8m  [38;2;111;111;111m██[38;2;255;255;255m██████[38;2;45;45;45m██[38;2;0;0;0m████[38;2;182;182;182m██[38;2;255;255;255m██[38;2;146;146;146m██[38;2;0;0;0m██[38;2;255;255;255m██[38;2;254;254;254m██[38;2;93;93;93m██[38;2;248;248;248m██[38;2;255;255;255m████[38;2;0;0;0m██
[38;2;0;0;0m██[38;2;229;187;162m██[38;2;199;166;143m██[38;2;9;8;7m██[38;2;182;155;134m██[38;2;206;172;148m██[38;2;223;183;158m██[38;2;229;188;162m██[38;2;224;183;158m██[38;2;222;181;156m██[38;2;222;182;157m██[38;2;221;180;156m████[38;2;221;181;156m██[38;2;221;180;156m██[38;2;221;181;156m██[38;2;221;180;156m██[38;2;234;192;165m██[38;2;47;39;33m██[38;2;221;180;156m██[38;2;221;181;156m██[38;2;221;180;156m████[38;2;221;181;156m██[38;2;200;164;141m██[38;2;0;0;0m  [38;2;16;16;16m  [38;2;0;0;0m  [38;2;225;225;225m██[38;2;255;255;255m██████[38;2;227;227;227m██[38;2;251;251;251m██[38;2;255;255;255m██████[38;2;233;233;233m██[38;2;255;255;255m████████████[38;2;0;0;0m██
[38;2;0;0;0m  [38;2;207;170;147m██[38;2;191;159;137m██[38;2;10;8;7m██[38;2;241;200;172m██[38;2;226;185;159m██[38;2;220;180;155m██[38;2;222;181;156m██[38;2;221;181;156m██[38;2;219;179;154m██[38;2;218;179;154m██[38;2;221;181;156m████████████[38;2;220;180;155m██[38;2;71;58;51m██[38;2;229;187;161m██[38;2;221;181;156m████████[38;2;191;156;134m██[38;2;0;0;0m  [38;2;140;140;140m  [38;2;115;115;115m  [38;2;36;36;36m██[38;2;255;255;255m██████████████████████████████[38;2;0;0;0m  
[38;2;0;0;0m  [38;2;207;179;154m██[38;2;31;27;23m██[38;2;192;168;152m██[38;2;217;184;159m██[38;2;224;184;158m██[38;2;227;185;160m██[38;2;216;177;153m██[38;2;219;179;154m██[38;2;221;181;156m████████[38;2;221;180;156m██[38;2;221;181;156m████████[38;2;96;80;69m██[38;2;237;194;167m██[38;2;221;181;156m██████[38;2;221;180;156m██[38;2;179;146;125m██[38;2;0;0;0m  [38;2;54;54;54m    [38;2;2;2;2m██[38;2;255;255;255m████████████████████████████[38;2;231;231;231m██[38;2;0;0;0m  
[38;2;26;26;26m  [38;2;4;3;2m██[38;2;95;80;70m██[38;2;0;0;0m██[38;2;14;12;10m██[38;2;67;56;49m██[38;2;101;84;73m██[38;2;143;118;104m██[38;2;195;161;140m██[38;2;221;181;156m██[38;2;186;153;133m██[38;2;221;181;156m██[38;2;220;181;156m██[38;2;221;181;155m██[38;2;221;181;156m██[38;2;220;181;156m██[38;2;221;181;155m██[38;2;220;181;156m██[38;2;221;181;156m████[38;2;220;181;156m██[38;2;221;181;155m██[38;2;221;181;156m██[38;2;220;181;155m██[38;2;107;86;73m██[38;2;4;4;4m  [38;2;163;163;163m    [38;2;0;0;0m  [38;2;255;255;255m████████████████████████████[38;2;185;185;185m██[38;2;0;0;0m  
[38;2;185;185;185m  [38;2;0;0;0m  [38;2;77;63;55m████[38;2;94;77;68m██[38;2;107;88;77m██[38;2;132;109;95m██[38;2;161;133;116m██[38;2;200;165;142m██[38;2;221;180;155m██[38;2;222;182;157m██[38;2;220;180;155m██[38;2;221;180;156m████[38;2;221;181;156m██[38;2;221;180;156m████████[38;2;221;181;156m██[38;2;221;180;156m██████[38;2;222;182;157m██[38;2;14;8;5m██[38;2;137;137;137m  [38;2;152;152;152m    [38;2;0;0;0m  [38;2;255;255;255m████████████████████████████[38;2;70;70;70m██[38;2;0;0;0m  
[38;2;203;203;203m  [38;2;152;152;152m  [38;2;0;0;0m  [38;2;125;103;88m██[38;2;111;91;77m██[38;2;58;48;41m██[38;2;96;79;69m██[38;2;113;93;81m██[38;2;139;115;100m██[38;2;168;138;121m██[38;2;199;164;143m██[38;2;221;181;156m██████[38;2;220;181;156m██[38;2;221;181;156m██[38;2;222;182;157m██[38;2;203;166;144m██[38;2;215;176;152m██[38;2;220;181;156m██[38;2;221;181;156m██████[38;2;230;190;163m██[38;2;0;0;0m██[38;2;156;156;156m  [38;2;173;173;173m    [38;2;0;0;0m  [38;2;188;188;188m██[38;2;255;255;255m██████████████████████████[38;2;0;0;0m██  
[38;2;204;204;204m    [38;2;148;148;148m  [38;2;47;47;47m  [38;2;55;55;55m  [38;2;14;9;7m██[38;2;200;167;144m██[38;2;88;73;63m██[38;2;94;77;67m██[38;2;127;105;91m██[38;2;180;148;128m██[38;2;222;182;157m██[38;2;221;180;156m██[38;2;221;181;156m██████[38;2;217;178;153m██[38;2;169;141;122m██[38;2;190;157;135m██[38;2;221;181;156m████[38;2;221;180;156m██[38;2;221;181;156m██[38;2;226;186;161m██[38;2;0;0;0m  [38;2;175;175;175m      [38;2;99;99;99m  [38;2;80;80;80m██[38;2;255;255;255m████████████████████████[38;2;237;237;237m██[38;2;0;0;0m    
[38;2;204;204;204m    [38;2;147;147;147m  [38;2;145;145;145m  [38;2;193;193;193m  [38;2;0;0;0m  [38;2;239;199;172m██[38;2;203;167;145m██[38;2;196;161;139m██[38;2;223;183;157m██[38;2;222;182;157m██[38;2;221;181;156m██████[38;2;221;181;155m██[38;2;221;181;156m████████[38;2;221;181;155m██[38;2;221;181;156m████[38;2;220;180;155m██[38;2;131;108;93m██[38;2;16;16;16m  [38;2;167;167;167m      [38;2;119;119;119m  [38;2;20;20;20m██[38;2;255;255;255m████████████████████████[38;2;106;106;106m██[38;2;0;0;0m    
[38;2;204;204;204m    [38;2;148;148;148m  [38;2;158;158;158m  [38;2;159;159;159m  [38;2;15;15;15m  [38;2;66;55;48m██[38;2;213;174;150m██[38;2;202;166;143m██[38;2;204;167;145m██[38;2;197;162;141m██[38;2;199;164;142m██[38;2;221;181;156m██[38;2;221;180;156m██[38;2;221;181;156m████████[38;2;221;180;156m██[38;2;221;181;156m██████[38;2;235;199;171m██[38;2;0;0;0m██[38;2;159;159;159m  [38;2;160;160;160m      [38;2;182;182;182m  [38;2;0;0;0m██[38;2;254;254;254m██[38;2;255;255;255m██████████████████████[38;2;0;0;0m██    
[38;2;181;181;181m    [38;2;167;167;167m  [38;2;168;168;168m    [38;2;167;167;167m  [38;2;0;0;0m  [38;2;205;180;156m██[38;2;208;189;163m██[38;2;214;177;153m██[38;2;204;167;144m██[38;2;221;181;156m████████████████████[38;2;219;179;154m██[38;2;122;101;87m██[38;2;38;38;38m  [38;2;174;174;174m        [38;2;193;193;193m  [38;2;0;0;0m  [38;2;94;94;94m██[38;2;255;255;255m████████████████████[38;2;32;32;32m██[38;2;0;0;0m      
[38;2;203;203;203m            [38;2;61;61;61m  [38;2;17;14;12m██[38;2;203;181;156m██[38;2;211;173;149m██[38;2;225;184;159m██[38;2;223;182;157m██[38;2;221;181;156m██████████████████[38;2;227;192;166m██[38;2;0;0;0m  [38;2;187;187;187m  [38;2;188;188;188m      [38;2;193;193;193m  [38;2;208;208;208m    [38;2;12;12;12m  [38;2;125;125;125m██[38;2;255;255;255m████████████████[38;2;44;44;44m██[38;2;0;0;0m        
[38;2;205;205;205m  [38;2;203;203;203m  [38;2;204;204;204m        [38;2;206;206;206m  [38;2;26;26;26m  [38;2;17;14;12m██[38;2;233;197;170m██[38;2;167;138;118m██[38;2;210;172;148m██[38;2;220;180;155m██[38;2;221;180;156m██[38;2;220;181;156m██[38;2;221;181;156m██████[38;2;221;180;156m██[38;2;220;180;155m██[38;2;241;201;173m██[38;2;2;1;1m██[38;2;135;135;135m  [38;2;201;201;201m    [38;2;205;205;205m  [38;2;208;208;208m  [38;2;113;113;113m  [38;2;209;209;209m    [38;2;206;206;206m  [38;2;15;15;15m  [38;2;2;2;2m██[38;2;178;178;178m██[38;2;255;255;255m████████[38;2;175;175;175m██[38;2;0;0;0m            
[38;2;131;131;131m  [38;2;178;178;178m  [38;2;142;142;142m  [38;2;152;152;152m  [38;2;153;153;153m      [38;2;157;157;157m  [38;2;0;0;0m██[38;2;31;28;25m██[38;2;119;97;84m██[38;2;186;157;136m██[38;2;222;182;157m██[38;2;221;181;156m██[38;2;221;180;156m██[38;2;221;181;156m██[38;2;220;181;156m██████[38;2;225;195;168m██[38;2;0;0;0m██[38;2;21;21;21m  [38;2;209;209;209m  [38;2;184;184;184m  [38;2;167;167;167m  [38;2;109;109;109m  [38;2;151;151;151m  [38;2;115;115;115m  [38;2;209;209;209m    [38;2;207;207;207m  [38;2;147;147;147m  [38;2;153;153;153m  [38;2;16;16;16m  [38;2;0;0;0m████████[38;2;14;14;14m  [38;2;102;102;102m  [38;2;0;0;0m          [0m
