
[38;2;0;0;0m                      [38;2;4;2;2m  [38;2;32;17;16m  [38;2;79;43;41m  [38;2;116;63;61m  [38;2;123;66;65m  [38;2;122;66;65m  [38;2;111;60;58m  [38;2;74;40;39m  [38;2;23;12;12m  [38;2;0;0;0m                      
[38;2;0;0;0m                [38;2;2;1;1m  [38;2;68;37;36m  [38;2;133;71;70m██[38;2;138;74;72m██[38;2;139;75;73m████[38;2;139;74;73m██████[38;2;139;75;73m██[38;2;139;74;73m████[38;2;136;73;71m██[38;2;114;61;60m  [38;2;5;2;2m  [38;2;0;0;0m                
[38;2;0;0;0m              [38;2;70;38;36m  [38;2;135;73;71m██[38;2;139;75;73m██[38;2;138;74;73m  [38;2;139;75;73m██[38;2;139;74;73m██[38;2;139;75;73m████████████[38;2;151;66;66m██[38;2;186;43;51m██[38;2;182;45;52m██[38;2;148;65;66m██[38;2;42;23;22m  [38;2;0;0;0m              
[38;2;0;0;0m          [38;2;10;5;5m  [38;2;125;68;66m██[38;2;139;75;73m██[38;2;138;75;73m██[38;2;139;75;73m██████████████████[38;2;186;42;50m██[38;2;209;37;50m██[38;2;232;147;153m██[38;2;228;125;133m██[38;2;210;40;52m██[38;2;190;40;49m██[38;2;63;34;33m  [38;2;0;0;0m            
[38;2;0;0;0m        [38;2;28;15;15m  [38;2;137;74;72m██[38;2;139;75;73m██████████████████████[38;2;160;59;62m██[38;2;212;47;59m██[38;2;253;248;249m██[38;2;55;54;54m██[38;2;240;239;239m██[38;2;253;249;250m██[38;2;212;51;63m██[38;2;168;54;59m██[38;2;36;19;19m  [38;2;0;0;0m          
[38;2;0;0;0m      [38;2;25;15;12m  [38;2;158;90;82m██[38;2;139;75;73m██[38;2;138;74;72m██[38;2;139;75;73m████████████[38;2;138;75;73m██[38;2;139;75;73m████[38;2;157;89;81m██[38;2;205;37;47m██[38;2;241;190;194m██[38;2;245;245;245m██[38;2;46;46;46m██[38;2;181;181;181m██[38;2;126;126;126m██[38;2;246;216;218m██[38;2;202;32;44m██[38;2;136;73;71m██[38;2;2;1;1m  [38;2;0;0;0m        
[38;2;0;0;0m    [38;2;1;1;1m  [38;2;187;113;96m██[38;2;158;90;82m  [38;2;143;78;75m██[38;2;138;75;73m██[38;2;139;75;73m████████████[38;2;138;75;73m██[38;2;139;75;73m██[38;2;147;82;76m██[38;2;175;103;90m██[38;2;208;27;40m██[38;2;251;240;242m██[38;2;12;12;12m██[38;2;66;66;66m██[38;2;92;92;92m██[38;2;70;70;70m██[38;2;251;240;241m██[38;2;206;30;42m██[38;2;139;75;73m██[38;2;100;53;52m██[38;2;0;0;0m        
[38;2;0;0;0m    [38;2;115;69;59m  [38;2;182;110;93m██[38;2;151;85;79m██[38;2;148;83;77m██[38;2;139;75;73m██████████[38;2;139;75;72m██[38;2;139;75;73m████████[38;2;142;77;74m██[38;2;203;31;43m██[38;2;245;209;212m██[38;2;228;228;228m██[38;2;209;209;209m██[38;2;23;23;23m██[38;2;253;253;253m██[38;2;247;221;223m██[38;2;203;32;43m██[38;2;139;74;72m██[38;2;138;74;72m██[38;2;3;2;2m  [38;2;0;0;0m      
[38;2;0;0;0m    [38;2;152;86;79m██[38;2;138;74;72m██[38;2;139;75;73m██████████[38;2;139;75;72m██[38;2;139;75;73m██[38;2;139;74;73m██[38;2;139;75;73m██████[38;2;139;74;73m██[38;2;139;75;73m██[38;2;168;54;59m██[38;2;215;67;78m██[38;2;254;252;252m██[38;2;249;249;249m██[38;2;206;205;205m██[38;2;253;248;248m██[38;2;210;42;54m██[38;2;170;53;58m██[38;2;139;75;73m██[38;2;138;74;72m██[38;2;96;51;51m██[38;2;0;0;0m      
[38;2;0;0;0m  [38;2;40;21;21m  [38;2;116;62;63m██[38;2;113;60;61m██[38;2;139;75;72m██[38;2;140;76;73m████[38;2;141;76;73m██[38;2;140;75;73m██[38;2;137;73;72m██[38;2;118;64;63m██[38;2;139;74;73m██[38;2;142;77;74m████[38;2;141;76;74m████[38;2;139;75;73m██[38;2;125;67;67m██[38;2;201;32;43m██[38;2;211;42;55m██[38;2;234;156;162m██[38;2;229;131;137m██[38;2;208;30;43m██[38;2;186;35;46m██[38;2;120;64;64m██[38;2;127;69;68m██[38;2;123;66;65m██[38;2;121;65;65m██[38;2;1;0;0m  [38;2;0;0;0m    
[38;2;0;0;0m  [38;2;96;52;52m  [38;2;113;61;62m██[38;2;98;53;56m██[38;2;116;62;63m██[38;2;132;71;70m██[38;2;136;74;72m██[38;2;130;70;69m██[38;2;120;64;65m██[38;2;120;65;65m██[38;2;112;61;61m██[38;2;123;66;67m██[38;2;132;71;70m██[38;2;139;75;73m██[38;2;137;74;73m██[38;2;129;70;69m██[38;2;124;67;67m██[38;2;122;65;66m██[38;2;116;61;63m██[38;2;138;55;58m██[38;2;186;35;46m██[38;2;175;40;48m██[38;2;121;57;60m██[38;2;102;54;55m██[38;2;114;61;62m██[38;2;115;62;63m██[38;2;118;63;64m██[38;2;120;65;65m██[38;2;52;27;27m  [38;2;0;0;0m    
[38;2;0;0;0m  [38;2;114;61;63m██[38;2;112;60;61m██[38;2;102;57;59m██[38;2;113;61;62m██[38;2;114;61;63m██[38;2;116;62;63m██[38;2;118;63;64m██[38;2;120;64;65m██[38;2;121;65;66m██[38;2;111;60;61m██[38;2;124;67;67m██[38;2;126;68;68m██[38;2;126;68;69m██[38;2;126;69;69m██[38;2;57;31;31m██[38;2;61;32;32m██[38;2;122;65;66m██[38;2;112;70;72m██[38;2;117;63;65m██[38;2;99;53;55m██[38;2;113;60;62m██[38;2;111;60;61m██[38;2;101;54;56m██[38;2;112;60;62m██[38;2;114;61;62m██[38;2;117;63;64m██[38;2;121;65;65m██[38;2;118;63;63m██[38;2;0;0;0m    
[38;2;0;0;0m  [38;2;113;60;62m██[38;2;108;63;64m██[38;2;125;76;77m██[38;2;113;61;62m██[38;2;20;10;11m██[38;2;9;5;5m██[38;2;120;65;66m██[38;2;122;65;67m██[38;2;125;68;69m██[38;2;112;60;62m██[38;2;128;70;70m██[38;2;130;71;71m██[38;2;131;71;72m██[38;2;132;71;71m██[38;2;97;53;52m██[38;2;103;56;56m██[38;2;128;70;70m██[38;2;180;132;130m██[38;2;110;59;62m██[38;2;93;50;52m██[38;2;113;61;62m██[38;2;112;60;61m██[38;2;108;58;60m██[38;2;113;60;62m██[38;2;115;61;62m██[38;2;118;63;64m██[38;2;122;65;65m██[38;2;126;68;67m██[38;2;0;0;0m    
[38;2;9;4;4m  [38;2;113;61;63m██[38;2;193;142;139m██[38;2;139;91;91m██[38;2;116;63;64m██[38;2;115;62;63m██[38;2;121;65;67m██[38;2;124;67;68m██[38;2;127;69;69m██[38;2;130;71;71m██[38;2;118;64;64m██[38;2;135;74;74m██[38;2;137;75;75m██[38;2;139;76;76m██[38;2;139;77;76m██[38;2;139;76;76m██[38;2;137;75;75m██[38;2;133;72;73m██[38;2;163;116;115m██[38;2;108;65;67m██[38;2;97;52;54m██[38;2;116;63;63m██[38;2;114;61;62m██[38;2;113;61;62m██[38;2;106;57;58m██[38;2;116;62;63m██[38;2;120;65;65m██[38;2;124;67;67m██[38;2;128;69;68m██[38;2;41;22;21m  [38;2;0;0;0m  
[38;2;37;20;20m  [38;2;117;63;64m██[38;2;248;189;184m██[38;2;193;144;141m██[38;2;121;65;66m██[38;2;123;67;68m██[38;2;127;69;69m██[38;2;130;70;71m██[38;2;133;72;72m██[38;2;136;74;74m██[38;2;139;76;75m██[38;2;141;77;77m██[38;2;146;80;80m██[38;2;148;81;81m████[38;2;147;81;81m██[38;2;145;80;79m██[38;2;142;79;78m██[38;2;145;97;96m██[38;2;227;176;172m██[38;2;94;51;54m██[38;2;121;65;66m██[38;2;119;64;65m██[38;2;110;59;60m██[38;2;84;45;47m██[38;2;111;59;60m██[38;2;123;66;66m██[38;2;127;68;68m██[38;2;130;70;69m██[38;2;114;61;60m  [38;2;0;0;0m  
[38;2;75;40;41m  [38;2;106;57;57m██[38;2;254;194;188m██[38;2;252;234;227m██[38;2;123;66;67m██[38;2;127;68;69m██[38;2;130;70;70m██[38;2;134;72;73m██[38;2;138;75;74m██[38;2;146;83;82m██[38;2;157;96;94m██[38;2;169;111;109m██[38;2;185;132;129m██[38;2;194;145;141m██[38;2;206;163;158m██[38;2;212;174;169m██[38;2;222;189;183m██[38;2;233;205;199m██[38;2;249;228;222m██[38;2;254;228;222m██[38;2;109;70;70m██[38;2;127;68;69m██[38;2;45;24;24m██[38;2;90;79;77m██[38;2;25;16;15m██[38;2;109;87;85m██[38;2;48;25;26m██[38;2;130;70;69m██[38;2;133;72;70m████[38;2;0;0;0m  
[38;2;108;58;58m  [38;2;102;63;63m██[38;2;254;217;211m██[38;2;255;235;227m██[38;2;254;236;228m██[38;2;254;234;227m████[38;2;254;235;228m██[38;2;254;237;229m██[38;2;254;236;229m██[38;2;255;234;227m██[38;2;254;234;227m██████[38;2;254;235;228m██[38;2;255;235;228m██[38;2;255;234;227m██[38;2;244;226;220m██[38;2;246;228;221m██[38;2;255;235;228m██[38;2;208;155;152m██[38;2;133;72;72m██[38;2;26;24;24m██[38;2;252;230;224m██[38;2;252;223;216m██[38;2;254;229;222m██[38;2;4;2;2m██[38;2;133;71;70m██[38;2;136;73;72m██[38;2;136;73;71m██[38;2;0;0;0m  
[38;2;123;66;66m  [38;2;59;42;41m██[38;2;254;231;224m██[38;2;255;234;227m██[38;2;143;131;128m██[38;2;223;204;199m██[38;2;255;232;225m██[38;2;144;133;129m██[38;2;85;79;77m██[38;2;254;234;227m██[38;2;255;235;227m██████[38;2;254;234;227m██[38;2;55;50;49m██[38;2;221;205;200m██[38;2;254;229;223m██[38;2;85;77;75m██[38;2;88;82;79m██[38;2;255;234;227m██[38;2;236;186;181m██[38;2;118;64;63m██[38;2;105;98;95m██[38;2;253;228;222m██[38;2;255;237;230m██[38;2;254;230;223m██[38;2;8;3;3m██[38;2;130;70;69m██[38;2;137;73;72m██[38;2;138;74;72m██[38;2;5;2;2m  
[38;2;133;72;71m██[38;2;8;4;4m██[38;2;254;231;224m██[38;2;254;229;223m██[38;2;40;36;35m██[38;2;167;150;146m██[38;2;255;222;217m██[38;2;94;85;82m██[38;2;66;60;58m██[38;2;254;234;227m██[38;2;255;235;227m████[38;2;255;234;227m██[38;2;254;232;225m██[38;2;31;28;27m██[38;2;177;155;151m██[38;2;254;217;214m██[38;2;49;42;41m██[38;2;108;98;95m██[38;2;254;230;224m██[38;2;245;207;201m██[38;2;86;47;46m██[38;2;198;187;181m██[38;2;252;224;217m██[38;2;255;239;232m██[38;2;245;189;184m██[38;2;239;224;217m██[38;2;20;10;10m██[38;2;138;75;72m████[38;2;48;25;24m██
[38;2;135;73;71m██[38;2;36;19;21m██[38;2;248;228;222m██[38;2;255;221;216m██[38;2;91;76;76m██[38;2;46;38;37m██[38;2;239;200;198m██[38;2;13;11;10m██[38;2;148;132;129m██[38;2;255;230;224m██[38;2;255;234;227m██[38;2;255;235;227m██[38;2;255;233;227m██[38;2;254;227;221m██[38;2;106;92;90m██[38;2;28;23;23m██[38;2;139;115;114m██[38;2;1;0;0m██[38;2;119;101;99m██[38;2;16;14;14m██[38;2;23;20;19m██[38;2;33;18;18m██[38;2;251;232;225m██[38;2;251;221;215m██[38;2;255;237;230m██[38;2;238;150;147m██[38;2;254;234;227m██[38;2;4;2;2m██[38;2;138;74;72m██[38;2;138;75;73m██[38;2;94;50;49m██
[38;2;138;74;73m██[38;2;71;38;42m██[38;2;237;210;205m██[38;2;255;211;208m██[38;2;252;198;198m██[38;2;10;8;8m██[38;2;1;0;0m██[38;2;31;24;24m██[38;2;254;212;209m██[38;2;255;224;219m██[38;2;255;233;226m██[38;2;255;235;227m██[38;2;255;231;225m██[38;2;255;221;217m██[38;2;254;207;205m██[38;2;63;48;48m██[38;2;15;11;11m██[38;2;87;65;65m██[38;2;95;89;86m██[38;2;253;237;230m████[38;2;172;159;154m██[38;2;254;235;228m██[38;2;254;232;225m██[38;2;255;235;228m██[38;2;240;163;160m██[38;2;254;233;227m██[38;2;3;1;1m██[38;2;138;74;72m██[38;2;138;75;73m██[38;2;124;67;65m██
[38;2;139;75;72m██[38;2;69;38;41m██[38;2;240;207;204m██[38;2;255;204;202m██[38;2;255;190;192m██[38;2;253;183;186m██[38;2;252;185;188m██[38;2;253;190;191m██[38;2;255;204;202m██[38;2;255;220;216m██[38;2;255;231;225m██[38;2;255;234;227m██[38;2;255;230;224m██[38;2;255;218;214m██[38;2;255;202;201m██[38;2;254;188;191m██[38;2;253;182;185m██[38;2;78;56;57m██[38;2;252;208;202m██[38;2;149;131;127m██[38;2;102;93;91m██[38;2;253;236;229m██[38;2;255;234;227m██[38;2;255;235;227m████[38;2;254;234;227m████[38;2;4;2;2m██[38;2;138;74;72m██[38;2;139;75;73m██[38;2;136;73;71m██
[38;2;138;74;73m██[38;2;70;38;42m██[38;2;236;205;201m██[38;2;255;202;202m██[38;2;255;189;191m██[38;2;255;182;185m██[38;2;255;181;184m██[38;2;255;189;191m██[38;2;255;202;202m██[38;2;247;200;198m██[38;2;251;224;218m██[38;2;243;204;201m██[38;2;230;161;164m██[38;2;254;219;215m██[38;2;202;76;91m██[38;2;255;193;194m██[38;2;255;187;188m██[38;2;209;157;159m██[38;2;2;1;1m██[38;2;124;91;90m██[38;2;224;169;166m██[38;2;65;61;59m██[38;2;254;225;218m██[38;2;255;221;214m██[38;2;255;215;209m██[38;2;255;234;227m██[38;2;253;234;227m██[38;2;5;2;2m██[38;2;138;75;73m████[38;2;139;74;72m██
[38;2;138;74;73m██[38;2;81;43;47m██[38;2;136;120;117m██[38;2;254;208;206m██[38;2;255;195;196m██[38;2;255;188;190m████[38;2;255;195;195m██[38;2;255;208;206m██[38;2;246;201;199m██[38;2;218;129;136m██[38;2;194;59;76m██[38;2;219;134;141m██[38;2;197;66;82m██[38;2;224;136;143m██[38;2;254;202;202m██[38;2;254;197;198m██[38;2;35;27;27m██[38;2;238;220;213m██[38;2;15;11;11m██[38;2;181;139;136m██[38;2;67;62;60m██[38;2;254;233;226m██[38;2;255;222;216m██[38;2;255;221;215m██[38;2;255;228;221m██[38;2;252;233;226m██[38;2;8;4;4m██[38;2;138;74;72m██[38;2;139;75;73m██[38;2;139;74;72m██
[38;2;139;74;73m██[38;2;83;44;49m██[38;2;11;8;8m██[38;2;254;218;214m██[38;2;255;207;205m██[38;2;255;201;200m██[38;2;255;200;200m██[38;2;255;207;205m██[38;2;255;217;214m██[38;2;255;227;221m██[38;2;243;203;200m██[38;2;250;224;219m██[38;2;255;234;227m██[38;2;255;231;225m██[38;2;255;223;219m██[38;2;255;217;213m██[38;2;254;213;210m██[38;2;18;16;15m██[38;2;254;238;231m██[38;2;235;219;213m██[38;2;140;131;127m██[38;2;249;210;203m██[38;2;255;214;207m██[38;2;255;226;219m██[38;2;255;230;223m██[38;2;255;233;226m██[38;2;249;231;224m██[38;2;12;6;5m██[38;2;138;74;72m██[38;2;139;75;73m██[38;2;138;74;72m██
[38;2;139;74;73m██[38;2;82;43;48m██[38;2;67;35;39m██[38;2;133;118;116m██[38;2;254;221;217m██[38;2;255;216;213m████[38;2;255;220;216m██[38;2;255;227;221m██[38;2;255;232;226m██[38;2;255;234;227m██[38;2;255;235;227m████[38;2;255;234;227m██[38;2;255;231;225m██[38;2;255;229;223m██[38;2;254;226;221m██[38;2;144;131;128m██[38;2;123;116;112m██[38;2;254;233;227m██[38;2;255;235;227m██[38;2;255;234;227m██[38;2;255;221;215m██[38;2;255;217;211m██[38;2;255;234;227m██[38;2;255;235;227m██[38;2;247;229;222m██[38;2;15;8;8m██[38;2;138;75;72m██[38;2;139;75;73m████
[38;2;139;75;73m██[38;2;82;43;48m██[38;2;83;44;48m██[38;2;50;26;29m██[38;2;100;92;89m██[38;2;250;227;221m██[38;2;254;229;223m██[38;2;255;231;224m██[38;2;255;233;226m██[38;2;255;234;227m██[38;2;255;235;227m██████████[38;2;255;234;227m██[38;2;255;233;227m██[38;2;254;233;226m██[38;2;95;72;70m██[38;2;37;34;33m██[38;2;231;213;207m██[38;2;255;235;228m██[38;2;255;232;225m██[38;2;255;224;218m██[38;2;255;234;227m██[38;2;255;235;228m██[38;2;245;221;214m██[38;2;8;5;5m██[38;2;137;74;72m██[38;2;139;74;72m██[38;2;138;75;73m██
[38;2;139;75;73m██[38;2;82;43;48m██[38;2;83;44;48m██[38;2;83;44;49m██[38;2;76;40;45m██[38;2;19;10;11m██[38;2;99;91;88m██[38;2;206;191;186m██[38;2;249;231;224m██[38;2;254;236;229m██[38;2;254;234;227m████[38;2;255;235;227m██[38;2;255;234;227m██[38;2;255;235;228m██[38;2;255;233;226m██[38;2;254;219;213m██[38;2;200;154;150m██[38;2;62;48;47m██[38;2;44;39;39m██[38;2;85;67;65m██[38;2;254;234;227m██[38;2;255;235;227m██[38;2;255;234;227m██[38;2;255;235;227m██[38;2;254;233;226m██[38;2;237;181;179m██[38;2;168;147;146m██[38;2;34;18;18m██[38;2;139;75;73m████
[38;2;140;75;73m██[38;2;82;43;48m██[38;2;83;44;48m████████[38;2;83;44;49m██[38;2;56;30;33m██[38;2;26;14;15m██[38;2;8;7;7m██[38;2;69;54;53m██[38;2;109;91;89m██[38;2;229;185;180m██[38;2;254;198;192m██[38;2;254;191;186m████[38;2;195;149;146m██[38;2;123;108;108m██[38;2;220;198;197m██[38;2;198;176;176m██[38;2;3;3;3m██[38;2;218;167;165m██[38;2;249;214;209m██[38;2;251;223;217m██[38;2;245;208;204m██[38;2;226;186;186m██[38;2;252;250;250m██[38;2;135;121;121m██[38;2;89;48;47m██[38;2;139;75;73m████
[38;2;141;76;74m██[38;2;83;43;48m██[38;2;83;44;48m██████████████[38;2;18;14;14m██[38;2;217;193;193m██[38;2;217;194;197m██[38;2;57;47;47m██[38;2;189;147;144m██[38;2;157;125;123m██[38;2;126;114;114m██[38;2;194;195;196m██[38;2;255;254;254m██[38;2;228;213;213m██[38;2;29;25;25m██[38;2;20;17;17m██[38;2;233;219;219m██[38;2;254;253;253m██[38;2;249;245;246m██[38;2;254;254;254m██[38;2;251;248;248m██[38;2;219;197;197m██[38;2;60;54;54m██[38;2;138;75;73m██[38;2;139;75;73m████
[38;2;140;76;74m██[38;2;82;43;48m██[38;2;83;44;48m██████[38;2;83;44;49m██████[38;2;83;44;48m██[38;2;75;40;44m██[38;2;69;60;61m██[38;2;249;246;245m██[38;2;253;253;253m██[38;2;254;254;254m████[38;2;255;255;255m████[38;2;240;231;231m██[38;2;227;209;209m██[38;2;217;193;193m██[38;2;31;28;28m██[38;2;124;111;111m██[38;2;241;233;233m██[38;2;255;255;255m██████[38;2;250;247;247m██[38;2;75;66;66m██[38;2;130;70;69m██[38;2;139;75;73m████
[38;2;136;74;72m██[38;2;82;44;49m██[38;2;83;44;48m██████████████[38;2;42;22;25m██[38;2;157;140;139m██[38;2;231;216;217m██[38;2;254;254;254m██[38;2;255;255;255m██████[38;2;253;252;252m██[38;2;231;220;222m██[38;2;255;255;255m██[38;2;246;242;242m██[38;2;184;163;163m██[38;2;79;71;71m██[38;2;255;254;254m██[38;2;255;255;255m██████[38;2;251;248;248m██[38;2;112;100;100m██[38;2;114;61;61m██[38;2;139;75;73m████[0m
