
[38;2;0;0;0m                                                      [38;2;139;158;197m  [38;2;119;144;170m  [38;2;129;149;166m██[38;2;142;159;173m██[38;2;112;128;142m  [38;2;112;112;112m  [38;2;0;0;0m  
[38;2;0;0;0m                                                    [38;2;51;51;102m  [38;2;131;155;177m  [38;2;156;171;186m██[38;2;93;102;111m██[38;2;53;61;64m██[38;2;92;95;99m██[38;2;82;91;104m  [38;2;136;143;187m  
[38;2;0;0;0m                                                [38;2;19;48;67m  [38;2;107;143;170m  [38;2;151;165;182m██[38;2;152;154;166m██[38;2;65;60;67m██[38;2;137;124;126m██[38;2;161;147;146m██[38;2;117;101;99m██[38;2;135;130;134m██[38;2;71;83;99m  
[38;2;0;0;0m                                                  [38;2;85;114;140m  [38;2;141;145;152m██[38;2;102;94;94m██[38;2;170;154;151m██[38;2;167;148;143m██[38;2;164;146;139m██[38;2;186;167;159m██[38;2;177;164;164m██[38;2;150;157;168m██
[38;2;0;0;0m                                                  [38;2;114;139;156m  [38;2;191;190;191m██[38;2;171;157;153m██[38;2;170;151;145m██[38;2;131;115;106m██[38;2;136;122;112m██[38;2;151;137;125m██[38;2;155;144;143m██[38;2;154;162;167m██
[38;2;0;0;0m                                            [38;2;140;166;189m  [38;2;88;129;156m  [38;2;66;88;116m  [38;2;178;186;195m██[38;2;200;192;192m██[38;2;154;140;135m██[38;2;135;117;111m██[38;2;129;113;104m██[38;2;143;129;120m██[38;2;137;124;112m██[38;2;139;130;128m██[38;2;122;131;137m██
[38;2;0;0;0m                                        [38;2;70;95;124m  [38;2;42;62;86m  [38;2;37;53;78m██[38;2;43;50;72m██[38;2;46;52;69m██[38;2;150;148;152m██[38;2;174;163;161m██[38;2;169;154;150m██[38;2;131;115;108m██[38;2;139;124;115m██[38;2;144;130;120m██[38;2;132;118;107m██[38;2;121;115;110m██[38;2;124;136;143m  
[38;2;0;0;0m                              [38;2;110;134;155m  [38;2;96;114;134m  [38;2;87;101;118m  [38;2;108;111;127m  [38;2;116;107;120m██[38;2;110;93;103m██[38;2;52;39;47m██[38;2;37;32;44m██[38;2;32;27;38m██[38;2;32;25;39m██[38;2;48;39;44m██[38;2;174;160;159m██[38;2;175;161;156m██[38;2;151;139;131m██[38;2;123;109;102m██[38;2;137;123;116m██[38;2;124;114;110m██[38;2;121;122;123m  [38;2;0;0;0m  
[38;2;0;0;0m                          [38;2;100;119;140m  [38;2;118;109;120m██[38;2;110;89;92m██[38;2;117;85;84m██[38;2;118;85;81m██[38;2;123;83;82m██[38;2;122;82;78m██[38;2;119;82;75m██[38;2;70;38;31m██[38;2;39;25;24m██[38;2;36;24;26m██[38;2;31;21;29m██[38;2;30;21;26m██[38;2;122;110;109m██[38;2;174;160;155m██[38;2;169;158;152m██[38;2;142;131;125m██[38;2;134;124;119m██[38;2;137;135;140m██[38;2;161;161;167m  [38;2;0;0;0m  
[38;2;0;0;0m                          [38;2;112;109;126m██[38;2;134;100;101m██[38;2;117;79;67m██[38;2;118;81;65m██[38;2;118;80;63m██[38;2;116;76;59m██[38;2;111;73;58m██[38;2;111;75;63m██[38;2;108;76;69m██[38;2;41;26;23m██[38;2;32;22;23m██[38;2;33;21;26m██[38;2;32;20;24m██[38;2;41;28;27m██[38;2;165;151;148m██[38;2;170;160;156m██[38;2;125;115;112m██[38;2;78;72;69m██[38;2;105;119;131m██[38;2;0;0;0m    
[38;2;0;0;0m                        [38;2;146;181;207m  [38;2;96;90;103m██[38;2;115;80;74m██[38;2;107;68;51m██[38;2;113;73;56m██[38;2;110;72;56m██[38;2;100;61;46m██[38;2;92;54;40m██[38;2;88;52;41m██[38;2;105;75;65m██[38;2;59;43;38m██[38;2;42;27;26m██[38;2;36;23;25m██[38;2;32;20;23m██[38;2;32;19;20m██[38;2;70;56;54m██[38;2;80;70;69m██[38;2;49;42;43m██[38;2;88;92;94m██[38;2;225;232;234m  [38;2;0;0;0m    
[38;2;0;0;0m                      [38;2;204;209;215m  [38;2;108;119;138m  [38;2;103;90;100m██[38;2;113;80;74m██[38;2;107;70;55m██[38;2;108;69;55m██[38;2;133;96;81m██[38;2;123;85;72m██[38;2;112;75;64m██[38;2;107;71;62m██[38;2;102;68;60m██[38;2;94;70;64m██[38;2;137;111;109m██[38;2;105;82;81m██[38;2;37;18;17m████[38;2;34;19;18m██[38;2;30;22;25m██[38;2;21;27;33m██[38;2;130;149;158m  [38;2;0;0;0m      
[38;2;0;0;0m                    [38;2;113;140;160m  [38;2;111;123;135m██[38;2;126;121;127m██[38;2;119;103;104m██[38;2;77;46;44m██[38;2;82;46;36m██[38;2;140;103;92m██[38;2;129;94;83m██[38;2;113;79;67m██[38;2;117;80;69m██[38;2;117;80;71m██[38;2;85;49;40m██[38;2;59;23;17m██[38;2;85;52;46m██[38;2;52;22;15m██[38;2;41;18;14m██[38;2;40;19;19m██[38;2;36;19;20m██[38;2;32;25;30m██[38;2;110;126;144m  [38;2;0;0;0m        
[38;2;0;0;0m                [38;2;68;88;108m  [38;2;93;116;140m  [38;2;114;122;131m██[38;2;127;118;117m██[38;2;141;116;113m██[38;2;140;114;110m██[38;2;85;53;47m██[38;2;78;43;34m██[38;2;116;82;73m██[38;2;113;79;67m██[38;2;115;81;69m██[38;2;117;80;68m██[38;2;114;80;70m██[38;2;105;67;59m██[38;2;90;53;46m██[38;2;87;52;45m██[38;2;81;52;44m██[38;2;46;20;11m██[38;2;37;20;21m██[38;2;27;17;23m██[38;2;101;104;117m  [38;2;0;0;0m          
[38;2;0;0;0m                [38;2;83;120;154m  [38;2;103;121;142m██[38;2;120;121;127m██[38;2;142;119;112m██[38;2;151;118;111m██[38;2;155;117;108m██[38;2;121;88;77m██[38;2;61;29;19m██[38;2;80;49;38m██[38;2;114;79;70m██[38;2;113;80;69m██[38;2;116;81;67m██[38;2;113;81;69m██[38;2;118;81;72m██[38;2;116;80;71m██[38;2;113;80;70m██[38;2;83;54;44m██[38;2;60;33;24m██[38;2;63;45;49m██[38;2;64;73;82m  [38;2;0;0;0m            
[38;2;0;0;0m                [38;2;100;137;169m  [38;2;102;119;136m  [38;2;137;140;144m██[38;2;146;117;110m██[38;2;160;119;108m██[38;2;162;119;102m██[38;2;131;95;84m██[38;2;59;27;17m██[38;2;63;31;21m██[38;2;111;79;69m██[38;2;112;80;68m██[38;2;115;81;69m████[38;2;116;81;68m██[38;2;112;77;66m██[38;2;92;58;51m██[38;2;75;47;41m██[38;2;73;50;47m██[38;2;71;67;75m  [38;2;0;0;0m              
[38;2;0;0;0m                    [38;2;126;123;127m  [38;2;156;119;113m██[38;2;167;122;108m██[38;2;147;104;85m██[38;2;121;82;69m██[38;2;64;31;22m██[38;2;50;18;8m██[38;2;94;63;55m██[38;2;110;80;70m██[38;2;112;80;70m██[38;2;114;79;72m██[38;2;107;72;65m██[38;2;86;51;45m██[38;2;80;46;42m██[38;2;80;55;55m██[38;2;69;56;56m██[38;2;40;40;40m  [38;2;0;0;0m              
[38;2;0;0;0m                  [38;2;129;144;159m  [38;2;111;104;108m██[38;2;157;119;113m██[38;2;169;122;109m██[38;2;130;87;71m██[38;2;120;80;67m██[38;2;97;64;54m██[38;2;51;19;9m██[38;2;53;21;13m██[38;2;102;70;61m██[38;2;107;75;66m██[38;2;100;66;60m██[38;2;80;48;42m██[38;2;83;50;45m██[38;2;84;60;62m██[38;2;78;67;80m  [38;2;145;152;159m  [38;2;0;0;0m                
[38;2;0;0;0m                [38;2;65;87;120m  [38;2;151;148;166m██[38;2;107;89;93m██[38;2;154;114;109m██[38;2;137;94;82m██[38;2;121;80;64m██[38;2;121;80;66m██[38;2;111;75;64m██[38;2;79;46;38m██[38;2;50;18;11m██[38;2;55;25;17m██[38;2;75;44;38m██[38;2;74;46;44m██[38;2;71;48;48m██[38;2;86;77;85m  [38;2;0;0;0m                      
[38;2;0;0;0m              [38;2;99;120;148m  [38;2;113;117;141m██[38;2;118;106;121m██[38;2;110;87;91m██[38;2;120;86;81m██[38;2;121;81;71m██[38;2;120;81;65m██[38;2;120;81;66m██[38;2;113;78;67m██[38;2;111;78;70m██[38;2;82;51;46m██[38;2;48;19;17m██[38;2;44;19;21m██[38;2;32;16;22m██[38;2;98;94;106m  [38;2;0;0;0m                        
[38;2;0;0;0m          [38;2;18;21;28m  [38;2;79;92;118m  [38;2;102;105;124m██[38;2;149;144;161m██[38;2;49;33;42m██[38;2;157;137;138m██[38;2;108;75;71m██[38;2;116;79;69m██[38;2;114;78;64m██[38;2;115;77;63m██[38;2;115;77;67m██[38;2;111;77;67m██[38;2;109;77;73m██[38;2;97;75;78m██[38;2;93;91;99m  [38;2;0;0;0m                            
[38;2;0;0;0m          [38;2;108;115;130m██[38;2;113;100;104m██[38;2;117;99;95m██[38;2;137;120;118m██[38;2;50;32;30m██[38;2;130;110;109m██[38;2;140;108;105m██[38;2;107;70;62m██[38;2;106;68;59m██[38;2;109;71;62m██[38;2;113;75;65m██[38;2;109;78;69m██[38;2;101;79;79m██[38;2;144;133;145m  [38;2;0;0;0m                              
[38;2;0;0;0m        [38;2;121;145;160m  [38;2;128;116;120m██[38;2;97;73;67m██[38;2;102;77;67m██[38;2;94;68;58m██[38;2;138;111;102m██[38;2;67;39;35m██[38;2;97;67;64m██[38;2;108;71;65m██[38;2;111;74;67m██[38;2;113;76;70m██[38;2;107;79;70m██[38;2;97;78;71m  [38;2;145;145;145m  [38;2;0;0;0m                                
[38;2;0;0;0m      [38;2;130;161;185m  [38;2;64;70;84m  [38;2;93;74;70m██[38;2;97;66;56m██[38;2;99;68;58m██[38;2;91;60;51m██[38;2;78;47;38m██[38;2;85;54;45m██[38;2;101;71;67m██[38;2;102;73;68m██[38;2;104;76;72m██[38;2;103;76;70m██[38;2;95;81;79m  [38;2;0;0;0m                                    
[38;2;0;0;0m      [38;2;12;32;57m██[38;2;61;56;68m██[38;2;84;69;68m██[38;2;95;71;63m██[38;2;84;60;52m██[38;2;83;54;46m██[38;2;94;65;58m██[38;2;88;60;52m██[38;2;96;69;64m██[38;2;100;71;66m██[38;2;87;72;68m██[38;2;100;93;95m  [38;2;0;0;0m                                      
[38;2;0;0;0m    [38;2;40;60;86m  [38;2;15;24;42m██[38;2;51;44;50m██[38;2;76;62;64m  [38;2;78;62;57m██[38;2;44;28;21m██[38;2;73;58;50m██[38;2;87;68;61m██[38;2;84;65;58m██[38;2;81;65;57m██[38;2;82;68;61m  [38;2;140;140;140m  [38;2;0;0;0m                                        
[38;2;0;0;0m  [38;2;65;98;120m  [38;2;8;24;44m██[38;2;20;22;37m██[38;2;34;25;32m██[38;2;128;120;122m  [38;2;37;26;23m██[38;2;30;19;16m██[38;2;93;81;79m██[38;2;66;51;46m██[38;2;76;61;58m██[38;2;74;68;65m  [38;2;0;0;0m                                            
[38;2;0;0;56m  [38;2;0;19;42m██[38;2;10;18;35m██[38;2;28;23;36m██[38;2;131;119;122m  [38;2;38;29;34m██[38;2;28;19;20m██[38;2;25;17;16m██[38;2;32;25;24m██[38;2;136;130;130m  [38;2;0;0;0m                                      [38;2;0;0;25m  [38;2;0;0;0m        
[38;2;44;65;86m  [38;2;6;20;34m██[38;2;15;17;32m██[38;2;81;71;82m  [38;2;97;91;100m  [38;2;24;17;24m██[38;2;23;17;23m██[38;2;23;18;24m██[38;2;81;76;84m  [38;2;0;0;0m                                                  
[38;2;6;22;42m██[38;2;13;18;33m██[38;2;16;17;28m██[38;2;110;99;110m  [38;2;41;31;42m  [38;2;23;17;24m██[38;2;21;17;24m██[38;2;47;46;53m  [38;2;0;0;0m                                                    
[38;2;43;55;68m██[38;2;52;54;61m██[38;2;19;21;28m██[38;2;21;20;26m  [38;2;25;19;29m██[38;2;29;24;31m██[38;2;22;19;25m██[38;2;69;69;73m  [38;2;0;0;0m                                                    
[38;2;32;35;45m  [38;2;33;34;41m  [38;2;49;51;58m  [38;2;0;0;0m  [38;2;33;32;39m██[38;2;48;47;54m██[38;2;44;41;47m  [38;2;69;69;69m  [38;2;0;0;0m                                                    [0m
