
[38;2;0;0;0m      [38;2;58;93;76m  [38;2;48;108;80m██[38;2;42;81;62m██[38;2;37;59;47m██[38;2;42;80;62m██[38;2;39;68;54m██[38;2;26;26;26m████[38;2;27;29;28m██[38;2;28;35;32m██[38;2;27;27;27m██[38;2;26;26;26m██████████████[38;2;28;26;25m██[38;2;51;31;27m██[38;2;26;26;26m████████[38;2;25;25;25m██
[38;2;0;0;0m    [38;2;52;89;71m  [38;2;49;107;80m██[38;2;28;32;30m██[38;2;27;27;27m████████[38;2;26;26;26m██████[38;2;27;27;27m████[38;2;44;29;26m██[38;2;26;26;26m████[38;2;30;26;25m██[38;2;33;26;25m██[38;2;26;26;26m████[38;2;45;29;26m██[38;2;52;31;26m██[38;2;28;26;25m██[38;2;26;26;26m████████
[38;2;0;0;0m  [38;2;37;50;44m  [38;2;53;100;78m  [38;2;28;29;28m██[38;2;27;27;27m████████████[38;2;26;26;26m██[38;2;27;27;27m██[38;2;26;26;27m██[38;2;51;32;30m██[38;2;36;28;26m██[38;2;27;27;27m██[38;2;31;28;27m██[38;2;57;36;40m██[38;2;26;26;27m██[38;2;26;26;26m████[38;2;55;35;35m██[38;2;52;31;26m██[38;2;51;30;26m██[38;2;26;26;26m████████
[38;2;0;0;0m  [38;2;65;97;77m  [38;2;31;30;29m██[38;2;30;30;29m██[38;2;30;29;29m██[38;2;27;27;27m██████[38;2;26;26;26m██[38;2;27;27;27m██[38;2;28;27;28m██[38;2;27;27;27m██[38;2;55;36;40m██[38;2;57;36;40m██[38;2;39;28;27m██[38;2;27;26;26m██[38;2;54;32;29m██[38;2;58;37;41m██[38;2;27;27;27m████[38;2;50;34;39m██[38;2;56;35;38m██[38;2;51;31;28m██[38;2;51;31;25m██[38;2;26;26;26m████[38;2;25;25;25m██[38;2;26;26;26m██
[38;2;56;53;50m  [38;2;43;40;38m  [38;2;33;31;31m  [38;2;60;58;57m  [38;2;50;49;46m  [38;2;27;27;27m████████[38;2;27;26;27m██[38;2;36;30;32m██[38;2;43;35;41m██[38;2;59;38;47m██[38;2;59;37;41m██[38;2;55;36;41m██[38;2;34;27;28m██[38;2;56;32;28m██[38;2;37;30;31m██[38;2;27;26;26m██[38;2;47;33;36m██[38;2;57;36;39m██[38;2;55;35;36m██[38;2;53;31;27m██[38;2;52;31;25m██[38;2;26;26;26m████[38;2;26;26;25m██[38;2;26;26;26m██
[38;2;47;47;45m  [38;2;43;43;41m  [38;2;8;8;7m  [38;2;72;71;68m  [38;2;30;29;29m██[38;2;27;27;27m██[38;2;28;31;30m██[38;2;27;27;27m████[38;2;33;28;28m██[38;2;44;31;32m██[38;2;59;38;43m██[38;2;62;41;49m██[38;2;60;37;41m██[38;2;61;38;42m██[38;2;46;30;26m██[38;2;55;32;29m██[38;2;59;37;40m██[38;2;57;33;32m██[38;2;59;35;38m██[38;2;57;35;39m██[38;2;57;35;36m██[38;2;55;32;29m██[38;2;51;30;27m██[38;2;27;27;27m██[38;2;44;31;31m██[38;2;26;26;26m██[38;2;34;29;31m██
[38;2;28;27;25m  [38;2;35;34;33m  [38;2;35;34;32m  [38;2;30;30;29m██[38;2;29;28;28m██[38;2;28;28;28m██[38;2;32;47;40m██[38;2;26;26;26m████[38;2;57;38;42m██[38;2;62;40;44m██[38;2;62;42;48m██[38;2;64;43;50m██[38;2;62;39;42m██[38;2;63;41;45m██[38;2;60;38;40m██[38;2;58;36;31m██[38;2;62;39;43m██[38;2;58;36;33m██[38;2;60;38;39m██[38;2;59;37;39m████[38;2;58;34;33m██[38;2;43;29;27m██[38;2;60;38;42m██[38;2;30;27;29m██[38;2;31;27;26m██[38;2;57;36;41m██
[38;2;36;35;32m  [38;2;26;24;22m  [38;2;129;129;124m  [38;2;37;37;36m  [38;2;31;30;29m  [38;2;49;102;77m██[38;2;28;27;28m██[38;2;26;26;26m██[38;2;27;27;27m██[38;2;65;42;44m████[38;2;65;43;50m██[38;2;68;46;54m██[38;2;64;41;44m██[38;2;66;43;45m██[38;2;64;40;41m██[38;2;64;40;33m██[38;2;65;42;45m██[38;2;62;39;35m██[38;2;64;42;41m██[38;2;61;40;43m██[38;2;33;31;37m██[38;2;67;67;75m██[38;2;28;26;27m██[38;2;53;35;38m██[38;2;61;39;45m██[38;2;57;34;33m██[38;2;59;38;42m██
[38;2;31;30;29m  [38;2;30;30;30m██[38;2;30;30;29m██[38;2;29;30;30m██[38;2;49;103;77m██[38;2;43;80;63m██[38;2;27;27;27m████[38;2;34;31;34m██[38;2;68;45;47m██[38;2;55;40;43m██[38;2;137;138;155m██[38;2;49;44;55m██[38;2;66;44;45m██[38;2;67;45;49m██[38;2;66;42;40m██[38;2;65;41;35m██[38;2;68;45;48m██[38;2;65;41;36m██[38;2;65;45;46m██[38;2;77;77;88m██[38;2;145;148;163m██[38;2;151;153;167m██[38;2;151;151;165m██[38;2;63;62;73m██[38;2;61;42;47m██[38;2;59;37;36m██[38;2;62;40;44m██
[38;2;41;35;36m  [38;2;29;29;29m██[38;2;30;34;33m██[38;2;36;59;49m██[38;2;34;54;44m██[38;2;28;29;28m██[38;2;26;26;26m████[38;2;59;45;58m██[38;2;71;50;54m██[38;2;145;147;162m██[38;2;147;149;166m██[38;2;145;145;163m██[38;2;68;48;48m██[38;2;71;49;52m██[38;2;70;46;44m██[38;2;70;46;40m██[38;2;71;49;52m██[38;2;69;45;39m██[38;2;34;30;32m██[38;2;152;156;168m██[38;2;155;159;169m██[38;2;156;160;170m██[38;2;154;158;170m██[38;2;145;147;163m██[38;2;43;36;43m██[38;2;63;40;37m██[38;2;65;42;46m██
[38;2;31;30;30m  [38;2;29;29;29m██[38;2;28;28;28m██[38;2;27;27;27m██████████[38;2;71;52;64m██[38;2;78;67;74m██[38;2;153;155;169m██[38;2;164;166;173m██[38;2;152;154;169m██[38;2;63;58;59m██[38;2;77;53;57m██[38;2;74;49;45m██[38;2;73;48;41m██[38;2;74;48;41m██[38;2;74;48;40m██[38;2;106;107;115m██[38;2;175;175;181m██[38;2;222;222;222m████[38;2;198;198;202m██[38;2;149;152;168m██[38;2;101;102;116m██[38;2;67;43;39m██[38;2;67;45;48m██
[38;2;19;19;18m  [38;2;31;31;29m  [38;2;30;29;29m██[38;2;28;28;28m██[38;2;26;26;26m██████[38;2;27;27;28m██[38;2;77;57;68m██[38;2;136;137;151m██[38;2;218;217;218m██[38;2;222;222;222m██[38;2;216;217;217m██[38;2;127;130;139m██[38;2;81;57;55m██[38;2;80;52;44m██[38;2;80;51;43m████[38;2;71;47;40m██[38;2;163;165;174m██[38;2;222;221;221m██[38;2;223;223;223m██[38;2;222;222;222m████[38;2;186;187;191m██[38;2;152;154;166m██[38;2;66;44;40m██[38;2;71;48;51m██
[38;2;0;0;0m  [38;2;14;13;12m  [38;2;41;39;38m  [38;2;34;33;31m  [38;2;31;31;29m  [38;2;26;26;26m████[38;2;28;28;28m██[38;2;83;62;74m██[38;2;182;183;189m██[38;2;222;222;222m██[38;2;221;221;222m██[38;2;222;222;222m██[38;2;167;169;176m██[38;2;85;60;48m██[38;2;85;59;47m██[38;2;85;58;48m██[38;2;86;59;47m██[38;2;59;44;40m██[38;2;215;214;215m██[38;2;45;44;44m██[38;2;26;26;26m██[38;2;175;175;175m██[38;2;222;222;222m████[38;2;154;158;169m██[38;2;59;42;38m██[38;2;73;49;51m██
[38;2;0;0;0m      [38;2;37;28;27m  [38;2;29;29;30m██[38;2;27;27;27m████[38;2;29;29;28m██[38;2;82;65;72m██[38;2;218;218;219m██[38;2;170;170;170m██[38;2;29;29;29m██[38;2;191;191;191m██[38;2;216;215;215m██[38;2;83;59;49m██[38;2;90;62;51m██[38;2;90;62;50m██[38;2;91;63;51m██[38;2;88;81;82m██[38;2;217;215;216m██[38;2;24;24;24m████[38;2;44;44;44m██[38;2;222;222;222m████[38;2;183;184;191m██[38;2;58;43;40m██[38;2;79;53;51m██
[38;2;0;0;0m    [38;2;19;18;17m  [38;2;30;30;28m  [38;2;28;28;28m██[38;2;27;27;27m████[38;2;29;28;28m██[38;2;104;91;95m██[38;2;222;221;222m██[38;2;49;49;49m██[38;2;24;24;24m██[38;2;73;72;72m██[38;2;222;220;220m██[38;2;82;58;50m██[38;2;94;66;55m██[38;2;93;65;54m██[38;2;94;66;55m██[38;2;168;164;164m██[38;2;194;192;193m██[38;2;24;24;24m████[38;2;25;25;25m██[38;2;222;222;222m████[38;2;209;209;211m██[38;2;66;49;42m██[38;2;80;56;46m██
[38;2;0;0;0m    [38;2;38;37;35m  [38;2;30;29;27m██[38;2;31;30;29m  [38;2;34;34;34m  [38;2;27;27;27m██[38;2;28;28;29m██[38;2;121;110;111m██[38;2;222;222;222m██[38;2;34;34;34m██[38;2;24;24;24m██[38;2;40;40;40m██[38;2;221;220;220m██[38;2;88;62;54m██[38;2;103;71;59m██[38;2;99;69;58m██[38;2;103;71;59m██[38;2;210;207;205m██[38;2;194;192;192m██[38;2;24;24;24m████[38;2;25;25;25m██[38;2;222;222;222m████[38;2;221;221;222m██[38;2;78;55;47m██[38;2;65;48;43m██
[38;2;0;0;0m    [38;2;32;31;29m  [38;2;86;80;78m  [38;2;57;52;50m  [38;2;30;29;27m  [38;2;29;29;29m████[38;2;131;121;120m██[38;2;222;222;222m██[38;2;54;54;54m██[38;2;24;24;24m██[38;2;44;43;43m██[38;2;222;221;221m██[38;2;104;74;62m██[38;2;105;72;60m██[38;2;105;71;60m██[38;2;106;72;60m██[38;2;213;211;209m██[38;2;221;220;220m██[38;2;24;24;24m████[38;2;39;39;39m██[38;2;222;222;222m██████[38;2;93;66;56m██[38;2;92;65;53m██
[38;2;0;0;0m    [38;2;39;39;37m  [38;2;38;38;37m  [38;2;21;19;17m  [38;2;30;29;27m██[38;2;34;33;33m  [38;2;54;47;45m  [38;2;132;118;112m██[38;2;222;222;222m██[38;2;170;170;170m██[38;2;28;28;28m██[38;2;161;160;161m██[38;2;222;222;222m██[38;2;110;78;64m██[38;2;107;73;61m██[38;2;106;72;60m██[38;2;110;77;62m██[38;2;210;208;207m██[38;2;222;222;222m██[38;2;64;63;64m██[38;2;27;27;27m██[38;2;168;167;167m██[38;2;222;222;222m████[38;2;223;223;223m██[38;2;103;71;60m██[38;2;94;66;55m██
[38;2;0;0;0m        [38;2;35;31;29m  [38;2;34;31;29m  [38;2;46;43;42m  [38;2;46;36;33m  [38;2;122;99;89m██[38;2;222;222;222m██[38;2;222;222;224m██[38;2;215;215;216m██[38;2;222;222;223m██[38;2;222;222;222m██[38;2;114;79;65m██[38;2;111;78;63m██████[38;2;185;179;176m██[38;2;222;222;222m████[38;2;223;223;223m██[38;2;222;222;222m██████[38;2;193;189;188m██[38;2;104;71;60m██[38;2;82;58;49m██
[38;2;0;0;0m          [38;2;50;40;38m  [38;2;0;0;0m  [38;2;51;43;40m  [38;2;115;82;68m██[38;2;223;223;225m██████[38;2;223;223;224m██[38;2;175;167;165m██[38;2;117;81;69m██[38;2;115;80;66m██[38;2;114;79;66m██[38;2;115;79;66m██[38;2;134;112;102m██[38;2;222;222;222m██[38;2;223;223;225m██[38;2;223;223;224m██[38;2;222;222;224m██[38;2;222;222;223m██[38;2;222;222;222m██[38;2;114;90;79m██[38;2;104;71;60m██[38;2;102;71;58m██
[38;2;0;0;0m          [38;2;88;82;82m  [38;2;0;0;0m  [38;2;68;57;52m  [38;2;119;87;72m██[38;2;207;206;206m██[38;2;223;223;225m██████[38;2;182;152;135m██[38;2;212;178;158m██[38;2;222;186;166m██[38;2;214;179;159m██[38;2;181;147;129m██[38;2;138;104;90m██[38;2;222;222;224m██[38;2;223;223;225m██████[38;2;222;222;222m██[38;2;189;184;183m██[38;2;111;78;63m██[38;2;104;71;60m██[38;2;104;72;59m██
[38;2;0;0;0m              [38;2;170;159;153m  [38;2;231;198;178m██[38;2;222;193;173m██[38;2;220;220;220m██[38;2;220;219;221m██[38;2;207;184;168m██[38;2;185;158;143m██[38;2;229;198;177m██[38;2;230;197;176m██[38;2;230;196;176m██[38;2;229;197;176m██[38;2;230;197;176m██[38;2;196;176;163m██[38;2;222;222;224m██[38;2;223;223;225m██[38;2;222;222;224m██[38;2;206;205;205m██[38;2;118;85;71m██[38;2;112;79;64m██[38;2;108;74;62m██[38;2;104;70;59m██
[38;2;0;0;0m              [38;2;209;188;177m  [38;2;230;198;177m████[38;2;229;198;177m██[38;2;230;198;179m██[38;2;229;198;177m████████████████[38;2;230;198;178m██[38;2;204;179;161m██[38;2;215;187;169m██[38;2;229;197;176m██[38;2;229;194;173m██[38;2;191;158;138m██[38;2;117;82;68m██[38;2;110;76;63m██
[38;2;0;0;0m              [38;2;219;194;178m  [38;2;230;199;178m██[38;2;229;198;178m██[38;2;229;199;177m██[38;2;229;198;177m████[38;2;229;197;177m████████████[38;2;231;197;176m██[38;2;230;197;177m██[38;2;230;197;176m██[38;2;230;197;175m██[38;2;224;191;170m██[38;2;230;195;173m██[38;2;229;195;173m██[38;2;229;195;172m██[38;2;228;193;169m██
[38;2;0;0;0m              [38;2;224;195;179m  [38;2;230;198;177m████[38;2;230;199;178m██[38;2;230;198;177m████████████████[38;2;231;197;175m██[38;2;232;197;175m██[38;2;231;197;175m██[38;2;229;197;176m██[38;2;232;197;175m████[38;2;230;195;173m████[38;2;229;195;171m██
[38;2;0;0;0m              [38;2;236;221;211m  [38;2;232;196;175m██[38;2;230;198;177m██████[38;2;231;197;176m██[38;2;230;198;177m████[38;2;229;197;176m████[38;2;230;197;176m██[38;2;229;197;176m████[38;2;229;197;175m██[38;2;231;197;175m██[38;2;232;197;175m████[38;2;231;196;174m██[38;2;232;197;175m██[38;2;230;195;173m████
[38;2;0;0;0m              [38;2;194;174;161m  [38;2;229;196;173m██[38;2;231;197;175m██[38;2;230;198;177m██████[38;2;136;93;88m██[38;2;222;221;222m██[38;2;221;221;221m██████[38;2;221;221;220m██[38;2;194;180;171m██[38;2;231;197;175m██[38;2;229;197;176m██[38;2;230;196;175m██[38;2;231;197;175m████[38;2;231;196;174m██[38;2;230;195;173m████
[38;2;0;0;0m                [38;2;180;162;178m  [38;2;230;195;172m██[38;2;232;197;175m██[38;2;230;197;176m██[38;2;229;197;176m██[38;2;228;196;175m██[38;2;136;74;81m██[38;2;136;74;82m██[38;2;185;105;114m██[38;2;188;108;116m██[38;2;190;109;118m██[38;2;230;196;175m██[38;2;229;197;176m██[38;2;232;197;175m██████[38;2;230;195;173m██████[38;2;230;194;170m██
[38;2;0;0;0m                [38;2;26;24;24m  [38;2;205;182;165m  [38;2;230;195;171m██[38;2;231;196;174m██[38;2;230;197;175m██[38;2;229;197;176m██[38;2;223;190;171m██[38;2;184;105;114m██[38;2;189;107;117m████[38;2;191;149;138m██[38;2;231;197;175m██[38;2;230;197;175m██[38;2;231;197;175m████[38;2;230;195;173m████[38;2;230;195;172m██[38;2;228;194;170m██[38;2;164;158;151m  
[38;2;0;0;0m                  [38;2;30;29;28m  [38;2;211;195;182m  [38;2;228;194;171m  [38;2;229;195;170m██[38;2;229;195;172m██[38;2;229;195;173m██[38;2;229;194;172m██[38;2;173;114;113m██[38;2;197;158;143m██[38;2;229;195;173m████[38;2;231;196;174m██[38;2;230;195;173m██[38;2;229;195;173m████[38;2;231;194;171m██[38;2;222;190;168m  [38;2;193;175;162m  [38;2;0;0;0m  
[38;2;0;0;0m                      [38;2;188;172;157m  [38;2;213;186;168m  [38;2;229;194;170m██[38;2;230;194;171m████[38;2;228;195;171m██[38;2;230;195;173m██████████[38;2;230;195;172m██[38;2;230;194;170m██[38;2;196;167;147m  [38;2;211;197;186m  [38;2;0;0;0m    
[38;2;0;0;0m                          [38;2;144;128;119m  [38;2;214;187;170m  [38;2;218;189;168m  [38;2;225;191;170m  [38;2;221;190;166m  [38;2;225;193;167m██[38;2;226;193;169m██[38;2;220;186;161m██[38;2;193;155;132m██[38;2;167;122;102m██[38;2;159;114;97m  [38;2;116;105;99m  [38;2;0;0;0m      [0m
