
[38;2;0;0;0m                        ████████████████                        
[38;2;0;0;0m                  ████[38;2;73;0;0m██[38;2;171;0;0m██[38;2;177;0;0m██[38;2;167;0;0m████[38;2;166;0;0m████[38;2;177;0;0m██[38;2;171;0;0m██[38;2;77;0;0m██[38;2;0;0;0m████                  
[38;2;0;0;0m              ████[38;2;163;0;0m██[38;2;166;0;0m██[38;2;168;0;0m██[38;2;169;0;0m██[38;2;175;0;0m██[38;2;94;0;0m██[38;2;0;0;0m████[38;2;89;0;0m██[38;2;181;0;0m██[38;2;169;0;0m██[38;2;168;0;0m██[38;2;165;0;0m██[38;2;166;0;0m██[38;2;0;0;0m████              
[38;2;0;0;0m            ██[38;2;102;0;0m██[38;2;165;0;0m██[38;2;169;0;0m██[38;2;171;0;0m██[38;2;172;0;0m██[38;2;181;0;0m██[38;2;0;0;0m████████████[38;2;9;0;0m██[38;2;180;0;0m██[38;2;169;0;0m██[38;2;168;0;0m██[38;2;164;0;0m██[38;2;112;0;0m██[38;2;0;0;0m██            
[38;2;0;0;0m          ██[38;2;192;0;0m██[38;2;168;0;0m██[38;2;171;0;0m██[38;2;173;0;0m██[38;2;174;0;0m██[38;2;188;0;0m██[38;2;0;0;0m████[38;2;161;0;0m██[38;2;179;0;0m████[38;2;169;0;0m██[38;2;0;0;0m██████[38;2;10;0;0m██[38;2;178;0;0m██[38;2;170;0;0m██[38;2;168;0;0m██[38;2;193;0;0m██[38;2;0;0;0m██          
[38;2;0;0;0m        ██[38;2;142;0;0m██[38;2;169;0;0m██[38;2;172;0;0m██[38;2;174;0;0m██[38;2;182;0;0m██[38;2;11;0;0m██[38;2;0;0;0m████[38;2;11;0;0m██[38;2;183;0;0m██[38;2;184;0;0m████[38;2;183;0;0m██[38;2;21;0;0m██[38;2;0;0;0m████████[38;2;198;0;0m██[38;2;171;0;0m██[38;2;169;0;0m██[38;2;149;0;0m██[38;2;0;0;0m██        
[38;2;0;0;0m      ████████[38;2;197;0;0m██[38;2;207;0;0m██[38;2;0;0;0m████[38;2;124;0;0m██[38;2;0;0;0m██[38;2;59;0;0m██[38;2;188;0;0m██[38;2;189;0;0m████[38;2;188;0;0m██[38;2;72;0;0m██[38;2;0;0;0m██████████[38;2;217;0;0m██[38;2;0;0;0m████████      
[38;2;0;0;0m    ████████████████[38;2;197;0;0m██[38;2;188;0;0m██[38;2;0;0;0m████[38;2;196;0;0m██[38;2;193;0;0m████[38;2;194;0;0m██[38;2;0;0;0m████████████████████████    
[38;2;0;0;0m    ██████████████[38;2;186;0;0m██[38;2;189;0;0m██[38;2;192;0;0m██[38;2;166;0;0m██[38;2;0;0;0m██[38;2;1;0;0m██[38;2;182;0;0m██[38;2;185;0;0m██[38;2;2;0;0m██[38;2;0;0;0m██[38;2;15;0;0m██[38;2;143;0;0m██[38;2;121;0;0m██[38;2;0;0;0m████████████████    
[38;2;0;0;0m  ██████████████[38;2;196;0;0m██[38;2;190;0;0m██[38;2;193;0;0m██[38;2;191;0;0m██[38;2;185;0;0m██[38;2;127;0;0m██[38;2;0;0;0m████████[38;2;116;0;0m██[38;2;185;0;0m██[38;2;192;0;0m████[38;2;189;0;0m██[38;2;182;0;0m██[38;2;0;0;0m██████████████  
[38;2;0;0;0m  ████████████[38;2;174;0;0m██[38;2;189;0;0m██[38;2;193;0;0m██[38;2;189;0;0m██[38;2;181;0;0m██[38;2;174;0;0m██[38;2;169;0;0m████[38;2;177;0;0m██[38;2;176;0;0m██[38;2;170;0;0m████[38;2;175;0;0m██[38;2;183;0;0m██[38;2;190;0;0m██[38;2;192;0;0m██[38;2;189;0;0m██[38;2;150;0;0m██[38;2;0;0;0m████████████  
[38;2;0;0;0m  ████████████[38;2;187;0;0m██[38;2;192;0;0m██[38;2;191;0;0m██[38;2;181;0;0m██[38;2;173;0;0m██[38;2;165;0;0m██[38;2;159;0;0m██[38;2;154;0;0m██[38;2;152;0;0m████[38;2;155;0;0m██[38;2;160;0;0m██[38;2;167;0;0m██[38;2;174;0;0m██[38;2;183;0;0m██[38;2;193;0;0m██[38;2;191;0;0m██[38;2;187;0;0m██[38;2;5;0;0m██[38;2;0;0;0m██████████  
[38;2;0;0;0m██[38;2;175;0;0m██[38;2;57;0;0m██[38;2;0;0;0m██████[38;2;39;0;0m██[38;2;190;0;0m██[38;2;194;0;0m██[38;2;185;0;0m██[38;2;174;0;0m██[38;2;165;0;0m██[38;2;157;0;0m██[38;2;149;0;0m██[38;2;143;0;0m██[38;2;142;0;0m████[38;2;144;0;0m██[38;2;150;0;0m██[38;2;158;0;0m██[38;2;167;0;0m██[38;2;176;0;0m██[38;2;187;0;0m██[38;2;193;0;0m██[38;2;189;0;0m██[38;2;202;0;0m██[38;2;0;0;0m██████[38;2;50;0;0m██[38;2;180;0;0m██[38;2;0;0;0m██
[38;2;0;0;0m██[38;2;178;0;0m██[38;2;170;0;0m██[38;2;191;0;0m██[38;2;0;0;0m████[38;2;116;0;0m██[38;2;191;0;0m██[38;2;190;0;0m██[38;2;180;0;0m██[38;2;169;0;0m██[38;2;159;0;0m██[38;2;149;0;0m██[38;2;140;0;0m██[38;2;38;0;0m██[38;2;0;0;0m████[38;2;34;0;0m██[38;2;142;0;0m██[38;2;151;0;0m██[38;2;161;0;0m██[38;2;171;0;0m██[38;2;182;0;0m██[38;2;194;0;0m██[38;2;191;0;0m██[38;2;186;0;0m██[38;2;0;0;0m██[38;2;1;0;0m██[38;2;184;0;0m██[38;2;169;0;0m██[38;2;174;0;0m██[38;2;0;0;0m██
[38;2;0;0;0m██[38;2;167;0;0m██[38;2;171;0;0m██[38;2;92;0;0m██[38;2;0;0;0m████[38;2;39;0;0m██[38;2;192;0;0m██[38;2;188;0;0m██[38;2;176;0;0m██[38;2;165;0;0m██[38;2;154;0;0m██[38;2;144;0;0m██[38;2;34;0;0m██[38;2;0;0;0m████████[38;2;28;0;0m██[38;2;146;0;0m██[38;2;156;0;0m██[38;2;167;0;0m██[38;2;179;0;0m██[38;2;190;0;0m██[38;2;192;0;0m██[38;2;187;0;0m██[38;2;19;0;0m██[38;2;0;0;0m██[38;2;174;0;0m██[38;2;170;0;0m██[38;2;166;0;0m██[38;2;0;0;0m██
[38;2;0;0;0m██[38;2;167;0;0m██[38;2;171;0;0m██[38;2;2;0;0m██[38;2;0;0;0m██████[38;2;194;0;0m██[38;2;187;0;0m██[38;2;175;0;0m██[38;2;163;0;0m██[38;2;152;0;0m██[38;2;142;0;0m██[38;2;0;0;0m████████████[38;2;146;0;0m██[38;2;154;0;0m██[38;2;166;0;0m██[38;2;178;0;0m██[38;2;189;0;0m██[38;2;192;0;0m██[38;2;188;0;0m██[38;2;93;0;0m██[38;2;0;0;0m██[38;2;181;0;0m██[38;2;170;0;0m██[38;2;166;0;0m██[38;2;0;0;0m██
[38;2;0;0;0m██[38;2;167;0;0m██[38;2;171;0;0m██[38;2;0;0;0m████████[38;2;16;0;0m██[38;2;201;0;0m██[38;2;175;0;0m██[38;2;163;0;0m██[38;2;152;0;0m██[38;2;142;0;0m██[38;2;0;0;0m████████████[38;2;146;0;0m██[38;2;154;0;0m██[38;2;166;0;0m██[38;2;178;0;0m██[38;2;203;0;0m██[38;2;204;0;0m██[38;2;200;0;0m██[38;2;126;0;0m██[38;2;0;0;0m██[38;2;183;0;0m██[38;2;170;0;0m██[38;2;166;0;0m██[38;2;0;0;0m██
[38;2;0;0;0m██[38;2;167;0;0m██[38;2;172;0;0m██[38;2;0;0;0m████████████[38;2;26;0;0m██[38;2;172;0;0m██[38;2;155;0;0m██[38;2;144;0;0m██[38;2;30;0;0m██[38;2;0;0;0m████████[38;2;25;0;0m██[38;2;146;0;0m██[38;2;157;0;0m██[38;2;173;0;0m██[38;2;32;0;0m██[38;2;0;0;0m██████████[38;2;183;0;0m██[38;2;170;0;0m██[38;2;166;0;0m██[38;2;0;0;0m██
[38;2;0;0;0m██[38;2;177;0;0m██[38;2;170;0;0m██[38;2;0;0;0m██████[38;2;26;0;0m██[38;2;127;0;0m██[38;2;44;0;0m██[38;2;0;0;0m████[38;2;161;0;0m██[38;2;150;0;0m██[38;2;143;0;0m██[38;2;31;0;0m██[38;2;0;0;0m████[38;2;27;0;0m██[38;2;145;0;0m██[38;2;152;0;0m██[38;2;163;0;0m██[38;2;0;0;0m████[38;2;41;0;0m██[38;2;127;0;0m██[38;2;29;0;0m██[38;2;0;0;0m████[38;2;181;0;0m██[38;2;169;0;0m██[38;2;174;0;0m██[38;2;0;0;0m██
[38;2;0;0;0m██[38;2;170;0;0m██[38;2;169;0;0m██[38;2;0;0;0m████[38;2;49;0;0m██[38;2;186;0;0m██[38;2;190;0;0m██[38;2;194;0;0m██[38;2;128;0;0m██[38;2;0;0;0m██[38;2;147;0;0m██[38;2;158;0;0m██[38;2;151;0;0m██[38;2;145;0;0m██[38;2;146;0;0m██████[38;2;153;0;0m██[38;2;160;0;0m██[38;2;158;0;0m██[38;2;0;0;0m██[38;2;112;0;0m██[38;2;192;0;0m██[38;2;189;0;0m██[38;2;185;0;0m██[38;2;60;0;0m██[38;2;0;0;0m██[38;2;177;0;0m██[38;2;168;0;0m██[38;2;174;0;0m██[38;2;0;0;0m██
[38;2;0;0;0m  [38;2;73;0;0m██[38;2;168;0;0m██[38;2;80;0;0m██[38;2;0;0;0m██[38;2;206;0;0m██[38;2;184;0;0m██[38;2;188;0;0m██[38;2;191;0;0m██[38;2;195;0;0m██[38;2;0;0;0m██[38;2;40;0;0m██[38;2;167;0;0m██[38;2;161;0;0m██[38;2;156;0;0m██[38;2;154;0;0m██[38;2;155;0;0m██[38;2;157;0;0m██[38;2;162;0;0m██[38;2;168;0;0m██[38;2;50;0;0m██[38;2;0;0;0m██[38;2;199;0;0m██[38;2;190;0;0m██[38;2;187;0;0m██[38;2;183;0;0m██[38;2;201;0;0m██[38;2;0;0;0m██[38;2;88;0;0m██[38;2;167;0;0m██[38;2;85;0;0m██[38;2;0;0;0m  
[38;2;0;0;0m  ██[38;2;165;0;0m██[38;2;116;0;0m██[38;2;0;0;0m██[38;2;207;0;0m██[38;2;182;0;0m██[38;2;185;0;0m██[38;2;189;0;0m██[38;2;204;0;0m██[38;2;0;0;0m██[38;2;53;0;0m██[38;2;176;0;0m██[38;2;171;0;0m██[38;2;167;0;0m██[38;2;165;0;0m██[38;2;166;0;0m██[38;2;168;0;0m██[38;2;172;0;0m██[38;2;177;0;0m██[38;2;64;0;0m██[38;2;0;0;0m██[38;2;206;0;0m██[38;2;188;0;0m██[38;2;185;0;0m██[38;2;181;0;0m██[38;2;206;0;0m██[38;2;0;0;0m██[38;2;102;0;0m██[38;2;165;0;0m██[38;2;0;0;0m██  
[38;2;0;0;0m  ██[38;2;166;0;0m██[38;2;177;0;0m██[38;2;0;0;0m██[38;2;10;0;0m██[38;2;180;0;0m██[38;2;183;0;0m██[38;2;186;0;0m██[38;2;33;0;0m██[38;2;0;0;0m██[38;2;200;0;0m██[38;2;187;0;0m██[38;2;182;0;0m██[38;2;178;0;0m██████[38;2;179;0;0m██[38;2;183;0;0m██[38;2;188;0;0m██[38;2;206;0;0m██[38;2;0;0;0m██[38;2;22;0;0m██[38;2;186;0;0m██[38;2;182;0;0m██[38;2;179;0;0m██[38;2;13;0;0m██[38;2;0;0;0m██[38;2;177;0;0m██[38;2;171;0;0m██[38;2;0;0;0m██  
[38;2;0;0;0m    ██[38;2;164;0;0m██[38;2;69;0;0m██[38;2;0;0;0m██████████[38;2;4;0;0m██[38;2;190;0;0m██[38;2;193;0;0m██[38;2;194;0;0m██[38;2;190;0;0m██[38;2;189;0;0m████[38;2;191;0;0m██[38;2;194;0;0m██[38;2;193;0;0m██[38;2;47;0;0m██[38;2;0;0;0m████████████[38;2;54;0;0m██[38;2;165;0;0m██[38;2;2;0;0m██[38;2;0;0;0m    
[38;2;0;0;0m    ██[38;2;105;0;0m██[38;2;167;0;0m██[38;2;162;0;0m██[38;2;0;0;0m████████[38;2;185;0;0m██[38;2;187;0;0m██[38;2;189;0;0m██[38;2;191;0;0m██[38;2;192;0;0m██████[38;2;191;0;0m██[38;2;190;0;0m██[38;2;212;0;0m██[38;2;0;0;0m████████████[38;2;156;0;0m██[38;2;166;0;0m██[38;2;118;0;0m██[38;2;0;0;0m██    
[38;2;0;0;0m      ██[38;2;193;0;0m██[38;2;168;0;0m██[38;2;171;0;0m██[38;2;175;0;0m██[38;2;57;0;0m██[38;2;0;0;0m████[38;2;79;0;0m██[38;2;215;0;0m██[38;2;186;0;0m██[38;2;187;0;0m██[38;2;188;0;0m██████[38;2;156;0;0m██[38;2;0;0;0m████████████[38;2;194;0;0m██[38;2;167;0;0m██[38;2;192;0;0m██[38;2;0;0;0m██      
[38;2;0;0;0m        ██[38;2;188;0;0m██[38;2;168;0;0m██[38;2;171;0;0m██[38;2;173;0;0m██[38;2;187;0;0m██[38;2;29;0;0m██[38;2;0;0;0m██████[38;2;3;0;0m██[38;2;10;0;0m██[38;2;3;0;0m██[38;2;0;0;0m████████████[38;2;56;0;0m██[38;2;173;0;0m██[38;2;167;0;0m██[38;2;184;0;0m██[38;2;0;0;0m██        
[38;2;0;0;0m          ██[38;2;193;0;0m██[38;2;167;0;0m██[38;2;170;0;0m██[38;2;172;0;0m██[38;2;174;0;0m██[38;2;182;0;0m██[38;2;8;0;0m██[38;2;0;0;0m██████████████[38;2;2;0;0m██[38;2;125;0;0m██[38;2;178;0;0m██[38;2;169;0;0m██[38;2;167;0;0m██[38;2;191;0;0m██[38;2;0;0;0m██          
[38;2;0;0;0m            ██[38;2;115;0;0m██[38;2;164;0;0m██[38;2;168;0;0m██[38;2;170;0;0m██[38;2;171;0;0m██[38;2;7;0;0m██[38;2;0;0;0m████████████[38;2;2;0;0m██[38;2;171;0;0m██[38;2;169;0;0m██[38;2;168;0;0m██[38;2;164;0;0m██[38;2;124;0;0m██[38;2;0;0;0m██            
[38;2;0;0;0m              ██[38;2;2;0;0m██[38;2;169;0;0m██[38;2;165;0;0m██[38;2;167;0;0m██[38;2;7;0;0m██[38;2;0;0;0m████████████[38;2;2;0;0m██[38;2;167;0;0m██[38;2;165;0;0m██[38;2;171;0;0m██[38;2;5;0;0m██[38;2;0;0;0m██              
[38;2;0;0;0m                  ████[38;2;85;0;0m██[38;2;8;0;0m██[38;2;0;0;0m████████████[38;2;3;0;0m██[38;2;89;0;0m██[38;2;0;0;0m████                  
[38;2;0;0;0m                        ████████████████                        [0m
