
[38;2;0;0;0m                  [38;2;48;48;48m  [38;2;225;227;226m  [38;2;237;239;238m████[38;2;145;108;109m██[38;2;136;35;43m██████[38;2;102;26;32m  [38;2;0;0;0m                        
[38;2;0;0;0m              [38;2;1;1;2m  [38;2;207;208;208m  [38;2;237;239;238m████[38;2;211;212;212m██[38;2;236;238;237m██[38;2;136;35;43m██[38;2;136;34;43m██[38;2;136;35;43m██████[38;2;136;34;43m██[38;2;14;4;4m  [38;2;0;0;0m                    
[38;2;0;0;0m            [38;2;1;1;1m  [38;2;237;239;238m██████[38;2;230;232;232m██[38;2;193;195;195m██[38;2;177;164;165m██[38;2;135;35;43m██████[38;2;136;35;43m██[38;2;135;35;43m██[38;2;113;31;37m██[38;2;135;35;43m██[38;2;1;0;0m  [38;2;0;0;0m                  
[38;2;0;0;0m            [38;2;228;230;229m  [38;2;237;239;238m██[38;2;175;178;178m██[38;2;237;239;238m██[38;2;210;211;211m██[38;2;168;169;169m██[38;2;121;29;36m██[38;2;136;35;43m████[38;2;117;31;38m██[38;2;136;35;43m██████[38;2;96;26;31m██[38;2;126;32;40m  [38;2;0;0;0m                  
[38;2;0;0;0m          [38;2;72;72;72m  [38;2;236;238;238m██[38;2;233;235;234m██[38;2;236;239;237m██[38;2;237;239;238m██[38;2;162;165;165m██[38;2;243;244;243m██[38;2;113;31;37m██[38;2;136;35;43m████[38;2;54;18;20m██[38;2;136;35;43m██████[38;2;78;26;30m██[38;2;136;35;43m██[38;2;10;3;4m  [38;2;0;0;0m                
[38;2;0;0;0m          [38;2;238;239;239m██[38;2;237;239;238m██[38;2;211;212;212m██[38;2;237;239;238m██[38;2;237;239;237m██[38;2;163;164;163m██[38;2;174;175;174m██[38;2;136;118;118m██[38;2;136;34;43m████[38;2;54;18;20m██[38;2;136;35;43m██[38;2;135;34;42m██[38;2;136;35;43m██[38;2;86;25;29m██[38;2;116;31;38m██[38;2;110;29;35m  [38;2;0;0;0m                
[38;2;0;0;0m        [38;2;46;47;47m  [38;2;225;227;227m██[38;2;156;160;161m██[38;2;190;191;191m██[38;2;216;218;217m██[38;2;217;222;223m██[38;2;203;205;206m██[38;2;177;179;179m██[38;2;121;95;99m██[38;2;136;35;43m████[38;2;64;20;23m██[38;2;108;30;36m██[38;2;126;33;40m██[38;2;136;35;43m██[38;2;139;34;43m██[38;2;72;24;27m██[38;2;136;35;43m██[38;2;0;0;0m                
[38;2;0;0;0m        [38;2;147;150;150m  [38;2;179;181;181m██[38;2;239;240;240m██[38;2;177;179;178m██[38;2;179;189;192m██[38;2;183;193;196m██[38;2;195;204;205m██[38;2;175;180;180m██[38;2;120;77;79m██[38;2;103;29;35m██[38;2;137;34;42m██[38;2;75;29;27m██[38;2;68;22;25m██[38;2;112;30;37m██[38;2;136;35;42m██[38;2;135;35;42m██[38;2;57;19;21m██[38;2;135;34;42m██[38;2;0;0;0m                
[38;2;0;0;0m        [38;2;194;195;194m██[38;2;130;139;141m██[38;2;237;239;238m██[38;2;218;220;219m██[38;2;231;234;234m██[38;2;126;140;143m██[38;2;170;180;183m██[38;2;174;187;189m██[38;2;120;101;104m██[38;2;88;27;32m██[38;2;110;30;36m██[38;2;88;36;31m██[38;2;57;19;21m██[38;2;100;29;34m██[38;2;136;35;43m████[38;2;44;14;16m██[38;2;125;33;40m██[38;2;2;1;1m  [38;2;0;0;0m              
[38;2;0;0;0m        [38;2;188;190;190m██[38;2;240;241;241m██[38;2;226;229;229m██[38;2;109;119;122m██[38;2;152;166;170m██[38;2;164;113;84m██[38;2;148;153;153m██[38;2;117;127;129m██[38;2;114;101;102m██[38;2;71;22;26m██[38;2;76;25;28m██[38;2;172;83;68m██[38;2;133;62;52m██[38;2;67;22;25m██[38;2;134;35;42m██[38;2;136;35;43m██[38;2;59;19;22m██[38;2;85;26;31m██[38;2;16;4;5m  [38;2;0;0;0m              
[38;2;0;0;0m        [38;2;112;119;120m██[38;2;229;232;232m██[38;2;163;173;174m██[38;2;124;137;140m██[38;2;96;109;113m██[38;2;106;92;81m██[38;2;131;123;112m██[38;2;181;152;128m██[38;2;169;165;164m██[38;2;61;20;23m██[38;2;39;12;14m██[38;2;170;82;67m██[38;2;172;83;69m██[38;2;62;21;22m██[38;2;84;27;30m██[38;2;136;34;42m██[38;2;73;24;28m██[38;2;77;26;30m██[38;2;15;4;5m  [38;2;0;0;0m              
[38;2;0;0;0m        [38;2;130;148;153m██[38;2;174;182;184m██[38;2;108;121;125m██[38;2;131;143;146m██[38;2;120;82;63m██[38;2;172;152;132m██[38;2;210;194;169m██[38;2;236;207;180m██[38;2;227;227;225m██[38;2;62;21;24m██[38;2;142;63;55m██[38;2;194;194;193m██[38;2;142;172;173m██[38;2;244;245;245m██[38;2;77;26;29m██[38;2;128;33;40m██[38;2;78;25;29m██[38;2;77;25;29m██[38;2;16;4;5m  [38;2;0;0;0m              
[38;2;0;0;0m        [38;2;78;89;92m  [38;2;105;119;124m██[38;2;112;118;119m██[38;2;111;117;119m██[38;2;246;246;246m██[38;2;215;216;215m██[38;2;227;228;227m██[38;2;250;215;188m██[38;2;145;129;113m██[38;2;66;19;23m██[38;2;173;87;73m██[38;2;163;84;71m██[38;2;162;80;68m██[38;2;154;72;61m██[38;2;68;25;24m██[38;2;78;26;30m██[38;2;99;56;44m██[38;2;65;21;24m  [38;2;22;5;7m  [38;2;0;0;0m              
[38;2;0;0;0m        [38;2;37;42;43m  [38;2;109;108;104m██[38;2;123;138;142m██[38;2;156;150;140m██[38;2;250;216;188m██[38;2;249;216;188m██████[38;2;250;218;190m██[38;2;179;160;139m██[38;2;185;108;90m██[38;2;171;83;68m██[38;2;172;83;68m██[38;2;171;83;68m██[38;2;99;41;36m██[38;2;67;22;24m██[38;2;153;108;82m██[38;2;43;15;16m  [38;2;62;16;20m  [38;2;0;0;0m              
[38;2;0;0;0m        [38;2;13;15;15m  [38;2;114;116;111m  [38;2;106;114;113m██[38;2;211;193;168m██[38;2;249;216;188m██[38;2;250;215;188m██[38;2;249;216;188m████[38;2;250;217;189m██[38;2;250;216;188m██[38;2;249;215;188m██[38;2;250;217;189m██[38;2;197;135;113m██[38;2;179;98;80m██[38;2;242;207;178m██[38;2;181;158;136m██[38;2;195;170;146m██[38;2;18;6;7m  [38;2;0;0;0m                
[38;2;0;0;0m          [38;2;29;28;27m  [38;2;104;85;73m██[38;2;229;205;179m██[38;2;249;215;187m██[38;2;250;216;188m██[38;2;249;216;188m██[38;2;250;216;187m██[38;2;249;216;188m████[38;2;250;216;187m██[38;2;250;216;188m██[38;2;249;216;188m██████[38;2;224;194;169m██[38;2;215;194;169m  [38;2;13;7;9m  [38;2;0;0;0m                
[38;2;0;0;0m            [38;2;223;202;176m  [38;2;177;159;138m██[38;2;249;216;187m██[38;2;249;216;188m██[38;2;250;216;188m████[38;2;249;216;187m██[38;2;249;216;188m██[38;2;250;216;188m██[38;2;249;216;188m██████[38;2;246;217;189m  [38;2;215;191;167m  [38;2;4;3;3m  [38;2;0;0;0m                  
[38;2;0;0;0m              [38;2;15;13;12m  [38;2;250;216;188m██[38;2;249;216;187m██[38;2;249;215;188m██[38;2;249;216;188m██[38;2;196;171;149m██[38;2;196;175;151m██[38;2;250;217;189m██[38;2;249;216;188m████[38;2;250;216;188m██[38;2;87;60;44m  [38;2;0;0;0m                      
[38;2;0;0;0m                [38;2;98;91;79m  [38;2;250;216;188m██[38;2;249;216;188m████[38;2;250;216;188m████[38;2;249;216;188m████[38;2;250;216;188m██[38;2;93;61;45m██[38;2;40;31;26m  [38;2;0;0;0m                      
[38;2;0;0;0m                  [38;2;36;27;24m  [38;2;225;199;174m██[38;2;250;216;188m██[38;2;249;216;188m██[38;2;250;216;188m██[38;2;249;215;188m██[38;2;218;194;169m██[38;2;180;123;91m██[38;2;174;125;95m██[38;2;35;42;98m██[38;2;4;5;15m  [38;2;0;0;0m                    
[38;2;0;0;0m                [38;2;0;0;1m  [38;2;27;35;93m██[38;2;247;213;184m██[38;2;144;103;79m██[38;2;199;177;154m██[38;2;182;166;145m██[38;2;0;0;0m██[38;2;85;58;43m██[38;2;180;123;90m██[38;2;100;95;108m  [38;2;25;34;90m██[38;2;2;2;10m  [38;2;0;0;0m                    
[38;2;0;0;0m                [38;2;28;37;97m██[38;2;8;12;42m██[38;2;249;216;188m██[38;2;248;215;186m██[38;2;178;122;89m██[38;2;1;1;0m██[38;2;128;87;63m██[38;2;64;48;66m  [38;2;28;36;96m██[38;2;19;25;72m██[38;2;8;11;40m██[38;2;0;0;0m                      
[38;2;0;0;0m                [38;2;7;8;22m  [38;2;27;36;95m██[38;2;27;36;96m██[38;2;250;215;188m██[38;2;250;216;188m██[38;2;174;119;87m██[38;2;178;122;89m██[38;2;22;29;81m██[38;2;8;11;40m██████[38;2;0;0;0m                      
[38;2;0;0;0m                [38;2;0;0;1m  [38;2;12;17;54m██[38;2;8;10;40m██[38;2;250;215;188m██[38;2;250;216;188m██[38;2;190;168;145m██[38;2;225;187;157m  [38;2;20;27;74m██[38;2;8;10;40m██[38;2;8;11;39m██[38;2;8;11;40m██[38;2;0;0;0m                      
[38;2;0;0;0m                  [38;2;15;22;65m██[38;2;8;11;40m██[38;2;227;186;154m██[38;2;250;216;188m████[38;2;224;205;178m██[38;2;14;20;59m██[38;2;8;10;40m██[38;2;8;11;39m██[38;2;8;11;40m██[38;2;28;37;97m██[38;2;0;0;0m                    
[38;2;0;0;0m              [38;2;1;1;3m  [38;2;27;36;94m██[38;2;19;26;74m██[38;2;8;11;39m██[38;2;181;126;93m██[38;2;250;215;188m████[38;2;208;184;161m██[38;2;8;11;42m██[38;2;8;11;40m████[38;2;16;22;63m██[38;2;28;37;98m██[38;2;7;10;39m  [38;2;1;1;1m  [38;2;0;0;0m                
[38;2;0;0;0m            [38;2;24;24;26m  [38;2;24;33;92m██[38;2;28;36;96m██[38;2;22;30;81m██[38;2;8;11;40m██[38;2;178;122;89m██[38;2;250;216;188m████[38;2;75;74;91m  [38;2;8;11;39m██[38;2;6;9;33m██[38;2;21;29;79m██[38;2;8;11;40m████[38;2;12;14;34m██[38;2;142;149;159m██[38;2;101;111;115m  [38;2;0;0;0m              
[38;2;0;0;0m          [38;2;71;71;64m  [38;2;237;237;237m██[38;2;28;36;96m████[38;2;23;30;82m██[38;2;8;11;40m██[38;2;30;24;41m██[38;2;181;125;92m██[38;2;131;117;115m  [38;2;10;13;45m██[38;2;7;10;38m██[38;2;8;11;39m██[38;2;8;11;40m██████[38;2;131;139;147m██[38;2;144;154;161m██[38;2;236;236;236m██  [38;2;46;45;42m  [38;2;0;0;0m          
[38;2;0;0;0m        [38;2;138;140;140m  [38;2;237;237;237m██[38;2;235;236;235m██[38;2;28;36;96m████[38;2;25;34;89m██[38;2;27;36;95m██[38;2;6;8;34m██[38;2;14;13;37m██[38;2;8;11;40m████████████[38;2;7;10;38m██[38;2;226;228;228m██[38;2;237;237;237m██████[38;2;27;36;94m██[38;2;26;34;90m  [38;2;0;0;2m  [38;2;0;0;0m      
[38;2;0;0;0m    [38;2;0;0;1m  [38;2;82;87;117m  [38;2;237;237;237m████[38;2;218;218;219m██[38;2;28;36;96m██[38;2;27;36;96m████[38;2;24;32;85m██[38;2;8;11;39m██[38;2;8;11;40m████████[38;2;7;10;38m██[38;2;17;23;66m██[38;2;27;36;95m██[38;2;95;99;119m██[38;2;237;237;237m██████[38;2;159;162;169m██[38;2;28;36;96m██████[38;2;16;22;57m  [38;2;0;0;0m    
[38;2;0;0;0m  [38;2;11;15;39m  [38;2;28;36;96m██[38;2;160;162;170m██[38;2;237;237;237m████[38;2;201;203;207m██[38;2;28;36;96m████████[38;2;27;37;96m██[38;2;24;32;88m██[38;2;25;34;89m██[38;2;28;36;96m██[38;2;28;37;96m██[38;2;28;36;96m██████[38;2;234;234;234m██[38;2;237;237;237m██████[38;2;27;36;93m██[38;2;28;36;96m████████[38;2;27;37;96m  [38;2;6;8;22m  
[38;2;21;27;74m  [38;2;28;36;96m████[38;2;202;202;203m██[38;2;237;237;237m████[38;2;190;191;198m██[38;2;28;36;96m████████[38;2;27;36;95m██[38;2;28;36;96m████████████[38;2;24;33;90m██[38;2;237;237;237m██████[38;2;222;222;222m██[38;2;28;36;96m████████████[38;2;78;30;65m██[0m
