
[38;2;11;7;4m  [38;2;1;1;0m  [38;2;45;30;20m██[38;2;44;30;20m██[38;2;44;30;19m██[38;2;44;30;20m████[38;2;45;30;19m██[38;2;44;30;20m██████████████████████[38;2;45;30;20m██[38;2;44;30;19m██[38;2;44;30;20m████[38;2;45;30;19m██[38;2;44;30;20m████████████[38;2;46;31;20m  [38;2;0;0;0m  
[38;2;0;0;0m  [38;2;18;11;8m  [38;2;44;30;20m██████[38;2;44;29;20m██[38;2;43;28;19m██[38;2;46;30;20m██[38;2;44;30;20m██████████████████[38;2;10;7;4m██[38;2;45;30;20m██[38;2;38;32;21m██[38;2;44;30;20m██[38;2;44;29;20m██[38;2;44;30;20m██████████████[38;2;46;31;20m██[38;2;13;8;5m  [38;2;2;1;0m  
[38;2;0;0;0m  [38;2;18;12;8m  [38;2;45;30;19m██[38;2;45;30;20m██[38;2;44;30;20m████[38;2;57;56;44m██[38;2;44;30;20m██[38;2;46;30;20m██[38;2;5;3;2m██[38;2;45;30;20m██[38;2;44;30;20m████[38;2;34;23;15m██[38;2;44;30;20m████[38;2;23;17;12m██[38;2;21;13;9m██[38;2;23;17;12m██[38;2;135;117;85m██[38;2;46;30;20m██[38;2;45;30;20m██[38;2;44;29;19m██[38;2;44;30;20m██[38;2;4;2;1m██[38;2;44;30;20m████████[38;2;46;30;20m  [38;2;0;0;0m    
[38;2;0;0;0m    [38;2;46;31;20m  [38;2;44;30;20m████[38;2;28;28;22m██[38;2;19;10;6m██[38;2;38;25;16m  [38;2;149;128;92m██[38;2;41;28;18m██[38;2;45;29;19m██[38;2;45;30;20m██[38;2;50;43;30m██[38;2;45;30;20m██[38;2;42;28;18m██[38;2;31;20;14m██[38;2;143;123;89m██[38;2;26;18;12m██[38;2;139;120;88m██[38;2;140;121;88m██[38;2;37;24;16m████[38;2;30;25;15m██[38;2;44;30;20m██[38;2;35;23;15m██[38;2;44;30;20m██[38;2;21;14;9m██[38;2;44;30;20m████[38;2;18;11;7m  [38;2;0;0;0m    
[38;2;0;0;0m    [38;2;1;1;0m  [38;2;44;29;19m██[38;2;45;30;20m██[38;2;149;144;117m██[38;2;46;31;21m██[38;2;141;126;93m██[38;2;6;3;2m██[38;2;111;95;67m██[38;2;44;30;20m██[38;2;38;32;22m██[38;2;91;78;55m██[38;2;40;27;18m██[38;2;23;16;10m██[38;2;141;122;88m██[38;2;108;92;66m██[38;2;143;124;90m██[38;2;140;121;88m██[38;2;140;120;88m██[38;2;82;70;49m██[38;2;54;46;32m██[38;2;113;97;69m██[38;2;8;6;4m██[38;2;27;17;11m██[38;2;23;15;10m██[38;2;24;20;11m██[38;2;44;29;20m██[38;2;44;29;19m██[38;2;2;1;0m  [38;2;2;1;1m  [38;2;0;0;0m  
[38;2;0;0;0m    [38;2;3;2;1m  [38;2;45;30;20m████[38;2;173;168;137m██[38;2;176;171;139m██[38;2;138;119;87m██[38;2;127;108;77m██[38;2;15;11;7m██[38;2;10;8;5m██[38;2;139;120;87m██[38;2;25;20;14m██[38;2;115;98;70m██[38;2;116;100;71m██[38;2;139;120;88m██[38;2;139;120;87m██[38;2;140;121;88m██[38;2;140;120;88m██[38;2;140;121;88m██[38;2;139;120;87m██[38;2;140;120;87m██[38;2;91;78;55m██[38;2;137;119;86m██[38;2;8;4;2m██[38;2;34;29;20m██[38;2;127;109;77m██[38;2;45;30;20m██[38;2;40;27;18m██[38;2;12;8;5m  [38;2;0;0;0m    
[38;2;0;0;0m    [38;2;26;26;26m  [38;2;39;38;31m  [38;2;39;26;17m██[38;2;145;141;115m██[38;2;170;165;135m██[38;2;140;120;87m██[38;2;139;121;88m██[38;2;12;8;5m██[38;2;139;119;87m██[38;2;139;120;87m██[38;2;4;3;1m██[38;2;141;122;89m██[38;2;140;121;88m██[38;2;139;120;87m██[38;2;139;121;88m████[38;2;140;120;88m██[38;2;140;121;88m██[38;2;140;120;88m██[38;2;140;121;88m██[38;2;143;124;90m██[38;2;140;121;88m██[38;2;135;116;83m██[38;2;60;49;32m██[38;2;149;128;93m██[38;2;45;30;20m██[38;2;25;17;10m  [38;2;0;0;0m      
[38;2;0;0;0m    [38;2;82;78;61m  [38;2;140;121;88m██[38;2;23;15;10m██[38;2;48;47;38m██[38;2;59;57;45m██[38;2;140;121;88m██[38;2;139;120;88m██[38;2;142;123;89m██[38;2;140;121;88m████[38;2;139;120;87m██[38;2;83;71;49m██[38;2;140;121;88m██[38;2;83;70;48m██[38;2;143;124;90m██[38;2;146;125;91m██[38;2;142;123;89m██[38;2;96;81;56m██[38;2;139;120;87m██[38;2;140;121;88m██[38;2;139;121;88m██████[38;2;57;48;32m██[38;2;142;123;88m██[38;2;45;29;19m  [38;2;77;75;60m██[38;2;36;35;28m  [38;2;0;0;0m    
[38;2;0;0;0m  [38;2;49;49;49m  [38;2;129;120;93m  [38;2;126;108;78m██[38;2;92;79;56m██[38;2;7;7;5m██[38;2;141;137;111m██[38;2;100;86;61m██[38;2;13;11;7m██[38;2;67;57;39m██[38;2;144;124;91m██[38;2;138;120;87m██[38;2;139;120;87m██[38;2;67;57;38m██[38;2;73;63;42m██[38;2;69;59;41m██[38;2;142;123;89m██[38;2;101;87;61m██[38;2;67;56;39m██[38;2;103;88;63m██[38;2;140;121;87m██[38;2;139;120;87m██[38;2;141;122;89m██[38;2;149;129;93m██[38;2;142;123;90m██[38;2;68;58;39m██[38;2;38;32;22m██[38;2;27;17;11m██[38;2;146;126;92m██[38;2;125;112;82m  [38;2;0;0;0m    
[38;2;0;0;0m  [38;2;8;0;21m  [38;2;150;146;119m██[38;2;132;113;82m██[38;2;138;119;86m██[38;2;14;10;7m██[38;2;160;155;126m██[38;2;136;117;84m██[38;2;10;8;5m  [38;2;0;0;0m██████[38;2;4;3;2m██[38;2;9;7;5m██[38;2;94;81;57m██[38;2;101;86;60m██[38;2;94;80;57m██[38;2;140;121;88m██[38;2;102;87;62m██[38;2;62;53;37m██[38;2;23;19;14m██[38;2;3;2;2m██[38;2;2;2;2m██[38;2;0;0;0m██[38;2;1;1;0m██[38;2;63;52;36m██[38;2;18;12;7m██[38;2;131;112;81m██[38;2;135;116;84m██[38;2;107;95;69m  [38;2;0;0;0m    
[38;2;10;0;25m  [38;2;10;0;24m██[38;2;40;39;31m  [38;2;103;87;62m██[38;2;138;119;86m██[38;2;46;31;20m██[38;2;107;103;83m██[38;2;44;42;33m██[38;2;247;247;247m██[38;2;254;254;254m████████[38;2;240;240;240m██[38;2;1;1;1m██[38;2;131;112;81m██[38;2;141;122;88m██[38;2;1;0;0m██[38;2;38;38;38m██[38;2;243;243;243m██[38;2;251;251;251m████[38;2;254;254;254m██[38;2;152;152;152m██[38;2;131;113;81m██[38;2;138;119;88m██[38;2;16;11;7m██[38;2;122;106;76m██[38;2;132;114;82m██[38;2;81;73;52m██[38;2;9;0;23m  [38;2;0;0;0m  
[38;2;10;0;25m████[38;2;2;0;5m██[38;2;160;150;118m██[38;2;88;75;53m██[38;2;31;20;14m██[38;2;32;31;24m██[38;2;5;5;5m██[38;2;254;254;254m██[38;2;255;255;255m██████████[38;2;122;123;123m██[38;2;107;92;65m██[38;2;123;106;76m██[38;2;61;52;36m██[38;2;254;254;254m██[38;2;255;255;255m████████[38;2;254;254;254m██[38;2;6;6;6m██[38;2;151;130;94m██[38;2;9;4;2m██[38;2;59;50;34m██[38;2;134;114;83m  [38;2;10;0;25m████  
[38;2;10;0;24m████[38;2;7;0;18m██[38;2;6;5;4m██[38;2;73;69;53m██[38;2;35;23;16m██[38;2;168;164;134m██[38;2;157;153;124m██[38;2;252;252;252m██[38;2;255;255;255m██████████[38;2;63;63;63m██[38;2;141;122;89m██[38;2;87;75;54m██[38;2;0;0;0m██[38;2;253;253;253m██[38;2;255;255;255m████████[38;2;254;254;254m██[38;2;26;26;27m██[38;2;135;116;84m██[38;2;10;6;4m██[38;2;143;124;90m██[38;2;13;11;12m██[38;2;10;0;25m██████
[38;2;6;0;16m██[38;2;10;0;25m██[38;2;9;0;25m██[38;2;0;0;0m██[38;2;138;136;110m██[38;2;17;11;7m██[38;2;172;167;136m██[38;2;161;154;125m██[38;2;8;7;5m██[38;2;210;210;209m██[38;2;254;254;254m██[38;2;253;253;253m██[38;2;252;252;252m██[38;2;97;97;98m██[38;2;114;98;70m██[38;2;89;82;63m██[38;2;106;91;65m██[38;2;0;0;0m██[38;2;31;28;23m██[38;2;253;253;253m██[38;2;252;252;252m████[38;2;254;254;254m██[38;2;242;242;242m██[38;2;102;88;63m██[38;2;141;121;88m██[38;2;50;42;29m██[38;2;103;88;62m██[38;2;3;1;6m██[38;2;10;0;25m██████
[38;2;0;0;0m██[38;2;10;0;25m████[38;2;13;0;1m██[38;2;30;17;13m██[38;2;62;53;37m██[38;2;19;13;9m██[38;2;135;115;82m██[38;2;139;120;87m██[38;2;142;123;89m██[38;2;139;120;87m██[38;2;138;119;87m██[38;2;140;121;88m██[38;2;140;121;87m██[38;2;103;96;73m██[38;2;112;108;87m██[38;2;122;105;75m██[38;2;0;0;0m██[38;2;138;119;86m██[38;2;120;103;74m██[38;2;66;56;41m██[38;2;59;50;36m██[38;2;98;83;59m██[38;2;140;121;88m██[38;2;139;120;87m██[38;2;147;127;92m██[38;2;49;41;27m██[38;2;108;93;66m██[38;2;0;0;0m██[38;2;10;0;25m██[38;2;6;0;16m██[38;2;10;0;25m██
[38;2;0;0;0m██[38;2;10;0;25m████[38;2;6;0;10m██[38;2;87;1;7m██[38;2;23;22;13m██[38;2;43;29;19m██[38;2;146;141;115m██[38;2;139;119;86m██[38;2;140;121;88m████████[38;2;145;125;91m██[38;2;173;167;136m██[38;2;121;117;95m██[38;2;137;118;85m██[38;2;0;0;0m██[38;2;132;114;82m██[38;2;140;121;88m██[38;2;140;121;87m██[38;2;140;120;87m██[38;2;140;121;88m████[38;2;139;120;87m██[38;2;15;11;7m██[38;2;52;44;31m  [38;2;19;0;1m  [38;2;0;0;0m██[38;2;10;0;24m██[38;2;0;0;0m██[38;2;10;0;25m██
[38;2;1;0;3m██[38;2;10;0;25m██[38;2;1;0;2m██[38;2;9;0;23m██[38;2;90;1;7m██[38;2;40;6;3m██[38;2;49;33;22m██[38;2;166;161;131m██[38;2;172;167;137m██[38;2;140;121;88m██████[38;2;139;120;88m██[38;2;65;56;40m██[38;2;169;164;134m██[38;2;89;82;63m██[38;2;140;120;87m██[38;2;0;0;0m██[38;2;21;18;12m  [38;2;139;120;87m██[38;2;140;121;88m██[38;2;139;120;88m██[38;2;140;121;88m████[38;2;148;128;93m██[38;2;23;14;9m██[38;2;83;2;7m██[38;2;47;0;3m██[38;2;0;0;0m██[38;2;1;0;4m██[38;2;0;0;0m██[38;2;7;0;19m██
[38;2;4;0;11m██[38;2;9;0;24m██[38;2;0;0;0m██[38;2;10;0;25m██[38;2;68;0;5m██[38;2;84;1;6m██[38;2;24;15;10m██[38;2;132;129;104m██[38;2;170;165;135m██[38;2;139;120;87m██[38;2;139;121;88m██[38;2;140;121;88m██[38;2;55;47;33m██[38;2;139;120;87m██[38;2;44;39;29m██[38;2;85;76;57m██[38;2;130;112;81m██[38;2;0;0;0m  [38;2;115;99;71m██[38;2;46;38;27m██[38;2;138;120;87m██[38;2;140;120;88m██[38;2;139;121;87m██[38;2;140;121;88m██[38;2;116;100;70m██[38;2;18;11;8m██[38;2;87;1;7m██[38;2;64;0;4m██[38;2;0;0;0m██████[38;2;2;0;7m██
[38;2;0;0;1m██[38;2;2;0;4m██[38;2;0;0;0m██[38;2;1;0;3m██[38;2;79;0;4m██[38;2;49;0;3m██[38;2;34;29;18m  [38;2;21;14;9m██[38;2;171;166;136m██[38;2;141;122;89m██[38;2;110;94;66m████[38;2;129;124;99m██[38;2;75;72;59m██[38;2;63;61;59m██[38;2;38;39;39m██[38;2;63;53;37m██[38;2;81;93;107m██[38;2;74;64;46m██[38;2;143;123;90m██[38;2;145;125;91m██[38;2;140;121;88m████[38;2;139;120;87m██[38;2;4;3;1m██[38;2;9;3;2m██[38;2;87;1;6m██[38;2;12;0;0m  [38;2;0;0;0m██████[38;2;2;0;6m██
[38;2;0;0;0m████████[38;2;34;0;5m██[38;2;87;1;7m██[38;2;25;0;1m██[38;2;44;30;20m██[38;2;91;88;70m██[38;2;177;177;176m██[38;2;186;191;197m██[38;2;181;188;195m██[38;2;186;191;197m██[38;2;157;173;189m██[38;2;138;160;183m██[38;2;54;58;63m██[38;2;152;151;150m██[38;2;61;62;64m██[38;2;136;157;180m██[38;2;144;167;190m██[38;2;46;52;59m  [38;2;100;86;61m██[38;2;141;121;88m██[38;2;137;119;86m██[38;2;47;32;21m██[38;2;40;1;2m██[38;2;87;1;7m██[38;2;0;0;0m  ██████[38;2;2;0;6m██
[38;2;0;0;0m████████[38;2;5;0;13m██[38;2;88;1;7m██[38;2;59;2;6m  [38;2;174;174;174m  [38;2;191;195;198m██[38;2;140;162;185m██[38;2;129;150;172m██[38;2;117;136;156m██[38;2;98;113;129m██[38;2;48;53;57m██[38;2;210;210;211m██[38;2;137;159;183m██[38;2;137;160;183m██[38;2;150;168;187m██[38;2;209;209;210m██[38;2;80;80;80m██[38;2;134;156;178m  [38;2;137;160;183m██[38;2;165;181;197m██[38;2;79;83;87m██[38;2;45;30;20m██[38;2;83;0;6m██[38;2;56;0;4m██[38;2;0;0;0m██████████
[38;2;0;0;0m██████[38;2;2;2;2m████[38;2;58;58;58m██[38;2;204;204;204m██[38;2;203;203;204m██[38;2;185;194;204m██[38;2;215;216;216m██[38;2;201;201;201m██[38;2;195;197;200m██[38;2;199;201;201m██[38;2;182;189;197m██[38;2;139;161;183m██[38;2;139;161;184m████[38;2;138;160;183m████[38;2;136;159;183m██[38;2;164;178;190m██[38;2;216;216;217m██[38;2;81;80;79m██[38;2;129;150;171m██[38;2;9;8;7m██[38;2;60;3;4m  [38;2;0;0;0m████████████
[38;2;0;0;0m██[38;2;2;2;2m██[38;2;179;179;179m██[38;2;135;135;135m██[38;2;201;201;201m██[38;2;205;205;205m██[38;2;155;155;155m██[38;2;141;162;183m██[38;2;165;179;192m██[38;2;152;167;183m██[38;2;139;161;184m██[38;2;142;165;188m██[38;2;91;106;121m██[38;2;70;82;94m██[38;2;70;81;92m██[38;2;143;166;190m██[38;2;195;202;208m██[38;2;70;69;69m██[38;2;17;18;19m██[38;2;37;42;47m██[38;2;86;100;115m██[38;2;138;160;183m██[38;2;137;159;183m██[38;2;145;169;193m██[38;2;65;77;90m██[38;2;140;163;186m██[38;2;174;185;197m██[38;2;79;79;79m██[38;2;0;0;0m████████
[38;2;30;30;30m██[38;2;148;148;148m██[38;2;206;206;206m██[38;2;144;143;142m██[38;2;108;127;147m██[38;2;139;161;184m██[38;2;138;160;183m██[38;2;138;161;184m████[38;2;140;162;185m██[38;2;87;101;116m██[38;2;10;12;13m██[38;2;145;168;192m██[38;2;137;159;181m██[38;2;139;161;184m██[38;2;138;161;184m████[38;2;139;161;184m██[38;2;139;161;183m██[38;2;139;161;184m██[38;2;138;160;183m██[38;2;213;215;216m██[38;2;90;89;88m██[38;2;141;163;186m  [38;2;138;160;183m██[38;2;142;165;189m██[38;2;139;161;183m  [38;2;137;159;182m  [38;2;90;106;123m██[38;2;22;22;23m██[38;2;0;0;0m████
[38;2;206;205;204m██[38;2;72;83;93m██[38;2;140;162;184m██[38;2;138;160;183m██[38;2;139;161;183m██[38;2;138;161;184m████[38;2;139;161;184m██[38;2;139;160;184m██[38;2;138;160;183m██████[38;2;138;161;183m██[38;2;143;165;189m██[38;2;96;111;127m██[38;2;101;116;133m██[38;2;123;142;162m██[38;2;129;150;171m████[38;2;120;139;159m██[38;2;147;171;195m██[38;2;138;160;183m██[38;2;139;161;183m██[38;2;170;180;190m██[38;2;122;142;163m██[38;2;138;160;183m██[38;2;139;161;184m██[38;2;59;68;79m██[38;2;138;159;182m██[38;2;137;158;181m██[38;2;119;120;120m██[38;2;15;15;15m██
[38;2;139;161;184m████████[38;2;139;160;184m██[38;2;137;159;181m██[38;2;146;168;192m██[38;2;74;86;98m██[38;2;139;160;183m██[38;2;138;160;182m██[38;2;137;159;181m██[38;2;28;33;38m██[38;2;97;97;96m██[38;2;191;191;191m██[38;2;201;202;203m██[38;2;168;180;193m██[38;2;208;208;209m██[38;2;212;211;210m██[38;2;206;208;209m██[38;2;157;159;161m██[38;2;27;31;36m██[38;2;107;124;141m██[38;2;85;99;114m██[38;2;141;163;188m██[38;2;142;165;189m██[38;2;139;161;184m████[38;2;138;160;183m██[38;2;142;165;188m██[38;2;97;113;129m██[38;2;146;170;193m██[38;2;141;163;186m██
[38;2;139;161;183m████[38;2;138;160;183m██[38;2;111;128;147m██[38;2;107;125;143m██[38;2;139;161;185m██[38;2;139;161;184m██[38;2;138;160;183m██[38;2;145;167;191m██[38;2;202;201;201m  [38;2;196;198;201m██[38;2;144;164;185m██[38;2;138;161;183m██[38;2;139;160;183m██[38;2;139;161;183m████████████[38;2;138;160;183m████[38;2;139;161;184m██[38;2;102;118;135m██[38;2;138;160;183m██[38;2;139;161;183m██[38;2;139;161;184m██[38;2;139;161;183m████[38;2;138;160;183m██[38;2;138;161;184m██[38;2;131;152;174m██
[38;2;139;161;184m██[38;2;115;133;152m██[38;2;137;159;182m██[38;2;138;160;183m██[38;2;139;161;184m██[38;2;139;160;184m██[38;2;139;161;184m████[38;2;80;93;106m██[38;2;137;159;181m██[38;2;139;161;184m██[38;2;137;159;182m██[38;2;140;163;186m██[38;2;139;161;184m██[38;2;77;89;102m██[38;2;73;84;96m██[38;2;125;145;166m██[38;2;72;83;95m██[38;2;144;167;191m██[38;2;139;161;184m██[38;2;137;159;182m████[38;2;139;161;184m██████[38;2;136;158;181m██[38;2;83;96;110m██[38;2;106;123;141m██[38;2;142;165;188m██[38;2;138;159;182m██[38;2;139;161;184m████
[38;2;139;161;184m██████[38;2;138;161;184m██[38;2;139;161;184m██[38;2;138;161;184m██[38;2;139;161;184m██[38;2;138;161;184m██[38;2;138;160;183m██[38;2;86;100;115m██[38;2;81;95;108m██[38;2;76;88;101m██[38;2;43;50;57m██[38;2;19;22;25m  [38;2;80;2;7m██[38;2;80;2;6m  [38;2;44;49;56m██[38;2;42;16;19m██[38;2;37;32;37m██[38;2;84;102;117m██[38;2;138;159;182m██[38;2;24;28;33m██[38;2;139;161;184m██[38;2;138;161;184m████████[38;2;138;160;183m██[38;2;139;161;184m██[38;2;124;144;165m██[38;2;96;112;127m██[38;2;86;99;114m██
[38;2;138;161;184m██[38;2;139;161;184m████[38;2;138;161;184m██[38;2;139;161;183m██[38;2;139;161;184m██████[38;2;137;159;182m████[38;2;139;161;184m██[38;2;138;160;183m████[38;2;140;162;185m██[38;2;63;70;80m██[38;2;40;1;3m██[38;2;57;1;5m██[38;2;52;0;4m██[38;2;68;0;5m██[38;2;77;1;5m  [38;2;57;61;69m██[38;2;138;160;183m██[38;2;139;161;184m████████[38;2;138;161;184m██[38;2;139;161;184m██[38;2;138;161;184m██[38;2;139;161;184m████[38;2;138;160;183m██
[38;2;138;160;182m██[38;2;138;160;183m██[38;2;138;160;182m██[38;2;139;161;184m██[38;2;137;159;182m██[38;2;142;165;188m██[38;2;128;148;169m██[38;2;83;96;110m██[38;2;125;144;165m██[38;2;115;134;153m██[38;2;95;109;125m██[38;2;124;144;164m██[38;2;138;160;183m██[38;2;139;161;184m████[38;2;138;160;183m██[38;2;135;156;178m  [38;2;40;21;25m██[38;2;115;135;154m██[38;2;140;162;185m██[38;2;139;161;184m██[38;2;139;161;183m██[38;2;139;161;184m████████████████████
[38;2;51;59;68m██[38;2;101;117;134m██[38;2;114;133;151m██[38;2;103;119;136m██[38;2;120;140;160m██[38;2;135;157;179m██[38;2;59;69;79m██[38;2;1;2;2m██[38;2;0;0;1m██[38;2;38;36;9m██[38;2;45;3;6m██[38;2;39;32;37m██[38;2;130;150;172m██[38;2;88;102;117m██[38;2;135;156;178m██[38;2;139;161;184m████[38;2;95;110;126m██[38;2;141;163;186m██[38;2;139;161;184m██[38;2;140;162;185m██[38;2;93;109;124m██[38;2;107;124;142m██[38;2;138;160;183m████[38;2;139;161;184m██████████████[0m
