
[38;2;198;199;193m  [38;2;192;186;184m  [38;2;209;201;199m          [38;2;210;201;199m  [38;2;129;125;124m  [38;2;139;135;131m  [38;2;115;110;105m  [38;2;137;135;130m  [38;2;24;19;15m  [38;2;64;59;54m██[38;2;56;54;51m██[38;2;39;35;28m██[38;2;206;205;200m  [38;2;153;149;141m  [38;2;139;135;137m  [38;2;153;150;144m  [38;2;121;117;113m  [38;2;160;157;154m  [38;2;176;172;170m  [38;2;109;105;102m  [38;2;139;136;128m  [38;2;186;179;176m  [38;2;138;135;131m  [38;2;118;115;112m  
[38;2;198;199;193m  [38;2;192;186;184m  [38;2;209;201;199m  [38;2;209;200;199m  [38;2;209;201;199m    [38;2;209;201;198m  [38;2;210;201;199m  [38;2;129;125;123m  [38;2;142;138;133m  [38;2;40;36;34m  [38;2;65;60;58m██[38;2;62;61;68m██[38;2;82;77;77m██[38;2;83;77;74m██[38;2;83;78;75m██[38;2;87;81;82m██[38;2;54;49;42m  [38;2;148;143;146m  [38;2;153;150;144m  [38;2;121;117;113m  [38;2;160;157;154m  [38;2;176;172;170m  [38;2;109;105;102m  [38;2;139;136;128m  [38;2;186;179;176m  [38;2;139;136;131m  [38;2;126;124;121m  
[38;2;198;199;193m  [38;2;188;182;179m  [38;2;208;200;198m          [38;2;213;204;202m  [38;2;37;32;30m  [38;2;64;63;60m██[38;2;65;64;61m██[38;2;64;63;64m██[38;2;84;78;79m██[38;2;83;78;75m██[38;2;82;78;75m██[38;2;83;78;75m████[38;2;81;76;75m██[38;2;76;70;68m██[38;2;71;68;61m  [38;2;125;121;116m  [38;2;160;157;154m  [38;2;176;172;170m  [38;2;109;105;102m  [38;2;139;136;127m  [38;2;186;178;176m  [38;2;42;38;34m  [38;2;53;47;43m██
[38;2;198;199;193m  [38;2;149;145;142m  [38;2;134;131;122m  [38;2;133;130;121m      [38;2;130;128;118m  [38;2;38;34;33m  [38;2;65;64;64m██[38;2;64;63;63m██[38;2;65;64;63m██[38;2;62;61;61m██[38;2;82;77;73m██[38;2;83;78;75m██████████[38;2;82;77;75m██[38;2;87;82;79m██[38;2;8;6;3m  [38;2;142;139;137m  [38;2;199;195;193m  [38;2;51;47;44m  [38;2;37;27;25m  [38;2;73;70;68m██[38;2;82;78;77m██[38;2;23;15;12m██
[38;2;198;199;193m  [38;2;145;141;138m  [38;2;191;188;185m  [38;2;226;225;222m    [38;2;230;229;225m  [38;2;88;87;81m  [38;2;67;66;67m██[38;2;64;63;63m██[38;2;65;63;65m██[38;2;65;63;64m██[38;2;76;76;70m██[38;2;82;77;79m██[38;2;82;77;75m██[38;2;83;78;75m████[38;2;82;77;75m██[38;2;83;78;75m██[38;2;82;74;78m██[38;2;56;53;48m██[38;2;46;51;53m██[38;2;45;47;51m██[38;2;46;43;38m██[38;2;65;64;66m██[38;2;78;74;70m██[38;2;81;75;77m██[38;2;83;78;75m██[38;2;33;28;27m  
[38;2;198;199;193m  [38;2;146;142;139m  [38;2;122;117;115m  [38;2;178;179;176m  [38;2;180;180;177m  [38;2;135;134;132m  [38;2;70;67;64m██[38;2;64;62;62m██[38;2;65;63;64m██[38;2;65;64;59m██[38;2;63;61;59m██[38;2;82;77;78m██[38;2;83;77;75m██[38;2;83;77;76m██[38;2;83;78;75m██████[38;2;81;77;74m██[38;2;67;65;60m██[38;2;48;52;55m██[38;2;44;48;53m██[38;2;44;49;51m██[38;2;32;30;26m██[38;2;83;79;79m██[38;2;82;78;75m██[38;2;82;77;77m██[38;2;86;82;78m██[38;2;149;149;146m  
[38;2;198;199;193m  [38;2;146;142;139m  [38;2;130;125;123m  [38;2;208;206;201m  [38;2;189;184;183m  [38;2;42;39;36m██[38;2;64;63;65m██[38;2;65;63;65m██[38;2;64;62;64m██[38;2;64;62;62m██[38;2;80;75;77m██[38;2;83;78;75m██[38;2;83;77;75m██[38;2;82;78;75m██[38;2;82;78;74m██[38;2;82;78;75m██[38;2;81;76;73m██[38;2;70;63;61m██[38;2;49;50;58m██[38;2;45;48;57m██[38;2;46;48;54m██[38;2;49;53;57m██[38;2;81;73;74m██[38;2;82;77;75m██████[38;2;69;64;60m██[38;2;168;165;160m  
[38;2;198;199;193m  [38;2;146;142;139m  [38;2;130;125;123m  [38;2;219;217;211m  [38;2;24;16;15m██[38;2;67;66;66m██[38;2;64;63;61m██[38;2;65;63;63m██[38;2;64;63;63m██[38;2;65;64;61m██[38;2;82;77;76m██[38;2;83;77;78m██[38;2;83;77;76m██[38;2;83;77;75m██[38;2;83;78;75m██[38;2;83;76;75m██[38;2;83;80;75m██[38;2;47;50;50m██[38;2;46;48;53m██[38;2;44;49;56m██[38;2;45;49;56m██[38;2;42;38;35m██[38;2;81;76;75m██[38;2;83;77;76m██[38;2;83;78;74m██[38;2;81;76;73m██[38;2;39;36;28m  [38;2;187;184;179m  
[38;2;198;199;193m  [38;2;148;144;141m  [38;2;110;105;101m  [38;2;64;61;64m██[38;2;30;25;20m██[38;2;65;64;63m██[38;2;65;63;65m██[38;2;64;61;63m██[38;2;64;63;61m██[38;2;80;78;75m██[38;2;82;77;75m██[38;2;83;77;77m██[38;2;83;77;76m██[38;2;83;77;75m██[38;2;82;77;74m██[38;2;86;82;83m██[38;2;50;50;53m██[38;2;45;49;52m██[38;2;47;48;55m██[38;2;45;50;52m██[38;2;37;36;38m██[38;2;83;77;73m██[38;2;82;77;76m██[38;2;83;77;76m██[38;2;83;78;72m██[38;2;86;80;83m██[38;2;103;99;92m  [38;2;172;169;160m  
[38;2;209;211;206m  [38;2;43;39;35m  [38;2;66;65;63m██[38;2;56;51;49m██[38;2;68;67;64m██[38;2;64;63;61m██[38;2;64;63;62m██[38;2;69;68;64m██[38;2;81;77;73m██[38;2;84;77;75m██[38;2;82;77;76m██[38;2;83;77;77m██[38;2;83;77;76m██[38;2;81;77;74m██[38;2;77;72;70m██[38;2;47;49;55m██[38;2;45;49;56m██[38;2;46;48;57m██[38;2;43;50;52m██[38;2;47;44;42m██[38;2;82;78;77m██[38;2;83;77;76m██[38;2;83;77;77m██[38;2;82;77;74m██[38;2;81;77;76m██[38;2;31;24;17m  [38;2;164;161;155m  [38;2;157;154;148m  
[38;2;41;35;28m  [38;2;65;65;60m██[38;2;68;66;64m██[38;2;71;68;63m██[38;2;65;65;59m██[38;2;63;60;59m██[38;2;83;77;77m██[38;2;82;77;74m██[38;2;85;79;77m██[38;2;80;74;74m██[38;2;79;74;75m██[38;2;83;78;75m██[38;2;82;77;75m██[38;2;84;79;74m██[38;2;47;48;52m██[38;2;44;48;54m██[38;2;46;48;59m██[38;2;44;49;54m██[38;2;46;43;42m██[38;2;81;74;78m██[38;2;83;77;77m██[38;2;83;77;74m████[38;2;81;76;73m██[38;2;51;44;39m██[38;2;227;226;220m  [38;2;212;212;208m  [38;2;202;202;198m  
[38;2;39;33;36m██[38;2;65;63;63m██[38;2;66;65;66m██[38;2;64;63;67m██[38;2;67;66;65m██[38;2;66;65;63m██[38;2;65;61;65m██[38;2;63;62;62m██[38;2;65;64;61m██[38;2;66;64;63m██[38;2;63;62;59m██[38;2;83;76;79m██[38;2;88;82;80m██[38;2;46;48;52m██[38;2;46;48;51m██[38;2;45;48;57m██[38;2;45;51;51m██[38;2;56;53;52m██[38;2;80;78;72m██[38;2;82;77;74m██[38;2;83;77;77m██[38;2;83;77;76m██[38;2;82;76;78m██[38;2;75;70;62m██[38;2;23;24;25m██[38;2;20;19;18m  [38;2;194;192;188m  [38;2;151;150;146m  
[38;2;63;58;59m██[38;2;65;64;62m██[38;2;67;65;65m████[38;2;66;65;64m██[38;2;67;66;65m██[38;2;65;64;62m██[38;2;66;64;65m██[38;2;67;64;66m██[38;2;65;63;65m██[38;2;65;64;64m██[38;2;77;74;66m██[38;2;43;48;55m██[38;2;46;48;54m██[38;2;44;47;55m██[38;2;43;49;47m██[38;2;79;73;68m██[38;2;82;75;76m██[38;2;84;77;75m██[38;2;84;76;77m██[38;2;83;78;75m██[38;2;82;76;78m██[38;2;75;69;67m██[38;2;23;23;17m██[38;2;23;22;25m██[38;2;53;56;55m██[38;2;30;25;26m  [38;2;153;152;148m  
[38;2;27;26;24m  [38;2;67;65;62m██[38;2;66;65;65m██[38;2;67;65;65m████████████[38;2;66;65;61m██[38;2;61;58;56m██[38;2;44;47;51m██[38;2;44;48;54m██[38;2;45;48;57m██[38;2;41;46;48m██[38;2;90;81;80m██[38;2;82;76;78m██[38;2;83;78;74m██[38;2;83;78;75m██[38;2;83;78;74m██[38;2;81;76;73m██[38;2;77;71;67m██[38;2;24;23;19m██[38;2;24;24;23m██[38;2;22;22;21m██[38;2;62;62;64m██[38;2;54;54;53m██[38;2;46;41;37m  
[38;2;209;206;205m  [38;2;69;67;64m██[38;2;66;65;65m██[38;2;67;65;63m██[38;2;66;64;64m██[38;2;67;65;66m██[38;2;67;65;65m██[38;2;66;65;64m██[38;2;65;66;65m██[38;2;43;40;36m██[38;2;18;16;17m██[38;2;21;18;21m██[38;2;45;47;53m██[38;2;44;46;49m██[38;2;88;80;81m██[38;2;82;77;73m██[38;2;83;77;75m██[38;2;82;77;76m██[38;2;81;77;73m██[38;2;81;75;74m██[38;2;66;62;54m██[38;2;25;23;19m██[38;2;24;24;20m██[38;2;23;23;22m██[38;2;18;19;17m██[38;2;57;57;59m██[38;2;55;56;57m██[38;2;67;62;58m  
[38;2;196;196;192m  [38;2;55;50;47m  [38;2;67;66;64m██[38;2;67;65;68m██[38;2;67;65;67m██[38;2;67;65;64m██[38;2;67;66;64m██[38;2;63;58;57m██[38;2;20;14;17m██[38;2;19;17;20m██[38;2;20;18;22m██[38;2;19;18;15m██[38;2;40;44;46m██[38;2;88;83;79m██[38;2;83;78;74m██[38;2;82;78;75m██[38;2;83;77;76m██[38;2;83;76;76m██[38;2;81;76;77m██[38;2;52;46;43m██[38;2;23;24;19m██[38;2;24;23;25m██[38;2;25;23;24m██[38;2;23;25;19m██[38;2;59;58;64m██[38;2;56;58;55m██[38;2;49;49;50m██[38;2;118;114;110m  
[38;2;159;157;151m  [38;2;150;148;142m  [38;2;69;66;63m██[38;2;67;66;63m██[38;2;68;66;62m██[38;2;72;70;66m██[38;2;30;24;22m██[38;2;20;16;23m██[38;2;19;17;22m██[38;2;19;18;21m██[38;2;19;18;20m██[38;2;18;13;11m██[38;2;70;66;63m██[38;2;83;77;75m██[38;2;83;78;75m██████[38;2;85;80;77m██[38;2;40;33;27m██[38;2;23;25;20m██[38;2;24;24;21m██[38;2;24;24;22m██[38;2;22;24;17m██[38;2;126;112;101m██[38;2;89;82;75m██[38;2;57;58;60m██[38;2;13;12;13m██[38;2;148;148;142m  
[38;2;144;141;133m  [38;2;146;143;134m  [38;2;34;29;27m  [38;2;69;67;64m██[38;2;61;58;51m██[38;2;21;16;18m██[38;2;19;17;23m██[38;2;20;17;23m██[38;2;19;18;21m██[38;2;19;18;20m██[38;2;19;15;11m██[38;2;70;67;67m██[38;2;65;65;61m██[38;2;82;78;75m██[38;2;83;78;75m██[38;2;83;77;75m██[38;2;85;82;76m██[38;2;29;23;17m██[38;2;24;24;24m██[38;2;26;24;18m██[38;2;23;24;24m██[38;2;23;24;22m██[38;2;25;24;20m██[38;2;20;17;12m██[38;2;251;240;224m██[38;2;159;155;151m██[38;2;37;34;37m██[38;2;200;196;192m  
[38;2;184;179;172m    [38;2;140;136;129m  [38;2;20;14;17m██[38;2;19;18;19m██[38;2;20;18;21m████[38;2;20;18;22m██[38;2;23;17;22m██[38;2;27;23;19m██[38;2;69;66;65m██[38;2;67;66;62m██[38;2;67;65;66m██[38;2;82;76;76m██[38;2;81;76;73m██[38;2;86;82;81m██[38;2;25;20;19m██[38;2;25;24;17m██[38;2;29;15;13m██[38;2;29;27;28m██[38;2;23;24;18m██[38;2;24;24;21m██[38;2;38;31;29m██[38;2;17;19;17m██[38;2;240;239;237m██[38;2;248;246;230m██[38;2;54;56;60m██[38;2;168;170;164m  
[38;2;162;160;156m    [38;2;167;164;160m  [38;2;24;17;20m██[38;2;20;17;22m██[38;2;19;17;22m██[38;2;23;16;18m██[38;2;37;32;29m██[38;2;68;65;64m████[38;2;67;65;66m████[38;2;76;75;72m██[38;2;82;81;78m██[38;2;47;40;36m██[38;2;200;171;156m██[38;2;60;51;43m██[38;2;71;39;40m██[38;2;245;137;148m██[38;2;192;190;189m██[38;2;18;20;18m██[38;2;19;18;21m██[38;2;59;48;45m██[38;2;34;32;30m██[38;2;252;245;230m██[38;2;242;241;234m██[38;2;38;37;39m  [38;2;178;177;172m  
[38;2;141;136;129m    [38;2;53;48;43m  [38;2;48;41;34m██[38;2;25;18;10m██[38;2;51;46;41m██[38;2;72;68;69m██[38;2;67;65;68m██[38;2;67;64;66m████[38;2;67;65;66m██[38;2;64;62;60m██[38;2;78;75;74m██[38;2;141;122;115m██[38;2;193;161;148m██[38;2;21;18;16m██[38;2;97;52;57m██[38;2;116;28;43m██[38;2;179;50;69m██[38;2;68;63;59m██[38;2;20;21;20m██[38;2;32;34;36m██[38;2;229;207;191m██[38;2;81;70;64m██[38;2;238;238;223m██[38;2;138;131;129m██[38;2;114;112;108m  [38;2;187;184;180m  
[38;2;160;156;150m  [38;2;166;162;156m  [38;2;44;41;36m  [38;2;67;65;67m██[38;2;66;65;63m██[38;2;67;65;67m██[38;2;67;65;66m██[38;2;67;65;65m████[38;2;67;65;66m██[38;2;66;65;62m██[38;2;28;18;15m██[38;2;233;206;193m██[38;2;212;184;171m██[38;2;171;148;141m██[38;2;127;130;122m██[38;2;242;171;180m██[38;2;252;230;231m██[38;2;118;111;100m██[38;2;25;23;16m██[38;2;61;61;61m██[38;2;60;48;46m██[38;2;253;245;229m██[38;2;254;251;232m██[38;2;80;75;68m██[38;2;61;63;61m  [38;2;172;171;167m  [38;2;160;159;156m  
[38;2;159;155;151m  [38;2;144;141;136m  [38;2;69;67;65m██[38;2;67;66;62m██[38;2;65;64;61m██[38;2;67;66;65m██[38;2;68;67;62m██[38;2;65;64;65m██[38;2;70;64;69m██[38;2;76;75;73m██[38;2;135;116;104m██[38;2;212;187;172m██[38;2;212;184;173m████[38;2;170;143;132m██[38;2;204;193;187m██[38;2;231;224;218m██[38;2;186;160;151m██[38;2;220;197;180m██[38;2;46;45;43m██[38;2;58;57;57m██[38;2;35;33;42m██[38;2;246;244;236m██[38;2;16;15;15m██[38;2;23;24;27m██[38;2;53;50;52m  [38;2;112;112;110m  [38;2;113;113;111m  
[38;2;189;185;181m  [38;2;59;54;48m  [38;2;66;65;67m██[38;2;66;64;66m██[38;2;67;65;69m██[38;2;66;65;65m██[38;2;67;65;66m██[38;2;66;63;66m██[38;2;70;64;62m██[38;2;175;153;142m██[38;2;209;182;164m██[38;2;205;173;160m██[38;2;215;184;171m██[38;2;211;184;170m██[38;2;211;184;172m██[38;2;214;183;173m██[38;2;212;186;176m██[38;2;248;238;222m██[38;2;252;240;220m██[38;2;254;243;225m██[38;2;215;212;206m██[38;2;54;48;42m██[38;2;182;178;167m██[38;2;22;21;21m██[38;2;35;36;38m██[38;2;51;48;42m  [38;2;184;182;178m  [38;2;202;202;200m  
[38;2;171;173;164m  [38;2;42;36;33m██[38;2;67;63;64m██[38;2;49;45;46m██[38;2;68;65;70m██[38;2;67;65;65m██[38;2;66;63;65m██[38;2;58;50;49m██[38;2;10;5;1m██[38;2;73;25;24m██[38;2;59;20;25m██[38;2;44;37;29m██[38;2;212;187;171m██[38;2;213;184;171m██[38;2;209;184;173m██[38;2;253;246;230m██[38;2;251;239;226m██[38;2;252;239;222m██[38;2;252;239;220m██[38;2;252;239;219m██[38;2;233;224;206m██[38;2;49;45;40m██[38;2;22;17;11m██[38;2;20;20;19m██[38;2;10;9;9m██[38;2;183;181;179m  [38;2;137;135;132m  [38;2;201;200;197m  
[38;2;197;192;187m  [38;2;47;43;42m██[38;2;36;34;30m██[38;2;141;138;121m██[38;2;66;65;63m██[38;2;67;66;65m██[38;2;30;24;17m██[38;2;18;20;16m██[38;2;202;186;180m██[38;2;191;180;184m██[38;2;203;105;126m██[38;2;179;172;165m██[38;2;211;191;177m██[38;2;254;248;230m██[38;2;252;239;222m██[38;2;251;240;222m██[38;2;252;240;221m██[38;2;252;239;223m██[38;2;252;239;217m██[38;2;251;239;220m██[38;2;251;242;223m██[38;2;31;29;26m██[38;2;110;106;103m  [38;2;39;39;31m  [38;2;69;67;68m  [38;2;159;158;158m  [38;2;136;135;132m  [38;2;201;200;199m  
[38;2;130;126;122m  [38;2;42;36;34m██[38;2;255;251;240m██[38;2;34;28;27m██[38;2;47;44;40m██[38;2;98;84;73m██[38;2;15;17;19m██[38;2;23;23;23m██[38;2;11;15;13m██[38;2;198;176;164m██[38;2;135;119;109m██[38;2;252;242;222m██[38;2;254;244;229m██[38;2;253;242;228m██[38;2;252;238;223m██[38;2;252;245;224m██[38;2;234;227;211m██[38;2;251;241;224m██[38;2;252;239;221m██[38;2;253;247;228m██[38;2;29;28;26m██[38;2;8;5;6m██[38;2;161;162;157m  [38;2;217;218;213m  [38;2;117;116;113m  [38;2;153;153;150m  [38;2;147;147;144m  [38;2;145;145;142m  
[38;2;174;174;175m  [38;2;72;68;63m  [38;2;171;167;158m██[38;2;244;244;243m██[38;2;108;105;95m██[38;2;156;133;122m██[38;2;2;1;1m██[38;2;24;24;20m██[38;2;24;24;23m██[38;2;16;13;11m██[38;2;254;243;224m██[38;2;252;239;219m██[38;2;252;239;218m██[38;2;252;238;221m██[38;2;214;205;188m██[38;2;243;240;223m██[38;2;252;243;230m██[38;2;254;248;239m██[38;2;236;221;206m██[38;2;204;182;169m██[38;2;38;35;32m██[38;2;29;26;22m██[38;2;70;68;62m  [38;2;183;180;173m  [38;2;120;119;117m  [38;2;143;143;141m  [38;2;141;141;139m    
[38;2;164;163;156m  [38;2;144;145;139m  [38;2;133;109;86m██[38;2;254;250;239m██[38;2;253;252;238m██[38;2;209;180;160m██[38;2;106;104;106m  [38;2;120;119;115m  [38;2;31;34;31m██[38;2;71;68;66m  [38;2;253;252;243m██[38;2;252;239;219m██[38;2;253;241;224m██[38;2;253;240;220m██[38;2;253;241;224m██[38;2;253;253;243m██[38;2;117;114;105m  [38;2;13;5;5m██[38;2;132;115;102m██[38;2;45;42;39m██[38;2;40;38;34m██[38;2;44;48;57m██[38;2;39;37;41m  [38;2;178;178;174m  [38;2;186;185;181m  [38;2;185;184;180m      
[38;2;161;160;155m  [38;2;162;161;157m  [38;2;242;241;237m██[38;2;192;177;157m██[38;2;243;240;235m██[38;2;161;133;117m██[38;2;36;29;25m  [38;2;181;183;177m  [38;2;5;7;5m██[38;2;181;177;174m  [38;2;153;148;144m  [38;2;69;66;62m  [38;2;112;111;104m  [38;2;71;71;67m  [38;2;136;132;130m  [38;2;141;138;131m  [38;2;31;23;20m██[38;2;31;32;24m██[38;2;48;40;41m██[38;2;34;34;35m██[38;2;43;49;50m██[38;2;44;47;55m██[38;2;42;44;47m██[38;2;30;30;29m██[38;2;133;132;128m  [38;2;124;122;118m      
[38;2;187;186;182m  [38;2;187;186;181m  [38;2;83;79;74m  [38;2;215;199;181m██[38;2;245;242;235m██[38;2;180;165;146m██[38;2;70;62;56m  [38;2;211;211;204m  [38;2;44;44;40m  [38;2;58;55;52m  [38;2;149;150;144m  [38;2;135;133;128m  [38;2;151;150;143m  [38;2;147;146;142m  [38;2;53;48;46m  [38;2;45;37;31m██[38;2;28;23;17m██[38;2;46;39;36m██[38;2;32;29;27m██[38;2;43;49;51m██[38;2;41;44;43m██[38;2;45;49;54m██[38;2;46;48;49m██[38;2;48;52;57m██[38;2;150;143;139m  [38;2;136;130;126m      
[38;2;183;181;177m    [38;2;177;175;172m  [38;2;96;89;84m  [38;2;247;242;229m██[38;2;212;204;185m██[38;2;54;47;43m██[38;2;29;28;26m  [38;2;201;200;196m  [38;2;158;153;150m  [38;2;155;152;148m  [38;2;174;172;165m  [38;2;63;61;56m  [38;2;33;31;33m██[38;2;34;29;26m██[38;2;48;42;36m██[38;2;37;31;24m██[38;2;76;67;59m██[38;2;44;45;49m██[38;2;44;50;48m██[38;2;45;49;51m██[38;2;43;49;50m██[38;2;42;48;49m██[38;2;44;45;47m██[38;2;32;31;28m  [38;2;166;165;161m      [0m
