
[38;2;0;255;0m                  [38;2;94;238;103m  [38;2;82;228;93m  [38;2;98;238;102m  [38;2;159;216;213m██[38;2;119;193;185m██[38;2;147;233;221m██[38;2;121;207;196m██[38;2;106;203;193m██[38;2;108;213;206m██[38;2;74;164;161m██[38;2;76;226;90m  [38;2;0;255;0m        [38;2;90;227;94m  [38;2;0;255;0m                
[38;2;0;255;0m              [38;2;151;226;219m██[38;2;152;239;230m██[38;2;119;211;203m██[38;2;138;234;222m██[38;2;140;233;221m██[38;2;147;233;221m██[38;2;151;232;221m██[38;2;143;233;221m██[38;2;138;234;222m██[38;2;124;210;199m██[38;2;111;187;182m██[38;2;128;222;213m██[38;2;100;213;206m██[38;2;100;211;203m██[38;2;0;255;0m  [38;2;75;76;84m██[38;2;232;30;195m██[38;2;89;98;113m██[38;2;0;255;0m                
[38;2;0;255;0m          [38;2;65;238;72m  [38;2;162;242;235m██[38;2;142;233;221m██[38;2;107;202;191m██[38;2;151;232;220m██[38;2;138;234;222m██[38;2;151;232;220m████[38;2;146;233;221m██[38;2;113;198;191m██[38;2;151;232;220m████[38;2;145;228;217m██[38;2;109;182;175m██[38;2;138;234;222m██[38;2;99;213;206m██[38;2;86;193;183m██[38;2;52;61;78m██[38;2;220;24;176m██[38;2;61;74;92m██[38;2;35;247;36m  [38;2;0;255;0m              
[38;2;0;255;0m        [38;2;127;231;141m  [38;2;163;243;237m██[38;2;151;232;221m██[38;2;105;181;176m██[38;2;151;232;221m████[38;2;149;229;223m██[38;2;104;213;206m██[38;2;151;232;221m██████[38;2;127;211;202m██[38;2;149;233;221m██[38;2;151;232;221m██[38;2;143;224;214m██[38;2;88;178;174m██[38;2;138;234;222m██[38;2;130;223;212m██[38;2;68;115;118m██[38;2;160;20;122m██[38;2;66;72;92m██[38;2;20;28;44m██[38;2;82;151;147m██[38;2;66;135;135m██[38;2;127;231;140m  [38;2;0;255;0m        
[38;2;0;255;0m      [38;2;23;252;25m  [38;2;201;247;245m██[38;2;160;234;230m██[38;2;113;186;185m██[38;2;121;215;207m██[38;2;151;233;221m████[38;2;163;237;230m██[38;2;151;233;221m██[38;2;127;218;208m██[38;2;155;233;225m██[38;2;151;233;221m████[38;2;173;238;233m██[38;2;148;233;221m██[38;2;151;233;221m██[38;2;119;211;200m██[38;2;138;234;222m██[38;2;129;223;211m██[38;2;90;194;191m██[38;2;29;18;29m██[38;2;95;23;83m██[38;2;26;100;104m██[38;2;109;199;189m██[38;2;130;210;203m████[38;2;112;170;172m██[38;2;0;255;0m      
[38;2;0;255;0m      [38;2;204;247;245m██[38;2;162;243;236m██[38;2;128;206;202m██[38;2;161;238;232m██[38;2;143;224;217m██[38;2;151;233;221m████[38;2;185;238;236m██[38;2;144;225;218m██[38;2;164;231;222m██[38;2;150;229;218m██[38;2;153;232;221m██[38;2;151;233;221m████[38;2;76;188;184m██[38;2;151;233;221m██[38;2;154;233;224m██[38;2;82;187;183m██[38;2;138;233;222m██[38;2;92;196;190m██[38;2;28;17;29m██[38;2;231;30;195m██[38;2;38;34;46m██[38;2;115;206;194m██[38;2;136;220;217m██[38;2;132;218;208m██[38;2;123;208;199m██[38;2;16;252;18m  [38;2;0;255;0m    
[38;2;0;255;0m    [38;2;197;221;221m██[38;2;203;247;245m██[38;2;141;214;212m██[38;2;163;244;237m██[38;2;115;205;194m██[38;2;149;233;225m██[38;2;150;233;221m████[38;2;188;233;231m██[38;2;98;173;170m██[38;2;163;231;221m████[38;2;156;232;221m██[38;2;150;233;221m████[38;2;188;234;233m██[38;2;151;232;220m██[38;2;155;233;225m██[38;2;125;218;207m██[38;2;138;233;221m██[38;2;124;215;209m██[38;2;13;62;73m██[38;2;130;25;102m██[38;2;29;18;30m██[38;2;74;172;171m██[38;2;122;210;200m██[38;2;129;210;203m██[38;2;115;206;195m██[38;2;69;158;158m██[38;2;0;255;0m    
[38;2;0;255;0m    [38;2;163;243;237m██[38;2;112;198;188m██[38;2;96;180;177m██[38;2;183;247;243m██[38;2;92;198;186m██[38;2;150;229;217m██[38;2;151;232;221m████[38;2;187;233;231m██[38;2;243;205;193m██[38;2;129;209;202m██[38;2;184;247;243m██[38;2;150;226;215m██[38;2;159;234;229m██[38;2;151;233;221m██[38;2;195;236;232m██[38;2;172;245;239m██[38;2;164;231;222m██[38;2;155;214;211m██[38;2;124;223;213m██[38;2;151;232;221m██[38;2;31;149;146m██[38;2;40;32;35m██[38;2;113;19;94m██[38;2;41;64;85m██[38;2;172;244;239m██[38;2;133;220;209m██[38;2;126;217;208m██[38;2;106;193;193m██[38;2;0;255;0m    
[38;2;0;255;0m  [38;2;184;204;206m██[38;2;138;233;221m██[38;2;142;219;213m██[38;2;148;233;225m██[38;2;133;216;205m██[38;2;38;127;129m██[38;2;149;226;215m██[38;2;184;239;237m██[38;2;187;232;231m██[38;2;213;229;232m██[38;2;236;198;188m██[38;2;235;201;193m██[38;2;163;222;215m██[38;2;208;238;238m██[38;2;150;233;221m██[38;2;163;231;222m██[38;2;156;228;218m██[38;2;67;190;192m██[38;2;185;239;237m██[38;2;155;233;225m██[38;2;68;177;176m██[38;2;155;229;222m██[38;2;84;104;117m██[38;2;18;32;52m██[38;2;221;24;176m██[38;2;50;62;78m██[38;2;75;167;168m██[38;2;171;240;236m██[38;2;182;246;242m██[38;2;141;222;211m██[38;2;101;160;162m██[38;2;0;255;0m  
[38;2;0;255;0m  [38;2;138;227;220m██[38;2;81;178;173m██[38;2;180;240;236m██[38;2;160;234;230m██[38;2;108;205;194m██[38;2;223;191;184m██[38;2;166;236;229m██[38;2;196;247;244m██[38;2;237;248;249m██[38;2;212;228;232m██[38;2;235;201;192m██[38;2;250;238;228m██[38;2;244;217;206m██[38;2;175;239;233m██[38;2;193;239;237m██[38;2;152;230;219m██[38;2;204;248;246m██[38;2;32;159;163m██[38;2;145;227;220m██[38;2;127;217;208m██[38;2;76;182;177m██[38;2;127;213;202m██[38;2;18;59;76m██[38;2;23;82;94m██[38;2;66;25;57m██[38;2;20;33;52m██[38;2;47;76;94m██[38;2;105;209;199m██[38;2;151;239;229m██[38;2;161;239;233m██[38;2;132;214;209m██[38;2;0;255;0m  
[38;2;0;255;0m  [38;2;120;215;207m██[38;2;106;210;200m██[38;2;113;191;190m██[38;2;151;232;221m██[38;2;69;177;173m██[38;2;248;233;224m██[38;2;129;189;185m██[38;2;143;223;213m██[38;2;241;248;250m██[38;2;236;245;247m██[38;2;227;194;186m██[38;2;250;238;228m████[38;2;250;235;225m██[38;2;165;221;215m██[38;2;133;220;209m██[38;2;160;234;230m██[38;2;32;168;178m██[38;2;126;217;208m██[38;2;107;213;206m██[38;2;103;196;195m██[38;2;139;218;208m██[38;2;16;53;67m██[38;2;32;150;147m██[38;2;44;46;65m██[38;2;149;18;115m██[38;2;108;222;117m  [38;2;93;188;181m██[38;2;135;227;215m██[38;2;144;233;221m██[38;2;150;229;218m██[38;2;0;255;0m  
[38;2;77;221;94m  [38;2;81;188;184m██[38;2;97;202;193m██[38;2;66;158;161m██[38;2;150;226;215m██[38;2;67;123;125m██[38;2;250;238;229m████[38;2;98;175;170m██[38;2;199;247;245m██[38;2;201;242;240m██[38;2;196;176;170m██[38;2;250;238;229m██[38;2;165;167;168m██[38;2;109;146;143m██[38;2;73;124;124m██[38;2;166;223;217m██[38;2;120;215;207m██[38;2;42;170;177m██[38;2;126;217;208m██[38;2;104;208;198m██[38;2;82;185;179m██[38;2;141;218;209m██[38;2;14;27;45m██[38;2;30;143;144m██[38;2;0;255;0m      [38;2;75;172;169m██[38;2;126;217;208m██[38;2;138;234;222m██[38;2;160;234;230m██[38;2;66;215;85m  
[38;2;115;189;181m██[38;2;155;189;195m██[38;2;105;208;199m██[38;2;54;154;153m██[38;2;141;223;212m██[38;2;227;189;180m██[38;2;236;233;231m██[38;2;230;226;218m██[38;2;196;200;194m██[38;2;115;180;175m██[38;2;181;237;232m██[38;2;211;214;212m██[38;2;250;238;229m██[38;2;249;236;226m██[38;2;220;210;203m██[38;2;217;197;192m██[38;2;237;216;212m██[38;2;104;185;178m██[38;2;103;203;198m██[38;2;120;214;207m██[38;2;100;205;193m██[38;2;58;169;167m██[38;2;100;190;185m██[38;2;9;19;35m██[38;2;30;129;134m██[38;2;86;252;89m  [38;2;0;255;0m    [38;2;65;152;150m██[38;2;136;227;219m██[38;2;156;238;229m██[38;2;161;237;232m██[38;2;63;157;154m██
[38;2;99;205;193m██[38;2;0;255;0m  [38;2;83;195;190m██[38;2;74;169;170m██[38;2;126;209;198m██[38;2;246;219;201m██[38;2;143;132;132m██[38;2;40;32;36m██[38;2;130;110;111m██[38;2;84;144;143m██[38;2;147;213;206m██[38;2;195;240;238m██[38;2;246;231;223m██[38;2;250;238;229m██[38;2;13;8;22m██[38;2;36;32;49m██[38;2;47;53;69m██[38;2;65;96;98m██[38;2;116;214;206m██[38;2;111;214;206m██[38;2;89;194;187m██[38;2;82;191;188m██[38;2;34;129;129m██[38;2;7;11;27m██[38;2;22;60;77m██[38;2;79;252;82m  [38;2;0;255;0m    [38;2;53;139;140m██[38;2;150;239;229m██[38;2;169;243;237m██[38;2;163;243;237m██[38;2;129;216;208m██
[38;2;88;193;190m██[38;2;0;255;0m  [38;2;83;192;186m██[38;2;126;216;210m██[38;2;106;194;189m██[38;2;232;195;178m██[38;2;173;171;176m██[38;2;23;56;71m██[38;2;27;44;67m██[38;2;198;191;190m██[38;2;69;122;119m██[38;2;147;204;200m██[38;2;238;202;194m██[38;2;250;238;229m██[38;2;138;141;153m██[38;2;51;97;117m██[38;2;34;77;100m██[38;2;215;226;227m██[38;2;105;188;181m██[38;2;108;205;194m██[38;2;76;184;177m██[38;2;107;205;194m██[38;2;22;118;124m██[38;2;9;19;35m██[38;2;46;48;67m██[38;2;15;28;46m██[38;2;97;227;102m  [38;2;0;255;0m  [38;2;49;121;124m██[38;2;173;245;240m██[38;2;177;246;241m██[38;2;163;243;237m██[38;2;150;226;214m██
[38;2;85;183;173m██[38;2;0;255;0m  [38;2;87;193;187m██[38;2;85;192;180m██[38;2;99;192;185m██[38;2;219;187;181m██[38;2;238;234;236m██[38;2;61;119;128m██[38;2;56;111;129m██[38;2;243;240;239m██[38;2;250;238;229m██[38;2;182;155;152m██[38;2;124;157;154m██[38;2;250;238;229m██[38;2;157;187;193m██[38;2;95;161;163m██[38;2;126;204;201m██[38;2;232;233;233m██[38;2;136;138;144m██[38;2;109;203;194m██[38;2;48;164;164m██[38;2;116;205;200m██[38;2;30;136;141m██[38;2;13;26;43m██[38;2;86;26;80m██[38;2;171;122;109m██[38;2;0;255;0m  [38;2;64;253;66m  [38;2;79;129;134m██[38;2;178;246;241m██[38;2;173;245;240m██[38;2;163;243;237m██[38;2;153;231;221m██
[38;2;110;219;156m  [38;2;0;255;0m  [38;2;86;192;184m██[38;2;85;192;181m██[38;2;104;195;189m██[38;2;36;56;80m██[38;2;247;239;234m██[38;2;213;223;219m██[38;2;251;238;229m████████[38;2;247;229;220m██[38;2;245;227;219m██[38;2;251;238;229m██████████[38;2;99;196;190m██[38;2;70;177;173m██[38;2;31;58;70m██[38;2;60;172;175m██[38;2;28;36;52m██[38;2;196;38;150m██[38;2;6;4;19m██[38;2;0;255;0m    [38;2;132;164;168m██[38;2;183;247;243m██[38;2;176;240;237m██[38;2;163;243;237m██[38;2;160;233;228m██
[38;2;111;242;116m  [38;2;0;255;0m  [38;2;81;188;179m██[38;2;77;180;177m██[38;2;86;189;183m██[38;2;25;81;93m██[38;2;251;238;228m██████████[38;2;241;211;204m██[38;2;243;224;216m██[38;2;251;238;228m████████████[38;2;71;164;161m██[38;2;88;192;181m██[38;2;6;4;19m██[38;2;109;195;189m██[38;2;9;19;35m██[38;2;121;30;102m██[38;2;6;4;19m██[38;2;0;255;0m    [38;2;72;207;82m  [38;2;173;245;240m████[38;2;160;236;232m██[38;2;162;232;226m██
[38;2;0;255;0m    [38;2;80;180;176m██[38;2;67;177;174m██[38;2;12;45;62m██[38;2;15;87;95m██[38;2;251;238;228m██████████[38;2;245;229;221m██[38;2;251;238;228m████████████[38;2;249;235;225m██[38;2;54;134;137m██[38;2;36;116;126m██[38;2;6;4;19m██[38;2;144;230;222m██[38;2;27;13;37m██[38;2;40;11;43m██[38;2;6;4;19m██[38;2;0;255;0m    [38;2;79;252;82m  [38;2;157;238;232m██[38;2;160;234;230m██████
[38;2;0;255;0m    [38;2;137;188;189m██[38;2;67;177;174m██[38;2;5;4;19m██[38;2;33;123;127m██[38;2;123;135;144m██[38;2;251;238;228m██████████████████████[38;2;242;207;196m██[38;2;70;160;157m██[38;2;50;114;114m██[38;2;6;6;21m██[38;2;38;84;93m██[38;2;14;11;25m██[38;2;8;7;17m██[38;2;47;45;55m██[38;2;0;255;0m      [38;2;127;216;211m██[38;2;143;223;216m██[38;2;155;233;225m██[38;2;162;232;226m██
[38;2;0;255;0m    [38;2;148;198;195m██[38;2;64;168;166m██[38;2;6;4;19m██[38;2;62;135;133m██[38;2;31;77;100m██[38;2;251;237;229m██████[38;2;231;194;182m██[38;2;223;165;131m████[38;2;251;237;229m████████[38;2;248;232;222m██[38;2;158;150;151m██[38;2;87;190;189m██[38;2;29;120;126m██[38;2;35;71;79m██[38;2;6;4;19m██████[38;2;25;151;34m  [38;2;0;255;0m      [38;2;101;194;191m██[38;2;136;221;213m██[38;2;150;229;218m██[38;2;162;232;225m██
[38;2;0;255;0m    [38;2;119;188;179m██[38;2;67;161;160m██[38;2;54;149;147m██[38;2;6;4;19m██[38;2;79;166;168m██[38;2;82;112;118m██[38;2;251;237;229m██████████████████[38;2;235;202;192m██[38;2;68;170;168m██[38;2;20;104;113m██[38;2;163;221;183m  [38;2;151;190;177m  [38;2;0;255;0m              [38;2;92;172;173m██[38;2;135;220;213m██[38;2;149;226;215m██[38;2;164;231;222m██
[38;2;0;255;0m    [38;2;105;209;198m██[38;2;73;159;161m██[38;2;53;150;146m██[38;2;44;45;64m██[38;2;30;80;88m██[38;2;17;90;98m██[38;2;48;102;114m██[38;2;251;237;229m████████████[38;2;247;230;219m██[38;2;185;154;141m██[38;2;49;81;89m██[38;2;21;101;111m██[38;2;34;118;122m██[38;2;0;255;0m                  [38;2;72;166;163m██[38;2;122;208;199m██[38;2;149;225;214m██[38;2;150;225;215m██
[38;2;0;255;0m    [38;2;115;205;195m██[38;2;99;189;185m██[38;2;53;149;147m██[38;2;46;114;119m██[38;2;33;52;69m██[38;2;17;32;52m██[38;2;21;104;114m██[38;2;0;255;0m  [38;2;249;237;228m██[38;2;251;237;229m████[38;2;249;235;225m██[38;2;245;205;181m██████[38;2;47;129;134m██[38;2;25;106;109m██[38;2;14;92;102m██[38;2;0;255;0m                  [38;2;74;160;162m██[38;2;122;207;198m██[38;2;133;219;209m██[38;2;149;225;215m██
[38;2;0;255;0m    [38;2;112;213;205m██[38;2;105;193;187m██[38;2;62;151;149m██[38;2;52;129;133m██[38;2;15;101;107m██[38;2;0;255;0m  [38;2;15;101;107m██[38;2;0;255;0m    [38;2;182;181;181m██[38;2;241;203;192m██[38;2;246;205;180m██[38;2;244;205;187m██[38;2;243;208;192m██[38;2;120;124;125m██[38;2;105;113;120m██[38;2;91;226;102m  [38;2;21;104;114m██[38;2;38;99;114m██[38;2;0;255;0m                [38;2;54;144;143m██[38;2;111;200;194m██[38;2;132;220;209m████
[38;2;0;255;0m    [38;2;112;213;206m██[38;2;95;188;186m██[38;2;53;149;147m██[38;2;54;134;137m██[38;2;22;111;116m██[38;2;0;255;0m  [38;2;41;128;134m██[38;2;0;255;0m    [38;2;214;214;218m██[38;2;137;124;130m██[38;2;244;205;186m██[38;2;228;217;217m██[38;2;243;240;239m██[38;2;238;240;243m██[38;2;109;128;136m██[38;2;0;255;0m      [38;2;130;151;153m██[38;2;0;255;0m              [38;2;54;132;128m██[38;2;105;193;188m██[38;2;133;220;209m████
[38;2;0;255;0m    [38;2;116;213;205m██[38;2;93;187;180m██[38;2;54;150;147m██[38;2;52;130;134m██[38;2;22;111;116m██[38;2;0;255;0m  [38;2;48;148;149m██[38;2;0;255;0m  [38;2;120;251;125m  [38;2;202;208;209m██[38;2;59;123;125m██[38;2;37;99;104m██[38;2;236;230;232m██[38;2;237;221;217m██[38;2;243;239;238m██[38;2;152;165;170m██[38;2;0;255;0m                      [38;2;87;150;150m██[38;2;93;187;180m██[38;2;130;210;203m████
[38;2;0;255;0m  [38;2;102;233;107m  [38;2;116;213;205m██[38;2;93;179;179m██[38;2;62;152;150m██[38;2;55;139;140m██[38;2;16;94;104m██[38;2;0;255;0m  [38;2;48;148;150m██[38;2;0;255;0m  [38;2;101;233;103m  [38;2;200;215;215m██[38;2;65;173;173m██[38;2;97;201;194m██[38;2;51;152;152m██[38;2;241;247;248m██[38;2;218;229;232m██[38;2;202;208;209m██[38;2;92;246;92m  [38;2;0;255;0m                    [38;2;142;174;174m██[38;2;96;180;175m██[38;2;130;210;203m████
[38;2;0;255;0m  [38;2;165;209;205m██[38;2;120;214;207m██[38;2;96;179;176m██[38;2;62;152;150m██[38;2;55;138;140m██[38;2;22;96;109m██[38;2;0;255;0m  [38;2;48;146;144m██[38;2;0;255;0m  [38;2;220;228;230m██[38;2;48;52;71m██[38;2;89;194;193m██[38;2;83;178;178m██[38;2;43;103;115m██[38;2;197;231;230m██[38;2;236;231;233m██[38;2;199;208;210m██[38;2;197;200;203m██[38;2;135;211;139m  [38;2;0;255;0m                  [38;2;58;201;76m  [38;2;78;173;166m██[38;2;117;206;196m██[38;2;124;208;200m██
[38;2;0;255;0m  [38;2;121;191;186m██[38;2;120;215;207m██[38;2;94;181;182m██[38;2;61;152;150m██[38;2;54;139;140m██[38;2;15;92;102m██[38;2;0;255;0m  [38;2;49;146;144m██[38;2;235;237;240m██[38;2;60;117;122m██[38;2;61;61;82m██[38;2;95;194;193m██[38;2;83;172;175m██[38;2;153;164;169m██[38;2;103;134;145m██[38;2;232;238;240m██[38;2;106;205;197m██[38;2;135;191;191m██[38;2;179;161;164m██[38;2;82;145;148m██[38;2;141;223;135m  [38;2;99;183;95m  [38;2;113;199;113m  [38;2;0;255;0m          [38;2;104;240;114m  [38;2;80;173;171m██[38;2;116;206;195m████
[38;2;0;255;0m  [38;2;113;211;202m██[38;2;120;214;207m██[38;2;95;183;184m██[38;2;62;152;150m██[38;2;55;139;140m██[38;2;15;84;97m██[38;2;0;255;0m  [38;2;134;194;192m██[38;2;122;162;160m██[38;2;60;72;87m██[38;2;189;190;195m██[38;2;109;213;206m██[38;2;103;204;199m██[38;2;199;204;206m██[38;2;197;201;204m██[38;2;96;179;175m██[38;2;195;204;206m██[38;2;190;185;196m██[38;2;245;227;220m██[38;2;250;238;229m██████████[38;2;150;194;139m  [38;2;0;255;0m        [38;2;86;178;173m██[38;2;107;194;193m██[38;2;115;206;195m██
[38;2;0;255;0m  [38;2;116;212;203m██[38;2;122;208;198m██[38;2;74;166;165m██[38;2;246;242;242m██[38;2;250;238;229m████[38;2;143;225;217m██[38;2;109;170;169m██[38;2;172;174;178m██[38;2;207;211;215m██[38;2;105;169;171m██[38;2;150;232;227m██[38;2;81;169;165m██[38;2;207;211;215m██[38;2;213;229;232m██[38;2;236;233;236m██[38;2;181;181;186m██[38;2;236;233;236m██[38;2;245;225;216m██[38;2;250;238;229m████████████[38;2;98;216;87m  [38;2;0;255;0m      [38;2;93;178;179m██[38;2;105;193;187m██[38;2;116;206;195m██[0m
