
[38;2;4;20;6m  [38;2;97;97;95m  [38;2;39;128;88m  [38;2;0;0;0m                                                          [38;2;0;16;0m  [38;2;1;11;3m  [38;2;2;12;2m  [38;2;0;0;0m    
[38;2;151;148;149m  [38;2;150;149;149m██[38;2;23;22;22m  [38;2;20;64;36m  [38;2;0;0;0m                      [38;2;0;3;2m  [38;2;0;0;0m      [38;2;0;5;0m  [38;2;0;0;0m                      [38;2;0;16;0m  [38;2;4;10;5m  [38;2;248;248;250m██[38;2;25;25;24m  [38;2;0;3;1m  [38;2;0;0;0m  
[38;2;178;173;176m  [38;2;153;155;154m██[38;2;253;254;253m██[38;2;226;224;224m  [38;2;8;34;16m  [38;2;0;56;0m  [38;2;0;0;0m                [38;2;1;5;2m  [38;2;21;83;45m  [38;2;7;44;21m  [38;2;4;35;15m  [38;2;9;52;25m  [38;2;24;106;60m  [38;2;1;6;3m  [38;2;0;1;0m  [38;2;0;0;0m              [38;2;0;2;2m  [38;2;28;86;56m  [38;2;1;3;1m  [38;2;2;5;2m██[38;2;99;99;99m██[38;2;0;2;0m  [38;2;0;2;1m  [38;2;0;0;0m  
[38;2;33;35;29m  [38;2;36;38;35m██[38;2;203;204;203m██[38;2;252;252;252m██[38;2;238;238;237m  [38;2;13;48;23m  [38;2;0;38;0m  [38;2;0;0;0m          [38;2;1;7;4m  [38;2;3;23;8m  [38;2;2;0;0m  [38;2;0;1;0m  [38;2;0;0;0m██████[38;2;1;0;0m  [38;2;2;0;0m  [38;2;5;42;18m  [38;2;3;10;6m  [38;2;0;0;0m            [38;2;6;43;24m  [38;2;1;1;0m  [38;2;0;1;0m██[38;2;2;2;1m██[38;2;153;153;153m██[38;2;4;1;0m  [38;2;0;4;2m  [38;2;0;0;0m  
[38;2;15;75;37m  [38;2;34;34;32m  [38;2;15;15;14m██[38;2;236;236;235m██[38;2;252;252;248m██[38;2;249;248;247m  [38;2;14;33;19m  [38;2;21;65;21m  [38;2;0;0;0m      [38;2;5;36;14m  [38;2;1;0;0m  [38;2;0;0;0m██████████████████[38;2;6;4;1m  [38;2;7;15;12m  [38;2;0;0;0m      [38;2;0;40;0m  [38;2;29;106;64m  [38;2;3;0;0m  [38;2;0;0;0m██[38;2;0;3;0m██[38;2;126;130;124m██[38;2;168;169;169m  [38;2;6;35;14m  [38;2;0;0;0m    
[38;2;0;0;0m  [38;2;15;52;31m  [38;2;208;207;206m  [38;2;156;159;156m██[38;2;200;202;198m██[38;2;249;254;249m██[38;2;251;252;252m██[38;2;22;41;23m  [38;2;3;35;7m  [38;2;0;0;0m  [38;2;5;33;14m  [38;2;0;0;0m  ██████████████████████[38;2;0;4;1m  [38;2;0;29;3m  [38;2;0;0;0m    [38;2;10;56;28m  [38;2;0;0;0m  ██[38;2;1;4;1m██[38;2;28;34;31m██[38;2;2;4;2m  [38;2;5;27;12m  [38;2;0;45;0m  [38;2;0;0;0m    
[38;2;0;0;0m    [38;2;32;77;52m  [38;2;162;165;163m  [38;2;151;155;149m██[38;2;155;156;154m██[38;2;251;252;252m██[38;2;250;250;251m██[38;2;51;58;48m  [38;2;21;100;59m  [38;2;0;1;0m  [38;2;0;0;0m████████████████████████[38;2;0;2;0m██[38;2;2;13;4m  [38;2;0;25;0m  [38;2;7;37;17m  [38;2;0;0;0m  [38;2;1;1;1m██[38;2;2;2;1m██[38;2;216;217;216m██[38;2;2;3;2m  [38;2;9;50;25m  [38;2;0;58;0m  [38;2;0;0;0m      
[38;2;0;0;0m      [38;2;1;8;3m  [38;2;21;23;20m  [38;2;54;55;53m██[38;2;110;111;110m██[38;2;251;250;252m██[38;2;250;249;252m██[38;2;37;38;36m  [38;2;0;0;0m██████████████████████████[38;2;0;1;0m██[38;2;0;2;0m██[38;2;5;17;9m  [38;2;1;1;0m██[38;2;0;0;0m██[38;2;5;5;4m██[38;2;195;198;195m██[38;2;188;187;188m  [38;2;10;42;20m  [38;2;0;73;0m  [38;2;0;0;0m        
[38;2;0;0;0m        [38;2;3;23;16m  [38;2;62;68;63m  [38;2;248;249;248m██[38;2;66;67;66m██[38;2;247;247;248m██[38;2;1;2;1m██[38;2;1;1;1m██[38;2;0;0;0m██████████████████████████████[38;2;1;1;1m██[38;2;16;16;16m██[38;2;0;1;1m██[38;2;3;3;2m  [38;2;21;63;36m  [38;2;0;13;0m  [38;2;0;0;0m          
[38;2;0;0;0m          [38;2;12;45;20m  [38;2;37;44;39m  [38;2;93;93;91m  [38;2;39;40;42m██[38;2;0;0;0m██████████████████████████████████[38;2;39;39;39m██[38;2;156;157;155m██[38;2;4;6;3m  [38;2;45;120;92m  [38;2;0;31;0m  [38;2;0;0;0m            
[38;2;0;0;0m              [38;2;3;26;10m  [38;2;34;35;33m  [38;2;0;0;0m██████████████████████████████████[38;2;178;180;177m██[38;2;67;73;66m  [38;2;5;37;14m  [38;2;0;0;0m                
[38;2;0;0;0m              [38;2;0;31;0m  [38;2;4;26;12m  [38;2;0;0;0m██████████████████████████████████[38;2;4;18;7m  [38;2;30;68;53m  [38;2;0;0;0m                  
[38;2;0;0;0m              [38;2;0;41;0m  [38;2;14;51;28m  [38;2;2;2;2m██[38;2;1;1;1m██[38;2;0;0;0m██████████[38;2;1;1;1m██[38;2;2;2;2m████████[38;2;0;0;0m██[38;2;2;2;2m████[38;2;1;1;1m██  [38;2;5;40;21m  [38;2;0;0;0m                    
[38;2;0;0;0m                [38;2;0;9;0m  [38;2;248;248;247m  [38;2;189;189;189m██[38;2;1;1;1m██[38;2;0;0;0m████████[38;2;136;136;136m██[38;2;252;252;253m██[38;2;244;244;243m██[38;2;255;255;254m██[38;2;255;255;255m██[38;2;8;8;8m██[38;2;255;255;255m██[38;2;252;252;252m██[38;2;241;242;240m██[38;2;170;173;169m  [38;2;0;0;0m                      
[38;2;0;0;0m                [38;2;64;64;64m  [38;2;148;151;146m  [38;2;251;251;251m██[38;2;6;6;6m██[38;2;0;0;0m██████[38;2;2;2;2m██[38;2;244;244;244m██[38;2;252;252;254m██[38;2;250;250;250m██[38;2;138;139;138m██[38;2;13;14;12m██[38;2;2;2;1m██[38;2;13;13;12m██[38;2;136;138;135m██[38;2;248;252;247m██[38;2;31;41;35m  [38;2;10;77;59m  [38;2;0;0;0m                    
[38;2;0;0;0m                  [38;2;17;46;26m  [38;2;250;251;251m  [38;2;232;234;232m██[38;2;32;32;31m██[38;2;2;2;2m██[38;2;15;15;15m██[38;2;208;209;209m██[38;2;251;251;253m██[38;2;251;251;254m██[38;2;253;253;253m██[38;2;252;251;254m██[38;2;250;250;250m██[38;2;24;24;24m██[38;2;250;250;251m██[38;2;250;252;252m██[38;2;87;87;85m██[38;2;241;214;21m  [38;2;26;63;30m  [38;2;0;0;0m                    
[38;2;0;0;0m                  [38;2;64;144;98m  [38;2;108;113;107m  [38;2;251;250;253m██[38;2;252;252;253m██[38;2;252;252;252m██[38;2;251;251;253m██[38;2;252;251;253m██[38;2;245;245;247m██[38;2;174;175;174m██[38;2;251;251;253m██[38;2;253;253;254m██[38;2;251;251;251m██[38;2;76;76;76m██[38;2;251;251;253m██[38;2;251;250;249m██[38;2;24;25;24m██[38;2;63;58;22m  [38;2;8;42;25m  [38;2;0;22;22m  [38;2;0;0;0m                  
[38;2;0;0;0m    [38;2;0;54;5m  [38;2;0;0;0m      [38;2;0;20;0m  [38;2;0;38;0m  [38;2;26;26;26m  [38;2;126;119;31m  [38;2;13;67;38m██[38;2;154;157;152m██[38;2;250;252;246m██[38;2;252;254;251m██[38;2;253;253;253m██[38;2;248;248;250m██[38;2;17;17;17m██[38;2;4;4;4m██[38;2;250;250;250m██[38;2;253;253;254m██[38;2;252;252;252m██[38;2;252;252;253m██[38;2;250;251;250m██[38;2;57;62;57m██[38;2;153;141;42m██[38;2;74;67;18m██[38;2;108;98;18m  [38;2;0;11;0m  [38;2;0;38;0m  [38;2;0;0;0m    [38;2;0;40;0m  [38;2;0;38;0m    [38;2;0;0;0m    [38;2;0;57;0m  
[38;2;0;0;0m  [38;2;0;66;0m  [38;2;13;29;10m  [38;2;67;64;21m  [38;2;94;95;94m  [38;2;77;83;76m  [38;2;90;93;89m  [38;2;92;96;91m  [38;2;84;90;85m  [38;2;157;140;27m██[38;2;59;64;60m██[38;2;92;95;90m██[38;2;85;87;84m██[38;2;252;253;253m██[38;2;251;251;252m████[38;2;185;185;184m██[38;2;70;70;68m██[38;2;252;252;252m██[38;2;253;253;254m██[38;2;249;250;251m██[38;2;245;244;245m██[38;2;43;45;44m██[38;2;74;78;76m██[38;2;186;168;30m██[38;2;114;100;28m██[38;2;233;209;29m  [38;2;69;73;71m  [38;2;91;97;89m  [38;2;90;93;92m  [38;2;91;93;90m  [38;2;91;96;90m  [38;2;91;97;90m  [38;2;90;96;91m  [38;2;93;95;94m  [38;2;91;94;91m  [38;2;62;70;62m  
[38;2;0;0;0m  [38;2;0;57;0m  [38;2;35;39;13m  [38;2;74;73;71m██[38;2;220;221;220m██[38;2;123;127;123m██[38;2;132;135;131m██[38;2;77;80;76m██[38;2;90;91;89m██[38;2;158;142;29m██[38;2;163;163;166m██[38;2;146;148;147m██[38;2;184;186;183m██[38;2;130;131;131m██[38;2;101;102;101m██[38;2;221;222;220m██[38;2;252;252;253m██[38;2;251;251;251m██[38;2;253;253;254m██[38;2;192;193;190m██[38;2;68;69;69m██[38;2;184;184;183m██[38;2;56;58;56m██[38;2;58;59;58m██[38;2;70;64;46m██[38;2;70;72;60m██[38;2;178;181;183m██[38;2;250;252;252m██[38;2;251;251;252m██[38;2;252;252;252m██[38;2;251;252;251m██[38;2;251;251;251m██[38;2;251;252;252m██[38;2;248;249;250m██[38;2;107;109;108m██[38;2;249;251;248m██[38;2;140;148;142m  
[38;2;0;0;0m  [38;2;0;84;3m  [38;2;34;36;17m  [38;2;214;215;215m██[38;2;97;99;96m██[38;2;216;218;214m██[38;2;59;60;59m██[38;2;82;86;82m██[38;2;189;189;189m██[38;2;158;140;27m██[38;2;42;42;42m██[38;2;3;4;3m██[38;2;205;206;204m██[38;2;249;249;250m██[38;2;80;81;81m██[38;2;231;232;232m██[38;2;191;191;191m██[38;2;59;60;56m██[38;2;199;199;199m██[38;2;245;245;245m██[38;2;243;242;243m██[38;2;252;252;252m██[38;2;39;39;39m██[38;2;241;241;241m██[38;2;63;63;62m██[38;2;131;133;131m██[38;2;129;131;130m██[38;2;130;130;131m██[38;2;130;130;130m████████[38;2;131;131;131m██[38;2;75;75;75m██[38;2;218;219;219m██[38;2;252;253;252m  [38;2;10;42;18m  
[38;2;0;0;0m  [38;2;0;18;0m  [38;2;33;38;12m  [38;2;158;149;39m  [38;2;252;252;252m  [38;2;110;111;109m  [38;2;252;252;251m  [38;2;238;239;238m  [38;2;155;156;155m██[38;2;151;136;23m██[38;2;1;1;0m██[38;2;1;3;2m██[38;2;186;187;187m██[38;2;72;73;71m██[38;2;31;30;31m██[38;2;219;220;221m██[38;2;251;252;252m██[38;2;83;84;80m██[38;2;253;253;254m██[38;2;202;203;202m██[38;2;75;75;75m██[38;2;140;140;140m██[38;2;56;58;55m██[38;2;248;248;250m██[38;2;248;249;249m██[38;2;65;65;63m██[38;2;248;250;249m██[38;2;250;250;250m  [38;2;252;251;252m  [38;2;251;252;248m  [38;2;249;252;248m  [38;2;251;252;250m  [38;2;251;251;249m  [38;2;242;243;239m  [38;2;141;143;140m  [38;2;14;50;28m  [38;2;0;1;1m  
[38;2;0;0;0m    [38;2;1;13;5m  [38;2;0;9;3m  [38;2;0;7;1m  [38;2;0;7;0m    [38;2;0;6;0m  [38;2;5;11;5m  [38;2;161;144;24m██[38;2;1;1;0m██[38;2;6;9;6m██[38;2;82;83;81m██[38;2;251;252;252m██[38;2;78;80;79m██[38;2;237;238;237m██[38;2;207;207;206m██[38;2;67;69;66m██[38;2;210;211;210m██[38;2;241;241;240m██[38;2;242;242;241m██[38;2;246;247;247m██[38;2;28;31;28m██[38;2;130;131;129m██[38;2;250;250;251m██[38;2;250;251;250m██[38;2;67;68;66m  [38;2;31;77;52m  [38;2;0;7;0m  [38;2;0;7;1m  [38;2;0;7;0m      [38;2;0;13;4m  [38;2;23;50;36m  [38;2;0;0;0m    
[38;2;0;0;0m          [38;2;41;45;17m  [38;2;15;35;20m  [38;2;2;7;4m  [38;2;0;0;0m██[38;2;4;5;4m██[38;2;1;2;1m██[38;2;21;23;22m██[38;2;131;135;132m██[38;2;169;170;170m██[38;2;20;20;18m██[38;2;140;141;140m██[38;2;221;221;221m██[38;2;78;79;75m██[38;2;219;219;219m██[38;2;134;135;135m██[38;2;51;51;49m██[38;2;194;195;193m██[38;2;29;32;32m  [38;2;184;188;182m██[38;2;85;86;84m██[38;2;251;251;251m██[38;2;249;249;248m██[38;2;111;111;105m  [38;2;4;21;12m  [38;2;71;66;26m  [38;2;18;70;18m  [38;2;0;0;0m            
[38;2;0;0;0m        [38;2;0;15;15m  [38;2;41;103;60m  [38;2;205;189;35m  [38;2;2;2;2m██[38;2;0;0;1m██[38;2;54;54;54m██[38;2;28;29;26m██[38;2;1;6;1m  [38;2;13;31;18m  [38;2;250;250;247m  [38;2;252;252;251m██[38;2;251;251;253m██[38;2;240;240;240m██[38;2;235;235;235m██[38;2;240;240;241m██[38;2;251;250;252m██[38;2;252;251;251m██[38;2;239;239;239m  [38;2;22;69;40m  [38;2;54;56;53m  [38;2;190;192;189m██[38;2;58;63;58m██[38;2;249;251;250m██[38;2;150;153;147m██[38;2;214;194;41m  [38;2;27;69;42m  [38;2;0;46;13m  [38;2;0;0;0m            
[38;2;0;0;0m        [38;2;14;88;37m  [38;2;4;1;2m  [38;2;3;5;3m██[38;2;211;193;38m██[38;2;2;3;5m██[38;2;59;60;60m██[38;2;15;25;16m  [38;2;40;80;64m  [38;2;11;33;20m  [38;2;84;88;83m  [38;2;248;250;247m██[38;2;252;252;255m██[38;2;253;253;253m██████[38;2;252;252;251m██[38;2;251;252;250m██[38;2;18;33;21m  [38;2;0;56;0m  [38;2;1;4;2m  [38;2;12;26;13m  [38;2;55;64;56m██[38;2;30;31;28m██[38;2;196;181;31m██[38;2;59;59;54m██[38;2;170;169;151m  [38;2;13;61;27m  [38;2;0;14;0m  [38;2;0;0;0m          
[38;2;0;0;0m      [38;2;11;51;26m  [38;2;0;2;0m  [38;2;44;11;21m██[38;2;93;18;55m██[38;2;10;8;2m██[38;2;188;174;28m██[38;2;5;17;8m  [38;2;1;35;3m  [38;2;0;0;0m    [38;2;3;9;5m  [38;2;22;32;23m  [38;2;207;206;207m  [38;2;254;254;254m  [38;2;253;253;253m  [38;2;254;253;254m  [38;2;174;173;174m  [38;2;12;36;16m  [38;2;16;32;24m  [38;2;0;0;0m    [38;2;2;53;4m  [38;2;15;38;22m  [38;2;161;143;28m██[38;2;70;65;52m██[38;2;139;138;123m██[38;2;61;63;55m██[38;2;7;9;5m  [38;2;10;46;20m  [38;2;0;79;0m  [38;2;0;0;0m        
[38;2;0;0;0m  [38;2;0;50;0m  [38;2;7;54;29m  [38;2;23;7;10m  [38;2;24;5;11m██[38;2;15;3;6m██[38;2;80;16;43m██[38;2;8;2;3m  [38;2;27;20;10m  [38;2;146;128;32m  [38;2;8;32;8m  [38;2;0;0;0m        [38;2;2;9;5m  [38;2;117;221;170m  [38;2;54;132;87m  [38;2;182;222;219m  [38;2;6;14;9m  [38;2;0;0;0m        [38;2;10;46;16m  [38;2;105;97;30m  [38;2;43;36;11m  [38;2;170;162;150m  [38;2;96;100;87m██[38;2;130;129;117m██[38;2;64;60;27m██[38;2;160;162;146m  [38;2;7;34;15m  [38;2;0;46;43m  [38;2;0;0;0m      
[38;2;0;0;0m  [38;2;3;22;14m  [38;2;33;14;21m  [38;2;12;3;6m██[38;2;95;14;56m██[38;2;16;3;6m██[38;2;1;1;1m  [38;2;10;57;26m  [38;2;0;4;2m  [38;2;13;70;38m  [38;2;0;32;0m  [38;2;0;0;0m                          [38;2;0;9;0m  [38;2;1;20;10m  [38;2;0;4;2m  [38;2;24;79;46m  [38;2;33;34;28m  [38;2;87;82;38m██[38;2;222;222;198m██[38;2;71;74;68m██[38;2;11;12;12m  [38;2;10;24;12m  [38;2;0;0;0m      
[38;2;0;2;0m  [38;2;86;74;18m  [38;2;144;122;20m██[38;2;30;9;17m██[38;2;13;2;3m██[38;2;15;5;9m  [38;2;5;32;14m  [38;2;0;0;0m    [38;2;0;2;0m  [38;2;0;0;0m                              [38;2;0;1;0m  [38;2;0;0;0m  [38;2;0;56;0m  [38;2;72;141;103m  [38;2;69;68;63m  [38;2;184;189;164m██[38;2;194;189;169m██[38;2;205;180;29m██[38;2;137;112;30m  [38;2;9;26;15m  [38;2;0;0;0m    
[38;2;0;0;0m  [38;2;1;8;2m  [38;2;157;133;29m  [38;2;74;65;16m██[38;2;9;3;5m  [38;2;17;51;27m  [38;2;0;0;0m                                              [38;2;17;57;31m  [38;2;40;42;37m  [38;2;160;146;33m██[38;2;188;166;31m  [38;2;1;11;3m  [38;2;0;0;0m      
[38;2;0;0;0m    [38;2;31;117;73m  [38;2;84;75;37m  [38;2;50;114;63m  [38;2;0;0;0m                                                  [38;2;36;82;45m  [38;2;73;73;25m  [38;2;29;82;51m  [38;2;0;1;0m  [38;2;0;0;0m      [0m
