
[38;2;6;0;17m  [38;2;3;0;12m    [38;2;2;0;6m  [38;2;11;0;27m  [38;2;56;54;73m██[38;2;63;62;80m██[38;2;61;60;77m██[38;2;63;62;80m██[38;2;64;63;81m████[38;2;65;64;82m██[38;2;19;19;32m██[38;2;67;66;85m██[38;2;63;63;81m██[38;2;64;62;81m████[38;2;63;63;81m██[38;2;64;63;81m██████[38;2;61;60;79m██[38;2;69;67;86m██[38;2;64;63;81m████████[38;2;63;62;80m██[38;2;47;46;62m██[38;2;32;33;47m██[38;2;70;69;87m██[38;2;8;1;26m  
[38;2;6;0;16m  [38;2;2;0;11m  [38;2;9;0;23m  [38;2;16;11;32m██[38;2;68;68;85m██[38;2;64;63;81m██[38;2;57;56;72m██[38;2;142;143;174m██[38;2;63;62;79m██[38;2;64;63;81m████[38;2;24;24;38m██[38;2;65;64;82m██[38;2;64;63;81m██████████████████████████[38;2;60;59;76m██[38;2;122;123;151m██[38;2;64;63;81m██[38;2;39;38;53m██[38;2;26;26;39m██[38;2;70;70;87m██
[38;2;11;1;26m  [38;2;29;22;45m██[38;2;73;73;90m██[38;2;63;62;81m██[38;2;64;63;81m██[38;2;56;55;72m██[38;2;137;139;168m██[38;2;133;135;163m██[38;2;70;69;88m██[38;2;63;62;79m██[38;2;51;50;66m██[38;2;67;66;86m██[38;2;64;63;81m████████████████████[38;2;60;59;77m██[38;2;64;63;80m██[38;2;64;62;81m██[38;2;62;61;79m██[38;2;128;129;158m██[38;2;132;134;163m██[38;2;61;60;78m██[38;2;63;62;80m██[38;2;27;27;41m██[38;2;58;58;75m██
[38;2;10;0;25m  [38;2;11;3;25m██[38;2;15;11;30m██[38;2;24;25;37m██[38;2;8;8;19m██[38;2;138;140;169m██[38;2;133;135;163m████[38;2;132;134;163m██[38;2;138;140;170m██[38;2;105;105;130m██[38;2;53;52;68m██[38;2;64;63;81m██████[38;2;66;65;84m██[38;2;63;62;80m██[38;2;64;63;81m██[38;2;63;62;80m██[38;2;60;59;76m██[38;2;61;60;78m██[38;2;106;107;132m██[38;2;45;37;65m██[38;2;129;131;160m██[38;2;103;105;129m██[38;2;137;139;168m██[38;2;132;134;163m██[38;2;133;135;163m██[38;2;137;139;169m██[38;2;63;62;80m██[38;2;66;65;83m██[38;2;28;27;41m██
[38;2;2;0;8m  [38;2;11;0;26m  [38;2;28;31;41m██[38;2;32;32;46m██[38;2;136;138;169m██[38;2;132;135;163m██[38;2;133;134;163m██[38;2;132;134;163m████[38;2;109;110;135m██[38;2;136;139;169m██[38;2;138;140;170m██[38;2;136;138;168m██[38;2;109;110;135m██[38;2;119;120;146m██[38;2;101;102;126m██[38;2;136;138;167m██[38;2;131;133;162m██[38;2;140;143;173m██[38;2;137;139;169m██[38;2;133;135;164m██[38;2;132;135;163m██[38;2;14;13;18m██[38;2;133;135;165m██[38;2;132;134;163m██[38;2;133;134;163m██[38;2;132;135;163m██[38;2;132;134;163m██[38;2;133;135;164m██[38;2;58;57;74m██[38;2;64;63;80m██[38;2;53;52;68m██
[38;2;5;0;16m  [38;2;18;15;32m██[38;2;61;60;78m██[38;2;64;63;81m██[38;2;59;58;75m██[38;2;75;75;95m██[38;2;104;105;129m██[38;2;138;140;170m██[38;2;133;135;164m██[38;2;56;55;72m██[38;2;133;135;163m██████████[38;2;78;78;98m██[38;2;135;137;167m██[38;2;133;135;163m██[38;2;133;135;164m██[38;2;133;135;163m████[38;2;134;136;165m██[38;2;6;4;11m██[38;2;134;136;165m██[38;2;133;135;163m██[38;2;136;139;168m██[38;2;134;136;166m██[38;2;137;139;168m██[38;2;133;135;164m██[38;2;127;128;157m██[38;2;64;63;81m████
[38;2;25;20;41m██[38;2;65;64;82m██[38;2;64;63;81m██████████[38;2;59;58;75m██[38;2;140;143;173m██[38;2;131;133;162m██[38;2;133;135;163m██████████[38;2;59;58;75m██[38;2;133;135;164m██[38;2;133;135;163m██[38;2;133;135;164m██[38;2;133;135;163m████[38;2;141;144;173m██[38;2;28;23;40m██[38;2;135;137;167m██[38;2;83;82;103m██[38;2;61;60;78m██[38;2;62;61;79m██[38;2;62;61;78m██[38;2;58;57;74m██[38;2;142;144;175m██[38;2;62;61;78m██[38;2;64;63;81m██
[38;2;63;62;80m██[38;2;64;63;80m██[38;2;64;62;81m██[38;2;64;63;81m██████████[38;2;59;58;75m██[38;2;142;145;175m██[38;2;131;133;162m██[38;2;136;138;168m██[38;2;133;135;164m██[38;2;132;135;163m██[38;2;136;138;167m██[38;2;54;52;69m██[38;2;133;135;163m████[38;2;133;134;163m██[38;2;133;135;163m████[38;2;120;120;149m██[38;2;56;55;72m██[38;2;79;78;99m██[38;2;64;63;81m████████████████
[38;2;64;63;81m████████████████[38;2;53;51;69m██[38;2;81;81;102m██[38;2;64;63;81m██[38;2;60;59;77m██[38;2;64;64;82m██[38;2;92;92;115m██[38;2;124;126;154m██[38;2;72;72;91m██[38;2;133;135;164m██[38;2;121;122;150m██[38;2;107;108;133m██[38;2;87;87;108m██[38;2;72;72;91m██[38;2;65;63;86m██[38;2;16;13;29m██[38;2;64;63;81m██████████████████
[38;2;66;65;83m██[38;2;63;62;80m██[38;2;63;63;81m██[38;2;64;63;81m██████████[38;2;30;22;45m██[38;2;59;58;76m██[38;2;64;63;81m████████[38;2;61;60;78m██[38;2;70;69;89m██[38;2;64;63;81m██████[38;2;31;31;45m██[38;2;63;62;80m██[38;2;17;6;20m██[38;2;21;11;17m██[38;2;50;49;65m██[38;2;63;63;80m██[38;2;64;63;81m████████[38;2;63;63;81m██[38;2;64;63;81m████
[38;2;14;10;27m██[38;2;66;65;84m██[38;2;64;63;81m████████████[38;2;27;19;43m██[38;2;64;63;81m██████████[38;2;38;38;53m██[38;2;64;63;81m██████[38;2;59;58;75m██[38;2;48;46;64m██[38;2;70;71;88m██[38;2;141;77;90m██[38;2;217;120;125m██[38;2;21;18;34m██[38;2;66;65;83m██[38;2;64;63;81m██[38;2;61;60;78m██[38;2;64;63;81m██████████
[38;2;69;68;87m██[38;2;63;63;81m██[38;2;64;63;80m██[38;2;63;63;80m██[38;2;64;63;81m████[38;2;64;63;80m██[38;2;65;64;82m██[38;2;31;24;46m██[38;2;64;63;80m██[38;2;63;63;81m██[38;2;64;63;81m██[38;2;64;63;80m██[38;2;70;69;89m██[38;2;28;28;41m██[38;2;64;63;81m████[38;2;68;67;85m██[38;2;23;23;36m██[38;2;65;64;81m██[38;2;1;1;15m██[38;2;238;139;140m██[38;2;216;111;120m██[38;2;3;1;12m██[38;2;28;28;41m██[38;2;64;63;81m██[38;2;60;59;77m██[38;2;64;63;81m██[38;2;64;63;80m████[38;2;64;63;81m████
[38;2;64;63;81m████████████[38;2;63;62;80m██[38;2;62;62;79m██[38;2;45;40;61m██[38;2;64;63;81m██████[38;2;65;64;82m██[38;2;22;22;35m██[38;2;46;46;61m██[38;2;64;63;81m████[38;2;29;29;41m██[38;2;11;0;23m██[38;2;60;59;78m██[38;2;176;90;103m██[38;2;255;226;192m██[38;2;255;232;195m██[38;2;185;101;110m██[38;2;24;23;38m██[38;2;51;50;67m██[38;2;54;50;71m██[38;2;64;63;81m██████████
[38;2;65;64;82m██[38;2;64;63;81m██████████[38;2;64;63;80m██[38;2;22;22;34m██[38;2;57;54;73m██[38;2;64;63;81m██████[38;2;37;37;52m██[38;2;26;26;39m██[38;2;67;66;84m██[38;2;64;63;81m██[38;2;42;42;57m██[38;2;28;12;30m██[38;2;37;35;58m██[38;2;23;6;21m██[38;2;254;238;200m██[38;2;255;217;186m██[38;2;255;216;185m██[38;2;240;168;156m██[38;2;9;3;18m██[38;2;26;26;39m██[38;2;41;34;57m██[38;2;64;63;81m██████[38;2;62;61;79m██[38;2;64;63;81m██
[38;2;5;0;20m  [38;2;36;33;51m██[38;2;64;63;81m████████[38;2;63;62;80m██[38;2;12;3;27m██[38;2;53;49;69m██[38;2;64;63;81m████[38;2;64;63;80m██[38;2;26;27;39m██[38;2;3;0;16m██[38;2;64;63;81m██[38;2;49;49;64m██[38;2;11;4;24m██[38;2;78;42;54m██[38;2;1;0;15m██[38;2;28;23;25m██[38;2;39;31;32m██[38;2;33;27;28m██[38;2;14;10;23m██[38;2;173;157;141m██[38;2;237;134;138m██[38;2;20;15;34m██[38;2;43;37;59m██[38;2;64;63;81m██████[38;2;66;65;83m██[38;2;52;52;68m██
[38;2;3;0;11m  [38;2;61;60;78m██[38;2;64;63;81m████████[38;2;25;26;37m██[38;2;115;60;76m██[38;2;61;59;77m██[38;2;68;67;85m██[38;2;72;72;89m██[38;2;26;26;38m██[38;2;10;1;25m██[38;2;62;61;79m██[38;2;48;48;62m██[38;2;15;4;26m██[38;2;65;28;45m██[38;2;1;0;7m██[38;2;254;236;201m██[38;2;255;217;186m██████[38;2;255;221;189m██[38;2;252;228;194m██[38;2;182;161;140m██[38;2;27;10;33m██[38;2;48;43;64m██[38;2;64;63;81m██████[38;2;65;64;82m██[38;2;22;23;35m██
[38;2;8;0;23m  [38;2;65;65;83m██[38;2;64;63;81m████[38;2;58;56;75m██[38;2;61;60;78m██[38;2;9;5;24m██[38;2;114;61;72m██[38;2;6;2;22m██[38;2;4;2;21m██[38;2;8;2;24m██[38;2;8;4;17m██[38;2;17;9;29m██[38;2;24;18;37m██[38;2;85;42;58m██[38;2;240;177;161m██[38;2;31;26;25m██[38;2;255;231;198m██[38;2;255;217;186m████[38;2;255;218;186m██[38;2;255;217;186m██████[38;2;255;219;187m██[38;2;234;121;128m██[38;2;35;32;52m██[38;2;64;63;81m██████[38;2;63;63;81m██[38;2;19;11;34m██
[38;2;8;0;23m  [38;2;67;66;84m██[38;2;64;63;81m████[38;2;4;1;17m██[38;2;24;26;37m██[38;2;10;3;25m██[38;2;8;0;25m██[38;2;70;69;86m██[38;2;24;25;37m██[38;2;40;23;34m██[38;2;98;54;70m██[38;2;148;90;96m██[38;2;251;208;182m██[38;2;255;222;189m██[38;2;255;218;186m██[38;2;255;217;185m██[38;2;255;217;186m██[38;2;254;229;193m██[38;2;221;121;126m██[38;2;245;193;173m██[38;2;199;177;156m██[38;2;202;181;159m██[38;2;255;230;196m██[38;2;254;216;185m██[38;2;218;158;147m██[38;2;62;61;79m██[38;2;67;66;84m██[38;2;65;64;82m██[38;2;64;63;81m████[38;2;10;9;18m██
[38;2;8;0;23m  [38;2;67;66;84m██[38;2;64;63;81m██[38;2;67;66;84m██[38;2;11;0;25m██[38;2;9;5;21m██[38;2;250;148;148m██[38;2;14;12;25m██[38;2;23;21;37m██[38;2;92;50;63m██[38;2;225;135;134m██[38;2;254;242;201m██[38;2;255;217;186m██[38;2;255;216;186m██[38;2;255;217;186m██████[38;2;251;215;185m██[38;2;249;208;184m██[38;2;0;0;6m██[38;2;10;0;26m████████[38;2;0;0;4m██[38;2;134;104;100m██[38;2;74;69;85m██[38;2;55;52;70m██[38;2;66;65;84m██[38;2;64;63;81m████[38;2;8;7;14m██
[38;2;8;0;23m██[38;2;65;64;82m██[38;2;63;62;80m██[38;2;21;16;35m██[38;2;12;0;27m██[38;2;165;90;101m██[38;2;213;118;124m██[38;2;13;9;24m██[38;2;219;133;136m██[38;2;228;205;176m██[38;2;205;191;166m██[38;2;252;207;179m██[38;2;230;149;144m██[38;2;254;217;186m██[38;2;255;217;186m██[38;2;255;216;185m████[38;2;254;240;203m██[38;2;6;0;17m██[38;2;10;0;26m██[38;2;3;0;13m██[38;2;45;34;39m██[38;2;96;72;72m██[38;2;76;57;57m██[38;2;32;23;33m██[38;2;16;4;26m██[38;2;89;78;92m██[38;2;28;22;34m██[38;2;65;63;81m██[38;2;64;63;81m██[38;2;65;64;82m██[38;2;11;3;24m██
[38;2;9;6;23m██[38;2;64;63;81m██[38;2;42;42;57m██[38;2;20;16;33m██[38;2;5;0;23m██[38;2;240;134;137m██[38;2;134;69;84m██[38;2;213;187;164m██[38;2;5;0;17m██[38;2;9;0;25m██████[38;2;13;10;12m██[38;2;255;218;188m██[38;2;255;217;185m██[38;2;255;217;186m████[38;2;191;174;155m██[38;2;1;0;2m██[38;2;237;215;185m██[38;2;248;195;171m██[38;2;245;182;162m██[38;2;243;175;157m██[38;2;244;175;157m██[38;2;252;197;172m██[38;2;70;37;55m██[38;2;48;23;43m██[38;2;36;28;39m██[38;2;66;63;81m██[38;2;64;63;80m██[38;2;65;64;82m██[38;2;67;51;58m██
[38;2;19;11;34m██[38;2;55;55;71m██[38;2;20;15;34m██[38;2;26;26;39m██[38;2;28;29;41m██[38;2;183;106;113m██[38;2;239;219;190m██[38;2;9;0;25m██[38;2;6;0;17m██[38;2;36;28;32m██[38;2;64;52;51m██[38;2;38;30;32m██[38;2;5;0;14m██[38;2;193;159;144m██[38;2;255;217;185m██[38;2;255;216;186m██[38;2;255;217;186m██[38;2;229;199;172m██[38;2;253;212;182m██[38;2;250;203;176m██[38;2;248;192;168m██[38;2;244;179;159m██[38;2;242;170;153m██[38;2;242;172;154m██[38;2;233;172;154m██[38;2;77;44;61m██[38;2;53;29;47m██[38;2;56;48;61m██[38;2;66;63;81m██[38;2;64;63;81m██[38;2;65;64;82m██[38;2;202;183;160m██
[38;2;42;36;59m██[38;2;27;28;39m██[38;2;10;0;25m██[38;2;33;33;46m██[38;2;29;27;40m██[38;2;26;10;29m██[38;2;242;209;180m██[38;2;157;126;115m██[38;2;250;195;172m██[38;2;248;193;169m██[38;2;250;199;173m██[38;2;252;206;178m██[38;2;254;217;186m██[38;2;251;218;187m██[38;2;255;216;185m██[38;2;254;221;188m██[38;2;255;217;186m██[38;2;254;217;185m██[38;2;253;211;181m██[38;2;251;204;176m██[38;2;249;194;170m██[38;2;246;185;163m██[38;2;244;180;160m██[38;2;245;182;162m██[38;2;74;35;54m██[38;2;245;145;142m██[38;2;50;33;47m██[38;2;78;70;87m██[38;2;64;63;81m████[38;2;47;42;63m██[38;2;11;1;25m██
[38;2;20;16;34m██[38;2;10;0;27m  [38;2;3;0;12m  [38;2;54;50;70m██[38;2;34;28;39m██[38;2;59;43;53m██[38;2;214;171;153m██[38;2;243;173;156m██[38;2;242;170;153m██[38;2;244;177;158m██[38;2;248;192;168m██[38;2;251;202;175m██[38;2;252;208;179m██[38;2;253;213;183m██[38;2;254;216;185m██[38;2;255;223;190m██[38;2;255;224;191m██[38;2;254;223;190m██[38;2;248;216;185m██[38;2;251;211;181m██[38;2;250;200;174m██[38;2;248;195;171m██[38;2;248;192;168m██[38;2;248;193;169m██[38;2;253;204;177m██[38;2;205;112;117m██[38;2;46;34;44m██[38;2;68;64;83m██[38;2;63;62;80m██[38;2;53;49;69m██[38;2;36;32;52m██[38;2;26;26;39m██
[38;2;8;0;23m  [38;2;6;0;25m  [38;2;3;0;15m  [38;2;28;22;43m██[38;2;78;69;85m██[38;2;63;46;55m██[38;2;71;31;50m██[38;2;244;177;158m██[38;2;243;175;157m██[38;2;245;182;162m██[38;2;248;192;168m██[38;2;250;200;174m██[38;2;252;207;179m██[38;2;254;219;188m██[38;2;218;166;149m██[38;2;169;32;53m██[38;2;232;118;128m██[38;2;245;133;140m██[38;2;248;138;143m██[38;2;230;111;123m██[38;2;252;208;180m██[38;2;250;204;177m██[38;2;250;202;175m██[38;2;250;202;176m██[38;2;251;205;178m██[38;2;67;24;48m██[38;2;42;40;53m██[38;2;63;62;80m██[38;2;47;43;63m██[38;2;11;0;26m  [38;2;13;3;28m██[38;2;27;28;39m██
[38;2;5;0;18m  [38;2;5;0;22m  [38;2;5;0;20m  [38;2;7;0;21m  [38;2;75;67;83m██[38;2;63;48;58m██[38;2;75;48;59m██[38;2;253;209;182m██[38;2;247;188;166m██[38;2;247;190;167m██[38;2;249;195;171m██[38;2;251;202;176m██[38;2;252;208;179m██[38;2;194;105;106m██[38;2;207;72;82m██[38;2;246;137;142m████[38;2;245;137;142m██[38;2;246;137;142m██[38;2;232;114;125m██[38;2;254;216;185m██[38;2;253;213;183m██[38;2;253;211;182m██[38;2;253;212;183m██[38;2;254;228;195m██[38;2;3;2;14m██[38;2;69;66;85m██[38;2;22;17;37m██[38;2;13;1;28m██[38;2;0;0;0m  [38;2;9;0;25m  [38;2;11;0;27m  
[38;2;5;0;18m  [38;2;2;0;18m    [38;2;7;0;23m  [38;2;76;74;90m██[38;2;49;39;51m██[38;2;55;35;49m██[38;2;129;98;98m██[38;2;249;197;172m██[38;2;249;199;173m██[38;2;250;202;175m██[38;2;251;206;178m██[38;2;253;212;182m██[38;2;254;233;199m██[38;2;235;119;128m██[38;2;245;137;142m████[38;2;246;137;142m██[38;2;245;136;141m██[38;2;199;76;92m██[38;2;255;217;186m██████[38;2;255;224;191m██[38;2;70;62;62m██[38;2;51;49;66m██[38;2;8;3;23m██[38;2;17;12;32m██[38;2;3;0;15m  [38;2;6;0;20m  [38;2;44;44;57m  [38;2;1;0;4m  
[38;2;6;0;19m  [38;2;5;0;22m    [38;2;5;0;21m  [38;2;23;14;38m██[38;2;29;28;39m██[38;2;10;0;25m  [38;2;46;31;45m██[38;2;184;154;138m██[38;2;252;205;178m██[38;2;253;210;181m██[38;2;254;214;184m██[38;2;255;217;186m██[38;2;255;216;186m██[38;2;248;234;199m██[38;2;239;132;140m██[38;2;245;136;141m██[38;2;246;137;142m██[38;2;251;153;156m██[38;2;246;224;190m██[38;2;255;216;185m██[38;2;255;218;186m██[38;2;241;215;187m██[38;2;4;5;19m██[38;2;12;0;28m██[38;2;20;14;33m██[38;2;8;0;23m██[38;2;1;0;16m  [38;2;46;42;62m  [38;2;36;28;52m  [38;2;3;0;14m  [38;2;8;0;21m  
[38;2;1;0;7m  [38;2;1;0;8m      [38;2;9;0;24m  [38;2;16;11;31m██[38;2;164;66;50m  [38;2;12;6;30m██[38;2;30;27;40m██[38;2;16;10;24m██[38;2;193;183;161m██[38;2;255;234;198m██[38;2;255;220;188m██[38;2;255;217;186m████[38;2;255;231;196m██[38;2;216;158;143m██[38;2;217;160;145m██[38;2;255;246;206m██[38;2;222;206;177m██[38;2;154;117;112m██[38;2;1;1;3m██[38;2;27;26;39m██[38;2;24;23;35m██[38;2;52;48;73m██[38;2;61;55;87m██[38;2;55;53;72m██[38;2;66;65;83m██[38;2;64;63;81m██[38;2;28;26;44m██[38;2;39;33;55m██[38;2;54;52;71m██
[38;2;0;0;8m          [38;2;12;0;26m  [38;2;0;0;7m  [38;2;1;0;19m  [38;2;23;21;36m██[38;2;19;13;33m██[38;2;26;26;39m██[38;2;8;0;23m██[38;2;5;4;10m██[38;2;14;11;14m██[38;2;17;14;24m  [38;2;17;14;20m██[38;2;10;8;11m██[38;2;19;6;7m██[38;2;75;32;30m██[38;2;29;29;36m██[38;2;201;194;234m██[38;2;1;1;2m██[38;2;30;28;44m██[38;2;62;56;86m██[38;2;27;19;47m██[38;2;23;21;37m██[38;2;25;25;38m██[38;2;24;24;36m██[38;2;21;21;33m██[38;2;32;31;45m██[38;2;35;34;48m██[38;2;32;31;45m██
[38;2;0;0;0m          [38;2;1;0;10m  [38;2;0;0;0m    [38;2;5;0;15m  [38;2;12;1;28m  [38;2;8;0;21m  [38;2;19;13;33m██[38;2;10;2;23m  [38;2;7;0;19m  [38;2;7;0;17m  [38;2;4;0;13m  [38;2;1;2;5m██[38;2;11;12;19m██[38;2;130;125;150m██[38;2;3;5;10m██[38;2;25;33;45m██[38;2;9;12;18m██[38;2;114;80;26m██[38;2;8;57;39m██[38;2;13;50;33m██[38;2;0;29;20m██[38;2;22;21;32m██[38;2;27;26;39m██████[38;2;57;56;74m██[38;2;64;64;81m██
[38;2;0;0;0m          [38;2;1;0;10m  [38;2;0;0;0m      [38;2;2;0;4m  [38;2;2;0;5m  [38;2;5;0;11m  [38;2;7;0;21m  [38;2;0;0;0m  [38;2;25;9;17m██[38;2;81;32;58m██[38;2;1;3;6m██[38;2;25;33;46m██[38;2;168;162;195m██[38;2;35;33;41m██[38;2;24;31;43m██[38;2;6;5;8m██[38;2;109;74;23m██[38;2;36;70;42m██[38;2;6;105;71m██[38;2;253;169;43m██[38;2;119;84;21m██[38;2;31;30;44m██[38;2;27;26;39m████[38;2;26;25;38m██[38;2;52;51;68m██[0m
