
[38;2;0;0;0m                            [38;2;9;9;9m  [38;2;29;28;29m  [38;2;137;137;138m  [38;2;3;3;3m  [38;2;0;0;0m                              
[38;2;0;0;0m                            [38;2;143;136;141m  [38;2;220;212;218m  [38;2;212;190;202m  [38;2;187;160;170m  [38;2;30;30;30m  [38;2;0;0;0m                            
[38;2;0;0;0m                [38;2;3;2;2m  [38;2;14;11;10m  [38;2;53;35;34m  [38;2;44;31;28m  [38;2;38;27;27m  [38;2;18;14;15m  [38;2;43;36;36m██[38;2;45;37;38m██[38;2;57;48;51m██[38;2;33;26;28m  [38;2;0;0;0m                              
[38;2;0;0;0m    [38;2;1;1;0m  [38;2;0;0;0m      [38;2;5;4;4m  [38;2;88;64;60m  [38;2;132;94;89m  [38;2;103;77;76m██[38;2;75;57;58m██[38;2;87;67;65m██[38;2;89;67;67m██[38;2;103;76;73m██[38;2;95;72;72m██[38;2;31;23;24m██[38;2;30;23;25m██[38;2;43;35;31m██[38;2;83;63;62m  [38;2;49;39;39m  [38;2;21;14;15m  [38;2;0;0;0m                        
[38;2;0;0;0m  [38;2;52;51;52m  [38;2;52;49;52m  [38;2;53;50;52m  [38;2;53;51;53m  [38;2;68;64;67m  [38;2;43;42;43m  [38;2;12;11;12m  [38;2;17;12;13m██[38;2;105;74;73m██[38;2;93;72;71m██[38;2;76;57;54m██[38;2;143;97;93m██[38;2;96;71;72m██[38;2;93;70;70m██[38;2;98;75;71m██[38;2;95;71;71m██[38;2;77;61;57m██[38;2;92;69;70m██[38;2;39;30;30m██[38;2;95;72;72m██[38;2;122;85;82m  [38;2;3;2;1m  [38;2;0;0;0m                    
[38;2;100;100;101m  [38;2;224;222;224m  [38;2;225;222;225m██[38;2;223;219;224m██[38;2;221;217;222m██[38;2;219;214;219m██[38;2;146;135;144m  [38;2;71;52;49m  [38;2;126;89;82m██[38;2;58;46;43m██[38;2;99;73;70m██[38;2;127;89;84m██[38;2;105;78;77m██[38;2;112;79;76m██[38;2;95;71;70m██[38;2;81;61;60m██[38;2;115;81;77m██[38;2;93;70;71m██[38;2;112;80;76m██[38;2;89;67;67m██[38;2;98;72;74m██[38;2;102;76;78m██[38;2;135;94;91m██[38;2;9;6;6m  [38;2;0;0;0m                  
[38;2;187;186;187m  [38;2;189;183;190m██[38;2;192;186;193m██[38;2;195;188;196m██[38;2;198;191;198m██[38;2;114;98;113m██[38;2;95;67;65m  [38;2;123;84;80m██[38;2;78;59;59m██[38;2;84;61;62m██[38;2;123;85;80m██[38;2;142;93;89m██[38;2;86;66;64m██[38;2;115;80;77m██[38;2;97;73;72m██[38;2;41;31;30m██[38;2;104;75;76m██[38;2;99;75;74m██[38;2;138;95;89m██[38;2;86;65;66m██[38;2;92;69;69m██[38;2;99;77;76m██[38;2;105;79;78m██[38;2;110;80;76m██[38;2;0;0;0m                  
[38;2;69;63;68m  [38;2;192;183;192m██[38;2;196;183;195m██[38;2;199;181;194m██[38;2;183;160;172m██[38;2;75;55;52m██[38;2;127;87;81m██[38;2;104;75;73m██[38;2;18;14;14m██[38;2;117;80;78m██[38;2;109;78;73m██[38;2;127;91;83m██[38;2;53;39;39m██[38;2;99;74;73m██[38;2;79;59;59m██[38;2;93;69;70m██[38;2;104;76;74m██[38;2;113;79;74m██[38;2;54;40;41m██[38;2;123;85;84m██[38;2;91;69;67m██[38;2;47;38;36m██[38;2;99;75;73m██[38;2;67;51;47m██[38;2;12;10;9m  [38;2;0;0;0m                
[38;2;2;1;2m  [38;2;196;168;183m  [38;2;196;169;181m██[38;2;197;168;179m  [38;2;15;12;14m██[38;2;132;89;85m██[38;2;123;86;80m██[38;2;60;46;46m██[38;2;89;65;65m██[38;2;118;84;79m██[38;2;134;94;87m██[38;2;60;45;44m██[38;2;104;76;73m██[38;2;97;70;70m██[38;2;24;18;16m██[38;2;82;64;63m██[38;2;114;80;75m██[38;2;116;82;75m  [38;2;147;113;120m  [38;2;100;72;67m  [38;2;107;77;72m██[38;2;85;65;65m██[38;2;46;36;34m██[38;2;39;29;28m██[38;2;115;82;76m  [38;2;0;0;0m                
[38;2;1;0;1m  [38;2;157;130;141m  [38;2;196;161;174m██[38;2;188;153;165m██[38;2;36;27;25m██[38;2;130;89;83m██[38;2;103;75;69m██[38;2;6;5;5m██[38;2;123;84;82m██[38;2;101;73;73m██[38;2;144;96;89m██[38;2;15;11;12m██[38;2;132;88;86m██[38;2;97;72;72m██[38;2;21;16;15m██[38;2;99;74;70m██[38;2;124;84;79m██[38;2;68;50;51m  [38;2;241;195;199m  [38;2;37;22;24m  [38;2;134;93;83m██[38;2;111;78;74m██[38;2;88;67;65m██[38;2;57;43;41m██[38;2;11;8;8m██[38;2;32;24;22m  [38;2;0;0;0m              
[38;2;0;0;0m  [38;2;1;1;1m  [38;2;200;164;177m  [38;2;127;99;110m██[38;2;124;88;80m██[38;2;132;91;84m██[38;2;107;77;72m██[38;2;19;14;13m██[38;2;118;81;75m██[38;2;104;74;71m██[38;2;141;96;92m██[38;2;82;63;61m██[38;2;142;97;89m██[38;2;106;77;74m██[38;2;43;32;33m██[38;2;108;77;73m██[38;2;136;92;86m██[38;2;18;11;13m  [38;2;250;199;201m██[38;2;246;192;197m██[38;2;15;8;8m  [38;2;122;84;79m██[38;2;128;89;82m██[38;2;99;73;70m██[38;2;37;27;25m██[38;2;133;91;88m  [38;2;0;0;0m              
[38;2;0;0;0m  [38;2;11;0;11m  [38;2;149;123;133m  [38;2;89;81;89m██[38;2;135;93;85m██[38;2;125;85;80m██[38;2;112;82;73m██[38;2;61;44;44m██[38;2;138;91;86m██[38;2;117;82;78m██[38;2;125;86;81m  [38;2;96;72;70m██[38;2;143;96;89m██[38;2;117;81;75m██[38;2;52;36;36m██[38;2;119;83;79m██[38;2;152;102;95m██[38;2;44;35;36m  [38;2;247;199;201m██[38;2;243;206;210m██[38;2;250;200;203m██[38;2;30;23;23m  [38;2;89;61;58m██[38;2;145;97;89m██[38;2;114;79;77m██[38;2;139;98;92m██[38;2;1;1;1m  [38;2;0;0;0m            
[38;2;0;0;0m  [38;2;8;8;8m  [38;2;211;200;206m  [38;2;149;136;144m  [38;2;141;95;86m██[38;2;122;86;79m██[38;2;114;80;76m██[38;2;78;57;55m██[38;2;137;93;87m██[38;2;131;91;85m██[38;2;84;63;54m  [38;2;99;71;71m  [38;2;143;97;89m██[38;2;127;85;83m██[38;2;61;47;46m██[38;2;132;91;89m██[38;2;65;48;45m  [38;2;223;172;175m  [38;2;245;214;216m██[38;2;243;211;214m██[38;2;244;208;211m██[38;2;246;203;206m██[38;2;120;87;89m  [38;2;2;3;2m  [38;2;47;36;34m██[38;2;130;88;87m██[38;2;6;5;5m  [38;2;0;0;0m            
[38;2;0;0;0m    [38;2;102;87;97m  [38;2;97;79;88m██[38;2;139;96;86m██[38;2;120;83;80m██[38;2;123;86;81m██[38;2;91;64;59m██[38;2;135;91;85m██[38;2;137;91;87m██[38;2;47;34;32m  [38;2;28;20;18m██[38;2;138;92;85m██[38;2;139;92;85m██[38;2;64;49;48m██[38;2;108;73;69m██[38;2;84;56;60m  [38;2;245;215;219m██[38;2;246;216;219m██[38;2;246;214;217m██[38;2;243;214;214m██[38;2;242;215;215m██[38;2;235;196;188m██[38;2;183;143;157m██[38;2;154;123;128m  [38;2;128;91;85m██[38;2;0;0;0m              
[38;2;0;0;0m  [38;2;58;45;50m  [38;2;212;177;188m██[38;2;53;36;37m██[38;2;136;93;83m██[38;2;123;85;81m██[38;2;118;85;80m██[38;2;110;75;73m██[38;2;134;90;84m██[38;2;135;90;85m██[38;2;21;15;14m  [38;2;88;59;57m██[38;2;126;85;82m██[38;2;142;95;87m██[38;2;49;39;38m  [38;2;124;91;98m  [38;2;246;216;220m██[38;2;247;219;222m██[38;2;247;218;222m██[38;2;246;214;219m██[38;2;246;216;216m██[38;2;235;190;205m██[38;2;165;107;130m██[38;2;243;207;213m██[38;2;215;192;195m  [38;2;121;83;78m██[38;2;3;3;2m  [38;2;0;0;0m            
[38;2;15;13;14m  [38;2;206;172;183m  [38;2;213;176;188m██[38;2;57;41;41m██[38;2;132;88;85m██[38;2;122;84;79m██[38;2;109;77;73m██[38;2;112;77;75m██[38;2;131;90;82m██[38;2;136;91;85m██[38;2;26;17;18m  [38;2;253;208;212m██[38;2;20;15;15m██[38;2;141;95;92m██[38;2;27;19;20m  [38;2;245;216;219m██[38;2;246;216;221m██[38;2;247;221;224m██[38;2;247;220;222m██[38;2;247;217;218m██[38;2;224;171;191m██[38;2;242;201;207m██[38;2;246;211;216m██[38;2;243;207;212m██[38;2;232;200;204m  [38;2;120;81;76m  [38;2;5;4;4m  [38;2;0;0;0m            
[38;2;205;184;198m  [38;2;215;197;207m██[38;2;218;197;211m██[38;2;69;52;54m  [38;2;136;93;84m██[38;2;124;87;80m██[38;2;93;69;62m██[38;2;113;78;73m██[38;2;137;92;86m██[38;2;136;91;83m██[38;2;14;10;10m  [38;2;248;205;211m██[38;2;243;192;198m██[38;2;31;26;25m██[38;2;43;34;35m  [38;2;243;214;217m██[38;2;247;219;221m██[38;2;249;222;224m██[38;2;249;221;223m██[38;2;247;217;223m██[38;2;247;216;221m██[38;2;246;214;218m██[38;2;241;206;217m██[38;2;172;138;143m██[38;2;97;73;89m██[38;2;122;85;77m  [38;2;1;1;1m  [38;2;0;0;0m            
[38;2;106;105;106m  [38;2;145;144;145m  [38;2;160;158;161m  [38;2;79;62;63m  [38;2;124;83;80m██[38;2;125;84;81m██[38;2;80;60;55m██[38;2;92;66;64m  [38;2;137;91;85m██[38;2;140;90;84m██[38;2;15;10;10m  [38;2;247;208;212m██[38;2;244;207;212m██[38;2;250;211;214m██[38;2;144;119;114m  [38;2;246;222;222m██[38;2;247;222;221m██[38;2;250;223;226m██[38;2;250;222;223m██[38;2;249;220;223m██[38;2;247;217;222m██[38;2;204;148;165m██[38;2;10;8;9m██[38;2;135;99;116m██[38;2;170;127;138m██[38;2;33;23;22m██[38;2;0;0;0m              
[38;2;4;4;4m  [38;2;3;3;3m  [38;2;3;3;4m  [38;2;104;76;70m██[38;2;129;90;84m██[38;2;120;83;77m██[38;2;68;49;49m██[38;2;55;38;36m  [38;2;136;93;85m██[38;2;139;92;84m██[38;2;44;32;33m  [38;2;233;185;191m██[38;2;114;83;91m██[38;2;27;22;24m██[38;2;7;3;3m██[38;2;12;7;6m██[38;2;58;29;46m██[38;2;252;220;223m██[38;2;249;223;223m██[38;2;249;222;223m██[38;2;249;217;224m██[38;2;230;184;191m██[38;2;249;210;217m██[38;2;247;206;204m██[38;2;242;203;204m██[38;2;134;105;110m██[38;2;0;0;0m              
[38;2;0;0;0m    [38;2;1;0;0m  [38;2;139;95;86m██[38;2;131;89;84m██[38;2;99;70;67m██[38;2;129;98;102m  [38;2;59;40;40m  [38;2;135;90;85m██[38;2;135;91;86m██[38;2;71;52;52m  [38;2;55;26;48m██[38;2;140;106;116m██[38;2;227;171;190m██[38;2;245;209;218m██[38;2;248;223;225m██[38;2;248;227;228m██[38;2;249;223;225m██[38;2;250;221;223m██[38;2;248;219;221m██[38;2;248;218;217m██[38;2;249;211;214m██[38;2;250;206;205m██[38;2;246;141;178m██[38;2;247;180;185m██[38;2;246;209;215m██[38;2;16;11;12m  [38;2;0;0;0m      [38;2;1;1;1m  [38;2;94;95;94m  [38;2;8;8;8m  
[38;2;0;0;0m      [38;2;140;95;90m██[38;2;135;91;87m██[38;2;16;11;10m██[38;2;230;181;184m  [38;2;55;43;41m  [38;2;138;93;86m██[38;2;133;91;86m██[38;2;78;55;52m  [38;2;245;204;208m  [38;2;248;195;198m██[38;2;247;196;196m██[38;2;249;180;199m██[38;2;249;208;210m██[38;2;249;214;216m██[38;2;250;218;219m██[38;2;249;219;220m██[38;2;247;217;217m██[38;2;247;216;215m██[38;2;247;207;209m██[38;2;249;200;209m██[38;2;245;199;203m██[38;2;243;196;198m██[38;2;240;203;205m██[38;2;49;40;41m  [38;2;0;0;0m    [38;2;12;12;12m  [38;2;142;131;140m  [38;2;254;254;254m  [38;2;253;253;253m  
[38;2;0;0;0m      [38;2;128;91;86m  [38;2;124;88;83m██[38;2;31;23;23m  [38;2;226;180;182m  [38;2;84;67;65m  [38;2;138;92;86m  [38;2;131;91;84m██[38;2;99;66;64m  [38;2;248;195;192m  [38;2;248;171;187m██[38;2;245;171;190m██[38;2;247;194;199m██[38;2;247;205;208m██[38;2;249;210;215m██[38;2;249;214;219m██[38;2;246;217;219m██[38;2;246;214;218m██[38;2;246;213;214m██[38;2;246;209;209m██[38;2;244;205;208m██[38;2;243;202;207m██[38;2;242;202;205m██[38;2;247;212;217m██[38;2;9;8;7m  [38;2;0;0;0m    [38;2;85;85;85m  [38;2;251;251;251m  [38;2;255;255;255m██[38;2;254;254;254m██
[38;2;0;0;0m      [38;2;122;86;80m  [38;2;115;83;76m██[38;2;39;25;27m  [38;2;225;175;178m  [38;2;158;114;118m  [38;2;137;92;87m  [38;2;130;89;83m██[38;2;100;70;63m██[38;2;250;195;191m██[38;2;246;192;200m██[38;2;244;197;204m██[38;2;246;200;207m██[38;2;247;203;207m██[38;2;247;209;215m██[38;2;246;217;219m██[38;2;241;197;208m██[38;2;171;82;131m██[38;2;238;185;202m██[38;2;243;206;208m██[38;2;243;204;207m██[38;2;241;206;209m██[38;2;237;203;208m  [38;2;151;131;129m  [38;2;0;0;0m      [38;2;22;15;22m  [38;2;176;162;175m  [38;2;253;252;253m  [38;2;253;253;253m  
[38;2;0;0;0m    [38;2;10;8;8m  [38;2;104;76;70m  [38;2;117;82;77m██[38;2;58;43;43m  [38;2;191;150;151m  [38;2;174;133;136m  [38;2;103;74;71m██[38;2;130;88;83m██[38;2;108;76;70m  [38;2;231;166;172m  [38;2;246;194;195m██[38;2;244;198;203m██[38;2;246;202;205m██[38;2;245;204;210m██[38;2;244;210;215m██[38;2;245;214;216m██[38;2;234;201;205m██[38;2;216;171;175m██[38;2;242;211;214m██[38;2;243;206;208m██[38;2;240;206;208m  [38;2;244;210;217m  [38;2;56;48;48m  [38;2;22;16;15m  [38;2;0;0;0m        [38;2;6;6;6m  [38;2;80;73;80m  [38;2;5;3;4m  
[38;2;0;0;0m      [38;2;102;74;72m██[38;2;114;82;77m██[38;2;114;81;77m██[38;2;28;20;19m██[38;2;75;61;62m  [38;2;60;46;45m  [38;2;133;90;85m██[38;2;135;95;88m  [38;2;5;3;3m  [38;2;215;165;172m  [38;2;243;202;208m██[38;2;242;203;210m██[38;2;242;205;211m██[38;2;241;206;213m██[38;2;242;209;213m██[38;2;241;210;213m██[38;2;241;210;211m██[38;2;246;214;215m██[38;2;242;204;212m  [38;2;188;163;170m  [38;2;5;5;5m  [38;2;2;2;2m  [38;2;4;3;3m  [38;2;0;0;0m              
[38;2;0;0;0m    [38;2;5;4;4m  [38;2;97;71;68m██[38;2;132;91;85m██[38;2;129;87;83m██[38;2;109;74;73m██[38;2;118;87;78m██[38;2;10;8;8m██[38;2;83;60;58m██[38;2;135;92;85m██[38;2;22;17;17m  [38;2;61;44;45m  [38;2;33;25;27m  [38;2;61;49;50m  [38;2;85;69;72m  [38;2;60;47;50m  [38;2;51;41;42m  [38;2;38;31;32m  [38;2;28;24;25m  [38;2;6;4;5m  [38;2;69;52;47m  [38;2;108;82;77m██[38;2;0;0;0m                    
[38;2;0;0;0m    [38;2;61;43;43m  [38;2;121;84;81m██[38;2;135;95;86m██[38;2;131;91;85m██[38;2;102;70;67m██[38;2;123;84;82m██[38;2;62;46;42m██[38;2;85;63;58m██[38;2;114;79;75m██[38;2;9;7;6m██[38;2;104;78;71m██[38;2;35;26;25m  [38;2;209;157;172m  [38;2;210;164;178m██[38;2;179;144;159m██[38;2;122;103;120m  [38;2;106;87;97m  [38;2;213;167;180m██[38;2;210;161;176m██[38;2;14;11;12m██[38;2;93;69;69m██[38;2;0;0;0m        [38;2;6;4;5m  [38;2;12;11;13m  [38;2;140;135;140m  [38;2;28;29;28m  [38;2;0;0;0m    
[38;2;0;0;0m    [38;2;52;36;35m  [38;2;132;92;85m██[38;2;136;93;86m██[38;2;112;81;77m██[38;2;109;75;71m██[38;2;124;85;80m██[38;2;116;81;77m██[38;2;95;68;69m██[38;2;39;29;29m██[38;2;1;0;0m██[38;2;92;68;69m  [38;2;53;48;52m  [38;2;205;187;199m██[38;2;206;181;197m██[38;2;123;105;123m██[38;2;181;169;177m██[38;2;205;169;182m██[38;2;149;125;141m██[38;2;207;187;199m██[38;2;130;119;130m██[38;2;35;26;27m██[38;2;16;12;13m  [38;2;0;0;0m      [38;2;112;105;113m  [38;2;252;252;252m██[38;2;250;249;250m██[38;2;52;50;51m  [38;2;9;0;9m  [38;2;0;0;0m  
[38;2;0;0;0m    [38;2;39;30;32m██[38;2;121;86;80m██[38;2;135;90;85m██[38;2;100;70;69m██[38;2;109;76;71m██[38;2;124;83;82m██[38;2;122;84;81m██[38;2;120;82;78m██[38;2;100;73;67m██[38;2;46;34;32m██[38;2;39;33;34m  [38;2;124;106;118m██[38;2;154;135;153m██[38;2;209;199;207m██[38;2;100;92;99m██[38;2;134;112;134m██[38;2;193;162;177m██[38;2;95;85;96m██[38;2;211;198;212m██[38;2;12;11;12m██[38;2;17;14;13m██[38;2;47;39;37m  [38;2;0;0;0m    [38;2;1;1;1m  [38;2;234;231;234m  [38;2;255;254;255m████[38;2;252;252;252m  [38;2;11;11;11m  [38;2;0;0;0m  
[38;2;0;0;0m    [38;2;54;37;36m  [38;2;121;86;82m██[38;2;135;93;85m██[38;2;108;76;74m██[38;2;87;63;60m██[38;2;124;85;81m██[38;2;120;84;81m██[38;2;116;81;78m██[38;2;124;86;80m██[38;2;104;77;71m██[38;2;92;81;88m██[38;2;135;115;131m██[38;2;34;32;34m  [38;2;120;106;122m██[38;2;93;88;95m  [38;2;162;145;159m██[38;2;188;161;175m██[38;2;133;114;132m██[38;2;71;61;71m██[38;2;103;87;102m██[38;2;17;13;13m██[38;2;74;58;57m  [38;2;0;0;0m      [38;2;55;51;55m  [38;2;253;252;253m  [38;2;254;253;254m████[38;2;229;225;229m  [38;2;48;48;48m  
[38;2;0;0;0m    [38;2;22;17;17m  [38;2;120;86;80m██[38;2;136;93;86m██[38;2;124;86;81m██[38;2;33;24;22m██[38;2;129;85;82m██[38;2;121;85;83m██[38;2;119;81;79m██[38;2;123;85;82m██[38;2;116;82;78m██[38;2;76;71;79m██[38;2;133;113;127m██[38;2;33;29;33m  [38;2;58;52;60m██[38;2;74;70;74m  [38;2;177;165;175m██[38;2;185;159;174m██[38;2;130;113;130m██[38;2;116;98;113m██[38;2;116;100;115m██[38;2;19;14;14m██[38;2;87;67;68m██[38;2;0;0;0m      [38;2;1;1;1m  [38;2;167;163;166m  [38;2;106;97;106m  [38;2;48;41;48m  [38;2;6;6;6m  [38;2;0;0;0m  
[38;2;0;0;0m      [38;2;144;98;93m██[38;2;127;90;85m██[38;2;117;83;80m██[38;2;22;17;17m██[38;2;134;94;86m██[38;2;129;89;85m██[38;2;122;86;82m██[38;2;129;89;85m██[38;2;82;57;56m██[38;2;88;80;85m██[38;2;133;115;127m██[38;2;64;58;64m  [38;2;62;56;63m  [38;2;68;65;69m  [38;2;173;163;173m██[38;2;181;153;169m██[38;2;133;115;132m██[38;2;119;104;118m██[38;2;113;99;107m██[38;2;37;30;28m  [38;2;73;56;56m  [38;2;0;0;0m                  [0m
