
[38;2;0;0;7m  [38;2;7;0;21m  [38;2;0;0;1m  [38;2;8;0;20m  [38;2;5;0;24m  [38;2;3;0;17m  [38;2;5;0;18m  [38;2;5;0;20m  [38;2;29;26;45m██[38;2;66;65;83m██[38;2;64;63;81m████████[38;2;24;24;37m██[38;2;23;23;36m██[38;2;38;37;52m██[38;2;43;43;58m██[38;2;22;23;35m██[38;2;20;21;34m██[38;2;61;60;78m██[38;2;23;23;36m██[38;2;70;69;88m██[38;2;65;64;82m██[38;2;71;71;88m██[38;2;10;8;25m██[38;2;3;0;10m  [38;2;5;0;19m  [38;2;0;0;6m  [38;2;0;0;0m      
[38;2;0;0;7m  [38;2;7;0;21m  [38;2;0;0;1m  [38;2;8;0;20m  [38;2;5;0;24m  [38;2;3;0;17m  [38;2;7;0;21m  [38;2;66;66;84m██[38;2;64;63;81m██[38;2;64;63;82m██[38;2;64;63;81m████[38;2;66;65;83m██[38;2;20;20;32m██[38;2;56;55;72m██[38;2;65;64;82m██[38;2;64;63;81m████[38;2;66;65;83m██[38;2;30;25;43m██[38;2;23;23;36m██[38;2;26;26;39m██[38;2;21;21;33m██[38;2;29;29;43m██[38;2;47;46;62m██[38;2;58;58;75m██[38;2;46;43;62m██[38;2;9;0;24m  [38;2;0;0;7m  [38;2;0;0;0m      
[38;2;2;0;12m  [38;2;7;0;21m  [38;2;1;0;4m  [38;2;9;0;22m  [38;2;3;1;17m  [38;2;54;52;71m██[38;2;63;62;80m██[38;2;61;60;78m██[38;2;136;138;167m██[38;2;64;63;81m██[38;2;64;62;81m██[38;2;63;62;80m██[38;2;18;18;30m██[38;2;68;67;85m██[38;2;64;63;81m██████████[38;2;64;63;80m██[38;2;44;44;59m██[38;2;44;43;59m██[38;2;66;65;84m██[38;2;64;62;81m████[38;2;68;67;85m██[38;2;43;43;58m██[38;2;69;68;86m██[38;2;4;0;13m  [38;2;0;0;0m      
[38;2;0;0;3m  [38;2;7;0;20m  [38;2;15;8;30m  [38;2;55;56;71m██[38;2;65;64;82m██[38;2;63;62;80m██[38;2;53;52;69m██[38;2;138;141;170m██[38;2;133;135;163m██[38;2;54;53;70m██[38;2;64;63;81m██[38;2;40;39;54m██[38;2;64;63;81m██████████████████[38;2;64;62;81m██[38;2;64;63;81m██████[38;2;60;59;76m██[38;2;60;59;77m██[38;2;33;33;47m██[38;2;59;57;75m██[38;2;1;0;9m  [38;2;1;0;8m    
[38;2;0;0;3m  [38;2;5;0;16m  [38;2;7;0;23m  [38;2;8;0;23m  [38;2;27;29;39m██[38;2;9;8;19m██[38;2;140;142;172m██[38;2;132;134;163m████[38;2;133;135;164m██[38;2;130;132;161m██[38;2;117;118;145m██[38;2;64;63;81m██[38;2;64;63;80m████[38;2;63;62;80m██[38;2;64;63;81m██████████[38;2;63;62;80m██[38;2;64;63;80m████[38;2;49;48;64m██[38;2;140;143;173m██[38;2;60;59;76m██[38;2;40;40;54m██[38;2;36;36;50m██[38;2;35;26;50m██[38;2;0;0;17m  [38;2;0;0;18m  
[38;2;3;0;11m  [38;2;4;0;14m  [38;2;8;0;23m  [38;2;21;20;34m██[38;2;97;98;122m██[38;2;99;100;124m██[38;2;132;134;163m██[38;2;137;139;169m██[38;2;133;135;163m██[38;2;135;137;166m██[38;2;105;106;131m██[38;2;136;138;168m██[38;2;122;123;151m██[38;2;82;82;104m██[38;2;92;92;115m██[38;2;74;74;94m██[38;2;87;87;109m██[38;2;62;61;79m██[38;2;69;68;87m██[38;2;95;95;118m██[38;2;130;133;161m██[38;2;56;51;75m██[38;2;101;102;126m██[38;2;110;111;137m██[38;2;134;136;166m██[38;2;132;134;163m██[38;2;95;96;119m██[38;2;64;62;81m██[38;2;19;19;32m██[38;2;71;72;89m██[38;2;3;0;18m  [38;2;2;0;17m  
[38;2;2;0;11m  [38;2;7;0;24m  [38;2;60;59;77m██[38;2;64;63;81m██████[38;2;63;62;80m██[38;2;60;59;76m██[38;2;125;127;155m██[38;2;110;111;136m██[38;2;137;140;169m██[38;2;133;135;163m██████[38;2;135;137;166m██[38;2;89;90;112m██[38;2;132;134;163m██[38;2;133;135;164m████[38;2;133;135;163m██[38;2;142;145;174m██[38;2;88;86;111m██[38;2;133;135;163m████████[38;2;138;140;170m██[38;2;64;63;81m██[38;2;56;55;72m██[38;2;66;65;83m██[38;2;9;1;25m  [38;2;0;0;3m  
[38;2;13;11;29m██[38;2;69;69;86m██[38;2;64;62;81m██[38;2;64;63;81m████████[38;2;64;62;81m██[38;2;61;60;77m██[38;2;66;66;84m██[38;2;134;136;165m██[38;2;133;135;163m████[38;2;132;135;163m██[38;2;135;137;167m██[38;2;120;121;149m██[38;2;133;135;163m████[38;2;133;134;163m██[38;2;133;135;163m██[38;2;132;133;162m██[38;2;119;121;146m██[38;2;135;136;165m██[38;2;134;136;166m██[38;2;127;129;157m██[38;2;136;138;167m██[38;2;133;135;164m██[38;2;53;51;67m██[38;2;64;63;81m██[38;2;48;47;64m██[38;2;34;29;50m██[38;2;5;0;13m  
[38;2;64;63;81m████████████████[38;2;63;62;80m██[38;2;109;109;137m██[38;2;59;58;75m██[38;2;86;86;108m██[38;2;137;139;169m██[38;2;132;134;163m██[38;2;105;106;130m██[38;2;136;139;169m██[38;2;133;135;163m██[38;2;133;134;163m██[38;2;133;135;163m██[38;2;132;135;163m██[38;2;18;10;34m██[38;2;122;124;151m██[38;2;58;57;74m██[38;2;63;62;80m██[38;2;64;63;81m██[38;2;62;61;78m██[38;2;72;71;91m██[38;2;62;61;79m██[38;2;64;63;81m██[38;2;60;59;77m██[38;2;62;61;80m██[38;2;2;0;8m  
[38;2;2;0;17m  [38;2;16;7;32m██[38;2;19;20;32m██[38;2;64;63;81m██████████[38;2;70;70;87m██[38;2;89;89;110m██[38;2;64;63;81m██████[38;2;92;92;114m██[38;2;54;52;69m██[38;2;119;120;147m██[38;2;89;90;112m██[38;2;92;93;115m██[38;2;71;71;90m██[38;2;137;139;168m██[38;2;1;0;18m██[38;2;66;64;82m██[38;2;64;63;81m████[38;2;63;63;81m██[38;2;64;63;81m████[38;2;62;61;79m██[38;2;64;63;81m██[38;2;63;63;81m██[38;2;67;66;84m██[38;2;3;0;17m  
[38;2;4;0;16m  [38;2;28;28;41m██[38;2;65;64;82m██[38;2;64;63;81m██████████[38;2;51;47;67m██[38;2;65;65;82m██[38;2;64;63;81m██████[38;2;65;64;82m██[38;2;55;54;71m██[38;2;64;63;81m████[38;2;67;66;85m██[38;2;63;61;80m██[38;2;52;50;71m██[38;2;186;102;110m██[38;2;40;41;54m██[38;2;64;63;81m██████████████████[38;2;7;2;22m  
[38;2;15;10;30m██[38;2;64;63;81m██[38;2;64;63;80m██[38;2;63;63;80m██[38;2;64;62;81m██[38;2;64;63;81m██[38;2;64;63;80m██[38;2;64;62;81m██[38;2;16;11;30m██[38;2;64;63;80m██[38;2;63;63;81m██[38;2;64;63;81m██[38;2;63;62;80m██[38;2;30;30;43m██[38;2;68;67;85m██[38;2;64;63;81m████[38;2;19;19;31m██[38;2;66;66;84m██[38;2;28;12;25m██[38;2;238;132;135m██[38;2;9;8;25m██[38;2;65;64;82m██[38;2;63;62;80m██[38;2;64;63;81m██[38;2;64;63;80m██[38;2;63;63;81m██[38;2;64;63;81m██[38;2;64;63;80m██[38;2;63;62;80m██[38;2;64;63;81m██[38;2;32;23;47m██
[38;2;66;65;83m██[38;2;64;63;81m████████████[38;2;62;62;80m██[38;2;35;31;51m██[38;2;64;63;81m████[38;2;63;62;80m██[38;2;49;49;65m██[38;2;21;21;33m██[38;2;64;63;81m████[38;2;29;30;42m██[38;2;20;14;35m██[38;2;31;26;45m██[38;2;239;137;138m██[38;2;243;186;167m██[38;2;25;11;29m██[38;2;40;40;54m██[38;2;53;52;70m██[38;2;64;63;81m██████████████[38;2;64;64;81m██
[38;2;53;52;68m██[38;2;66;65;83m██[38;2;64;63;81m██████[38;2;38;34;52m██[38;2;64;63;81m██[38;2;19;19;32m██[38;2;47;43;64m██[38;2;64;63;81m████[38;2;65;64;82m██[38;2;25;26;38m██[38;2;54;52;71m██[38;2;64;63;81m██[38;2;32;33;45m██[38;2;75;35;55m██[38;2;58;55;76m██[38;2;190;96;108m██[38;2;255;221;188m██[38;2;255;217;186m██[38;2;200;102;112m██[38;2;25;26;39m██[38;2;17;13;31m██[38;2;65;64;82m██[38;2;64;63;81m██████████████
[38;2;15;11;29m██[38;2;64;63;80m██[38;2;64;63;81m████[38;2;70;70;88m██[38;2;53;49;70m██[38;2;44;44;60m██[38;2;55;28;45m██[38;2;57;55;75m██[38;2;64;63;81m██[38;2;65;64;82m██[38;2;26;26;38m██[38;2;6;1;21m██[38;2;65;64;82m██[38;2;25;25;39m██[38;2;45;21;39m██[38;2;6;4;18m██[38;2;149;119;114m██[38;2;255;216;185m██[38;2;255;217;186m████[38;2;249;203;178m██[38;2;9;4;16m██[38;2;15;8;29m██[38;2;65;64;82m██[38;2;64;63;81m████[38;2;51;51;67m██[38;2;64;63;81m████[38;2;64;62;81m██[38;2;63;63;81m██
[38;2;13;9;28m██[38;2;64;63;81m██████[38;2;46;48;62m██[38;2;61;58;78m██[38;2;11;9;26m██[38;2;129;71;78m██[38;2;66;66;83m██[38;2;70;69;87m██[38;2;17;13;30m██[38;2;12;0;26m██[38;2;72;72;89m██[38;2;5;4;9m██[38;2;207;102;113m██[38;2;60;41;52m██[38;2;2;0;5m██[38;2;29;26;24m██[38;2;172;158;140m██[38;2;255;246;209m██[38;2;255;226;193m██[38;2;255;219;187m██[38;2;215;112;122m██[38;2;14;7;29m██[38;2;64;63;81m████████[38;2;68;67;85m██[38;2;53;51;69m██[38;2;36;31;52m██[38;2;65;64;82m██
[38;2;11;6;27m██[38;2;63;63;81m██[38;2;63;62;81m██[38;2;66;65;84m██[38;2;24;26;37m██[38;2;26;27;39m██[38;2;143;79;88m██[38;2;7;5;14m██[38;2;41;38;57m██[38;2;8;1;19m██[38;2;141;81;89m██[38;2;42;27;36m██[38;2;173;111;113m██[38;2;255;218;187m██[38;2;178;151;137m██[38;2;255;234;199m██[38;2;255;219;187m██[38;2;251;233;202m██[38;2;253;229;195m██[38;2;180;161;149m██[38;2;63;52;62m██[38;2;52;44;38m██[38;2;39;25;39m██[38;2;8;3;21m██[38;2;65;64;82m██[38;2;64;63;81m████[38;2;69;68;86m██[38;2;32;32;45m██[38;2;72;73;90m██[38;2;23;20;36m██[38;2;6;4;19m██
[38;2;8;3;23m██[38;2;64;63;81m██[38;2;63;62;81m██[38;2;36;36;50m██[38;2;21;17;34m██[38;2;21;9;30m██[38;2;70;34;52m██[38;2;28;22;41m██[38;2;4;0;16m██[38;2;141;82;90m██[38;2;225;160;147m██[38;2;246;182;165m██[38;2;254;217;186m██[38;2;254;216;185m██[38;2;254;215;185m██[38;2;250;209;181m██[38;2;185;115;112m██[38;2;35;29;28m██[38;2;4;0;20m██[38;2;9;0;18m██[38;2;8;0;18m████[38;2;4;0;20m██[38;2;11;4;24m██[38;2;66;65;83m██[38;2;65;64;82m██[38;2;64;63;81m██[38;2;71;72;88m██[38;2;8;3;21m██[38;2;69;68;86m██[38;2;9;6;23m██[38;2;25;24;38m██
[38;2;7;0;22m  [38;2;65;65;83m██[38;2;63;62;80m██[38;2;16;10;30m██[38;2;4;0;17m██[38;2;13;0;28m██[38;2;11;11;15m██[38;2;51;37;61m██[38;2;13;0;27m██[38;2;13;0;28m██[38;2;73;65;82m██[38;2;12;8;9m██[38;2;253;210;181m██[38;2;250;204;176m██[38;2;250;202;175m██[38;2;124;100;96m██[38;2;120;116;145m██[38;2;9;0;24m██[38;2;13;0;29m██[38;2;7;1;22m██[38;2;172;171;175m██[38;2;47;44;57m██[38;2;212;206;245m██[38;2;9;8;19m██[38;2;40;35;54m██[38;2;63;63;81m██[38;2;64;62;81m██[38;2;62;62;79m██[38;2;218;141;147m██[38;2;13;9;27m██[38;2;16;8;31m██[38;2;25;25;38m██
[38;2;6;0;21m  [38;2;70;69;87m██[38;2;24;25;37m██[38;2;21;18;35m██[38;2;27;28;39m██[38;2;11;4;16m██[38;2;177;169;209m██[38;2;40;33;53m██[38;2;14;9;49m██[38;2;11;10;49m██[38;2;190;191;202m██[38;2;6;4;9m██[38;2;247;191;168m██[38;2;246;188;165m██[38;2;245;185;163m██[38;2;244;182;161m██[38;2;212;211;226m██[38;2;17;28;86m██[38;2;18;29;86m██[38;2;13;22;78m██[38;2;168;171;193m██[38;2;36;36;59m██[38;2;180;173;182m██[38;2;83;73;88m██[38;2;38;35;47m██[38;2;64;62;81m██[38;2;64;63;81m██[38;2;18;15;41m██[38;2;255;252;220m██[38;2;19;14;32m██[38;2;16;6;30m██[38;2;26;27;38m██
[38;2;10;0;24m  [38;2;23;24;37m██[38;2;8;0;23m  [38;2;32;29;47m██[38;2;32;29;42m██[38;2;50;25;42m██[38;2;253;248;245m██[38;2;123;118;123m██[38;2;20;35;95m██[38;2;23;41;105m██[38;2;24;45;111m██[38;2;4;3;23m██[38;2;242;170;153m██[38;2;241;167;151m██[38;2;240;164;149m██[38;2;240;162;147m██[38;2;250;224;220m██[38;2;37;86;184m██[38;2;47;99;191m██[38;2;47;96;189m██[38;2;36;88;183m██[38;2;101;104;133m██[38;2;84;50;60m██[38;2;49;33;48m██[38;2;66;61;77m██[38;2;64;63;81m██[38;2;63;62;80m██[38;2;4;3;3m██[38;2;184;168;161m██[38;2;19;13;34m██[38;2;4;0;18m  [38;2;14;2;24m  
[38;2;7;0;22m  [38;2;22;19;36m██[38;2;4;0;20m  [38;2;29;24;45m██[38;2;35;30;42m██[38;2;67;47;54m██[38;2;215;217;224m██[38;2;191;210;233m██[38;2;157;181;218m██[38;2;80;126;205m██[38;2;43;109;214m██[38;2;94;51;50m██[38;2;239;162;147m██[38;2;240;165;149m██[38;2;239;164;148m██[38;2;240;167;151m██[38;2;240;165;149m██[38;2;114;89;84m██[38;2;127;157;208m██[38;2;190;208;231m██[38;2;191;208;231m██[38;2;218;228;241m██[38;2;253;254;254m██[38;2;166;180;198m██[38;2;72;68;85m██[38;2;64;63;81m██[38;2;69;69;86m██[38;2;168;141;131m██[38;2;12;8;22m██[38;2;9;1;25m██[38;2;5;0;12m  [38;2;10;0;20m  
[38;2;9;0;24m  [38;2;6;0;20m  [38;2;3;0;16m  [38;2;10;2;24m  [38;2;76;71;89m██[38;2;77;66;85m██[38;2;204;218;236m██[38;2;192;209;230m██[38;2;203;220;239m██[38;2;127;145;189m██[38;2;242;176;155m██[38;2;245;179;159m██[38;2;244;181;160m██[38;2;238;164;151m██[38;2;247;189;167m██[38;2;246;190;167m██[38;2;247;191;167m██[38;2;247;190;167m██[38;2;208;169;163m██[38;2;95;119;176m██[38;2;181;198;223m██[38;2;197;215;235m██[38;2;178;198;227m██[38;2;59;56;78m██[38;2;66;64;81m██[38;2;60;57;77m██[38;2;58;57;75m██[38;2;25;25;39m██[38;2;26;26;39m██[38;2;10;0;26m  [38;2;5;0;9m  [38;2;8;0;16m  
[38;2;6;0;17m  [38;2;10;0;23m  [38;2;5;0;13m  [38;2;5;0;18m  [38;2;67;66;84m██[38;2;53;41;50m██[38;2;65;41;58m██[38;2;211;173;163m██[38;2;252;196;164m██[38;2;246;191;168m██[38;2;249;196;171m██[38;2;250;201;175m██[38;2;251;205;177m██[38;2;252;216;185m██[38;2;253;218;187m██[38;2;255;222;189m██[38;2;254;218;187m██[38;2;254;215;185m██[38;2;254;215;184m████[38;2;255;222;183m██[38;2;248;225;187m██[38;2;36;28;36m██[38;2;64;61;79m██[38;2;43;41;59m██[38;2;16;6;31m  [38;2;32;24;48m██[38;2;24;25;38m██[38;2;25;26;38m██[38;2;6;0;20m  [38;2;1;0;10m    
[38;2;0;0;7m  [38;2;11;0;25m  [38;2;1;0;11m  [38;2;3;0;14m  [38;2;73;73;90m██[38;2;183;201;220m██[38;2;199;218;239m██[38;2;199;208;224m██[38;2;251;206;178m██[38;2;252;209;180m██[38;2;253;213;183m██[38;2;254;216;185m██[38;2;214;151;134m██[38;2;234;190;165m██[38;2;228;170;149m██[38;2;242;219;187m██[38;2;146;19;31m██[38;2;255;220;189m██[38;2;255;216;186m████[38;2;218;212;212m██[38;2;189;206;230m██[38;2;244;247;251m██[38;2;200;218;237m██[38;2;20;17;32m██[38;2;2;0;15m  [38;2;9;0;24m  [38;2;13;5;28m██[38;2;25;26;39m██[38;2;9;0;23m  [38;2;10;0;25m  [38;2;10;0;26m  
[38;2;0;0;7m  [38;2;11;0;28m  [38;2;10;0;29m    [38;2;73;72;95m  [38;2;255;255;255m██[38;2;191;209;231m██[38;2;195;214;236m██[38;2;171;148;130m██[38;2;251;233;198m██[38;2;79;68;68m██[38;2;10;7;15m██[38;2;255;245;207m██[38;2;255;216;185m██[38;2;255;217;186m██[38;2;255;217;185m████[38;2;255;217;186m██[38;2;255;217;185m██[38;2;255;225;192m██[38;2;186;202;223m██[38;2;191;209;230m██[38;2;204;218;236m██[38;2;173;191;221m██[38;2;1;0;11m  [38;2;7;1;22m  [38;2;80;75;105m  [38;2;1;0;3m  [38;2;17;11;31m██[38;2;1;0;4m  [38;2;1;0;8m  [38;2;0;0;0m  
[38;2;0;0;8m  [38;2;0;0;0m      [38;2;9;6;19m  [38;2;192;210;232m██[38;2;191;208;231m██[38;2;189;207;231m██[38;2;11;6;24m  [38;2;174;165;146m██[38;2;255;231;196m██[38;2;214;166;149m██[38;2;235;220;190m██[38;2;255;235;199m██[38;2;255;237;201m██[38;2;255;231;196m██[38;2;227;201;174m██[38;2;160;154;139m██[38;2;50;44;44m██[38;2;16;17;29m██[38;2;11;8;18m██[38;2;119;135;185m██[38;2;110;126;175m██[38;2;194;207;228m██[38;2;76;78;97m██[38;2;24;16;39m  [38;2;6;1;19m  [38;2;3;0;11m  [38;2;2;0;15m  [38;2;24;21;39m██[38;2;7;0;22m  [38;2;1;0;13m  
[38;2;0;0;3m  [38;2;108;131;178m  [38;2;101;122;167m    [38;2;99;122;166m  [38;2;82;96;154m  [38;2;97;112;163m██[38;2;25;37;57m██[38;2;167;63;107m  [38;2;158;135;127m██[38;2;255;219;187m██[38;2;255;216;185m██[38;2;29;20;30m  [38;2;20;16;33m  [38;2;215;206;230m██[38;2;55;36;37m██[38;2;62;35;38m██[38;2;176;171;208m██[38;2;15;14;17m██[38;2;56;52;80m██[38;2;77;71;107m██[38;2;16;12;32m██[38;2;3;1;4m██[38;2;166;184;227m██[38;2;75;77;99m██[38;2;75;75;93m██[38;2;73;73;90m████[38;2;67;67;85m██[38;2;4;1;20m  [38;2;0;0;1m    
[38;2;212;231;243m  [38;2;203;221;242m        [38;2;225;234;246m██[38;2;157;193;225m██[38;2;144;53;93m██[38;2;142;53;93m██[38;2;15;6;17m██[38;2;255;223;191m██[38;2;255;217;186m██[38;2;181;169;152m██[38;2;60;23;42m██[38;2;26;35;50m██[38;2;142;136;165m██[38;2;35;34;42m██[38;2;24;32;45m██[38;2;5;5;5m██[38;2;48;35;10m██[38;2;3;19;12m██[38;2;12;11;16m██[38;2;27;26;39m██[38;2;19;18;29m██[38;2;231;239;249m██[38;2;11;10;20m██[38;2;31;30;44m██[38;2;59;57;76m██[38;2;7;1;22m  [38;2;0;0;13m  [38;2;0;0;0m    
[38;2;0;0;0m        [38;2;3;0;7m  [38;2;49;12;35m██[38;2;145;49;89m██[38;2;142;53;94m██[38;2;143;54;94m██[38;2;145;54;95m██[38;2;223;210;181m██[38;2;255;216;185m██[38;2;117;97;88m██[38;2;95;37;68m██[38;2;26;33;47m██[38;2;21;24;32m██[38;2;31;33;42m██[38;2;25;32;44m██[38;2;51;30;6m██[38;2;42;41;24m██[38;2;26;139;84m██[38;2;123;143;65m██[38;2;8;5;2m██[38;2;27;26;38m██[38;2;9;9;15m██[38;2;27;26;39m██[38;2;51;51;67m██[38;2;68;68;85m██[38;2;4;0;19m  [38;2;7;0;20m  [38;2;0;0;0m    
[38;2;2;0;15m      [38;2;1;0;15m  [38;2;0;0;16m██[38;2;145;55;95m██[38;2;143;54;94m██████[38;2;149;56;97m██[38;2;71;56;58m██[38;2;75;68;63m██[38;2;131;49;87m██[38;2;165;62;107m██[38;2;42;53;71m██[38;2;80;77;57m██[38;2;43;47;47m██[38;2;43;54;72m██[38;2;10;114;77m██[38;2;151;113;39m██[38;2;254;175;41m██[38;2;40;127;74m██[38;2;20;132;82m██[38;2;26;25;38m██[38;2;27;26;39m██[38;2;26;25;38m██[38;2;25;24;37m██[38;2;35;35;49m██[38;2;67;66;84m██[38;2;7;2;23m██[38;2;0;0;2m  [38;2;0;0;0m  
[38;2;7;0;19m      [38;2;9;0;23m  [38;2;139;52;92m██[38;2;143;53;94m██[38;2;143;54;94m██████[38;2;136;51;89m██[38;2;12;3;24m██[38;2;148;55;96m██[38;2;115;43;77m██[38;2;155;58;102m██[38;2;45;56;74m██[38;2;40;50;69m██[38;2;41;51;68m██[38;2;44;54;73m██[38;2;233;181;51m██[38;2;175;117;38m██[38;2;25;72;46m██[38;2;12;82;57m██[38;2;220;163;44m██[38;2;3;1;3m██[38;2;27;26;39m██[38;2;26;25;38m██[38;2;26;25;39m██[38;2;66;64;83m██[38;2;50;47;67m██[38;2;61;61;79m██[38;2;8;3;23m  [38;2;2;0;15m  [0m
