
[38;2;0;0;0m                      [38;2;1;1;1m  [38;2;26;22;42m  [38;2;93;80;145m██[38;2;91;78;143m██[38;2;91;78;142m██[38;2;73;62;110m██[38;2;58;49;81m██[38;2;27;24;37m  [38;2;3;2;2m  [38;2;0;0;0m  [38;2;3;3;6m  [38;2;3;3;5m  [38;2;0;0;1m  [38;2;0;0;0m                
[38;2;0;0;0m                    [38;2;3;2;5m  [38;2;93;80;146m██[38;2;35;23;83m██[38;2;55;47;78m██[38;2;57;49;78m██[38;2;55;43;95m██[38;2;91;78;144m██[38;2;91;78;143m██[38;2;56;48;78m██[38;2;42;30;86m██[38;2;137;101;153m  [38;2;83;62;119m██[38;2;93;80;145m██[38;2;89;77;140m██[38;2;39;33;62m  [38;2;0;0;1m  [38;2;0;0;0m            
[38;2;0;0;0m                [38;2;2;2;4m  [38;2;13;11;19m  [38;2;91;78;140m██[38;2;54;46;78m██[38;2;49;41;74m██[38;2;64;55;93m██[38;2;84;72;129m██[38;2;92;79;145m██[38;2;91;78;142m████[38;2;90;77;142m██[38;2;92;78;142m██[38;2;57;49;78m██[38;2;57;49;79m██[38;2;53;43;90m██[38;2;91;78;142m████[38;2;90;78;142m██[38;2;61;53;95m  [38;2;5;5;9m  [38;2;0;0;0m        
[38;2;0;0;0m                [38;2;11;9;18m  [38;2;93;80;144m██[38;2;56;49;78m██[38;2;67;53;121m██[38;2;90;78;142m██[38;2;91;78;142m██[38;2;90;78;142m██[38;2;91;78;142m██████████[38;2;90;78;142m██[38;2;82;71;128m██[38;2;56;48;79m██[38;2;93;79;143m██[38;2;91;78;141m██[38;2;91;78;142m██[38;2;91;78;141m██[38;2;64;56;97m  [38;2;0;0;0m        
[38;2;0;0;0m              [38;2;2;1;2m  [38;2;93;79;143m██[38;2;51;43;78m██[38;2;115;90;148m██[38;2;95;80;143m██[38;2;90;77;141m██[38;2;121;92;149m██[38;2;115;89;148m██[38;2;104;84;145m██[38;2;94;79;143m██[38;2;90;78;142m██████[38;2;91;78;142m████[38;2;87;75;136m██[38;2;80;67;134m██[38;2;91;78;142m██[38;2;90;78;142m████[38;2;93;80;146m██[38;2;3;2;5m  [38;2;0;0;0m      
[38;2;0;0;0m            [38;2;3;2;3m  [38;2;140;102;155m██[38;2;26;13;87m██[38;2;138;101;154m██[38;2;136;100;153m██[38;2;92;78;144m██[38;2;138;101;154m████[38;2;138;101;153m██████[38;2;102;83;145m██[38;2;89;77;142m██[38;2;138;101;154m██[38;2;133;98;152m██[38;2;99;82;144m██[38;2;90;77;141m██[38;2;60;47;116m██[38;2;91;78;141m██[38;2;91;78;142m██[38;2;91;78;141m██[38;2;91;78;142m██[38;2;60;51;84m██[38;2;1;1;3m  [38;2;0;0;0m    
[38;2;0;0;0m            [38;2;95;71;109m  [38;2;42;28;101m██[38;2;138;101;154m████[38;2;64;55;94m██[38;2;92;78;141m██[38;2;138;101;153m██[38;2;138;101;154m████████[38;2;104;84;145m██[38;2;90;78;142m██[38;2;138;101;153m██[38;2;138;101;154m████[38;2;127;95;151m██[38;2;60;44;113m██[38;2;91;78;142m██[38;2;90;78;142m████[38;2;91;78;142m██[38;2;44;37;61m██[38;2;28;24;40m  [38;2;0;0;0m    
[38;2;0;0;0m          [38;2;2;1;3m  [38;2;59;40;108m██[38;2;138;101;154m████[38;2;136;100;153m██[38;2;46;36;80m██[38;2;133;98;152m██[38;2;138;101;153m██[38;2;138;101;154m██[38;2;138;101;153m██████[38;2;107;86;146m██[38;2;91;78;142m██[38;2;138;101;153m████[38;2;138;101;154m██[38;2;140;101;154m██[38;2;54;39;110m██[38;2;138;101;154m██[38;2;137;100;154m██[38;2;88;77;141m██[38;2;91;78;142m██[38;2;28;23;38m██[38;2;57;49;79m██[38;2;1;0;1m  [38;2;0;0;0m  
[38;2;0;0;0m          [38;2;30;22;61m  [38;2;89;77;141m██[38;2;98;81;143m██[38;2;114;89;147m██[38;2;90;76;142m██[38;2;35;25;81m██[38;2;138;101;154m██[38;2;139;101;154m██[38;2;138;101;154m████████[38;2;106;85;145m██[38;2;82;70;127m██[38;2;138;101;153m██[38;2;138;101;154m██████[38;2;55;41;110m██[38;2;138;101;154m██[38;2;138;101;153m██[38;2;138;101;154m██[38;2;109;87;147m██[38;2;31;27;48m██[38;2;56;48;79m██[38;2;14;11;21m  [38;2;0;0;0m  
[38;2;0;0;0m        [38;2;2;2;4m  [38;2;91;78;142m████[38;2;90;78;142m██[38;2;91;78;142m██[38;2;68;58;102m██[38;2;37;25;88m██[38;2;91;78;142m██[38;2;90;78;142m██[38;2;91;78;142m██[38;2;90;78;142m██[38;2;90;77;141m██[38;2;92;79;142m██[38;2;95;80;143m██[38;2;80;68;124m██[38;2;140;101;154m██[38;2;138;101;153m██[38;2;138;101;154m████[38;2;46;34;89m██[38;2;138;101;154m████████[38;2;64;49;77m██[38;2;56;48;79m██[38;2;56;49;79m██[38;2;3;2;4m  
[38;2;0;0;0m      [38;2;2;2;4m  [38;2;93;80;145m██[38;2;90;78;142m████[38;2;91;78;142m████[38;2;56;48;79m██[38;2;23;16;23m██[38;2;91;78;142m██[38;2;90;78;142m██[38;2;91;78;142m██[38;2;91;78;141m██[38;2;91;78;142m████[38;2;91;78;143m██[38;2;81;69;124m██[38;2;90;78;142m██[38;2;91;78;142m██[38;2;88;77;141m██[38;2;100;82;144m██[38;2;48;37;89m██[38;2;132;98;152m██[38;2;138;101;154m██████[38;2;97;70;107m██[38;2;56;48;78m██[38;2;57;48;79m██[38;2;1;1;3m  
[38;2;0;0;0m      [38;2;12;10;18m  [38;2;91;78;142m██████[38;2;90;78;142m██[38;2;91;78;142m██[38;2;100;58;61m██[38;2;80;43;39m██[38;2;91;78;142m██[38;2;90;78;142m██[38;2;91;78;142m██[38;2;90;78;142m██[38;2;91;78;142m████[38;2;72;60;109m██[38;2;86;74;134m██[38;2;91;78;142m██[38;2;90;78;142m██[38;2;91;78;142m██[38;2;92;79;145m██[38;2;37;28;70m██[38;2;91;78;141m██[38;2;91;78;142m██[38;2;91;78;141m██[38;2;90;77;142m██[38;2;73;63;117m██[38;2;81;70;125m██[38;2;56;48;78m██[38;2;9;7;11m  
[38;2;0;0;0m    [38;2;1;1;2m  [38;2;91;78;142m██[38;2;91;77;142m██[38;2;90;78;142m████[38;2;91;78;142m██[38;2;66;41;52m██[38;2;208;138;132m██[38;2;115;69;60m██[38;2;91;78;142m██[38;2;90;78;142m██[38;2;91;78;142m██[38;2;91;78;141m██[38;2;91;78;142m████[38;2;49;32;43m██[38;2;228;132;103m██[38;2;92;79;144m██[38;2;91;78;142m████[38;2;59;50;82m██[38;2;36;28;69m██[38;2;91;78;142m██[38;2;90;78;142m████[38;2;91;78;142m██[38;2;78;67;122m██[38;2;91;78;142m██[38;2;56;48;76m██[38;2;41;35;60m██
[38;2;0;0;0m    [38;2;5;5;8m  [38;2;92;79;143m██[38;2;91;78;142m████[38;2;87;74;138m██[38;2;29;19;27m██[38;2;241;233;223m██[38;2;235;228;220m██[38;2;138;78;69m██[38;2;91;78;142m██[38;2;90;78;142m██[38;2;91;78;142m██[38;2;90;78;142m██[38;2;91;78;142m████[38;2;116;64;53m██[38;2;240;232;223m██[38;2;234;138;111m██[38;2;93;80;146m██[38;2;91;78;144m██[38;2;56;48;78m██[38;2;43;33;72m██[38;2;91;78;141m██[38;2;91;78;142m██[38;2;91;78;141m██[38;2;91;78;142m██[38;2;61;52;96m██[38;2;90;78;142m██[38;2;91;78;143m██[38;2;58;50;81m██
[38;2;0;0;0m    [38;2;1;0;1m  [38;2;58;49;80m██[38;2;66;56;98m██[38;2;91;78;142m██[38;2;74;64;116m██[38;2;240;231;222m████[38;2;239;231;222m██[38;2;244;137;107m██[38;2;91;78;142m██[38;2;90;78;142m██[38;2;91;78;142m██[38;2;91;78;141m██[38;2;91;78;142m██[38;2;91;78;141m██[38;2;128;77;87m██[38;2;64;48;117m██[38;2;151;144;168m██[38;2;247;214;199m██[38;2;41;31;49m██[38;2;57;49;79m██[38;2;53;40;107m██[38;2;91;78;142m██[38;2;90;78;142m████[38;2;91;78;142m██[38;2;39;33;60m██[38;2;91;78;142m████[38;2;59;50;83m██
[38;2;0;0;0m      [38;2;9;8;11m  [38;2;84;66;103m██[38;2;56;48;78m██[38;2;64;61;70m██[38;2;240;231;222m████[38;2;239;231;222m██[38;2;248;195;176m██[38;2;75;64;114m██[38;2;90;78;142m██[38;2;91;78;142m██[38;2;90;78;142m██[38;2;91;78;142m████[38;2;245;219;207m██[38;2;239;231;222m██[38;2;241;232;222m██[38;2;225;218;216m██[38;2;149;143;164m██[38;2;214;123;98m██[38;2;61;35;98m██[38;2;77;52;125m██[38;2;87;74;140m██[38;2;92;79;143m██[38;2;91;78;142m██[38;2;28;24;44m██[38;2;90;78;142m██[38;2;91;78;142m██[38;2;92;79;144m██
[38;2;0;0;0m      [38;2;1;0;1m  [38;2;48;40;76m██[38;2;139;102;155m██[38;2;66;53;75m██[38;2;240;231;222m████[38;2;239;231;222m████[38;2;40;35;57m██[38;2;60;51;87m██[38;2;91;78;142m██[38;2;91;78;141m██[38;2;91;78;142m██[38;2;91;78;143m██[38;2;246;238;230m██[38;2;239;231;222m██[38;2;240;231;222m████[38;2;239;231;221m██[38;2;113;97;124m██[38;2;199;95;222m██[38;2;150;62;161m██[38;2;146;58;153m██[38;2;132;53;148m██[38;2;87;32;128m██[38;2;36;31;54m██[38;2;91;78;142m████[38;2;92;79;144m██
[38;2;0;0;0m      [38;2;1;1;2m  [38;2;91;78;143m██[38;2;93;80;145m██[38;2;32;26;37m██[38;2;170;165;166m██[38;2;250;135;104m██[38;2;202;106;99m██[38;2;240;231;222m██[38;2;81;77;80m██[38;2;56;48;79m████[38;2;90;77;140m██[38;2;91;78;142m██[38;2;93;80;145m██[38;2;244;235;226m██[38;2;239;231;222m██[38;2;240;231;222m██████[38;2;240;234;226m██[38;2;75;65;118m██[38;2;88;75;140m██[38;2;78;60;130m██[38;2;71;40;119m██[38;2;74;28;121m██[38;2;27;23;38m██[38;2;90;78;142m██[38;2;91;78;142m██[38;2;93;80;145m██
[38;2;0;0;0m      [38;2;0;0;1m  [38;2;91;78;143m████[38;2;58;56;58m██[38;2;14;12;15m██[38;2;243;235;225m██[38;2;241;233;223m██[38;2;244;209;194m██[38;2;243;235;226m██[38;2;105;79;122m██[38;2;99;55;46m██[38;2;56;48;78m██[38;2;56;48;77m██[38;2;76;66;117m██[38;2;235;211;201m██[38;2;206;119;104m██[38;2;220;142;125m██[38;2;240;231;222m██[38;2;239;231;222m████[38;2;82;71;130m██[38;2;91;78;142m██[38;2;90;78;142m████[38;2;91;78;142m██[38;2;206;202;201m██[38;2;57;51;75m██[38;2;91;78;142m██[38;2;93;80;145m██
[38;2;0;0;0m      [38;2;1;0;1m  [38;2;91;78;143m████[38;2;125;119;120m██[38;2;108;104;105m██[38;2;52;11;8m██[38;2;165;54;53m██[38;2;244;220;209m██[38;2;246;219;207m██[38;2;84;69;88m██[38;2;147;138;134m██[38;2;224;130;103m██[38;2;140;103;156m██[38;2;55;47;76m██[38;2;247;239;231m██[38;2;240;232;224m██[38;2;242;232;223m██[38;2;245;237;228m██[38;2;188;185;182m██[38;2;241;233;223m██[38;2;86;74;136m██[38;2;91;78;141m██[38;2;91;78;142m██[38;2;91;78;141m██[38;2;91;78;142m██[38;2;255;145;113m██[38;2;247;238;229m██[38;2;91;78;142m██[38;2;91;77;141m██
[38;2;0;0;0m      [38;2;0;0;1m  [38;2;91;78;143m██[38;2;93;80;146m██[38;2;244;236;227m██[38;2;240;231;222m██[38;2;241;226;216m██[38;2;244;221;210m██[38;2;245;219;207m██[38;2;247;216;204m██[38;2;247;215;204m██[38;2;224;201;192m██[38;2;247;216;204m██[38;2;246;218;206m██[38;2;104;96;99m██[38;2;244;237;228m██[38;2;77;10;10m██[38;2;2;0;2m██[38;2;41;39;41m██[38;2;240;231;222m██[38;2;239;231;222m██[38;2;89;76;138m██[38;2;91;78;142m██[38;2;90;78;142m████[38;2;93;79;144m██[38;2;255;143;111m██[38;2;247;239;230m██[38;2;91;78;142m██[38;2;65;55;102m  
[38;2;0;0;0m      [38;2;1;1;2m  [38;2;92;79;144m██[38;2;63;53;97m██[38;2;240;231;222m████[38;2;242;228;218m██[38;2;245;221;210m██[38;2;245;219;207m██[38;2;247;216;204m██[38;2;246;216;204m██[38;2;247;216;204m██[38;2;246;216;204m██[38;2;247;216;204m██[38;2;245;221;210m██[38;2;240;230;220m██[38;2;240;231;222m██████████[38;2;89;76;140m██[38;2;91;78;141m██[38;2;91;78;142m██[38;2;91;78;141m██[38;2;92;79;145m██[38;2;254;139;108m██[38;2;134;131;129m██[38;2;91;78;142m██[38;2;18;16;29m  
[38;2;0;0;0m      [38;2;0;0;4m  [38;2;74;63;117m██[38;2;45;38;68m██[38;2;123;118;118m██[38;2;177;174;171m  [38;2;229;223;216m██[38;2;243;234;225m██[38;2;242;227;216m██[38;2;245;219;208m██[38;2;247;216;204m██[38;2;247;215;204m██[38;2;247;216;204m██[38;2;246;218;207m██[38;2;242;225;215m██[38;2;239;231;222m████[38;2;240;231;222m████[38;2;239;231;222m████[38;2;89;76;140m██[38;2;91;78;142m██[38;2;90;78;142m████[38;2;83;71;131m██[38;2;242;234;224m██[38;2;87;74;134m██[38;2;91;78;142m██[38;2;3;3;5m  
[38;2;0;0;0m  [38;2;31;30;32m  [38;2;143;160;170m  [38;2;251;251;251m██[38;2;209;240;255m██[38;2;254;254;254m██[38;2;255;255;255m██████[38;2;252;252;252m██[38;2;118;116;118m██[38;2;246;236;227m██[38;2;240;231;222m████[38;2;240;231;221m██[38;2;239;230;221m██[38;2;240;231;222m████[38;2;239;231;222m██[38;2;240;231;222m██████[38;2;247;192;173m██[38;2;88;75;139m██[38;2;91;78;141m██[38;2;91;78;142m██[38;2;91;78;141m██[38;2;65;55;101m██[38;2;91;78;142m██[38;2;90;78;142m██[38;2;91;78;142m██[38;2;0;0;1m  
[38;2;3;3;5m  [38;2;161;160;159m  [38;2;0;0;0m  [38;2;241;246;248m  [38;2;239;249;255m██[38;2;255;255;255m████████████[38;2;79;67;67m  [38;2;240;231;222m██[38;2;239;231;222m████[38;2;240;231;222m████[38;2;239;231;222m████[38;2;240;231;222m████[38;2;240;232;222m██[38;2;255;139;108m██[38;2;85;73;135m██[38;2;91;78;142m██[38;2;90;78;142m████[38;2;52;38;109m██[38;2;91;78;142m████[38;2;92;79;144m██[38;2;0;0;1m  
[38;2;2;2;3m  [38;2;241;234;225m██[38;2;243;145;116m██[38;2;199;198;201m  [38;2;255;255;255m██████████[38;2;254;254;254m██[38;2;255;255;255m██[38;2;183;178;177m██[38;2;240;231;222m██████[38;2;239;230;222m██[38;2;240;231;222m████[38;2;239;231;222m██[38;2;240;231;222m████[38;2;255;138;106m██[38;2;255;140;109m██[38;2;79;67;124m██[38;2;91;78;141m██[38;2;91;78;142m██[38;2;91;78;141m██[38;2;41;27;97m██[38;2;91;78;143m██[38;2;90;78;142m██[38;2;91;78;143m██[38;2;3;2;4m  
[38;2;235;228;222m██[38;2;64;57;58m██[38;2;38;24;22m  [38;2;15;12;14m  [38;2;255;255;255m████████[38;2;252;253;255m██[38;2;185;230;254m██[38;2;231;231;233m██[38;2;239;232;225m██[38;2;241;232;223m██[38;2;239;231;222m████[38;2;240;231;222m████[38;2;239;231;222m████[38;2;242;228;218m██[38;2;254;139;108m██[38;2;238;138;109m██[38;2;111;65;58m██[38;2;70;60;109m██[38;2;91;78;142m██[38;2;90;78;142m████[38;2;37;25;88m██[38;2;92;79;145m██[38;2;91;78;142m██[38;2;86;73;137m██[38;2;3;2;5m  
[38;2;240;231;222m██[38;2;243;232;223m██[38;2;230;98;75m  [38;2;113;52;43m  [38;2;241;240;240m██[38;2;255;255;255m██[38;2;223;244;255m██[38;2;173;225;255m██[38;2;175;226;255m██[38;2;254;254;254m██[38;2;64;43;52m██[38;2;83;136;167m  [38;2;180;231;250m██[38;2;102;89;101m██[38;2;227;115;91m██[38;2;216;105;82m  [38;2;92;110;126m  [38;2;110;130;141m  [38;2;131;165;183m██[38;2;85;126;156m██[38;2;41;34;57m██[38;2;56;48;79m████[38;2;78;58;89m██[38;2;91;78;141m██[38;2;91;78;142m██[38;2;91;78;141m██[38;2;39;28;79m██[38;2;89;76;139m██[38;2;90;78;142m██[38;2;76;62;128m██[38;2;0;0;1m  
[38;2;237;230;223m██[38;2;240;231;221m██[38;2;229;165;151m██[38;2;68;38;35m  [38;2;167;195;208m  [38;2;228;229;230m██[38;2;248;252;254m██[38;2;233;247;255m██[38;2;251;251;251m██[38;2;85;49;59m██[38;2;131;83;90m██[38;2;185;37;38m██[38;2;206;45;41m██[38;2;65;108;140m██[38;2;125;152;174m  [38;2;175;226;255m██[38;2;175;227;255m██[38;2;176;227;255m██[38;2;94;146;175m  [38;2;130;83;90m██[38;2;127;79;88m██[38;2;127;80;88m██[38;2;47;40;66m██[38;2;47;35;57m██[38;2;90;77;142m██[38;2;90;78;142m████[38;2;40;30;81m██[38;2;79;67;120m██[38;2;91;78;142m██[38;2;62;48;117m██[38;2;1;0;1m  
[38;2;71;69;72m  [38;2;241;232;223m██[38;2;239;231;222m██[38;2;128;159;172m  [38;2;3;2;4m  [38;2;53;45;80m  [38;2;47;51;56m  [38;2;123;149;169m██[38;2;131;85;94m██[38;2;125;77;87m██[38;2;69;87;118m██[38;2;162;40;47m██[38;2;168;35;40m██[38;2;156;30;39m██[38;2;83;89;114m  [38;2;202;184;187m██[38;2;242;250;255m██[38;2;49;97;131m██[38;2;134;90;98m██[38;2;130;84;93m██[38;2;129;82;91m██[38;2;129;83;91m██[38;2;129;83;92m██[38;2;24;20;33m██[38;2;105;85;145m██[38;2;91;78;142m██[38;2;91;78;141m██[38;2;42;30;81m██[38;2;62;54;91m██[38;2;90;78;142m██[38;2;58;43;114m██[38;2;3;2;4m  
[38;2;24;21;25m  [38;2;253;253;253m██[38;2;182;225;243m  [38;2;139;134;154m██[38;2;158;133;138m██[38;2;88;75;137m██[38;2;129;84;92m██[38;2;129;83;91m██[38;2;118;65;77m██[38;2;119;66;78m██[38;2;129;83;92m██[38;2;152;54;55m██[38;2;165;125;131m██[38;2;119;28;41m██[38;2;207;46;41m██[38;2;67;98;129m██[38;2;139;129;138m██[38;2;171;143;147m██[38;2;172;143;148m██[38;2;169;138;144m██[38;2;172;143;147m██[38;2;130;81;92m██[38;2;162;129;135m██[38;2;81;54;62m██[38;2;138;101;154m██[38;2;90;78;142m████[38;2;40;29;81m██[38;2;55;47;77m██[38;2;91;78;142m██[38;2;63;48;118m██[38;2;19;14;22m  
[38;2;50;40;43m  [38;2;172;143;148m██[38;2;173;144;149m██[38;2;171;143;147m██[38;2;170;140;145m██[38;2;115;74;85m██[38;2;129;83;91m██[38;2;95;28;48m██[38;2;163;132;137m██[38;2;108;48;65m██[38;2;133;72;83m██[38;2;157;74;64m██[38;2;234;133;98m██[38;2;162;32;38m██[38;2;172;142;148m██[38;2;171;143;147m██[38;2;126;75;88m██[38;2;113;57;72m██[38;2;130;82;93m██[38;2;172;143;147m████[38;2;126;75;88m██[38;2;172;143;147m██[38;2;173;146;151m██[38;2;138;101;154m██[38;2;96;80;143m██[38;2;91;78;141m██[38;2;35;24;84m██[38;2;56;48;78m██[38;2;90;78;142m██[38;2;89;76;139m██[38;2;107;79;119m██[0m
