
[38;2;0;0;0m                          [38;2;54;58;70m  [38;2;47;49;59m██[38;2;42;35;47m  [38;2;37;24;36m  [38;2;1;0;0m  [38;2;0;0;0m                  
[38;2;0;0;0m                    [38;2;24;2;13m  [38;2;32;14;26m  [38;2;56;62;74m██[38;2;36;32;40m██[38;2;37;35;42m██[38;2;55;59;71m██[38;2;56;61;73m██[38;2;49;48;60m  [38;2;0;0;0m                  
[38;2;0;0;0m                      [38;2;41;33;45m  [38;2;53;58;69m██[38;2;54;59;71m██[38;2;55;60;72m██[38;2;39;38;46m██[38;2;55;60;72m██[38;2;55;59;71m██[38;2;12;4;8m  [38;2;0;0;0m                
[38;2;0;0;0m                    [38;2;6;0;4m  [38;2;48;50;60m██[38;2;37;34;42m██[38;2;38;36;44m██[38;2;56;62;74m██[38;2;36;33;40m██[38;2;50;53;63m██[38;2;48;48;59m██[38;2;56;61;73m  [38;2;5;2;4m  [38;2;0;0;0m              
[38;2;0;0;0m                    [38;2;42;42;50m  [38;2;46;45;56m██[38;2;55;60;73m██[38;2;158;124;116m██[38;2;103;81;79m██[38;2;107;85;83m██[38;2;38;36;43m██[38;2;53;58;69m██[38;2;44;38;50m  [38;2;0;0;0m                
[38;2;0;0;0m                    [38;2;31;18;28m  [38;2;37;36;43m██[38;2;57;63;75m██[38;2;76;53;60m██[38;2;226;194;174m██[38;2;187;153;139m██[38;2;57;50;73m██[38;2;53;58;70m██[38;2;46;47;57m██[38;2;0;0;0m                
[38;2;0;0;0m                    [38;2;5;0;3m  [38;2;35;29;37m  [38;2;79;59;62m██[38;2;254;226;201m██[38;2;234;197;177m██[38;2;255;227;201m██[38;2;255;227;202m██[38;2;41;36;45m██[38;2;31;16;26m  [38;2;26;7;18m  [38;2;0;0;0m              
[38;2;0;0;0m                      [38;2;33;25;34m  [38;2;34;26;34m  [38;2;255;227;202m██[38;2;251;224;199m██[38;2;254;226;201m██[38;2;195;174;158m██[38;2;35;32;39m  [38;2;30;19;28m  [38;2;0;0;0m                
[38;2;0;0;0m                      [38;2;27;7;18m  [38;2;32;20;30m  [38;2;169;161;166m██[38;2;202;182;169m██[38;2;176;155;147m██[38;2;61;55;62m██[38;2;32;23;32m  [38;2;27;8;19m  [38;2;0;0;0m                
[38;2;0;0;0m                      [38;2;63;26;38m  [38;2;109;53;69m██[38;2;25;32;40m██[38;2;56;55;64m██[38;2;30;37;45m██[38;2;35;34;40m██[38;2;144;107;67m  [38;2;26;11;13m  [38;2;0;0;0m                
[38;2;0;0;0m                  [38;2;6;2;4m  [38;2;138;71;87m████[38;2;137;70;86m██[38;2;40;51;59m██[38;2;24;27;36m██[38;2;27;33;39m██[38;2;40;51;60m██[38;2;207;159;87m██[38;2;60;92;83m██[38;2;56;95;80m  [38;2;10;4;5m  [38;2;0;0;0m            
[38;2;0;0;0m                  [38;2;135;69;85m  [38;2;137;70;86m██[38;2;138;71;87m██[38;2;137;70;86m██[38;2;37;48;56m██[38;2;48;59;68m██[38;2;51;64;73m██[38;2;141;144;147m██[38;2;66;137;97m██[38;2;224;175;94m██[38;2;222;173;93m██[38;2;64;128;91m  [38;2;0;0;0m            
[38;2;0;0;0m                [38;2;20;7;12m  [38;2;138;70;87m██[38;2;87;41;56m██[38;2;137;71;87m██[38;2;136;70;86m██[38;2;54;68;77m██[38;2;53;67;76m██[38;2;54;67;77m██[38;2;53;67;76m██[38;2;70;135;94m██[38;2;207;155;85m██[38;2;201;141;79m██[38;2;65;132;94m██[38;2;10;10;10m  [38;2;0;0;0m          
[38;2;0;0;0m                [38;2;108;53;68m  [38;2;138;71;87m██[38;2;80;36;51m██[38;2;138;71;87m██[38;2;135;70;86m██[38;2;54;68;77m██[38;2;53;66;75m██[38;2;54;67;76m██[38;2;54;68;77m██[38;2;168;153;90m██[38;2;154;150;90m██[38;2;75;89;69m██[38;2;77;99;83m██[38;2;155;116;66m  [38;2;0;0;0m          
[38;2;0;0;0m                [38;2;130;66;81m██[38;2;138;70;86m██[38;2;80;36;51m██[38;2;138;71;87m██[38;2;131;68;84m██[38;2;54;68;77m██[38;2;53;67;76m██[38;2;53;68;77m██[38;2;54;68;77m██[38;2;65;129;93m██[38;2;67;137;97m██[38;2;155;106;68m██[38;2;214;166;90m██[38;2;211;171;94m██[38;2;0;0;0m          
[38;2;0;0;0m              [38;2;42;12;25m  [38;2;138;70;87m██[38;2;99;47;63m██[38;2;86;39;54m██[38;2;138;71;87m██[38;2;107;55;70m██[38;2;25;32;40m██[38;2;26;31;39m██[38;2;25;33;41m██[38;2;25;32;40m██[38;2;50;78;72m██[38;2;225;178;96m██[38;2;182;134;80m██[38;2;77;91;67m██[38;2;66;134;95m██[38;2;20;8;8m  [38;2;0;0;0m        
[38;2;0;0;0m              [38;2;74;34;48m  [38;2;120;60;76m██[38;2;90;43;58m██[38;2;82;37;52m██[38;2;138;71;87m██[38;2;68;40;51m██[38;2;25;32;40m██[38;2;25;31;39m██[38;2;25;32;40m████[38;2;143;110;66m██[38;2;66;136;96m██[38;2;51;97;74m██[38;2;49;77;68m██[38;2;201;166;93m██[38;2;92;57;43m  [38;2;0;0;0m        
[38;2;0;0;0m              [38;2;136;70;86m██[38;2;76;35;49m██[38;2;137;70;86m██[38;2;78;36;50m██[38;2;138;71;87m██[38;2;56;56;66m██[38;2;24;32;40m██[38;2;24;31;39m██[38;2;25;32;40m██[38;2;26;33;41m██[38;2;124;85;62m██[38;2;65;131;94m██[38;2;80;89;66m██[38;2;200;156;87m██[38;2;44;81;65m██[38;2;59;116;84m  [38;2;0;0;0m        
[38;2;0;0;0m            [38;2;59;23;36m  [38;2;138;71;87m████[38;2;131;67;83m██[38;2;78;35;50m██[38;2;138;71;87m██[38;2;25;31;39m██[38;2;31;39;47m██[38;2;53;50;46m██[38;2;30;38;46m██[38;2;25;32;40m██[38;2;60;53;47m██[38;2;177;149;89m██[38;2;113;101;67m██[38;2;201;154;85m██[38;2;151;127;78m██[38;2;134;145;90m██[38;2;58;35;27m  [38;2;0;0;0m      
[38;2;0;0;0m            [38;2;138;71;87m████████[38;2;121;61;76m██[38;2;138;71;87m██[38;2;196;198;198m██[38;2;73;75;81m██[38;2;154;153;156m██[38;2;151;151;154m██[38;2;99;99;104m██[38;2;78;69;68m██[38;2;206;139;77m██[38;2;164;127;76m██[38;2;153;129;80m██[38;2;60;92;82m██[38;2;66;136;96m██[38;2;155;142;84m  [38;2;0;0;0m      
[38;2;0;0;0m            [38;2;138;71;87m████[38;2;138;71;86m██[38;2;137;70;86m██[38;2;129;66;82m██[38;2;118;59;74m██[38;2;200;199;205m██[38;2;226;225;224m██[38;2;241;243;240m██[38;2;200;197;198m██[38;2;211;209;208m██[38;2;190;188;195m██[38;2;63;88;73m██[38;2;140;148;91m██[38;2;205;151;82m██[38;2;219;170;92m██[38;2;106;125;82m██[38;2;66;135;95m██[38;2;0;0;0m      
[38;2;0;0;0m          [38;2;3;0;1m  [38;2;138;71;87m████[38;2;79;46;58m██[38;2;32;42;50m██[38;2;50;61;70m██[38;2;50;49;58m██[38;2;24;32;40m██[38;2;25;32;40m██[38;2;23;29;37m████[38;2;25;32;40m████[38;2;49;54;59m██[38;2;49;61;71m██[38;2;34;44;52m██[38;2;134;108;75m██[38;2;66;136;96m██[38;2;224;173;93m██[38;2;0;0;0m      
[38;2;0;0;0m          [38;2;19;4;11m  [38;2;138;71;87m██[38;2;129;67;82m██[38;2;25;32;40m██[38;2;209;208;209m██[38;2;219;184;166m██[38;2;181;162;148m██[38;2;52;52;55m██[38;2;25;32;40m████[38;2;24;32;40m██[38;2;25;31;39m██[38;2;142;129;120m██[38;2;179;160;147m██[38;2;202;180;172m██[38;2;74;83;91m██[38;2;29;36;43m██[38;2;65;131;93m██[38;2;115;137;88m██[38;2;7;0;4m  [38;2;0;0;0m    
[38;2;0;0;0m          [38;2;67;28;43m  [38;2;138;71;87m██[38;2;45;49;57m██[38;2;51;30;42m██[38;2;158;133;128m██[38;2;253;226;201m██[38;2;218;193;173m██[38;2;244;218;194m██[38;2;25;32;40m████████[38;2;226;202;181m██[38;2;214;189;170m██[38;2;255;227;202m██[38;2;158;151;156m██[38;2;33;35;44m██[38;2;77;122;86m██[38;2;100;93;67m██[38;2;36;35;44m  [38;2;0;0;0m    
[38;2;0;0;0m        [38;2;1;0;0m  [38;2;77;35;50m██[38;2;91;43;58m██[38;2;59;32;45m██[38;2;36;46;54m██[38;2;27;32;40m██[38;2;125;114;111m██[38;2;176;162;150m██[38;2;25;32;40m████[38;2;25;29;38m██[38;2;25;27;36m██[38;2;25;32;40m██[38;2;24;31;39m██[38;2;106;99;99m██[38;2;37;47;55m██[38;2;25;32;40m██[38;2;25;29;38m██[38;2;34;36;40m██[38;2;147;95;66m██[38;2;50;63;66m██[38;2;0;0;0m    
[38;2;0;0;0m        [38;2;41;43;52m  [38;2;77;35;50m██[38;2;49;53;63m██[38;2;54;68;77m██[38;2;26;32;40m██[38;2;54;68;77m██[38;2;54;67;77m████[38;2;38;48;56m██[38;2;25;32;40m████[38;2;25;31;39m██[38;2;24;32;40m██[38;2;25;32;40m██[38;2;54;68;77m██████[38;2;40;50;58m██[38;2;49;60;69m██[38;2;45;54;63m██[38;2;124;87;63m██[38;2;0;0;0m    
[38;2;0;0;0m      [38;2;29;14;25m  [38;2;40;41;52m  [38;2;76;34;49m██[38;2;54;68;77m██[38;2;54;67;76m██[38;2;53;66;76m██[38;2;54;68;77m████[38;2;53;67;76m██[38;2;25;32;40m██████[38;2;25;31;39m██[38;2;25;32;40m████[38;2;54;68;77m████████[38;2;26;31;39m██[38;2;54;68;77m██[38;2;46;86;69m██[38;2;0;0;0m    
[38;2;0;0;0m    [38;2;10;1;6m  [38;2;44;52;60m██[38;2;7;1;4m  [38;2;73;32;47m██[38;2;54;68;77m██[38;2;52;66;75m██[38;2;54;68;77m██████[38;2;25;32;40m████████[38;2;25;31;39m██[38;2;25;32;40m██████[38;2;52;66;75m██[38;2;54;67;77m██[38;2;54;68;77m██[38;2;32;36;45m██[38;2;54;68;77m██[38;2;43;73;62m██[38;2;38;59;51m  [38;2;0;0;0m  
[38;2;0;0;0m    [38;2;44;50;59m  [38;2;49;28;43m  [38;2;125;63;79m██[38;2;77;35;50m██[38;2;54;68;77m██[38;2;50;63;72m██[38;2;54;68;77m████[38;2;53;67;75m██[38;2;25;32;40m████[38;2;26;31;40m██[38;2;77;70;79m  [38;2;50;50;59m  [38;2;25;31;39m██[38;2;25;32;40m██████[38;2;54;68;77m████[38;2;33;38;46m██[38;2;53;67;77m██[38;2;26;22;36m██[38;2;45;58;64m██[38;2;153;107;70m  
[38;2;60;21;36m  [38;2;137;83;97m██[38;2;119;57;75m██[38;2;4;0;2m  [38;2;20;7;12m  [38;2;0;0;0m  [38;2;25;32;40m██[38;2;24;32;39m██[38;2;24;32;40m██[38;2;28;36;44m██[38;2;26;33;41m██[38;2;25;32;40m██████[38;2;0;0;0m    [38;2;25;32;40m████[38;2;25;29;37m██[38;2;24;32;40m██[38;2;46;58;66m██[38;2;34;43;51m██[38;2;25;27;36m██[38;2;25;32;40m██[38;2;9;8;12m  [38;2;1;0;0m  [38;2;0;0;0m  
[38;2;76;29;45m  [38;2;146;150;155m██[38;2;110;71;89m██[38;2;5;0;3m  [38;2;0;0;0m  [38;2;1;0;0m  [38;2;18;17;24m  [38;2;25;32;40m██[38;2;25;30;38m██[38;2;24;32;40m██[38;2;25;32;40m████[38;2;25;31;40m██[38;2;16;14;19m  [38;2;0;0;0m    [38;2;5;4;6m  [38;2;25;30;38m  [38;2;25;28;36m██[38;2;25;28;37m██[38;2;25;32;40m██████[38;2;24;31;39m  [38;2;3;0;2m  [38;2;0;0;0m    
[38;2;117;119;125m  [38;2;7;7;9m  [38;2;0;0;0m          [38;2;5;1;4m  [38;2;10;8;12m  [38;2;15;12;17m  [38;2;15;5;11m  [38;2;3;1;2m  [38;2;0;0;0m            [38;2;2;0;1m  [38;2;1;0;0m  [38;2;21;10;19m  [38;2;10;5;10m  [38;2;2;0;1m  [38;2;8;0;4m  [38;2;0;0;0m      [0m
