
[38;2;0;0;0m              [38;2;120;120;120m  [38;2;119;110;117m  [38;2;248;234;242m  [38;2;242;234;244m  [38;2;241;234;245m  [38;2;235;235;249m██[38;2;238;233;249m██[38;2;229;226;242m██[38;2;166;162;185m██[38;2;125;120;140m██[38;2;153;149;163m██[38;2;145;140;162m██[38;2;171;168;186m██[38;2;227;223;242m  [38;2;242;235;239m  [38;2;235;220;221m  [38;2;134;134;131m  [38;2;0;0;0m                
[38;2;0;0;0m            [38;2;146;77;77m  [38;2;251;234;249m  [38;2;239;235;246m  [38;2;240;236;247m██[38;2;242;235;247m██[38;2;240;234;250m██[38;2;163;153;162m██[38;2;87;74;99m██[38;2;74;72;125m██[38;2;80;72;122m██[38;2;90;81;105m██[38;2;120;112;133m██[38;2;83;77;111m██[38;2;76;74;117m██[38;2;79;74;125m██[38;2;209;204;210m██[38;2;235;228;244m██[38;2;248;237;245m  [38;2;106;101;102m  [38;2;9;9;9m  [38;2;0;0;0m            
[38;2;0;0;0m          [38;2;110;100;100m  [38;2;244;235;249m  [38;2;241;236;249m██[38;2;240;235;248m██[38;2;242;235;252m██[38;2;169;164;179m██[38;2;89;84;100m██[38;2;192;187;203m██[38;2;141;136;146m██[38;2;84;74;107m██[38;2;146;141;158m██[38;2;238;234;247m██[38;2;239;234;249m██[38;2;241;235;252m██[38;2;105;99;121m██[38;2;84;77;106m██[38;2;187;183;193m██[38;2;83;79;90m██[38;2;240;233;247m██[38;2;238;238;247m  [38;2;250;230;239m  [38;2;13;13;13m  [38;2;0;0;0m          
[38;2;0;0;0m        [38;2;107;98;98m  [38;2;239;233;248m  [38;2;238;236;253m██[38;2;237;237;252m██[38;2;232;230;243m██[38;2;83;78;94m██[38;2;206;202;216m██[38;2;238;233;248m██[38;2;240;236;251m██[38;2;240;236;250m██[38;2;244;238;251m██[38;2;240;235;253m██[38;2;241;236;254m██[38;2;241;236;252m██[38;2;241;236;251m██[38;2;231;226;241m██[38;2;244;239;252m██[38;2;240;236;250m██[38;2;238;234;248m██[38;2;196;187;202m██[38;2;227;221;233m██[38;2;239;232;243m  [38;2;236;215;235m  [38;2;15;15;15m  [38;2;0;0;0m        
[38;2;0;0;0m      [38;2;158;14;14m  [38;2;242;235;249m  [38;2;240;235;252m██[38;2;241;235;251m██[38;2;237;230;241m██[38;2;100;96;111m██[38;2;238;233;248m██[38;2;240;235;251m████[38;2;240;235;252m██[38;2;240;236;252m██[38;2;221;217;229m██[38;2;241;235;252m████[38;2;241;236;252m██[38;2;240;236;251m██[38;2;229;225;238m██[38;2;239;235;248m██[38;2;241;236;252m██[38;2;233;229;244m██[38;2;241;235;248m██[38;2;247;243;252m██[38;2;237;231;241m██[38;2;246;234;248m  [38;2;96;90;93m  [38;2;0;0;0m        
[38;2;0;0;0m    [38;2;100;100;100m  [38;2;250;234;247m  [38;2;240;235;252m██[38;2;241;235;253m██[38;2;237;231;241m██[38;2;129;120;135m██[38;2;237;229;244m██[38;2;241;236;252m██[38;2;241;235;252m██[38;2;241;236;252m████[38;2;240;235;250m██[38;2;224;218;231m██[38;2;240;235;251m██[38;2;241;235;252m██[38;2;240;235;252m██[38;2;241;236;251m██[38;2;241;237;250m██[38;2;242;237;250m██[38;2;240;235;251m██[38;2;244;238;252m██[38;2;237;233;247m██[38;2;240;235;250m██[38;2;231;225;237m██[38;2;242;233;244m██[38;2;245;231;239m  [38;2;183;28;28m  [38;2;0;0;0m      
[38;2;0;0;0m    [38;2;102;88;91m  [38;2;239;235;251m  [38;2;240;235;252m██[38;2;239;233;244m██[38;2;116;108;120m██[38;2;246;237;250m██[38;2;246;240;252m██[38;2;241;236;252m██[38;2;240;235;252m██[38;2;241;235;252m██[38;2;241;236;251m██[38;2;241;237;252m██[38;2;242;236;247m██[38;2;240;235;251m██[38;2;241;236;252m██[38;2;241;236;251m██[38;2;240;236;251m██[38;2;241;237;250m██[38;2;190;186;198m██[38;2;240;235;251m██[38;2;242;235;249m██[38;2;189;184;197m██[38;2;239;234;250m██[38;2;241;235;251m██[38;2;193;186;197m██[38;2;244;238;250m██[38;2;223;208;221m  [38;2;0;0;0m      
[38;2;0;0;0m  [38;2;103;53;53m  [38;2;247;232;237m  [38;2;241;236;253m██[38;2;240;235;251m██[38;2;177;170;184m██[38;2;238;230;241m██[38;2;191;183;190m██[38;2;241;234;246m██[38;2;241;236;252m████████[38;2;245;240;253m██[38;2;241;234;246m██[38;2;241;235;251m██[38;2;241;236;252m████[38;2;241;236;251m██[38;2;241;237;250m██[38;2;235;231;240m██[38;2;239;234;250m██[38;2;243;236;250m██[38;2;249;244;253m██[38;2;241;236;250m██[38;2;240;235;250m██[38;2;252;246;254m██[38;2;240;233;246m██[38;2;222;208;214m  [38;2;167;167;167m  [38;2;0;0;0m    
[38;2;0;0;0m  [38;2;151;77;151m  [38;2;240;236;251m  [38;2;239;236;250m██[38;2;241;235;251m██[38;2;246;239;251m██[38;2;241;234;250m██[38;2;216;208;218m██[38;2;240;234;250m██[38;2;206;201;219m██[38;2;240;236;249m██[38;2;241;236;252m████[38;2;245;239;253m██[38;2;246;235;246m██[38;2;240;235;251m██[38;2;241;236;252m████████[38;2;241;235;251m██[38;2;242;235;248m██[38;2;240;236;252m██[38;2;241;235;249m██[38;2;238;231;244m██[38;2;242;235;249m██[38;2;242;235;251m██[38;2;207;202;207m██[38;2;219;214;225m  [38;2;83;76;79m  [38;2;0;0;0m    
[38;2;0;0;0m  [38;2;100;91;87m  [38;2;239;235;251m  [38;2;240;237;251m██[38;2;227;220;232m██[38;2;240;234;246m██[38;2;241;234;247m██[38;2;247;241;252m██[38;2;240;236;248m██[38;2;182;178;191m██[38;2;241;236;252m████[38;2;241;237;253m██[38;2;227;222;235m██[38;2;245;236;247m██[38;2;240;236;251m██[38;2;241;236;252m████████[38;2;242;237;251m██[38;2;250;239;251m██[38;2;240;237;252m██[38;2;240;236;251m██[38;2;176;170;183m██[38;2;242;235;249m██[38;2;241;233;250m██[38;2;205;199;208m██[38;2;239;233;244m██[38;2;246;232;240m  [38;2;0;0;0m    
[38;2;0;0;0m  [38;2;254;233;235m  [38;2;242;236;251m██[38;2;241;236;252m██[38;2;186;180;191m██[38;2;240;233;250m██[38;2;243;239;247m██[38;2;242;235;249m██[38;2;241;237;249m██[38;2;214;208;219m██[38;2;242;234;248m██[38;2;242;236;253m██[38;2;240;233;248m██[38;2;187;172;181m██[38;2;240;234;248m██[38;2;240;235;251m██[38;2;241;236;252m████████[38;2;243;238;253m██[38;2;253;243;250m██[38;2;241;235;250m██[38;2;240;236;249m██[38;2;248;239;250m██[38;2;243;234;246m██[38;2;241;237;251m██[38;2;248;241;253m██[38;2;238;236;249m██[38;2;214;199;209m  [38;2;151;151;151m  [38;2;0;0;0m  
[38;2;119;119;119m  [38;2;247;231;233m  [38;2;241;236;252m██[38;2;240;236;249m██[38;2;214;209;222m██[38;2;239;233;250m██[38;2;190;186;195m██[38;2;242;236;250m██[38;2;239;236;249m██[38;2;233;226;238m██[38;2;243;236;250m██[38;2;240;235;249m██[38;2;242;235;250m██[38;2;186;170;175m██[38;2;239;233;248m██[38;2;239;234;249m██[38;2;240;236;252m████[38;2;240;235;251m██[38;2;240;236;251m████[38;2;236;226;232m██[38;2;240;235;250m██[38;2;239;235;251m██[38;2;242;235;249m██[38;2;243;235;247m██[38;2;240;236;250m████[38;2;234;229;242m██[38;2;192;184;192m  [38;2;136;128;132m  [38;2;0;0;0m  
[38;2;130;130;130m  [38;2;241;237;242m  [38;2;240;235;251m██[38;2;241;237;250m██[38;2;236;229;244m██[38;2;240;234;252m██[38;2;179;175;185m██[38;2;241;237;250m██[38;2;240;236;249m██[38;2;241;233;246m██[38;2;242;235;248m██[38;2;242;236;250m██[38;2;241;235;248m██[38;2;203;186;186m██[38;2;212;204;217m██[38;2;225;220;232m██[38;2;241;236;251m██[38;2;241;236;252m██[38;2;239;233;248m██[38;2;241;234;250m██[38;2;239;234;248m██[38;2;168;155;159m██[38;2;240;234;250m██[38;2;240;235;251m████[38;2;228;222;235m██[38;2;239;236;251m██[38;2;240;237;252m██[38;2;223;217;228m██[38;2;226;218;227m  [38;2;205;200;208m  [38;2;0;0;0m  
[38;2;135;135;135m  [38;2;233;238;251m  [38;2;240;235;251m██[38;2;241;237;251m██[38;2;249;243;253m██[38;2;241;234;251m██[38;2;204;197;208m██[38;2;241;236;252m██[38;2;239;234;251m██[38;2;249;239;248m██[38;2;244;239;250m██[38;2;197;192;207m██[38;2;189;182;194m██[38;2;219;204;200m██[38;2;242;232;245m██[38;2;199;192;202m██[38;2;240;234;249m██[38;2;241;236;252m██[38;2;235;231;242m██[38;2;240;234;246m██[38;2;240;234;252m██[38;2;209;189;187m██[38;2;194;186;205m██[38;2;231;224;235m██[38;2;243;234;248m██[38;2;185;176;185m██[38;2;243;236;252m██[38;2;241;237;252m██[38;2;203;197;205m██[38;2;249;240;252m██[38;2;245;227;244m  [38;2;0;0;0m  
[38;2;135;135;135m  [38;2;235;237;250m  [38;2;240;235;251m██[38;2;245;235;252m██[38;2;249;242;253m██[38;2;242;234;251m██[38;2;221;215;225m██[38;2;245;236;252m██[38;2;240;234;250m██[38;2;246;233;240m██[38;2;241;237;250m██[38;2;239;234;249m██[38;2;240;234;244m██[38;2;242;229;222m██[38;2;245;235;248m██[38;2;192;183;195m██[38;2;241;236;249m██[38;2;241;236;252m██[38;2;229;224;234m██[38;2;240;231;244m██[38;2;242;235;253m██[38;2;248;241;236m██[38;2;243;233;245m██[38;2;247;237;242m██[38;2;240;231;244m██[38;2;137;129;133m██[38;2;241;235;254m██[38;2;241;236;252m██[38;2;191;185;194m██[38;2;245;237;249m██[38;2;246;238;249m  [38;2;119;119;119m  
[38;2;135;135;135m  [38;2;243;235;253m  [38;2;240;236;249m██[38;2;246;236;250m██[38;2;251;242;253m██[38;2;242;234;251m██[38;2;232;225;236m██[38;2;243;236;253m██[38;2;243;236;251m██[38;2;247;234;239m██[38;2;240;235;250m██[38;2;240;235;251m██[38;2;201;190;200m██[38;2;204;193;188m██[38;2;247;233;246m██[38;2;190;177;190m██[38;2;241;234;248m██[38;2;241;236;251m██[38;2;218;212;222m██[38;2;242;231;239m██[38;2;242;234;249m██[38;2;198;182;165m██[38;2;218;202;208m██[38;2;251;240;251m██[38;2;237;234;250m██[38;2;193;186;192m██[38;2;242;235;252m██[38;2;240;238;250m██[38;2;191;185;194m██[38;2;241;233;246m██[38;2;242;230;238m  [38;2;119;91;119m  
[38;2;191;182;182m  [38;2;243;234;253m  [38;2;240;235;249m██[38;2;246;235;250m██[38;2;251;242;253m██[38;2;244;236;253m██[38;2;238;234;243m██[38;2;243;237;251m██[38;2;251;242;254m██[38;2;247;235;237m██[38;2;240;234;250m██[38;2;241;238;252m██[38;2;241;231;240m██[38;2;250;235;222m██[38;2;243;229;236m██[38;2;194;182;188m██[38;2;242;233;248m██[38;2;243;236;252m██[38;2;212;203;215m██[38;2;241;233;242m██[38;2;243;236;251m██[38;2;254;241;231m██[38;2;247;231;237m██[38;2;240;227;236m██[38;2;239;233;251m██[38;2;188;179;189m██[38;2;245;233;250m██[38;2;241;235;254m██[38;2;198;192;200m██[38;2;240;231;249m██[38;2;239;227;235m  [38;2;119;119;119m  
[38;2;118;109;112m  [38;2;241;235;253m  [38;2;237;234;248m██[38;2;245;236;251m██[38;2;248;239;253m██[38;2;242;234;252m██[38;2;235;228;238m██[38;2;250;242;253m██[38;2;252;241;253m██[38;2;243;228;229m██[38;2;240;234;250m██[38;2;246;240;246m██[38;2;246;230;232m██[38;2;249;235;213m██[38;2;237;224;224m██[38;2;203;190;195m██[38;2;240;234;250m██[38;2;241;235;254m██[38;2;217;204;218m██[38;2;245;236;244m██[38;2;241;232;243m██[38;2;254;236;213m██[38;2;202;181;185m██[38;2;200;187;192m██[38;2;241;232;242m██[38;2;184;174;167m██[38;2;250;233;243m██[38;2;242;236;251m██[38;2;197;192;197m██[38;2;241;232;249m██[38;2;237;229;235m  [38;2;135;135;135m  
[38;2;253;222;229m  [38;2;239;234;253m██[38;2;240;237;252m██[38;2;244;235;252m██[38;2;244;234;249m██[38;2;243;233;251m██[38;2;228;219;228m██[38;2;247;234;242m██[38;2;250;236;244m██[38;2;225;208;217m██[38;2;241;235;245m██[38;2;244;232;245m██[38;2;226;211;222m██[38;2;226;211;207m██[38;2;182;166;163m██[38;2;200;185;177m██[38;2;246;236;249m██[38;2;245;233;249m██[38;2;219;202;206m██[38;2;249;236;236m██[38;2;233;218;221m██[38;2;204;184;162m██[38;2;123;104;104m██[38;2;111;95;98m██[38;2;239;220;242m██[38;2;207;194;186m██[38;2;242;235;233m██[38;2;242;235;250m██[38;2;190;185;189m██[38;2;241;232;250m██[38;2;238;233;240m  [38;2;112;112;112m  
[38;2;224;206;208m  [38;2;237;231;253m██[38;2;238;235;249m██[38;2;242;235;249m██[38;2;236;227;241m██[38;2;244;232;251m██[38;2;200;189;199m██[38;2;196;179;184m██[38;2;120;98;101m██[38;2;91;73;86m██[38;2;97;81;102m██[38;2;86;69;87m██[38;2;82;63;70m██[38;2;86;66;83m██[38;2;90;70;85m██[38;2;192;172;163m██[38;2;220;210;204m██[38;2;204;193;189m██[38;2;215;204;195m██[38;2;236;222;213m██[38;2;198;184;176m██[38;2;95;76;111m██[38;2;90;64;92m██[38;2;86;69;83m██[38;2;77;55;74m██[38;2;95;76;82m██[38;2;86;71;60m██[38;2;243;230;251m██[38;2;199;192;196m██[38;2;240;230;250m██[38;2;237;233;238m  [38;2;135;135;135m  
[38;2;148;136;136m  [38;2;237;236;249m  [38;2;239;233;242m██[38;2;241;234;248m██[38;2;227;215;229m██[38;2;243;229;247m██[38;2;190;176;190m██[38;2;156;137;143m██[38;2;92;69;52m██[38;2;150;139;140m██[38;2;149;121;152m██[38;2;67;46;106m██[38;2;85;68;119m██[38;2;72;45;110m██[38;2;171;151;164m██[38;2;254;236;224m██[38;2;254;237;226m██[38;2;252;237;227m████[38;2;252;237;225m██[38;2;249;235;225m██[38;2;190;177;212m██[38;2;59;45;125m██[38;2;105;88;178m██[38;2;79;57;162m██[38;2;96;82;116m██[38;2;153;136;122m██[38;2;247;231;247m██[38;2;229;218;232m██[38;2;243;230;250m██[38;2;243;234;243m  [38;2;110;100;109m  
[38;2;253;235;241m  [38;2;243;233;254m██[38;2;233;228;235m██[38;2;241;235;250m██[38;2;205;189;207m██[38;2;243;225;247m██[38;2;209;189;210m██[38;2;252;228;245m██[38;2;188;170;162m██[38;2;223;222;221m██[38;2;66;47;139m██[38;2;60;54;141m██[38;2;96;89;171m██[38;2;104;83;174m██[38;2;171;157;181m██[38;2;252;235;230m██[38;2;252;238;227m██[38;2;252;237;226m████[38;2;252;238;227m██[38;2;249;236;225m██[38;2;77;43;128m██[38;2;60;61;150m██[38;2;79;87;158m██[38;2;94;127;195m██[38;2;161;149;168m██[38;2;247;237;231m██[38;2;189;171;199m██[38;2;241;223;247m██[38;2;244;229;250m██[38;2;227;225;233m  [38;2;130;122;125m  
[38;2;243;236;249m  [38;2;244;238;251m██[38;2;246;241;253m██[38;2;242;235;248m██[38;2;194;178;195m██[38;2;242;219;245m██[38;2;243;220;244m██[38;2;246;224;245m██[38;2;249;234;221m██[38;2;251;242;235m██[38;2;116;93;163m██[38;2;108;160;202m██[38;2;75;107;149m██[38;2;191;237;249m██[38;2;251;239;227m██[38;2;251;237;226m██[38;2;252;238;225m██[38;2;251;238;224m██[38;2;252;237;225m██[38;2;251;238;226m██[38;2;252;238;227m██[38;2;168;160;173m██[38;2;95;208;207m██[38;2;142;250;249m██[38;2;119;189;187m██[38;2;248;236;232m██[38;2;251;235;220m██[38;2;198;172;208m██[38;2;239;220;247m██[38;2;243;225;244m██[38;2;244;236;247m██[38;2;249;233;241m  
[38;2;238;234;247m██[38;2;235;229;238m██[38;2;240;235;250m██[38;2;241;237;250m██[38;2;202;188;200m██[38;2;244;216;245m██[38;2;243;217;244m██[38;2;246;221;250m██[38;2;251;234;225m██[38;2;219;218;229m██[38;2;252;237;239m██[38;2;135;150;146m██[38;2;155;188;181m██[38;2;247;239;237m██[38;2;251;237;225m██[38;2;252;237;227m██[38;2;252;238;225m████████[38;2;251;237;226m██[38;2;249;234;223m██[38;2;253;235;232m██[38;2;247;220;225m██[38;2;250;217;219m██[38;2;252;218;217m██[38;2;254;239;228m██[38;2;201;172;211m██[38;2;240;217;245m██[38;2;221;199;217m██[38;2;200;194;205m██[38;2;244;236;249m  
[38;2;240;234;249m██[38;2;195;188;199m██[38;2;240;236;250m██[38;2;241;237;251m██[38;2;234;218;233m██[38;2;241;209;243m██[38;2;242;211;242m██[38;2;244;210;245m██[38;2;254;245;238m██[38;2;205;226;250m██[38;2;233;224;232m██[38;2;248;207;212m██[38;2;249;218;218m██[38;2;251;230;223m██[38;2;254;237;227m████[38;2;252;238;225m████████[38;2;252;238;226m██[38;2;254;236;224m██[38;2;248;223;220m██[38;2;246;204;208m██[38;2;244;200;204m██[38;2;251;217;217m██[38;2;249;223;219m██[38;2;221;187;227m██[38;2;241;209;244m██[38;2;192;168;187m██[38;2;243;235;248m██[38;2;245;238;248m  
[38;2;244;237;249m██[38;2;245;235;254m██[38;2;240;236;249m██[38;2;240;237;251m██[38;2;244;236;247m██[38;2;243;202;243m██[38;2;241;204;244m██[38;2;243;206;243m██[38;2;244;235;232m██[38;2;195;228;248m██[38;2;188;202;213m██[38;2;250;208;213m██[38;2;250;218;216m██[38;2;255;231;224m██[38;2;254;237;227m████████[38;2;254;237;226m██[38;2;254;237;225m████[38;2;253;236;226m██[38;2;254;230;222m██[38;2;252;221;217m██[38;2;252;223;219m██[38;2;252;228;222m██[38;2;193;160;175m██[38;2;235;196;238m██[38;2;244;200;245m██[38;2;189;166;182m██[38;2;247;238;253m██[38;2;245;236;245m██
[38;2;210;204;214m██[38;2;241;231;251m██[38;2;243;236;252m██[38;2;233;228;242m██[38;2;242;236;248m██[38;2;250;204;244m██[38;2;242;198;240m██[38;2;244;196;241m██[38;2;222;202;204m██[38;2;194;219;237m██[38;2;228;227;234m██[38;2;246;226;217m██[38;2;253;232;221m██[38;2;252;237;224m██[38;2;254;237;227m████████[38;2;254;237;226m██[38;2;254;237;225m████[38;2;254;237;227m██[38;2;253;236;226m██[38;2;254;234;226m██[38;2;253;234;226m██[38;2;250;232;226m██[38;2;168;120;161m██[38;2;241;192;238m██[38;2;244;194;243m██[38;2;218;202;217m██[38;2;230;218;240m██[38;2;244;230;252m  
[38;2;232;227;242m██[38;2;240;232;249m██[38;2;240;232;254m██[38;2;230;222;235m██[38;2;239;238;251m██[38;2;223;177;207m██[38;2;247;195;241m██[38;2;244;192;240m██[38;2;196;148;167m██[38;2;253;234;225m██[38;2;255;236;227m████[38;2;254;237;227m████[38;2;252;238;225m██[38;2;252;237;225m██[38;2;252;238;225m████[38;2;252;237;225m██[38;2;252;238;225m██[38;2;252;237;225m████[38;2;252;238;225m██[38;2;253;237;226m██[38;2;254;236;228m██[38;2;201;178;180m██[38;2;192;135;191m██[38;2;211;158;205m██[38;2;243;191;239m██[38;2;233;224;236m██[38;2;193;178;208m██[38;2;196;179;200m  
[38;2;197;174;201m  [38;2;173;162;187m██[38;2;241;233;249m██[38;2;215;205;227m██[38;2;240;230;254m██[38;2;184;145;168m██[38;2;246;186;240m██[38;2;244;184;235m██[38;2;195;141;176m██[38;2;188;164;162m██[38;2;251;234;221m██[38;2;254;238;226m██[38;2;254;237;227m██[38;2;253;239;227m██[38;2;253;239;226m████[38;2;252;238;225m██████████[38;2;254;237;227m████[38;2;253;237;226m██[38;2;229;213;210m██[38;2;204;176;204m██[38;2;204;142;204m██[38;2;237;178;231m██[38;2;243;191;239m██[38;2;211;196;221m██[38;2;145;130;145m  [38;2;73;70;71m  
[38;2;181;109;179m  [38;2;186;160;185m  [38;2;199;168;205m██[38;2;175;160;181m██[38;2;191;174;210m██[38;2;182;150;188m██[38;2;242;181;241m██[38;2;241;181;233m██[38;2;236;180;226m██[38;2;246;244;243m██[38;2;186;174;165m██[38;2;218;205;200m██[38;2;250;234;222m██[38;2;254;238;223m██[38;2;253;237;224m██[38;2;253;239;227m██[38;2;254;238;225m██[38;2;236;224;211m██[38;2;252;237;224m██[38;2;252;238;226m████[38;2;253;235;223m██[38;2;252;240;228m██[38;2;150;130;125m██[38;2;196;175;213m██[38;2;177;155;190m██[38;2;238;171;234m██[38;2;239;178;235m██[38;2;223;169;219m██[38;2;194;172;201m  [38;2;77;62;75m  [38;2;0;0;0m  
[38;2;0;0;0m  [38;2;28;24;27m  [38;2;155;145;169m  [38;2;153;140;169m██[38;2;159;137;155m██[38;2;196;169;200m██[38;2;237;171;237m██[38;2;232;170;227m██[38;2;243;184;241m██[38;2;249;246;246m██[38;2;232;228;224m██[38;2;217;203;211m██[38;2;210;194;202m██[38;2;190;175;175m██[38;2;247;231;218m██[38;2;254;241;229m██[38;2;251;238;221m██[38;2;254;238;228m██[38;2;253;241;230m██[38;2;236;224;215m██[38;2;200;186;178m██[38;2;199;180;185m██[38;2;231;223;220m██[38;2;250;246;248m██[38;2;165;151;173m██[38;2;180;160;190m  [38;2;210;145;200m██[38;2;236;171;232m██[38;2;160;118;136m██[38;2;117;60;63m  [38;2;0;0;0m    
[38;2;114;33;36m  [38;2;83;83;114m  [38;2;62;56;86m██[38;2;79;68;78m  [38;2;160;128;145m  [38;2;154;95;110m  [38;2;235;172;226m  [38;2;213;151;196m██[38;2;233;169;233m██[38;2;248;245;247m██[38;2;247;247;244m██[38;2;188;181;178m██[38;2;231;222;228m██[38;2;210;196;212m██[38;2;213;197;206m██[38;2;215;199;211m██[38;2;173;145;137m██[38;2;192;162;155m██[38;2;216;199;216m██[38;2;211;196;207m██[38;2;211;196;205m██[38;2;200;187;193m██[38;2;248;246;250m██[38;2;250;247;249m██[38;2;246;250;245m  [38;2;164;103;119m  [38;2;171;109;149m  [38;2;234;167;231m██[38;2;77;58;82m██[38;2;66;59;91m  [38;2;71;53;65m  [38;2;0;0;0m  [0m
