
[38;2;0;0;13m  [38;2;6;0;15m  [38;2;8;0;22m  [38;2;5;0;19m  [38;2;2;0;14m  [38;2;9;0;23m  [38;2;39;36;55m██[38;2;64;63;81m██[38;2;61;60;78m██[38;2;95;96;119m██[38;2;64;63;81m████[38;2;64;63;82m██[38;2;18;18;30m██[38;2;67;66;85m██[38;2;64;62;81m████[38;2;63;63;81m██[38;2;64;63;81m████[38;2;63;62;80m██[38;2;48;47;64m██[38;2;22;22;34m██[38;2;62;61;80m██[38;2;64;63;81m██████[38;2;48;47;64m██[38;2;62;61;79m██[38;2;44;41;60m██[38;2;3;0;11m  [38;2;0;0;0m  
[38;2;7;0;19m  [38;2;11;0;26m  [38;2;8;0;23m  [38;2;9;1;24m  [38;2;35;32;52m██[38;2;67;66;84m██[38;2;63;62;80m██[38;2;58;56;74m██[38;2;136;139;168m██[38;2;78;77;97m██[38;2;64;63;81m████[38;2;35;35;49m██[38;2;65;64;82m██[38;2;64;63;81m████[38;2;63;62;80m██[38;2;64;63;81m████████[38;2;63;63;80m██[38;2;65;64;82m██[38;2;64;63;81m████████[38;2;63;62;80m██[38;2;36;36;51m██[38;2;52;51;68m██[38;2;48;46;65m██[38;2;1;0;4m  
[38;2;0;0;3m  [38;2;5;0;14m  [38;2;8;0;24m  [38;2;18;15;32m██[38;2;42;42;56m██[38;2;39;39;54m██[38;2;20;20;31m██[38;2;141;143;174m██[38;2;133;135;163m██[38;2;136;138;168m██[38;2;57;56;72m██[38;2;60;59;75m██[38;2;85;85;107m██[38;2;64;63;81m████████████████[38;2;64;62;81m██[38;2;63;62;80m██[38;2;64;62;81m████[38;2;64;63;81m██[38;2;62;61;79m██[38;2;104;104;130m██[38;2;64;63;81m██[38;2;21;21;33m██[38;2;50;49;66m██[38;2;29;21;45m██
[38;2;0;0;3m  [38;2;4;0;12m  [38;2;4;0;11m  [38;2;9;0;24m  [38;2;28;30;41m██[38;2;46;46;62m██[38;2;138;140;170m██[38;2;133;135;163m██████[38;2;138;140;171m██[38;2;112;113;139m██[38;2;67;66;85m██[38;2;59;58;75m██[38;2;63;62;80m██[38;2;58;57;74m██[38;2;65;64;82m██[38;2;59;58;76m██[38;2;64;63;81m██[38;2;63;62;80m██[38;2;59;58;75m██[38;2;62;60;78m██[38;2;115;115;144m██[38;2;94;94;117m██[38;2;58;56;73m██[38;2;89;89;111m██[38;2;135;136;166m██[38;2;134;136;165m██[38;2;60;59;76m██[38;2;67;66;85m██[38;2;22;22;35m██[38;2;70;70;88m██
[38;2;3;0;16m  [38;2;0;0;6m  [38;2;11;0;30m  [38;2;21;21;33m██[38;2;99;99;122m██[38;2;62;60;78m██[38;2;82;82;103m██[38;2;138;140;169m██[38;2;133;135;164m██[38;2;133;134;163m██[38;2;78;78;99m██[38;2;134;136;165m██[38;2;133;135;164m██[38;2;136;138;168m██[38;2;142;144;175m██[38;2;138;140;170m██[38;2;67;66;84m██[38;2;138;140;170m██[38;2;136;138;169m██[38;2;142;144;175m██[38;2;136;138;168m██[38;2;133;135;164m██[38;2;26;21;45m██[38;2;135;137;166m██[38;2;133;135;164m██[38;2;133;134;163m██[38;2;132;135;163m██[38;2;132;134;163m██[38;2;115;117;143m██[38;2;64;63;81m██[38;2;43;42;57m██[38;2;65;64;82m██
[38;2;2;0;15m  [38;2;7;0;22m  [38;2;60;58;76m██[38;2;64;63;81m██████████[38;2;57;56;73m██[38;2;143;145;176m██[38;2;92;92;115m██[38;2;133;135;163m████████[38;2;136;139;168m██[38;2;83;83;104m██[38;2;133;135;163m██[38;2;133;135;164m██[38;2;133;135;163m██████[38;2;11;10;14m██[38;2;133;135;165m██[38;2;133;135;163m██[38;2;133;135;164m██[38;2;135;137;167m██[38;2;133;135;163m██[38;2;138;140;170m██[38;2;62;61;79m██[38;2;65;64;83m██[38;2;52;51;68m██
[38;2;10;3;25m██[38;2;68;68;85m██[38;2;64;63;81m██████████████[38;2;62;61;79m██[38;2;133;135;164m██[38;2;136;139;168m██[38;2;133;135;163m██████[38;2;140;142;172m██[38;2;117;118;145m██[38;2;133;135;163m██[38;2;133;135;164m██[38;2;133;135;163m████[38;2;141;144;173m██[38;2;28;24;40m██[38;2;135;137;166m██[38;2;98;98;122m██[38;2;59;57;75m██[38;2;60;59;76m██[38;2;77;78;98m██[38;2;141;144;174m██[38;2;56;55;72m██[38;2;64;63;81m██[38;2;55;54;71m██
[38;2;63;62;80m██[38;2;64;63;80m██[38;2;64;62;81m██[38;2;64;63;81m████████[38;2;64;62;81m████[38;2;63;63;80m██[38;2;89;90;111m██[38;2;58;57;73m██[38;2;77;76;96m██[38;2;131;133;162m██[38;2;133;135;164m██[38;2;80;80;100m██[38;2;140;143;173m██[38;2;133;135;164m████[38;2;133;136;165m██[38;2;134;136;166m██[38;2;116;116;144m██[38;2;57;56;72m██[38;2;59;58;75m██[38;2;64;62;81m██[38;2;64;63;81m██████[38;2;61;60;77m██[38;2;70;69;88m██[38;2;64;63;80m██[38;2;64;63;81m██
[38;2;24;16;40m██[38;2;39;33;55m██[38;2;38;36;52m██[38;2;63;62;79m██[38;2;64;63;81m██████████[38;2;38;32;54m██[38;2;63;62;80m██[38;2;64;63;81m████[38;2;63;62;80m██[38;2;78;78;98m██[38;2;57;56;72m██[38;2;104;104;129m██[38;2;64;62;81m██[38;2;63;62;80m██[38;2;55;54;72m██[38;2;52;50;66m██[38;2;33;29;49m██[38;2;22;21;35m██[38;2;64;63;81m██████████████████
[38;2;1;0;5m  [38;2;21;17;35m██[38;2;72;71;90m██[38;2;64;63;81m██████████[38;2;63;63;81m██[38;2;18;7;33m██[38;2;64;63;81m██████[38;2;63;63;81m██[38;2;66;65;83m██[38;2;56;55;72m██[38;2;64;63;81m██████[38;2;30;30;43m██[38;2;68;68;85m██[38;2;78;42;50m██[38;2;10;4;17m██[38;2;66;65;84m██[38;2;63;63;81m██[38;2;64;63;81m████████[38;2;63;63;81m██[38;2;64;63;81m████
[38;2;8;0;24m  [38;2;66;66;83m██[38;2;64;63;81m████████████[38;2;67;66;84m██[38;2;43;37;59m██[38;2;64;63;81m████████[38;2;33;33;47m██[38;2;65;64;83m██[38;2;64;63;81m██[38;2;63;62;80m██[38;2;32;32;46m██[38;2;58;56;75m██[38;2;23;16;42m██[38;2;241;136;138m██[38;2;125;66;82m██[38;2;26;28;39m██[38;2;64;63;81m██[38;2;57;56;73m██[38;2;64;63;81m████████████
[38;2;66;65;83m██[38;2;63;63;81m██[38;2;64;63;80m██[38;2;63;63;80m██[38;2;64;63;81m████[38;2;63;62;80m████[38;2;40;41;54m██[38;2;69;69;86m██[38;2;63;63;81m██[38;2;64;63;81m██[38;2;63;62;80m██[38;2;60;60;77m██[38;2;25;25;38m██[38;2;64;63;81m████[38;2;52;51;67m██[38;2;8;0;24m██[38;2;73;73;90m██[38;2;108;56;75m██[38;2;220;121;127m██[38;2;247;138;140m██[38;2;12;7;29m██[38;2;62;62;79m██[38;2;34;29;50m██[38;2;63;63;81m██[38;2;64;63;81m██[38;2;64;63;80m████[38;2;64;63;81m████
[38;2;64;63;81m██[38;2;61;60;78m██[38;2;64;63;81m██[38;2;64;63;80m██[38;2;63;62;80m██[38;2;50;47;66m██[38;2;65;64;82m██[38;2;66;65;83m██[38;2;14;7;29m██[38;2;71;71;88m██[38;2;64;63;81m████[38;2;65;64;83m██[38;2;25;25;38m██[38;2;40;39;55m██[38;2;64;63;81m██[38;2;60;60;77m██[38;2;7;3;21m██[38;2;24;22;46m██[38;2;23;11;21m██[38;2;219;122;126m██[38;2;219;121;126m██[38;2;235;130;134m██[38;2;81;42;57m██[38;2;27;27;40m██[38;2;15;6;29m██[38;2;64;63;81m████████████
[38;2;21;22;33m██[38;2;66;65;83m██[38;2;64;63;81m██[38;2;66;66;84m██[38;2;9;5;22m██[38;2;28;26;42m██[38;2;65;64;82m██[38;2;29;29;42m██[38;2;26;8;33m██[38;2;71;72;89m██[38;2;64;63;81m██[38;2;68;67;86m██[38;2;23;24;36m██[38;2;12;3;26m██[38;2;69;69;86m██[38;2;58;57;74m██[38;2;1;1;17m██[38;2;133;73;87m██[38;2;13;8;16m██[38;2;227;126;131m██[38;2;250;140;141m██[38;2;61;33;46m██[38;2;0;0;11m██[38;2;162;88;98m██[38;2;17;12;29m██[38;2;11;3;26m██[38;2;63;62;80m██[38;2;64;63;81m████[38;2;58;57;75m██[38;2;64;63;81m████
[38;2;8;4;23m██[38;2;64;63;81m██████[38;2;69;69;86m██[38;2;9;1;23m██[38;2;24;19;39m██[38;2;11;7;25m██[38;2;39;21;25m██[38;2;64;62;80m██[38;2;67;66;84m██[38;2;21;21;33m██[38;2;10;3;26m██[38;2;43;39;60m██[38;2;48;47;63m██[38;2;31;16;23m██[38;2;244;139;141m██[38;2;83;44;54m██[38;2;231;129;133m██[38;2;103;56;66m██[38;2;26;14;22m██[38;2;239;137;140m██[38;2;231;128;133m██[38;2;230;127;132m██[38;2;78;42;52m██[38;2;19;10;34m██[38;2;64;63;81m██████[38;2;70;69;87m██[38;2;61;60;78m██[38;2;71;71;88m██
[38;2;10;0;25m  [38;2;65;64;82m██[38;2;64;63;81m████[38;2;70;69;88m██[38;2;15;5;30m██[38;2;26;28;39m██[38;2;106;56;70m██[38;2;11;0;25m██[38;2;16;10;30m██[38;2;14;6;28m██[38;2;11;0;25m██[38;2;6;2;20m██[38;2;6;4;10m██[38;2;200;111;116m██[38;2;247;143;146m██[38;2;18;9;14m██[38;2;53;25;46m██[38;2;8;0;21m██[38;2;13;0;27m██[38;2;5;1;23m██[38;2;9;0;23m██[38;2;10;0;23m██[38;2;7;0;23m██[38;2;11;5;20m██[38;2;12;6;26m██[38;2;65;64;82m██[38;2;64;63;81m████[38;2;68;67;85m██[38;2;22;22;34m██[38;2;65;64;82m██
[38;2;13;3;28m  [38;2;66;66;83m██[38;2;64;63;81m████[38;2;21;21;34m██[38;2;11;3;26m██[38;2;7;0;20m██[38;2;2;0;11m██[38;2;13;0;27m██[38;2;11;0;25m██[38;2;11;0;24m██[38;2;8;0;22m██[38;2;204;118;121m██[38;2;220;122;127m██[38;2;219;121;127m██[38;2;201;110;119m██[38;2;243;137;140m██[38;2;9;0;19m██[38;2;21;20;27m██[38;2;71;61;90m██[38;2;72;65;95m██[38;2;110;102;133m██[38;2;160;152;188m██[38;2;147;141;173m██[38;2;53;46;70m██[38;2;8;1;21m██[38;2;68;67;85m██[38;2;65;64;82m██[38;2;64;63;81m██[38;2;67;66;84m██[38;2;3;0;19m██[38;2;40;40;54m██
[38;2;12;4;28m  [38;2;67;66;84m██[38;2;64;63;81m██[38;2;56;55;72m██[38;2;15;6;30m██[38;2;10;0;24m██[38;2;55;52;69m██[38;2;153;146;180m██[38;2;175;168;204m██[38;2;29;26;41m██[38;2;14;9;27m██[38;2;192;185;221m██[38;2;186;127;145m██[38;2;220;122;127m██[38;2;219;121;127m██[38;2;220;122;127m██[38;2;219;121;126m██[38;2;207;159;182m██[38;2;171;163;203m██[38;2;96;92;122m██[38;2;12;0;28m██[38;2;13;1;31m██[38;2;159;153;187m██[38;2;170;162;202m██[38;2;111;103;138m██[38;2;72;72;89m██[38;2;51;50;67m██[38;2;64;63;81m████[38;2;70;70;88m██[38;2;156;100;112m██[38;2;9;2;23m██
[38;2;9;0;24m  [38;2;66;65;83m██[38;2;67;66;84m██[38;2;23;24;36m██[38;2;29;31;41m██[38;2;26;11;34m██[38;2;66;57;83m██[38;2;175;167;205m██[38;2;194;186;225m██[38;2;13;6;42m██[38;2;15;15;58m██[38;2;22;18;50m██[38;2;178;172;208m██[38;2;220;121;126m██[38;2;219;121;127m██[38;2;220;121;127m████[38;2;232;161;163m██[38;2;253;252;255m██[38;2;113;113;134m██[38;2;24;44;108m██[38;2;25;44;105m██[38;2;191;189;201m██[38;2;253;252;255m██[38;2;70;48;50m██[38;2;66;66;83m██[38;2;23;21;36m██[38;2;64;63;81m████[38;2;71;71;88m██[38;2;209;187;171m██[38;2;34;29;31m██
[38;2;8;0;21m  [38;2;66;65;82m██[38;2;21;21;34m██[38;2;10;1;25m██[38;2;26;26;39m██[38;2;16;17;28m██[38;2;229;116;119m██[38;2;254;254;255m██[38;2;254;254;254m██[38;2;21;38;102m██[38;2;24;45;109m██[38;2;3;4;56m██[38;2;254;254;255m██[38;2;219;120;125m██[38;2;220;121;127m████[38;2;219;121;127m██[38;2;217;109;114m██[38;2;253;252;255m██[38;2;237;231;228m██[38;2;50;115;222m██[38;2;38;104;213m██[38;2;238;238;240m██[38;2;255;246;246m██[38;2;19;15;33m██[38;2;13;3;26m██[38;2;39;38;53m██[38;2;64;63;81m████[38;2;50;46;66m██[38;2;255;252;219m██[38;2;9;4;22m██
[38;2;11;0;27m  [38;2;18;17;33m██[38;2;24;23;37m██[38;2;10;0;25m  [38;2;38;38;52m██[38;2;22;22;29m██[38;2;178;99;105m██[38;2;220;123;127m██[38;2;253;252;255m██[38;2;20;20;50m██[38;2;15;72;174m██[38;2;154;153;163m██[38;2;248;227;228m██[38;2;219;121;126m██[38;2;221;122;127m██[38;2;176;76;83m██[38;2;217;115;123m██[38;2;219;120;126m██[38;2;232;141;146m██[38;2;159;171;180m██[38;2;164;176;193m██[38;2;112;124;146m██[38;2;148;152;166m██[38;2;188;92;100m██[38;2;14;2;27m██[38;2;17;16;34m██[38;2;62;61;79m██[38;2;64;63;81m████[38;2;4;4;6m██[38;2;186;164;147m██[38;2;27;27;40m██
[38;2;254;254;242m  [38;2;233;243;242m██[38;2;193;191;189m  [38;2;227;226;213m  [38;2;172;213;224m██[38;2;204;230;230m██[38;2;20;21;22m██[38;2;219;122;127m██[38;2;218;114;119m██[38;2;177;168;176m██[38;2;142;118;138m██[38;2;136;81;95m██[38;2;203;107;114m██[38;2;230;151;145m██[38;2;253;214;184m██[38;2;255;222;189m████[38;2;254;219;187m██[38;2;239;175;160m██[38;2;227;132;133m██[38;2;220;120;126m██[38;2;219;120;126m██[38;2;222;124;128m██[38;2;71;43;57m██[38;2;204;116;122m██[38;2;25;27;38m██[38;2;66;65;83m██[38;2;63;62;80m██[38;2;66;66;83m██[38;2;13;1;27m██[38;2;22;17;36m██[38;2;24;22;37m██
[38;2;204;230;229m██[38;2;161;209;228m██[38;2;151;203;228m██[38;2;255;255;229m  [38;2;154;205;227m██[38;2;155;206;227m██[38;2;231;230;208m██[38;2;238;131;135m██[38;2;218;116;123m████[38;2;220;121;127m██[38;2;234;161;151m██[38;2;253;219;187m██[38;2;255;217;186m████████[38;2;255;236;199m██[38;2;239;196;170m██[38;2;255;218;187m██[38;2;254;221;188m████[38;2;254;219;187m██[38;2;255;222;189m██[38;2;45;21;32m██[38;2;37;37;51m██[38;2;64;63;81m██[38;2;18;11;34m██[38;2;53;50;70m██[38;2;27;28;39m██[38;2;26;26;39m██[38;2;22;19;35m██
[38;2;208;231;229m██[38;2;161;209;227m██[38;2;160;208;227m██[38;2;255;255;230m██[38;2;145;199;226m██[38;2;158;204;226m██[38;2;243;248;250m██[38;2;129;114;113m██[38;2;255;221;188m██[38;2;255;220;189m██[38;2;255;219;187m██[38;2;255;216;186m██[38;2;255;217;186m██[38;2;255;219;187m██[38;2;212;116;116m██[38;2;223;143;136m██[38;2;221;147;138m██[38;2;244;124;131m██[38;2;243;126;132m██[38;2;221;146;136m██[38;2;255;216;186m██████[38;2;255;227;193m██[38;2;8;3;20m██[38;2;72;71;89m██[38;2;13;9;28m██[38;2;17;9;31m  [38;2;11;1;27m  [38;2;23;20;36m██[38;2;26;25;39m██[38;2;19;13;33m██
[38;2;244;249;230m██[38;2;155;201;224m██[38;2;151;197;222m██[38;2;222;236;228m██[38;2;145;190;218m██[38;2;142;187;217m██[38;2;189;216;224m██[38;2;1;0;1m██[38;2;255;236;200m██[38;2;255;217;186m██[38;2;255;216;186m██[38;2;255;217;186m██[38;2;255;216;186m██[38;2;249;215;183m██[38;2;248;133;137m██[38;2;244;128;134m██[38;2;235;107;119m██[38;2;212;90;102m██[38;2;205;81;96m██[38;2;252;225;191m██[38;2;255;216;186m████[38;2;255;214;184m██[38;2;165;144;131m██[38;2;56;56;72m██[38;2;8;2;23m██[38;2;21;17;34m██[38;2;1;0;5m  [38;2;3;0;9m  [38;2;7;0;15m  [38;2;21;18;35m██[38;2;18;10;32m██
[38;2;255;255;230m  [38;2;132;179;215m██[38;2;135;177;214m██[38;2;156;190;216m██[38;2;169;196;216m██[38;2;124;166;209m██[38;2;137;173;210m██[38;2;6;6;19m██[38;2;6;4;12m██[38;2;240;235;208m██[38;2;255;218;186m██[38;2;255;217;186m████[38;2;255;216;185m██[38;2;238;191;167m██[38;2;249;214;183m██[38;2;255;216;185m██[38;2;255;217;186m██████[38;2;255;218;187m██[38;2;248;232;197m██[38;2;53;42;52m██[38;2;12;0;27m██[38;2;24;22;37m██[38;2;14;7;29m██[38;2;6;0;18m  [38;2;7;4;22m  [38;2;48;44;63m  [38;2;11;8;19m  [38;2;6;0;19m  [38;2;15;4;30m██
[38;2;255;255;236m  [38;2;115;158;205m  [38;2;112;153;202m██[38;2;93;135;196m██[38;2;202;215;219m██[38;2;96;134;194m██[38;2;72;113;187m██[38;2;72;70;49m  [38;2;12;3;27m██[38;2;21;18;34m██[38;2;30;26;32m  [38;2;183;173;154m██[38;2;253;225;192m██[38;2;255;237;201m██[38;2;255;227;193m██[38;2;255;225;191m██[38;2;255;232;197m██[38;2;255;235;199m██[38;2;225;203;176m██[38;2;177;152;136m██[38;2;23;18;24m██[38;2;20;21;34m██[38;2;24;23;35m██[38;2;44;42;64m██[38;2;19;12;34m██[38;2;52;49;69m  [38;2;66;65;83m  [38;2;51;47;67m██[38;2;4;0;18m  [38;2;6;0;21m    [38;2;19;15;34m  
[38;2;255;255;229m  [38;2;145;169;203m  [38;2;80;115;186m██[38;2;62;97;178m██[38;2;254;254;234m██[38;2;55;86;173m██[38;2;27;63;165m██[38;2;252;252;241m  [38;2;9;0;21m  [38;2;5;0;18m  [38;2;16;9;30m  [38;2;8;0;23m  [38;2;12;0;29m  [38;2;7;0;24m  [38;2;0;0;17m██[38;2;8;11;18m██[38;2;86;80;98m██[38;2;33;20;19m██[38;2;70;74;92m██[38;2;177;168;204m██[38;2;0;0;0m██[38;2;52;48;74m██[38;2;79;72;112m██[38;2;21;16;40m██[38;2;27;28;40m██[38;2;24;24;37m██[38;2;60;59;77m██[38;2;73;73;91m██[38;2;72;72;90m██[38;2;67;67;85m██[38;2;63;62;80m██[38;2;54;51;71m██
[38;2;255;255;226m  [38;2;227;231;224m██[38;2;55;87;174m██[38;2;50;83;172m██[38;2;254;254;240m██[38;2;37;71;168m  [38;2;78;107;180m  [38;2;255;255;232m  [38;2;66;65;64m  [38;2;2;0;8m  [38;2;3;0;14m  [38;2;12;0;26m  [38;2;0;0;0m    [38;2;1;0;1m  [38;2;8;2;5m██[38;2;14;21;30m██[38;2;135;129;156m██[38;2;2;3;4m██[38;2;24;31;44m██[38;2;12;8;1m██[38;2;96;68;21m██[38;2;7;47;31m██[38;2;8;41;24m██[38;2;20;20;30m██[38;2;27;25;38m██[38;2;27;26;39m██[38;2;26;25;38m██[38;2;27;26;40m██[38;2;60;59;77m██[38;2;26;22;42m  [38;2;8;0;20m  
[38;2;255;255;201m  [38;2;255;255;224m  [38;2;116;138;191m  [38;2;177;190;209m██[38;2;255;255;229m██[38;2;254;254;237m██[38;2;167;181;206m██[38;2;255;255;234m  [38;2;251;251;245m  [38;2;47;47;45m  [38;2;2;0;9m  [38;2;0;0;0m  [38;2;20;6;13m  [38;2;85;33;61m██[38;2;76;30;55m██[38;2;20;6;12m██[38;2;25;31;44m██[38;2;75;73;89m██[38;2;3;5;9m██[38;2;25;32;45m██[38;2;61;38;9m██[38;2;36;51;29m██[38;2;33;85;54m██[38;2;208;155;47m██[38;2;242;168;46m██[38;2;27;26;38m██[38;2;26;26;39m██[38;2;27;26;39m██[38;2;24;23;35m██[38;2;65;64;82m██[38;2;57;55;73m  [38;2;9;0;24m  
[38;2;255;255;228m    [38;2;253;254;232m██[38;2;30;66;166m██[38;2;226;231;225m██[38;2;77;105;179m██[38;2;51;84;172m██[38;2;255;255;235m  [38;2;255;255;228m  [38;2;106;106;95m  [38;2;0;0;0m    [38;2;152;57;99m██[38;2;144;54;94m██[38;2;99;38;67m██[38;2;44;13;26m██[38;2;29;37;51m██[38;2;82;77;54m██[38;2;13;19;37m██[38;2;40;50;67m██[38;2;2;103;67m██[38;2;210;152;42m██[38;2;244;171;47m██[38;2;2;131;82m██[38;2;14;125;78m██[38;2;4;2;4m██[38;2;28;27;40m██[38;2;27;26;39m████[38;2;21;20;33m██[38;2;63;62;81m██[38;2;66;65;83m██
[38;2;255;255;228m    [38;2;253;253;232m  [38;2;42;76;170m██[38;2;246;247;234m██[38;2;252;252;231m  [38;2;237;240;231m  [38;2;255;255;250m  [38;2;255;255;252m  [38;2;0;0;0m    [38;2;21;7;13m██[38;2;143;54;94m████[38;2;101;39;69m██[38;2;73;23;43m██[38;2;41;52;69m██[38;2;28;39;58m██[38;2;40;50;67m██[38;2;44;55;73m██[38;2;178;131;45m██[38;2;210;142;43m██[38;2;60;76;46m██[38;2;30;70;44m██[38;2;159;140;56m██[38;2;249;182;49m██[38;2;16;15;23m██[38;2;27;26;39m██[38;2;26;25;38m██[38;2;71;70;89m██[38;2;64;63;81m██[38;2;61;60;78m██[0m
