
[38;2;0;0;0m      [38;2;15;5;6m  [38;2;54;11;17m  [38;2;0;0;0m        [38;2;4;1;1m  [38;2;26;8;10m  [38;2;42;13;17m  [38;2;95;28;37m  [38;2;132;42;53m██[38;2;144;46;59m██[38;2;145;47;59m██[38;2;131;41;53m██[38;2;124;49;53m  [38;2;42;18;19m  [38;2;97;29;38m  [38;2;186;62;79m██[38;2;184;62;78m██[38;2;183;62;78m██[38;2;181;61;77m██[38;2;177;60;75m██[38;2;111;38;48m██[38;2;2;1;0m  [38;2;0;0;0m        
[38;2;0;0;0m      [38;2;88;28;36m  [38;2;95;24;33m  [38;2;0;0;0m      [38;2;53;15;20m  [38;2;121;40;51m  [38;2;164;54;68m  [38;2;181;61;76m██[38;2;185;62;78m██[38;2;182;61;77m██[38;2;175;58;74m██[38;2;173;58;73m██[38;2;179;58;75m██[38;2;223;102;104m██[38;2;209;91;95m██[38;2;147;48;61m██[38;2;185;62;78m██[38;2;183;62;78m██[38;2;173;58;74m██[38;2;170;57;72m██[38;2;168;58;73m██[38;2;146;44;63m██[38;2;87;24;36m██[38;2;29;10;12m  [38;2;0;0;0m      
[38;2;0;0;0m      [38;2;93;30;39m  [38;2;143;46;59m  [38;2;5;1;2m  [38;2;9;2;3m  [38;2;107;31;42m  [38;2;185;62;78m██[38;2;184;62;78m██████[38;2;184;61;77m██[38;2;183;62;78m██[38;2;184;62;78m████[38;2;181;65;78m██[38;2;206;96;97m██[38;2;200;83;90m██[38;2;165;54;69m██[38;2;183;61;78m██[38;2;147;48;61m██[38;2;6;1;2m  [38;2;0;0;0m  [38;2;43;8;12m  [38;2;48;14;19m  [38;2;1;3;0m  [38;2;62;20;26m  [38;2;5;1;2m  [38;2;0;0;0m    
[38;2;0;0;0m      [38;2;30;9;12m  [38;2;147;48;61m██[38;2;121;39;50m  [38;2;134;43;55m  [38;2;159;52;66m██[38;2;180;60;76m██[38;2;184;61;78m████[38;2;184;62;78m██[38;2;181;61;76m██[38;2;175;59;74m██[38;2;172;57;72m██[38;2;183;59;77m██[38;2;212;91;97m██[38;2;229;109;108m██[38;2;171;62;73m██[38;2;146;47;60m██[38;2;167;56;71m██[38;2;170;57;72m██[38;2;124;39;51m  [38;2;27;9;11m  [38;2;0;0;0m              
[38;2;0;0;0m        [38;2;122;38;49m██[38;2;172;58;73m██[38;2;161;53;67m██[38;2;181;60;76m██[38;2;184;62;78m██[38;2;183;62;78m██[38;2;184;61;78m██[38;2;184;62;78m██[38;2;184;61;78m██[38;2;184;62;78m██[38;2;181;59;76m██[38;2;173;73;77m██[38;2;230;110;109m██[38;2;213;94;98m██[38;2;182;59;77m██[38;2;176;59;75m██[38;2;167;55;70m██[38;2;183;61;78m██[38;2;182;61;77m██[38;2;142;46;59m  [38;2;0;0;0m              
[38;2;0;0;0m      [38;2;76;24;31m  [38;2;188;63;79m██[38;2;184;62;78m██[38;2;181;61;77m██[38;2;184;61;78m██████[38;2;183;61;78m██[38;2;183;61;77m██[38;2;182;60;77m██[38;2;189;68;81m██[38;2;212;91;97m██[38;2;231;110;109m██[38;2;199;89;92m██[38;2;184;62;78m████[38;2;184;62;79m██[38;2;165;55;69m██[38;2;164;54;68m██[38;2;182;61;77m████[38;2;112;35;46m  [38;2;0;0;0m            
[38;2;0;0;0m    [38;2;14;4;5m  [38;2;153;49;64m  [38;2;184;62;78m████[38;2;173;58;73m██[38;2;184;61;78m██[38;2;183;61;78m██[38;2;183;62;78m██[38;2;182;60;77m██[38;2;182;60;76m██[38;2;205;85;93m██[38;2;225;105;106m██[38;2;228;108;108m████[38;2;186;66;80m██[38;2;162;53;67m██[38;2;167;56;70m██[38;2;158;52;66m██[38;2;127;40;52m██[38;2;135;43;55m██[38;2;167;56;71m██[38;2;179;60;77m██[38;2;176;59;75m  [38;2;57;18;24m  [38;2;0;0;0m          
[38;2;0;0;0m    [38;2;66;30;30m  [38;2;213;94;98m██[38;2;188;68;82m██[38;2;189;68;81m██[38;2;173;60;74m██[38;2;188;66;81m██[38;2;190;68;82m██[38;2;194;71;84m██[38;2;207;87;93m██[38;2;225;105;106m██[38;2;223;106;106m██[38;2;228;108;108m██[38;2;216;96;100m██[38;2;183;62;77m██[38;2;183;61;77m██[38;2;175;58;74m██[38;2;153;50;64m██[38;2;154;50;64m██[38;2;100;30;39m██[38;2;172;57;73m██[38;2;135;43;56m██[38;2;177;59;75m██[38;2;177;59;76m██[38;2;135;43;56m  [38;2;2;0;1m  [38;2;0;0;0m        
[38;2;51;16;21m  [38;2;0;0;0m  [38;2;195;92;91m██[38;2;230;109;109m██[38;2;206;97;97m██[38;2;224;104;105m██[38;2;204;93;95m██[38;2;221;101;103m██[38;2;224;104;105m██[38;2;227;107;107m██[38;2;228;108;108m██[38;2;229;109;108m██[38;2;210;97;98m██[38;2;199;78;88m██[38;2;186;63;79m██[38;2;165;55;69m██[38;2;184;62;78m██[38;2;186;63;79m██[38;2;123;38;50m██[38;2;169;56;71m██[38;2;112;36;46m██[38;2;122;40;52m██[38;2;102;30;40m██[38;2;156;51;66m██[38;2;176;59;75m██[38;2;173;58;74m██[38;2;46;10;16m  [38;2;0;0;0m        
[38;2;142;48;61m██[38;2;64;14;22m██[38;2;195;73;85m██[38;2;213;96;99m██[38;2;213;99;100m██[38;2;227;107;107m██[38;2;222;104;105m██[38;2;216;101;102m██[38;2;226;106;107m██[38;2;225;105;106m██[38;2;220;100;102m██[38;2;202;82;90m██[38;2;171;56;71m██[38;2;178;59;75m██[38;2;184;62;78m██[38;2;170;57;72m██[38;2;175;58;74m██[38;2;183;61;78m██[38;2;158;52;66m██[38;2;161;53;68m██[38;2;111;36;46m██[38;2;82;25;33m██[38;2;133;43;55m██[38;2;140;45;58m██[38;2;175;58;75m██[38;2;174;58;75m██[38;2;134;43;56m██[38;2;0;0;0m        
[38;2;141;48;60m██[38;2;109;33;43m██[38;2;183;61;78m██[38;2;169;55;71m██[38;2;190;68;82m██[38;2;193;73;84m██[38;2;197;75;86m██[38;2;180;68;78m██[38;2;193;72;85m██[38;2;188;67;82m██[38;2;182;61;77m██[38;2;182;60;77m██[38;2;184;62;78m██[38;2;142;46;58m██[38;2;185;62;78m██[38;2;186;63;79m██[38;2;159;52;67m██[38;2;182;60;77m██[38;2;177;59;75m██[38;2;114;37;46m██[38;2;117;37;48m██[38;2;138;45;58m██[38;2;146;47;61m██[38;2;144;46;61m██[38;2;168;56;72m██[38;2;170;57;73m██[38;2;170;57;74m██[38;2;29;8;11m  [38;2;0;0;0m      
[38;2;91;30;39m  [38;2;77;24;31m  [38;2;184;62;79m██[38;2;170;56;72m██[38;2;181;60;77m██[38;2;180;60;77m██[38;2;182;61;77m██[38;2;166;55;70m██[38;2;180;60;76m██[38;2;182;61;77m██[38;2;182;60;77m██[38;2;183;61;78m██[38;2;184;62;78m██[38;2;146;48;60m██[38;2;174;58;73m██[38;2;183;61;77m██[38;2;149;52;63m██[38;2;174;57;73m██[38;2;181;60;77m██[38;2;166;55;70m██[38;2;109;36;43m██[38;2;164;54;70m██[38;2;172;58;74m██[38;2;170;57;73m██[38;2;142;46;60m██[38;2;169;56;73m██[38;2;168;56;73m██[38;2;80;25;33m  [38;2;0;0;0m      
[38;2;16;10;10m  [38;2;41;19;21m  [38;2;46;26;28m██[38;2;164;54;69m██[38;2;180;60;77m████[38;2;181;61;77m██[38;2;164;54;69m██[38;2;161;52;67m██[38;2;182;61;77m██[38;2;182;60;77m██[38;2;182;61;77m██[38;2;183;61;78m██[38;2;177;60;75m██[38;2;139;55;62m██[38;2;164;54;68m██[38;2;179;60;76m██[38;2;164;91;90m██[38;2;172;63;76m██[38;2;179;59;76m██[38;2;158;52;67m██[38;2;167;56;71m██[38;2;171;57;74m██[38;2;164;55;71m██[38;2;148;48;63m██[38;2;165;55;71m██[38;2;165;55;72m██[38;2;113;37;49m  [38;2;5;1;2m  [38;2;0;0;0m    
[38;2;8;7;7m  [38;2;21;28;28m██[38;2;92;32;40m██[38;2;168;55;71m██[38;2;179;60;76m████[38;2;161;53;68m██[38;2;157;50;66m██[38;2;172;56;73m██[38;2;158;52;66m██[38;2;181;61;77m██[38;2;182;60;77m██[38;2;182;61;77m██[38;2;182;60;77m██[38;2;150;73;77m██[38;2;171;49;67m██[38;2;182;60;77m██[38;2;167;45;66m██[38;2;192;129;124m██[38;2;162;22;57m██[38;2;175;51;71m██[38;2;155;50;65m██[38;2;145;48;62m██[38;2;161;54;70m██[38;2;165;55;72m██[38;2;152;50;66m██[38;2;163;54;71m██[38;2;136;44;59m██[38;2;12;4;5m  [38;2;0;0;0m    
[38;2;3;2;2m  [38;2;72;25;32m  [38;2;141;47;60m██[38;2;164;54;70m██[38;2;168;56;72m██[38;2;177;59;76m██[38;2;167;56;71m██[38;2;149;62;70m██[38;2;170;60;74m██[38;2;146;48;60m██[38;2;179;60;76m██[38;2;181;60;77m██[38;2;181;61;77m██[38;2;181;60;76m██[38;2;173;65;78m██[38;2;191;132;126m██[38;2;173;53;70m██[38;2;172;35;59m██[38;2;197;148;147m██[38;2;232;208;200m██[38;2;195;155;150m██[38;2;164;72;83m██[38;2;169;56;73m██[38;2;156;51;67m██[38;2;158;38;57m██[38;2;158;65;83m██[38;2;174;74;95m██[38;2;145;38;58m██[38;2;16;5;7m  [38;2;0;0;0m    
[38;2;0;0;0m  [38;2;105;34;44m  [38;2;176;59;76m██[38;2;172;57;74m██[38;2;135;43;59m██[38;2;177;59;75m██[38;2;165;55;70m██[38;2;151;62;71m██[38;2;145;76;76m██[38;2;153;54;67m██[38;2;168;60;74m██[38;2;179;60;77m██[38;2;180;60;77m██[38;2;181;60;76m██[38;2;177;30;64m██[38;2;183;135;132m██[38;2;225;190;187m██[38;2;230;182;183m██[38;2;191;171;166m██[38;2;74;70;68m██[38;2;81;73;70m██[38;2;165;123;121m██[38;2;161;39;61m██[38;2;144;52;62m██[38;2;215;171;170m██[38;2;237;220;212m██[38;2;222;204;197m██[38;2;152;21;54m██[38;2;69;20;28m  [38;2;0;0;0m    
[38;2;0;0;0m  [38;2;93;30;39m  [38;2;174;58;75m████[38;2;114;36;53m██[38;2;175;58;75m██[38;2;155;51;65m██[38;2;177;102;105m██[38;2;215;155;149m██[38;2;160;51;68m██[38;2;159;68;75m██[38;2;175;52;71m██[38;2;176;57;75m██[38;2;182;50;85m██[38;2;198;149;148m██[38;2;251;233;225m██[38;2;225;208;201m██[38;2;107;97;93m██[38;2;84;78;75m██[38;2;194;176;169m██[38;2;243;217;208m██[38;2;208;182;175m██[38;2;164;90;97m██[38;2;199;122;129m██[38;2;255;238;230m██[38;2;253;236;228m██[38;2;157;101;99m██[38;2;145;41;61m██[38;2;142;47;63m██[38;2;12;3;5m  [38;2;0;0;0m  
[38;2;0;0;0m  [38;2;82;25;34m  [38;2;173;58;74m██[38;2;171;57;74m██[38;2;133;43;59m██[38;2;161;53;70m██[38;2;157;71;77m██[38;2;186;118;119m██[38;2;249;230;222m██[38;2;212;166;166m██[38;2;153;50;52m██[38;2;195;124;127m██[38;2;219;176;175m██[38;2;243;225;218m██[38;2;255;236;228m██[38;2;255;238;230m██[38;2;169;155;149m██[38;2;207;195;189m██[38;2;252;223;214m██[38;2;255;197;185m██[38;2;255;189;176m██[38;2;232;175;163m██[38;2;181;120;117m██[38;2;212;172;167m██[38;2;255;235;227m██[38;2;219;197;191m██[38;2;147;27;43m██[38;2;125;40;55m██[38;2;149;50;67m██[38;2;84;26;37m  [38;2;0;0;0m  
[38;2;0;0;0m  [38;2;71;20;28m  [38;2;170;56;73m██[38;2;168;56;72m██[38;2;166;56;72m██[38;2;129;39;58m██[38;2;171;98;97m██[38;2;179;110;114m██[38;2;254;236;228m████[38;2;246;229;221m██[38;2;255;239;231m██[38;2;255;235;227m████████[38;2;255;238;230m██[38;2;255;237;229m██[38;2;255;200;188m██[38;2;255;188;175m██[38;2;255;189;176m██[38;2;254;192;178m██[38;2;170;102;100m██[38;2;238;221;213m██[38;2;247;232;224m██[38;2;161;91;90m██[38;2;150;48;66m██[38;2;143;47;65m██[38;2;106;33;46m██[38;2;141;46;63m██[38;2;38;12;17m  
[38;2;0;0;0m    [38;2;163;54;71m██[38;2;166;55;72m████[38;2;109;27;41m██[38;2;211;162;156m██[38;2;220;206;198m██[38;2;204;190;183m██[38;2;154;140;135m██[38;2;193;174;167m██[38;2;255;236;228m██[38;2;255;235;227m██████[38;2;255;237;228m████[38;2;255;236;228m██[38;2;255;206;195m██[38;2;255;187;173m██[38;2;255;188;175m██[38;2;234;180;169m██[38;2;201;170;166m██[38;2;229;211;203m██[38;2;169;81;80m██[38;2;132;43;59m██[38;2;149;49;67m██[38;2;147;48;67m██[38;2;145;47;66m██[38;2;81;24;34m  [38;2;98;30;43m  
[38;2;0;0;0m    [38;2;139;45;60m██[38;2;163;54;72m██[38;2;162;54;71m██[38;2;154;71;79m██[38;2;238;216;208m██[38;2;43;21;16m██[38;2;107;102;98m██[38;2;197;183;177m██[38;2;235;216;209m██[38;2;255;235;227m██[38;2;255;234;227m██[38;2;255;236;228m██[38;2;255;238;230m██[38;2;207;175;169m██[38;2;182;166;164m██[38;2;248;234;225m██[38;2;255;234;226m██[38;2;255;225;216m██[38;2;255;229;221m██[38;2;253;236;228m██[38;2;239;222;215m██[38;2;141;51;67m██[38;2;150;49;66m██[38;2;121;38;56m██[38;2;148;49;67m██[38;2;145;48;66m████[38;2;86;28;38m  [38;2;2;0;0m  
[38;2;0;0;0m    [38;2;102;31;42m██[38;2;162;54;71m██[38;2;160;53;70m██[38;2;163;66;79m██[38;2;172;149;143m██[38;2;226;194;185m██[38;2;254;201;189m██[38;2;255;199;187m██[38;2;255;224;215m██[38;2;255;235;227m██[38;2;239;217;210m██[38;2;222;175;171m██[38;2;206;131;130m██[38;2;231;146;143m██[38;2;228;145;141m██[38;2;218;185;178m██[38;2;255;236;228m██[38;2;255;235;227m████[38;2;243;228;220m██[38;2;152;80;83m██[38;2;148;38;61m██[38;2;148;49;67m██[38;2;110;35;53m██[38;2;142;46;64m██[38;2;144;47;65m██[38;2;143;47;65m██[38;2;109;35;50m  [38;2;7;2;3m  
[38;2;0;0;0m    [38;2;87;25;35m  [38;2;157;52;69m██[38;2;157;52;70m██[38;2;156;45;64m██[38;2;148;104;104m██[38;2;255;194;181m██[38;2;255;188;175m████[38;2;255;201;190m██[38;2;255;237;229m██[38;2;209;154;151m██[38;2;208;114;118m██[38;2;240;163;157m██[38;2;244;169;162m██[38;2;245;169;162m██[38;2;219;161;154m██[38;2;255;237;229m██[38;2;255;234;227m██[38;2;249;232;225m██[38;2;91;84;81m██[38;2;143;41;56m██[38;2;148;49;67m██[38;2;146;48;66m██[38;2;107;34;53m██[38;2;125;41;59m██[38;2;144;47;66m██[38;2;143;47;65m██[38;2;131;42;60m██[38;2;23;7;10m  
[38;2;0;0;0m    [38;2;118;35;49m  [38;2;147;49;65m██[38;2;155;51;68m██[38;2;155;51;69m██[38;2;136;16;48m██[38;2;202;135;129m██[38;2;250;185;172m██[38;2;255;188;175m██[38;2;255;213;202m██[38;2;255;236;228m██[38;2;230;206;199m██[38;2;210;123;123m██[38;2;245;170;163m██[38;2;243;169;162m██[38;2;244;167;160m██[38;2;222;167;160m██[38;2;255;238;230m██[38;2;238;224;215m██[38;2;136;109;106m██[38;2;73;16;34m██[38;2;148;49;66m██[38;2;146;48;66m██[38;2;145;47;65m██[38;2;108;34;53m██[38;2;101;32;53m██[38;2;142;47;65m██[38;2;141;47;65m██[38;2;140;46;64m██[38;2;33;10;14m  
[38;2;0;0;0m    [38;2;110;31;44m  [38;2;145;48;64m██[38;2;153;51;68m██[38;2;152;50;68m████[38;2;160;71;85m██[38;2;244;205;195m██[38;2;255;219;210m██[38;2;255;233;225m██[38;2;255;235;227m██[38;2;254;235;227m██[38;2;229;195;189m██[38;2;235;168;161m██[38;2;243;163;156m██[38;2;247;187;180m██[38;2;248;228;221m██[38;2;216;200;192m██[38;2;78;65;63m██[38;2;28;9;13m██[38;2;64;19;33m██[38;2;148;49;67m██[38;2;144;47;65m██[38;2;143;46;66m██[38;2;106;34;52m██[38;2;92;28;49m██[38;2;134;44;62m██[38;2;141;47;65m██[38;2;143;47;65m██[38;2;81;23;35m  
[38;2;0;0;0m    [38;2;100;27;39m  [38;2;138;45;61m██[38;2;151;50;68m██[38;2;149;50;68m██[38;2;148;49;67m██[38;2;134;33;46m██[38;2;170;136;131m██[38;2;233;218;210m██[38;2;245;228;221m██[38;2;250;232;224m██[38;2;253;234;226m██[38;2;253;235;227m██[38;2;250;235;227m██[38;2;244;231;223m██[38;2;222;209;202m██[38;2;151;138;132m██[38;2;5;0;1m██[38;2;9;7;8m██[38;2;12;16;17m██[38;2;62;29;35m██[38;2;141;46;64m██[38;2;140;46;64m██[38;2;141;47;65m██[38;2;103;32;51m██[38;2;94;29;51m██[38;2;116;37;57m██[38;2;141;46;65m██[38;2;142;47;65m██[38;2;123;40;55m██
[38;2;0;0;0m    [38;2;102;29;42m  [38;2;119;38;52m██[38;2;143;47;64m██[38;2;148;49;67m██[38;2;143;47;65m██[38;2;137;45;63m██[38;2;96;25;35m██[38;2;100;42;60m██[38;2;126;72;77m██[38;2;130;84;81m██[38;2;128;91;87m██[38;2;127;91;88m██[38;2;121;85;82m██[38;2;77;70;68m██[38;2;45;29;33m██[38;2;3;0;1m██[38;2;77;43;42m██[38;2;6;4;16m██[38;2;18;20;27m██[38;2;100;35;47m██[38;2;128;57;66m██[38;2;141;46;64m██[38;2;140;46;64m██[38;2;98;31;49m██[38;2;94;30;51m██[38;2;100;32;52m██[38;2;139;46;64m██[38;2;143;47;65m██[38;2;145;48;66m██
[38;2;0;0;0m    [38;2;119;38;52m  [38;2;56;18;25m  [38;2;121;38;53m██[38;2;148;49;67m██[38;2;147;48;66m██[38;2;125;40;58m██[38;2;142;46;64m██[38;2;86;26;45m██[38;2;95;29;51m██[38;2;95;30;51m██[38;2;96;30;52m██[38;2;72;23;38m██[38;2;3;11;11m██[38;2;21;15;15m██[38;2;126;54;69m██[38;2;122;62;69m██[38;2;79;26;38m██[38;2;141;94;58m██[38;2;134;95;55m██[38;2;134;86;78m██[38;2;173;108;108m██[38;2;139;41;63m██[38;2;139;44;64m██[38;2;89;23;45m██[38;2;94;29;50m██[38;2;82;24;44m██[38;2;121;39;58m██[38;2;145;48;66m██[38;2;148;48;67m██
[38;2;3;0;0m  [38;2;49;12;18m  [38;2;65;21;29m  [38;2;1;0;0m  [38;2;128;41;57m██[38;2;138;45;62m██[38;2;145;48;66m██[38;2;127;41;59m██[38;2;102;32;49m██[38;2;119;38;55m██[38;2;93;29;49m██[38;2;95;29;51m██[38;2;89;36;41m██[38;2;0;5;8m██[38;2;7;7;18m██[38;2;93;23;34m██[38;2;120;27;52m██[38;2;181;52;78m██[38;2;132;66;50m██[38;2;139;73;65m██[38;2;106;34;47m██[38;2;126;34;47m██[38;2;130;58;68m██[38;2;140;45;64m██[38;2;127;28;53m██[38;2;116;65;70m██[38;2;94;29;50m██[38;2;87;26;46m██[38;2;59;16;30m██[38;2;138;45;64m██[38;2;147;48;66m██
[38;2;0;0;0m  [38;2;6;1;2m  [38;2;0;0;0m    [38;2;130;42;59m██[38;2;134;43;60m██[38;2;144;47;65m██[38;2;142;46;65m██[38;2;86;26;46m██[38;2;93;29;48m██[38;2;95;29;43m██[38;2;77;18;40m██[38;2;142;87;88m██[38;2;161;120;79m██[38;2;144;108;64m██[38;2;70;52;32m██[38;2;89;62;50m██[38;2;155;98;94m██[38;2;12;15;20m██[38;2;103;33;44m██[38;2;126;39;51m██[38;2;119;39;49m██[38;2;121;38;55m██[38;2;139;42;63m██[38;2;147;81;84m██[38;2;184;164;159m██[38;2;92;6;43m██[38;2;94;29;50m██[38;2;14;4;7m  [38;2;99;31;50m██[38;2;147;48;66m██
[38;2;0;0;0m        [38;2;128;41;57m██[38;2;123;39;54m██[38;2;134;43;61m██[38;2;143;47;65m██[38;2;110;35;52m██[38;2;94;29;50m██[38;2;94;29;51m██[38;2;75;21;38m██[38;2;148;103;100m██[38;2;226;167;159m██[38;2;131;48;62m██[38;2;50;21;27m██[38;2;49;25;36m██[38;2;114;26;51m██[38;2;49;25;32m██[38;2;76;28;35m██[38;2;116;39;48m██[38;2;101;36;44m██[38;2;128;41;59m██[38;2;132;26;54m██[38;2;208;162;153m██[38;2;199;174;150m██[38;2;75;4;35m██[38;2;96;30;51m██[38;2;45;9;20m  [38;2;42;10;21m  [38;2;116;37;56m██
[38;2;0;0;0m        [38;2;130;42;59m██[38;2;114;35;49m  [38;2;81;23;34m  [38;2;142;47;65m██[38;2;140;46;64m██[38;2;87;27;46m██[38;2;89;28;48m██[38;2;94;29;50m██[38;2;187;131;129m██[38;2;225;166;156m██[38;2;125;50;57m██[38;2;72;26;32m██[38;2;91;23;45m██[38;2;208;4;71m██[38;2;94;20;41m██[38;2;77;32;38m██[38;2;104;37;46m██[38;2;74;30;36m██[38;2;141;45;65m██[38;2;132;56;68m██[38;2;232;190;180m██[38;2;171;130;84m██[38;2;18;3;22m██[38;2;96;30;52m██[38;2;74;22;39m██[38;2;4;1;2m  [38;2;72;22;38m  [0m
