
[38;2;0;0;0m          [38;2;77;73;70m  [38;2;199;128;140m██[38;2;248;157;175m██[38;2;210;194;188m██[38;2;55;46;52m██[38;2;141;120;135m██[38;2;104;88;106m██[38;2;83;70;89m██[38;2;75;63;82m██[38;2;71;60;78m██[38;2;66;56;72m██[38;2;52;44;57m  [38;2;27;23;29m  [38;2;2;2;2m  [38;2;0;0;0m                      
[38;2;14;13;12m  [38;2;0;0;0m    [38;2;8;8;7m  [38;2;149;112;114m  [38;2;249;175;188m██[38;2;239;145;144m██[38;2;244;129;139m██[38;2;254;134;158m██[38;2;43;40;42m██[38;2;74;62;81m████[38;2;75;63;82m██████[38;2;71;60;78m██[38;2;63;52;70m██[38;2;53;44;61m██[38;2;42;34;48m██[38;2;11;10;13m  [38;2;0;0;0m                    
[38;2;154;122;132m  [38;2;0;0;0m    [38;2;147;118;123m██[38;2;236;157;147m██[38;2;200;219;125m██[38;2;192;235;123m██[38;2;209;200;128m██[38;2;255;124;154m██[38;2;53;45;46m██[38;2;71;59;78m██[38;2;75;63;83m██[38;2;76;64;83m██[38;2;77;64;84m██[38;2;78;65;85m██[38;2;79;66;85m██[38;2;79;66;86m██[38;2;79;66;85m██[38;2;80;67;86m██[38;2;84;71;88m██[38;2;75;63;73m  [38;2;31;27;29m  [38;2;0;0;0m                
[38;2;141;91;112m██[38;2;12;9;10m██[38;2;23;15;18m██[38;2;192;146;131m██[38;2;193;234;124m██[38;2;191;234;123m██[38;2;192;235;123m██[38;2;210;200;130m██[38;2;252;148;173m██[38;2;45;38;38m██[38;2;70;59;77m██[38;2;77;66;84m██[38;2;79;67;85m██[38;2;80;68;86m██[38;2;82;69;87m██[38;2;82;70;88m██[38;2;83;70;88m████[38;2;83;69;88m██[38;2;82;69;88m██[38;2;81;67;86m██[38;2;128;110;131m██[38;2;131;116;130m  [38;2;19;17;19m  [38;2;0;0;0m            
[38;2;87;74;81m██[38;2;134;113;129m██[38;2;133;113;128m██[38;2;78;71;69m██[38;2;150;183;97m██[38;2;192;235;123m████[38;2;217;187;132m██[38;2;242;140;168m██[38;2;20;17;19m██[38;2;74;63;81m██[38;2;81;68;86m██[38;2;83;70;88m██[38;2;85;71;89m██[38;2;87;72;90m██[38;2;88;73;91m██[38;2;89;74;91m████[38;2;88;74;91m██[38;2;87;73;91m██[38;2;86;71;90m██[38;2;142;121;146m██[38;2;179;154;182m██[38;2;171;150;169m██[38;2;44;38;41m  [38;2;0;0;0m          
[38;2;94;79;98m██[38;2;73;61;81m████[38;2;93;77;96m██[38;2;63;66;50m██[38;2;192;235;123m████[38;2;225;152;134m██[38;2;196;89;120m██[38;2;22;18;24m██[38;2;81;69;87m██[38;2;85;71;89m██[38;2;87;73;91m██[38;2;91;75;93m██[38;2;93;77;94m██[38;2;94;78;95m██[38;2;95;78;95m██[38;2;95;79;96m██[38;2;95;78;95m██[38;2;97;81;98m██[38;2;131;112;134m██[38;2;180;155;182m██[38;2;177;152;180m██[38;2;117;99;120m██[38;2;133;112;129m██[38;2;44;37;41m  [38;2;0;0;0m        
[38;2;74;62;82m████████[38;2;33;27;39m██[38;2;162;195;105m██[38;2;183;203;119m██[38;2;226;114;150m██[38;2;127;56;77m██[38;2;49;40;52m██[38;2;86;72;90m██[38;2;89;75;92m██[38;2;92;77;95m██[38;2;95;79;96m██[38;2;97;80;97m██[38;2;99;82;98m██[38;2;102;83;100m██[38;2;116;96;114m██[38;2;142;120;141m██[38;2;172;147;171m██[38;2;181;156;182m██[38;2;147;126;149m██[38;2;114;96;116m██[38;2;89;73;92m██[38;2;85;71;89m██[38;2;131;111;126m██[38;2;13;11;12m  [38;2;0;0;0m      
[38;2;74;62;82m████████[38;2;49;40;56m██[38;2;110;118;74m██[38;2;204;126;127m██[38;2;193;111;146m██[38;2;36;22;31m██[38;2;85;71;88m██[38;2;102;86;105m██[38;2;116;98;118m██[38;2;132;112;133m██[38;2;142;121;142m██[38;2;149;127;149m██[38;2;148;127;147m██[38;2;167;143;166m██[38;2;167;143;165m██[38;2;154;131;152m██[38;2;136;115;134m██[38;2;114;95;113m██[38;2;85;69;85m██[38;2;96;79;97m██[38;2;93;77;95m██[38;2;89;74;92m██[38;2;92;77;95m██[38;2;90;76;85m  [38;2;0;0;0m      
[38;2;74;62;82m████████[38;2;54;45;62m██[38;2;125;64;76m██[38;2;199;83;123m██[38;2;46;22;32m██[38;2;57;46;61m██[38;2;90;75;93m██[38;2;94;78;96m██[38;2;99;81;99m██[38;2;104;85;102m██[38;2;108;88;105m██[38;2;111;91;107m██[38;2;99;80;94m██[38;2;113;93;108m██[38;2;112;92;107m████[38;2;111;91;107m██[38;2;109;90;106m██[38;2;94;77;92m██[38;2;87;71;87m██[38;2;98;81;98m██[38;2;93;77;95m██[38;2;88;74;91m██[38;2;115;96;113m██[38;2;13;11;12m  [38;2;0;0;0m    
[38;2;74;62;82m████████[38;2;53;43;61m██[38;2;59;23;35m██[38;2;32;19;28m██[38;2;49;39;54m██[38;2;83;68;86m██[38;2;94;77;95m██[38;2;99;81;99m██[38;2;104;85;102m██[38;2;108;89;105m██[38;2;112;91;107m██[38;2;114;93;109m██[38;2;95;76;90m██[38;2;118;96;112m████[38;2;118;96;111m██[38;2;116;95;111m██[38;2;114;93;109m██[38;2;108;88;103m██[38;2;75;60;74m██[38;2;103;84;101m██[38;2;97;80;97m██[38;2;92;76;94m██[38;2;87;73;90m██[38;2;58;48;54m  [38;2;0;0;0m    
[38;2;74;62;82m██████[38;2;74;63;82m██[38;2;47;38;55m██[38;2;94;50;61m██[38;2;40;30;39m██[38;2;59;47;63m██[38;2;91;75;93m██[38;2;94;77;95m██[38;2;103;84;101m██[38;2;108;89;105m██[38;2;112;92;107m██[38;2;116;95;110m██[38;2;119;96;112m██[38;2;80;65;77m██[38;2;123;100;115m████[38;2;122;99;115m██[38;2;121;98;114m██[38;2;116;95;111m██[38;2;109;89;105m██[38;2;93;70;80m██[38;2;98;80;97m██[38;2;100;83;99m██[38;2;95;79;96m██[38;2;89;74;92m██[38;2;68;56;67m██[38;2;0;0;0m    
[38;2;74;62;82m████[38;2;74;63;82m██[38;2;73;63;81m██[38;2;35;29;42m██[38;2;177;131;160m██[38;2;133;103;105m██[38;2;55;44;57m██[38;2;95;78;96m██[38;2;92;76;92m██[38;2;106;87;103m██[38;2;111;91;107m██[38;2;116;94;109m██[38;2;120;97;112m██[38;2;122;99;113m██[38;2;85;66;74m██[38;2;120;95;106m██[38;2;146;112;119m██[38;2;169;129;133m██[38;2;186;144;144m██[38;2;81;64;64m██[38;2;195;152;149m██[38;2;224;174;169m██[38;2;207;155;152m██[38;2;188;137;137m██[38;2;95;71;77m██[38;2;45;36;45m██[38;2;41;34;41m██[38;2;1;1;1m  [38;2;0;0;0m  
[38;2;74;62;82m████[38;2;74;63;82m██[38;2;71;60;78m██[38;2;31;27;33m██[38;2;196;117;125m██[38;2;202;125;138m██[38;2;44;35;45m██[38;2;98;80;98m██[38;2;74;61;75m██[38;2;109;89;105m██[38;2;114;93;109m██[38;2;115;94;109m██[38;2;123;97;107m██[38;2;105;80;85m██[38;2;136;114;111m██[38;2;242;207;199m██[38;2;253;226;216m██[38;2;254;232;221m██[38;2;254;234;223m██[38;2;228;212;202m██[38;2;163;153;145m██[38;2;186;172;164m██[38;2;223;206;197m██[38;2;251;225;215m██[38;2;144;118;115m██[38;2;18;14;18m  [38;2;0;0;0m      
[38;2;74;62;82m██[38;2;74;63;82m████[38;2;66;56;73m██[38;2;60;61;46m██[38;2;199;134;132m██[38;2;192;155;161m██[38;2;48;38;48m██[38;2;99;81;98m██[38;2;80;62;73m██[38;2;102;82;96m██[38;2;146;111;118m██[38;2;198;151;149m██[38;2;182;149;144m██[38;2;153;141;134m██[38;2;252;234;223m██[38;2;254;234;223m████████████[38;2;254;235;224m████[38;2;254;234;223m██[38;2;173;157;150m██[38;2;31;24;30m██[38;2;0;0;0m      
[38;2;74;62;82m██[38;2;74;63;82m████[38;2;56;47;63m██[38;2;112;93;75m██[38;2;221;106;133m██[38;2;141;87;96m██[38;2;61;48;62m██[38;2;85;70;86m██[38;2;150;110;113m██[38;2;221;165;161m██[38;2;242;204;195m██[38;2;187;172;164m██[38;2;228;212;202m██[38;2;254;235;224m██[38;2;254;234;223m██████████[38;2;253;231;220m██[38;2;251;219;209m██[38;2;253;219;209m██[38;2;239;210;199m██[38;2;182;162;154m██[38;2;120;88;89m██[38;2;45;35;45m██[38;2;0;0;0m      
[38;2;71;60;79m██[38;2;74;62;82m██[38;2;75;63;82m██[38;2;48;35;49m██[38;2;182;98;135m██[38;2;225;153;168m██[38;2;58;44;47m██[38;2;54;42;53m██[38;2;186;134;133m██[38;2;245;189;182m██[38;2;252;221;210m██[38;2;246;214;204m██[38;2;224;193;184m██[38;2;182;154;149m██[38;2;199;157;154m██[38;2;253;230;219m██[38;2;254;234;223m██████[38;2;254;233;222m██[38;2;246;215;206m██[38;2;105;37;46m██[38;2;77;28;35m██[38;2;69;16;24m██[38;2;13;3;5m██[38;2;87;56;56m██[38;2;53;42;54m██[38;2;1;1;1m  [38;2;0;0;0m    
[38;2;65;54;73m██[38;2;74;62;82m██[38;2;75;63;83m██[38;2;52;37;45m██[38;2;154;62;92m██[38;2;71;47;52m██[38;2;20;16;21m██[38;2;65;52;61m██[38;2;225;172;167m██[38;2;145;90;93m██[38;2;93;59;60m██[38;2;91;37;44m██[38;2;62;18;24m██[38;2;30;4;8m██[38;2;111;49;57m██[38;2;243;207;199m██[38;2;254;232;221m██[38;2;254;234;223m████[38;2;254;232;221m██[38;2;253;222;211m██[38;2;188;150;150m██[38;2;83;106;125m██[38;2;56;92;118m██[38;2;82;132;155m██[38;2;169;132;129m██[38;2;48;37;47m██[38;2;8;6;8m  [38;2;0;0;0m    
[38;2;60;50;68m██[38;2;74;62;82m████[38;2;124;100;98m██[38;2;172;149;144m██[38;2;148;75;95m██[38;2;70;51;58m██[38;2;63;52;63m██[38;2;221;187;177m██[38;2;171;116;115m██[38;2;61;37;42m██[38;2;50;43;53m██[38;2;41;62;80m██[38;2;91;141;163m██[38;2;182;197;206m██[38;2;254;224;212m██[38;2;254;231;220m██[38;2;254;234;223m██[38;2;254;235;224m██[38;2;254;232;221m██[38;2;254;224;213m██[38;2;233;203;199m██[38;2;144;215;240m██[38;2;114;202;241m██[38;2;143;221;244m██[38;2;209;183;185m██[38;2;72;53;56m██[38;2;14;11;14m  [38;2;0;0;0m    
[38;2;57;47;65m██[38;2;74;62;82m██[38;2;63;52;70m██[38;2;181;168;160m██[38;2;254;235;224m██[38;2;194;180;172m██[38;2;76;68;68m██[38;2;68;56;69m██[38;2;195;163;154m██[38;2;251;198;187m██[38;2;174;182;196m██[38;2;136;219;247m██[38;2;116;205;244m██[38;2;137;222;248m██[38;2;188;204;213m██[38;2;254;226;214m██[38;2;254;233;222m██[38;2;241;202;197m██[38;2;226;162;164m██[38;2;230;168;169m██[38;2;254;229;217m██[38;2;233;212;208m██[38;2;162;229;245m██[38;2;138;226;248m██[38;2;160;236;251m██[38;2;196;190;197m██[38;2;126;98;94m██[38;2;13;10;13m  [38;2;0;0;0m    
[38;2;51;42;60m██[38;2;74;62;82m██[38;2;51;43;56m██[38;2;220;206;196m██[38;2;249;219;211m██[38;2;224;152;155m██[38;2;197;179;171m██[38;2;66;55;68m██[38;2;152;129;123m██[38;2;254;208;197m██[38;2;175;189;205m██[38;2;156;238;252m██[38;2;142;229;250m██[38;2;153;236;252m██[38;2;194;210;217m██[38;2;250;221;212m██[38;2;231;173;173m██[38;2;245;213;205m██[38;2;253;230;219m██[38;2;233;181;179m██[38;2;248;217;208m██[38;2;230;217;214m██[38;2;177;235;246m██[38;2;159;241;253m██[38;2;183;248;254m██[38;2;184;192;203m██[38;2;142;114;110m██[38;2;3;3;4m  [38;2;0;0;0m    
[38;2;44;35;52m██[38;2;74;62;82m██[38;2;44;37;48m  [38;2;173;161;154m  [38;2;241;181;175m██[38;2;223;134;137m██[38;2;229;169;168m██[38;2;77;66;76m██[38;2;112;99;97m██[38;2;254;220;208m██[38;2;181;198;211m██[38;2;175;249;255m██[38;2;160;244;254m██[38;2;172;246;254m██[38;2;195;207;216m██[38;2;207;112;122m██[38;2;250;226;216m██[38;2;249;212;203m██[38;2;249;210;202m██[38;2;246;214;206m██[38;2;242;203;197m██[38;2;228;219;216m██[38;2;168;231;244m██[38;2;157;242;253m██[38;2;175;245;254m██[38;2;167;185;200m██[38;2;73;56;57m██[38;2;5;4;6m  [38;2;0;0;0m    
[38;2;42;34;51m██[38;2;64;53;72m██[38;2;36;31;40m  [38;2;22;21;20m  [38;2;178;151;145m  [38;2;241;183;176m██[38;2;247;205;197m██[38;2;128;119;119m██[38;2;77;63;69m██[38;2;254;226;216m██[38;2;148;166;177m██[38;2;110;166;170m██[38;2;162;246;254m██[38;2;165;247;255m██[38;2;187;210;219m██[38;2;253;231;220m██[38;2;252;227;216m██[38;2;252;225;214m██[38;2;254;234;223m██████[38;2;225;219;217m██[38;2;161;227;242m██[38;2;149;235;251m██[38;2;162;240;251m██[38;2;68;93;114m██[38;2;36;28;39m██[38;2;1;1;1m    [38;2;0;0;0m  
[38;2;43;34;51m██[38;2;49;40;58m██[38;2;33;27;36m  [38;2;0;0;0m  [38;2;4;4;4m  [38;2;57;54;51m  [38;2;92;86;82m  [38;2;49;46;45m  [38;2;42;34;43m██[38;2;166;134;129m██[38;2;108;99;95m██[38;2;129;115;111m██[38;2;84;115;117m██[38;2;107;143;144m██[38;2;161;185;195m██[38;2;254;234;223m████████████[38;2;229;221;218m██[38;2;151;216;236m██[38;2;125;210;239m██[38;2;63;102;113m  [38;2;30;26;35m██[38;2;21;17;22m██[38;2;103;91;87m██[38;2;153;126;122m  [38;2;125;117;112m  
[38;2;54;44;61m██[38;2;41;33;50m██[38;2;23;19;27m██[38;2;0;0;0m          [38;2;28;22;31m  [38;2;1;1;1m  [38;2;124;117;112m  [38;2;221;175;170m██[38;2;205;185;178m██[38;2;219;180;174m██[38;2;130;112;108m██[38;2;190;178;170m██[38;2;253;234;223m██[38;2;254;234;223m██████[38;2;254;235;224m██[38;2;226;213;208m██[38;2;94;135;153m  [38;2;17;30;35m  [38;2;5;4;6m  [38;2;29;24;29m██[38;2;200;190;180m██[38;2;227;173;171m██[38;2;245;204;197m██[38;2;234;205;197m██
[38;2;72;60;77m██[38;2;41;33;49m██[38;2;24;19;29m██[38;2;0;0;0m          [38;2;17;13;19m  [38;2;7;6;8m  [38;2;166;156;149m  [38;2;228;159;160m██[38;2;250;225;215m██[38;2;247;212;204m██[38;2;224;158;159m██[38;2;101;94;91m██[38;2;223;207;197m██[38;2;244;227;216m██[38;2;224;210;200m██[38;2;182;164;158m  [38;2;108;93;90m  [38;2;72;61;71m██[38;2;64;58;76m  [38;2;7;6;8m  [38;2;27;22;30m  [38;2;48;44;44m██[38;2;252;235;223m██[38;2;240;194;190m██[38;2;242;197;191m██[38;2;245;207;201m██
[38;2;82;69;88m██[38;2;65;55;70m██[38;2;33;26;40m██[38;2;0;0;0m        [38;2;6;6;6m  [38;2;55;54;59m  [38;2;16;13;18m██[38;2;174;152;147m██[38;2;240;196;191m██[38;2;251;225;216m██[38;2;250;224;215m██[38;2;239;195;191m██[38;2;130;122;116m██[38;2;95;72;78m██[38;2;119;86;93m██[38;2;99;74;90m██[38;2;62;51;77m  [38;2;96;84;114m  [38;2;114;104;132m██[38;2;81;73;94m██[38;2;46;41;53m██[38;2;10;9;9m  [38;2;136;127;121m██[38;2;254;235;224m██[38;2;253;232;221m██[38;2;244;205;198m██[38;2;240;198;192m██
[38;2;73;62;81m██[38;2;94;80;98m██[38;2;84;70;85m██[38;2;3;3;5m  [38;2;0;0;0m      [38;2;116;117;121m  [38;2;196;196;207m██[38;2;8;6;9m██[38;2;134;125;119m██[38;2;254;234;223m████[38;2;253;232;221m████[38;2;100;91;92m██[38;2;92;74;116m██[38;2;81;64;103m██[38;2;76;55;98m██[38;2;57;27;54m██[38;2;120;97;124m██[38;2;170;158;194m██[38;2;168;154;192m██[38;2;74;67;79m██[38;2;195;181;172m██[38;2;252;231;220m██[38;2;253;232;221m██[38;2;254;234;223m████[38;2;177;163;156m██
[38;2;73;61;80m██[38;2;73;62;81m██[38;2;87;74;93m██[38;2;102;86;100m██[38;2;30;25;28m  [38;2;0;0;0m  [38;2;4;4;4m  [38;2;222;225;229m██[38;2;234;238;242m██[38;2;49;49;52m██[38;2;65;60;70m██[38;2;223;206;197m██[38;2;253;231;220m██[38;2;252;227;216m██[38;2;251;225;214m██[38;2;196;176;168m██[38;2;44;30;55m██[38;2;48;28;68m██[38;2;74;56;95m██[38;2;82;61;77m██[38;2;106;86;106m██[38;2;118;96;119m██[38;2;102;91;118m██[38;2;111;90;89m██[38;2;250;221;211m██[38;2;251;224;214m██[38;2;251;226;216m██[38;2;252;230;219m██[38;2;218;202;192m██[38;2;27;25;24m  
[38;2;48;40;56m██[38;2;63;53;69m██[38;2;68;57;74m██[38;2;66;56;73m██[38;2;91;77;93m██[38;2;100;85;95m  [38;2;45;42;44m  [38;2;235;238;241m██[38;2;176;179;181m██[38;2;154;157;159m██[38;2;138;129;156m██[38;2;61;53;54m██[38;2;231;200;192m██[38;2;249;215;206m██[38;2;248;212;203m██[38;2;242;191;184m██[38;2;84;68;79m██[38;2;123;120;133m██[38;2;159;143;156m██[38;2;110;86;94m██[38;2;151;55;79m██[38;2;101;78;97m██[38;2;61;53;70m██[38;2;173;163;167m██[38;2;186;142;143m██[38;2;232;191;185m██[38;2;245;207;199m██[38;2;193;163;158m██[38;2;59;52;59m  [38;2;0;0;0m  
[38;2;24;19;29m  [38;2;18;14;22m  [38;2;0;0;0m      [38;2;2;2;2m  [38;2;42;41;42m  [38;2;95;97;98m██[38;2;211;215;218m██[38;2;238;242;246m██[38;2;122;113;138m██[38;2;82;69;103m██[38;2;127;112;131m██[38;2;180;150;149m██[38;2;173;138;138m██[38;2;171;156;157m██[38;2;135;131;143m██[38;2;64;58;75m██[38;2;169;153;165m██[38;2;137;110;118m██[38;2;92;76;91m██[38;2;41;29;43m██[38;2;68;52;82m██[38;2;192;191;201m██[38;2;225;229;233m██[38;2;187;187;195m██[38;2;162;158;166m██[38;2;155;148;169m██[38;2;53;45;64m██[38;2;0;0;0m  [0m
