
[38;2;0;0;0m                  [38;2;110;103;109m  [38;2;219;202;219m██[38;2;233;229;248m██[38;2;237;224;244m██[38;2;244;231;251m██[38;2;150;134;157m██[38;2;252;232;254m██[38;2;128;111;133m██[38;2;235;220;241m██[38;2;235;224;244m██[38;2;239;234;253m██[38;2;230;227;245m██[38;2;233;229;247m████[38;2;242;230;252m██[38;2;234;230;249m██[38;2;234;230;247m██[38;2;237;231;241m██[38;2;236;228;247m██[38;2;235;226;245m██[38;2;231;227;245m██[38;2;70;65;70m  [38;2;0;0;0m  
[38;2;0;0;0m                  [38;2;80;74;79m  [38;2;242;223;240m██[38;2;240;225;246m██[38;2;181;163;187m██[38;2;233;215;237m██[38;2;229;212;233m██[38;2;126;108;128m██[38;2;219;201;222m██[38;2;130;112;132m██[38;2;237;229;249m██[38;2;231;227;244m██[38;2;232;227;246m██[38;2;235;225;247m██[38;2;236;229;246m██[38;2;200;191;211m██[38;2;241;230;251m██[38;2;254;254;254m██[38;2;248;245;247m██[38;2;178;169;187m██[38;2;236;232;249m██[38;2;237;227;248m██[38;2;246;232;245m██[38;2;0;0;0m  
[38;2;0;0;0m                [38;2;237;229;237m██[38;2;240;226;243m██[38;2;66;45;74m██[38;2;137;118;140m██[38;2;180;163;184m██[38;2;142;121;156m██[38;2;250;234;249m██[38;2;61;43;61m██[38;2;244;230;247m██[38;2;238;223;243m██[38;2;238;232;249m██[38;2;231;227;245m████[38;2;242;228;249m██[38;2;246;232;251m██[38;2;207;194;213m██[38;2;244;230;252m██[38;2;253;243;253m██[38;2;255;255;255m██[38;2;82;65;83m██[38;2;237;227;249m██[38;2;237;233;252m██[38;2;235;222;241m██[38;2;0;0;0m  
[38;2;0;0;0m                  [38;2;241;228;247m██[38;2;244;227;249m██[38;2;225;212;232m██[38;2;245;223;247m██[38;2;94;80;90m██[38;2;70;50;55m██[38;2;54;37;54m██[38;2;175;151;171m██[38;2;236;221;235m██[38;2;231;227;245m██[38;2;235;226;247m██[38;2;239;225;245m██[38;2;153;134;156m██[38;2;103;79;98m██[38;2;88;66;90m██[38;2;241;226;247m██[38;2;237;228;248m██[38;2;232;228;246m██[38;2;241;225;237m██[38;2;239;232;248m██[38;2;246;231;252m██[38;2;239;228;249m██[38;2;0;0;0m  
[38;2;0;0;0m              [38;2;83;71;79m  [38;2;0;0;0m  [38;2;144;129;150m██[38;2;245;224;248m██[38;2;148;131;154m██[38;2;98;76;98m██[38;2;252;233;252m██[38;2;115;87;88m██[38;2;111;88;112m██[38;2;188;167;176m██[38;2;237;231;249m██[38;2;234;227;244m██[38;2;241;226;247m██[38;2;243;223;238m██[38;2;241;227;222m██[38;2;202;189;200m██[38;2;147;126;151m██[38;2;242;230;251m██[38;2;238;231;248m██[38;2;241;227;244m████[38;2;208;193;216m██[38;2;238;230;248m██[38;2;235;226;247m██[38;2;0;0;0m  
[38;2;0;0;0m                [38;2;123;115;123m  [38;2;222;203;224m██[38;2;248;227;250m██[38;2;67;44;63m██[38;2;71;44;48m██[38;2;146;116;123m██[38;2;89;68;70m██[38;2;229;207;222m██[38;2;226;208;230m██[38;2;235;230;249m██[38;2;235;225;243m██[38;2;245;234;249m██[38;2;230;214;208m██[38;2;229;214;208m██[38;2;223;205;221m██[38;2;99;68;71m██[38;2;217;208;229m██[38;2;92;82;95m  [38;2;134;116;139m██[38;2;184;166;186m██[38;2;160;141;166m██[38;2;163;144;171m██[38;2;169;149;172m██[38;2;253;241;253m██
[38;2;0;0;0m                [38;2;89;78;86m  [38;2;157;134;167m██[38;2;245;224;248m██[38;2;83;58;83m██[38;2;15;26;108m██[38;2;24;22;85m██[38;2;63;34;40m██[38;2;234;222;213m██[38;2;109;88;111m██[38;2;241;228;249m██[38;2;229;224;243m██[38;2;81;53;56m██[38;2;204;196;198m██[38;2;251;241;235m██[38;2;250;238;250m██[38;2;218;188;189m██[38;2;239;231;248m██[38;2;232;228;246m██[38;2;235;228;245m██[38;2;69;50;68m██[38;2;152;127;177m██[38;2;148;125;173m██[38;2;153;129;173m██[38;2;203;200;234m██
[38;2;0;0;0m                [38;2;112;101;109m  [38;2;158;134;171m██[38;2;244;224;248m██[38;2;99;88;90m  [38;2;15;26;108m██[38;2;14;26;111m██[38;2;18;23;98m██[38;2;235;231;235m██[38;2;83;59;82m██[38;2;243;226;248m██[38;2;156;135;132m██[38;2;241;230;221m██[38;2;245;228;227m██[38;2;217;201;198m██[38;2;247;235;231m██[38;2;252;231;220m██[38;2;242;221;244m██[38;2;202;191;214m██[38;2;237;228;248m██[38;2;83;62;83m██[38;2;149;125;175m██[38;2;152;128;177m██[38;2;160;136;172m██[38;2;218;211;226m██
[38;2;0;0;0m                  [38;2;153;128;155m██[38;2;223;203;225m██[38;2;203;185;181m██[38;2;30;51;128m██[38;2;37;58;136m██[38;2;32;43;97m██[38;2;254;241;231m██[38;2;145;126;155m██[38;2;224;205;226m██[38;2;250;242;226m██[38;2;245;236;232m██[38;2;22;23;87m██[38;2;22;23;88m██[38;2;37;21;64m██[38;2;43;18;29m██[38;2;182;164;186m██[38;2;231;219;239m██[38;2;241;227;248m██[38;2;100;80;101m██[38;2;147;125;174m██[38;2;59;36;73m██[38;2;117;96;118m██[38;2;218;211;226m██
[38;2;0;0;0m                  [38;2;75;55;76m██[38;2;82;59;81m██[38;2;249;218;209m██[38;2;157;188;240m██[38;2;115;146;179m██[38;2;52;40;46m  [38;2;251;240;234m██[38;2;190;170;192m██[38;2;248;237;225m██[38;2;204;188;184m██[38;2;254;245;238m██[38;2;21;42;120m██[38;2;24;45;124m██[38;2;13;27;111m██[38;2;27;22;71m██[38;2;151;131;153m██[38;2;240;225;246m██[38;2;240;226;247m██[38;2;84;62;85m██[38;2;125;105;149m██[38;2;156;134;174m██[38;2;251;242;253m██[38;2;228;211;230m██
[38;2;0;0;0m                  [38;2;157;130;159m██[38;2;237;206;202m██[38;2;250;219;209m██[38;2;246;227;226m██[38;2;84;72;74m  [38;2;254;245;232m██[38;2;255;248;238m██[38;2;130;101;110m██[38;2;250;243;227m██[38;2;251;243;227m██[38;2;254;246;234m██[38;2;49;72;147m██[38;2;58;80;154m██[38;2;30;51;131m██[38;2;10;5;7m██[38;2;235;217;239m██[38;2;240;227;248m██[38;2;247;231;252m██[38;2;79;57;80m██[38;2;156;136;169m██[38;2;231;220;240m██[38;2;235;227;245m██[38;2;177;164;173m██
[38;2;0;0;0m      [38;2;255;255;255m██████[38;2;254;254;254m██[38;2;58;48;54m  [38;2;16;15;16m  [38;2;118;98;122m██[38;2;69;55;59m  [38;2;180;150;151m██[38;2;252;236;223m██[38;2;254;245;233m██[38;2;255;246;232m██[38;2;255;248;238m██[38;2;254;243;232m██[38;2;255;246;232m██[38;2;251;243;227m██[38;2;252;243;229m██[38;2;166;193;223m██[38;2;160;186;223m██[38;2;111;90;111m██[38;2;247;230;229m██[38;2;181;173;182m██[38;2;242;227;249m██[38;2;100;85;87m██[38;2;143;125;168m██[38;2;164;142;175m██[38;2;239;229;250m██[38;2;235;232;250m██[38;2;80;67;77m██
[38;2;0;0;0m      [38;2;255;255;255m██████████████████[38;2;157;147;151m██[38;2;132;121;125m  [38;2;252;241;237m██[38;2;254;247;238m██[38;2;254;243;239m██[38;2;254;246;238m██[38;2;255;248;238m██[38;2;254;238;230m██[38;2;244;220;218m██[38;2;237;205;201m██[38;2;250;219;209m██[38;2;150;122;124m██[38;2;231;226;245m██[38;2;243;229;242m██[38;2;253;242;239m██[38;2;189;180;196m██[38;2;230;226;245m██[38;2;231;226;245m██[38;2;231;227;246m██[38;2;237;225;245m██
[38;2;0;0;0m      [38;2;255;255;255m██████████████████████████████[38;2;67;54;59m██[38;2;208;191;187m██[38;2;248;220;220m██[38;2;250;220;213m██[38;2;248;217;209m██[38;2;71;53;69m██[38;2;246;232;252m██[38;2;243;199;179m██[38;2;129;113;125m██[38;2;233;225;245m██[38;2;234;232;249m██[38;2;233;228;247m██[38;2;163;147;171m██[38;2;235;225;246m██
[38;2;0;0;0m    [38;2;96;85;93m  [38;2;255;255;255m████████████████████████████████████████[38;2;250;248;249m██[38;2;76;47;50m██[38;2;67;48;66m██[38;2;157;137;182m██[38;2;235;227;247m██[38;2;233;231;249m██[38;2;234;227;245m██[38;2;96;72;101m██[38;2;232;221;240m██
[38;2;0;0;0m    [38;2;220;216;219m██[38;2;255;255;255m██████████████████████████████████████████[38;2;61;49;61m  [38;2;147;124;172m██[38;2;142;120;166m██[38;2;228;220;240m██[38;2;231;227;245m██[38;2;233;229;247m██[38;2;229;212;233m██[38;2;239;228;250m██
[38;2;0;0;0m    [38;2;255;255;255m████[38;2;1;1;1m██[38;2;0;0;0m██[38;2;255;255;255m████████████████████████████████████[38;2;238;220;241m██[38;2;150;133;182m██[38;2;146;123;172m██[38;2;178;167;189m██[38;2;231;227;245m██[38;2;234;232;250m██[38;2;240;225;246m██[38;2;238;225;246m██
[38;2;0;0;0m    [38;2;255;255;255m████[38;2;0;0;0m██[38;2;255;255;255m██[38;2;0;0;0m██[38;2;255;255;255m██████████████████████████████████[38;2;103;85;103m██[38;2;148;125;174m██[38;2;154;129;178m██[38;2;144;130;166m██[38;2;242;235;253m██[38;2;234;232;250m██[38;2;234;229;234m██[38;2;145;124;149m██
[38;2;80;72;78m  [38;2;239;226;218m██[38;2;255;255;255m████[38;2;0;0;0m██[38;2;255;255;255m██[38;2;0;0;0m██[38;2;255;255;255m██████[38;2;0;0;0m██[38;2;255;255;255m████[38;2;48;42;47m  [38;2;255;255;255m████████████████████[38;2;132;112;151m██[38;2;110;90;134m██[38;2;150;133;181m██[38;2;146;129;174m██[38;2;233;229;247m██[38;2;234;232;250m██[38;2;234;222;241m██[38;2;80;59;90m██
[38;2;252;249;253m██[38;2;250;245;249m██[38;2;255;255;255m████[38;2;0;0;0m████[38;2;255;255;255m██████[38;2;0;0;0m██[38;2;255;255;255m██████[38;2;0;0;0m██[38;2;255;255;255m██[38;2;0;0;0m██[38;2;255;255;255m████████████[38;2;225;212;220m██[38;2;255;255;255m██[38;2;150;133;182m██[38;2;137;117;163m██[38;2;150;133;182m██[38;2;76;55;95m██[38;2;235;224;246m██[38;2;237;228;248m██[38;2;235;228;245m██[38;2;247;235;251m██
[38;2;204;198;211m██[38;2;130;121;125m██[38;2;255;255;255m██[38;2;160;152;156m██[38;2;255;255;255m████[38;2;0;0;0m██[38;2;255;255;255m██[38;2;0;0;0m██████[38;2;255;255;255m████[38;2;0;0;0m████[38;2;255;255;255m████████[38;2;0;0;0m██[38;2;255;255;255m████[38;2;215;200;201m██[38;2;248;233;247m██[38;2;68;48;82m██[38;2;144;130;167m██[38;2;140;127;172m██[38;2;142;123;169m██[38;2;163;148;171m██[38;2;242;229;250m██[38;2;234;227;244m██[38;2;115;101;110m  
[38;2;87;76;87m  [38;2;255;255;255m████[38;2;247;246;246m██[38;2;0;0;0m████[38;2;255;255;255m████[38;2;251;250;251m  [38;2;255;255;255m████████[38;2;0;0;0m██[38;2;255;255;255m████████[38;2;0;0;0m██[38;2;163;161;163m  [38;2;255;255;255m████[38;2;45;62;91m██[38;2;251;248;249m██[38;2;247;233;249m██[38;2;145;124;171m██[38;2;150;130;179m██[38;2;142;123;169m██[38;2;77;56;94m██[38;2;243;229;250m██[38;2;235;227;244m██[38;2;239;226;246m██
[38;2;0;0;0m  [38;2;255;255;255m██████████████████████████[38;2;0;0;0m██[38;2;255;255;255m████[38;2;0;0;0m██████[38;2;255;255;255m██████[38;2;175;190;211m  [38;2;204;231;251m██[38;2;139;128;174m██[38;2;64;43;83m██[38;2;139;130;175m██[38;2;156;132;179m██[38;2;197;184;204m██[38;2;233;229;246m██[38;2;242;228;246m██
[38;2;0;0;0m  [38;2;255;255;255m████████████████████████████[38;2;0;0;0m██[38;2;7;6;7m  [38;2;255;255;255m████[38;2;192;190;192m██[38;2;255;255;255m██████[38;2;198;225;246m██[38;2;192;229;243m██[38;2;147;131;179m██[38;2;156;134;175m██[38;2;151;127;176m██[38;2;146;124;171m██[38;2;60;37;76m██[38;2;239;232;248m██[38;2;233;228;246m██
[38;2;71;59;66m  [38;2;255;255;255m████████████████████████████████████████████[38;2;190;223;242m██[38;2;192;229;243m██[38;2;131;111;156m██[38;2;148;129;174m██[38;2;147;129;174m██[38;2;149;132;175m██[38;2;145;125;170m██[38;2;160;144;168m██[38;2;236;229;247m██
[38;2;253;252;252m██[38;2;255;255;255m██████████████████████████████████████████[38;2;253;251;252m██[38;2;111;144;176m██[38;2;192;230;246m██[38;2;140;123;171m██[38;2;146;130;176m██[38;2;148;128;173m██[38;2;141;130;176m██[38;2;146;130;173m██[38;2;135;114;157m██[38;2;249;227;250m██
[38;2;255;255;255m████████████████████████████████████████████[38;2;92;79;84m██[38;2;71;85;107m██[38;2;190;227;248m██[38;2;145;131;178m████[38;2;149;132;175m██[38;2;140;129;174m██[38;2;145;131;178m██[38;2;242;222;245m██[38;2;92;70;103m██
[38;2;84;76;82m  [38;2;100;85;97m  [38;2;255;255;255m████████████████████████████████████████[38;2;243;226;243m██[38;2;220;227;247m  [38;2;30;80;138m██[38;2;101;168;214m██[38;2;126;170;220m██[38;2;99;78;122m██[38;2;140;130;175m██[38;2;144;132;179m██[38;2;247;232;247m██[38;2;92;70;113m██
[38;2;0;0;0m          [38;2;130;121;130m  [38;2;136;122;126m██[38;2;255;255;255m██████████████████████████████[38;2;23;37;79m██[38;2;101;167;214m██[38;2;105;170;219m██[38;2;101;168;215m██[38;2;148;173;204m██[38;2;153;130;178m██[38;2;144;130;177m██[38;2;144;128;167m██[38;2;252;242;252m██[38;2;149;127;165m██
[38;2;0;0;0m                [38;2;198;221;238m  [38;2;205;222;240m  [38;2;186;203;222m  [38;2;64;74;96m██[38;2;255;255;255m████████████████████[38;2;30;48;112m██[38;2;57;89;155m██[38;2;106;171;223m██[38;2;105;166;217m██[38;2;49;35;75m██[38;2;144;123;167m██[38;2;139;130;175m██[38;2;147;132;176m██[38;2;248;233;247m██[38;2;157;130;160m██
[38;2;0;0;0m              [38;2;55;56;70m  [38;2;191;229;242m██[38;2;191;229;243m██[38;2;189;224;244m██[38;2;118;152;181m██[38;2;194;231;250m██[38;2;191;229;249m██[38;2;187;223;240m██[38;2;94;124;159m██[38;2;46;68;101m██[38;2;255;255;255m██████████[38;2;110;165;216m██[38;2;102;169;221m██[38;2;101;168;218m██[38;2;105;161;212m██[38;2;27;49;96m██[38;2;139;126;172m██[38;2;145;128;174m██[38;2;145;126;171m██[38;2;254;243;254m██[38;2;150;127;154m██
[38;2;0;0;0m            [38;2;181;195;216m  [38;2;202;224;241m██[38;2;193;231;247m██[38;2;191;228;245m██[38;2;191;228;249m██[38;2;118;152;181m██[38;2;190;228;248m██[38;2;192;230;246m██[38;2;197;229;249m██[38;2;119;151;180m██[38;2;106;166;214m  [38;2;102;169;221m██[38;2;76;123;177m██[38;2;94;153;203m██[38;2;99;150;201m██[38;2;32;32;69m██[38;2;77;112;161m██[38;2;101;168;218m██[38;2;101;168;215m██[38;2;101;168;220m██[38;2;66;95;144m██[38;2;110;166;217m██[38;2;141;121;167m██[38;2;147;129;156m██[38;2;254;243;254m██[38;2;149;134;159m██[0m
