
[38;2;0;0;0m                        [38;2;255;255;255m████████████████[38;2;0;0;0m                        
[38;2;0;0;0m                  [38;2;255;255;255m████████████████████████████[38;2;0;0;0m                  
[38;2;0;0;0m              [38;2;255;255;255m████████[38;2;211;96;147m██[38;2;239;108;167m████[38;2;230;100;158m██[38;2;230;99;158m████[38;2;239;108;167m██[38;2;236;105;164m██[38;2;236;105;163m██[38;2;210;95;146m██[38;2;255;255;255m████████[38;2;0;0;0m              
[38;2;0;0;0m            [38;2;255;255;255m██████[38;2;248;120;177m██[38;2;239;109;167m██████[38;2;229;100;158m██[38;2;230;99;158m██[38;2;230;100;158m████[38;2;229;99;158m██[38;2;236;105;163m██████[38;2;239;109;167m██[38;2;249;122;178m██[38;2;255;255;255m██████[38;2;0;0;0m            
[38;2;0;0;0m          [38;2;255;255;255m████[38;2;199;88;138m██[38;2;232;102;160m██[38;2;240;110;168m██[38;2;239;109;167m██████[38;2;229;99;158m██[38;2;230;99;158m██[38;2;255;124;183m██[38;2;255;125;183m██[38;2;230;99;158m██[38;2;239;109;167m██████[38;2;233;103;161m████[38;2;239;109;167m██[38;2;214;104;154m██[38;2;255;255;255m████[38;2;0;0;0m          
[38;2;0;0;0m        [38;2;255;255;255m████[38;2;223;98;154m██[38;2;233;103;161m██[38;2;232;102;160m██[38;2;251;121;179m██[38;2;239;109;167m██[38;2;239;108;167m██[38;2;229;100;158m██[38;2;230;100;158m██[38;2;229;99;158m██[38;2;255;125;182m██[38;2;255;125;183m██[38;2;229;99;158m██[38;2;230;100;158m██[38;2;239;108;167m██[38;2;238;108;167m██[38;2;232;102;161m██[38;2;233;103;161m██[38;2;253;123;181m████[38;2;240;117;172m██[38;2;255;255;255m████[38;2;0;0;0m        
[38;2;0;0;0m      [38;2;255;255;255m████[38;2;227;100;156m██[38;2;232;103;161m██████[38;2;231;102;160m██[38;2;239;109;167m████[38;2;230;100;158m██[38;2;229;100;158m██[38;2;230;100;158m██[38;2;230;100;157m██[38;2;230;100;158m██[38;2;229;100;158m████[38;2;244;114;173m██[38;2;244;115;173m██[38;2;232;103;161m██[38;2;250;120;178m██[38;2;253;122;181m██[38;2;253;122;180m██[38;2;253;123;181m██[38;2;243;118;174m██[38;2;255;255;255m████[38;2;0;0;0m      
[38;2;0;0;0m    [38;2;255;255;255m████[38;2;214;99;150m██[38;2;233;103;161m████████[38;2;232;102;160m████[38;2;230;99;157m██████[38;2;230;100;157m██████████[38;2;245;115;173m████[38;2;233;103;161m██[38;2;253;122;181m██[38;2;253;123;181m████[38;2;253;122;181m██[38;2;253;123;181m██[38;2;219;107;157m██[38;2;255;255;255m████[38;2;0;0;0m    
[38;2;0;0;0m    [38;2;255;255;255m████[38;2;242;112;170m██[38;2;233;103;161m██████████[38;2;230;100;158m██[38;2;234;104;162m██████████████[38;2;245;115;173m██████[38;2;244;115;173m██[38;2;233;103;161m██████[38;2;238;109;167m██[38;2;239;109;166m██[38;2;239;109;167m██[38;2;255;255;255m████[38;2;0;0;0m    
[38;2;0;0;0m  [38;2;255;255;255m████[38;2;241;112;169m██[38;2;242;112;169m██[38;2;242;112;170m██[38;2;232;103;161m████████[38;2;229;100;158m██[38;2;231;102;160m██[38;2;239;109;167m██[38;2;239;108;167m██[38;2;239;109;167m██[38;2;239;108;167m██[38;2;239;109;167m██[38;2;244;114;173m██[38;2;245;114;173m██[38;2;244;114;173m██████[38;2;232;103;161m████████[38;2;239;109;167m██[38;2;239;108;167m██[38;2;253;124;182m██[38;2;255;255;255m████[38;2;0;0;0m  
[38;2;0;0;0m  [38;2;255;255;255m████[38;2;242;112;170m██████[38;2;233;103;161m██[38;2;232;102;160m██[38;2;231;102;160m██[38;2;230;100;158m████[38;2;232;102;160m██[38;2;238;108;166m██[38;2;239;108;167m████[38;2;239;109;167m████[38;2;239;108;167m██[38;2;233;103;161m██[38;2;233;102;161m██[38;2;248;118;176m████[38;2;233;103;161m██████[38;2;232;107;163m██[38;2;239;108;167m████[38;2;255;125;183m██[38;2;255;255;255m████[38;2;0;0;0m  
[38;2;0;0;0m  [38;2;255;255;255m██[38;2;236;109;166m██[38;2;242;112;170m████████[38;2;232;102;160m████████████[38;2;239;109;167m████████[38;2;233;103;161m████████[38;2;232;103;161m██[38;2;242;112;170m██[38;2;233;103;161m██[38;2;232;103;160m██[38;2;255;255;255m████[38;2;239;109;167m████[38;2;231;105;161m██[38;2;255;255;255m██[38;2;0;0;0m  
[38;2;255;255;255m████[38;2;253;122;181m██[38;2;245;115;173m██[38;2;242;112;169m██[38;2;242;112;170m██████[38;2;232;102;160m████████████[38;2;239;109;167m████[38;2;235;105;163m██[38;2;233;103;161m████████[38;2;242;112;170m████[38;2;233;103;161m██[38;2;232;103;160m██[38;2;255;255;255m██[38;2;254;253;253m██[38;2;233;103;161m██[38;2;239;109;167m████[38;2;255;255;255m████
[38;2;255;255;255m████[38;2;253;123;181m██[38;2;245;114;173m████[38;2;231;102;160m██[38;2;255;255;255m████████[38;2;232;102;160m████[38;2;231;102;159m██[38;2;255;255;255m██████[38;2;227;100;157m██[38;2;232;103;160m██[38;2;255;255;255m██[38;2;219;96;151m██[38;2;233;103;161m██[38;2;254;253;254m██[38;2;255;255;255m██[38;2;242;112;170m██[38;2;232;103;161m██[38;2;255;255;255m██[38;2;252;246;249m██[38;2;233;103;161m██[38;2;239;108;167m██[38;2;239;109;167m██[38;2;255;255;255m████
[38;2;255;255;255m████[38;2;253;122;180m██[38;2;253;122;181m██[38;2;231;102;160m██[38;2;255;255;255m████[38;2;202;89;139m████[38;2;255;255;255m████[38;2;231;102;160m██[38;2;255;255;255m████[38;2;225;99;155m██[38;2;210;92;145m██[38;2;232;103;161m██[38;2;232;103;160m██[38;2;255;255;255m██[38;2;219;96;151m██[38;2;242;112;170m██[38;2;254;253;254m██[38;2;255;255;255m██[38;2;242;112;170m██[38;2;232;103;161m██[38;2;255;255;255m██[38;2;229;169;195m██[38;2;232;103;161m██[38;2;232;102;161m██[38;2;222;91;149m██[38;2;255;255;255m████
[38;2;255;255;255m████[38;2;232;102;160m██████[38;2;255;255;255m████[38;2;232;102;160m████[38;2;255;255;255m████[38;2;227;96;154m██[38;2;255;255;255m██████[38;2;232;103;160m██[38;2;233;103;161m██[38;2;232;103;160m██[38;2;255;255;255m██[38;2;219;96;151m██[38;2;233;103;161m██[38;2;254;253;254m██[38;2;255;255;255m██[38;2;233;103;161m████[38;2;255;255;255m██[38;2;212;94;146m██[38;2;233;103;161m████[38;2;222;91;149m██[38;2;255;255;255m████
[38;2;255;255;255m████[38;2;232;102;160m██████[38;2;255;255;255m████[38;2;232;102;160m████[38;2;255;255;255m████[38;2;227;96;154m██[38;2;231;102;159m██[38;2;233;200;214m██[38;2;255;255;255m████[38;2;228;107;161m██[38;2;232;103;160m██[38;2;255;255;255m██[38;2;219;96;151m██[38;2;232;103;161m██[38;2;254;253;254m██[38;2;255;255;255m██[38;2;227;96;154m██[38;2;233;103;161m██[38;2;255;255;255m██[38;2;217;96;150m██[38;2;233;103;161m██[38;2;232;103;161m██[38;2;233;103;161m██[38;2;255;255;255m████
[38;2;255;255;255m████[38;2;231;102;160m████[38;2;232;102;160m██[38;2;255;255;255m████[38;2;231;102;160m████[38;2;255;255;255m████[38;2;227;96;154m██[38;2;227;96;153m██[38;2;231;102;160m██[38;2;232;103;161m██[38;2;255;255;255m████[38;2;232;103;161m██[38;2;255;255;255m████[38;2;232;103;161m██[38;2;254;253;254m██[38;2;255;255;255m██[38;2;227;96;154m██[38;2;232;103;161m██[38;2;255;255;255m██[38;2;254;252;253m██[38;2;232;103;161m████[38;2;233;103;161m██[38;2;255;255;255m████
[38;2;255;255;255m████[38;2;232;102;160m██████[38;2;224;98;154m██[38;2;255;255;255m████████[38;2;218;92;148m██[38;2;226;95;154m██[38;2;255;255;255m████████[38;2;230;101;159m██[38;2;233;103;161m██[38;2;255;255;255m██████████[38;2;226;95;154m██[38;2;224;95;152m██[38;2;255;255;255m████[38;2;233;102;161m████[38;2;233;103;161m██[38;2;255;255;255m████
[38;2;255;255;255m████[38;2;232;102;160m████[38;2;240;110;168m██[38;2;232;102;160m██[38;2;231;102;159m██[38;2;199;87;137m████[38;2;225;95;153m██[38;2;227;95;154m██[38;2;227;96;154m██[38;2;215;91;146m██[38;2;193;81;131m██[38;2;203;89;140m██[38;2;232;103;160m██[38;2;233;103;161m██████[38;2;216;95;149m██[38;2;198;87;137m██[38;2;200;88;139m██[38;2;220;93;149m██[38;2;227;95;154m██[38;2;227;96;154m██[38;2;206;91;143m██[38;2;223;98;154m██[38;2;242;112;170m██[38;2;233;103;161m██[38;2;252;121;179m██[38;2;255;255;255m████
[38;2;0;0;0m  [38;2;255;255;255m██[38;2;232;102;160m██[38;2;245;115;173m████[38;2;232;102;160m██████[38;2;227;95;154m██████████████[38;2;233;103;161m████████████[38;2;227;95;154m██████████[38;2;241;112;170m██[38;2;242;112;169m████[38;2;252;122;180m██[38;2;255;255;255m██[38;2;0;0;0m  
[38;2;0;0;0m  [38;2;255;255;255m████[38;2;245;114;173m████[38;2;245;115;173m██[38;2;232;102;160m████[38;2;227;96;154m████[38;2;227;95;154m██[38;2;227;96;154m██[38;2;227;95;154m██[38;2;227;96;154m████[38;2;232;102;160m████████[38;2;222;91;149m██[38;2;227;95;154m██[38;2;227;96;154m██████████[38;2;242;112;170m██████[38;2;255;255;255m████[38;2;0;0;0m  
[38;2;0;0;0m  [38;2;255;255;255m████[38;2;231;102;160m████████[38;2;227;96;154m██████[38;2;222;91;148m██[38;2;227;96;154m██████████[38;2;231;102;160m██████[38;2;222;91;149m██[38;2;227;96;154m██████████████[38;2;222;91;149m██[38;2;253;123;181m██[38;2;255;255;255m████[38;2;0;0;0m  
[38;2;0;0;0m    [38;2;255;255;255m████[38;2;232;102;160m████[38;2;227;96;154m████████[38;2;222;91;149m██[38;2;224;94;152m██[38;2;227;96;154m████████[38;2;229;99;157m██[38;2;232;102;160m████[38;2;227;96;154m██████████████████[38;2;255;255;255m████[38;2;0;0;0m    
[38;2;0;0;0m    [38;2;255;255;255m████[38;2;231;102;159m██[38;2;232;102;160m██[38;2;227;96;154m██████[38;2;222;91;149m██████[38;2;227;96;154m████[38;2;241;112;170m██[38;2;227;96;154m████[38;2;232;102;160m████[38;2;227;96;154m██████[38;2;241;112;170m██[38;2;227;96;154m████████[38;2;225;95;153m██[38;2;255;255;255m████[38;2;0;0;0m    
[38;2;0;0;0m      [38;2;255;255;255m████[38;2;227;96;154m██████████[38;2;226;96;154m██[38;2;227;96;154m██[38;2;227;96;153m██[38;2;242;112;170m████[38;2;229;100;158m████[38;2;227;96;154m██[38;2;231;102;160m████[38;2;232;102;160m██[38;2;241;111;169m██[38;2;242;112;170m████[38;2;222;91;149m██████[38;2;255;255;255m████[38;2;0;0;0m      
[38;2;0;0;0m        [38;2;255;255;255m████[38;2;253;123;181m████[38;2;226;95;154m██[38;2;226;96;154m██[38;2;226;95;154m██████[38;2;242;112;170m████[38;2;230;99;158m████[38;2;226;96;154m██[38;2;232;102;160m██████[38;2;242;112;170m████[38;2;242;111;170m████[38;2;222;91;149m██[38;2;255;255;255m████[38;2;0;0;0m        
[38;2;0;0;0m          [38;2;255;255;255m████[38;2;253;123;181m██[38;2;227;96;154m██[38;2;227;95;154m████[38;2;227;96;154m██[38;2;242;112;170m████████[38;2;227;96;154m██[38;2;227;95;154m████[38;2;232;102;160m██[38;2;242;112;170m██████████[38;2;255;255;255m████[38;2;0;0;0m          
[38;2;0;0;0m            [38;2;255;255;255m██████[38;2;227;95;154m██████[38;2;242;112;169m██[38;2;242;112;170m████████[38;2;227;95;154m████[38;2;231;101;159m██[38;2;232;102;160m██████[38;2;255;255;255m██████[38;2;0;0;0m            
[38;2;0;0;0m              [38;2;255;255;255m████████[38;2;242;112;170m████[38;2;241;111;170m██[38;2;242;112;170m██████[38;2;241;111;169m██[38;2;227;95;154m██[38;2;227;96;154m██[38;2;232;102;160m██[38;2;255;255;255m████████[38;2;0;0;0m              
[38;2;0;0;0m                  [38;2;255;255;255m████████████████████████████[38;2;0;0;0m                  
[38;2;0;0;0m                        [38;2;255;255;255m████████████████[38;2;0;0;0m                        [0m
