
[38;2;148;117;127m██[38;2;102;94;108m██[38;2;105;97;113m██[38;2;76;71;81m  [38;2;30;28;31m  [38;2;15;14;16m  [38;2;84;77;87m  [38;2;109;101;115m██[38;2;108;100;115m██[38;2;106;98;112m██[38;2;105;98;113m██[38;2;106;98;112m██[38;2;107;99;113m██[38;2;110;101;115m██[38;2;85;78;89m  [38;2;24;23;26m  [38;2;13;12;12m  [38;2;27;27;27m  [38;2;78;72;79m  [38;2;90;86;96m  [38;2;93;87;99m  [38;2;96;88;101m██[38;2;101;95;107m██[38;2;107;96;110m██[38;2;79;71;78m██[38;2;6;6;6m  [38;2;0;0;0m            
[38;2;188;185;186m██[38;2;253;253;253m██[38;2;227;225;227m██[38;2;100;94;107m██[38;2;106;99;113m██[38;2;106;99;112m██[38;2;107;99;113m██[38;2;107;99;114m██[38;2;106;99;113m██[38;2;107;99;113m██[38;2;106;99;113m██[38;2;107;99;113m████[38;2;107;99;114m██[38;2;107;99;113m████[38;2;107;98;114m██[38;2;97;89;102m  [38;2;58;53;60m██[38;2;84;80;92m██[38;2;40;40;40m██[38;2;6;6;6m██[38;2;220;145;151m██[38;2;226;153;155m██[38;2;73;47;48m  [38;2;0;0;0m              
[38;2;254;254;254m██[38;2;118;117;119m██[38;2;109;101;115m██[38;2;107;99;113m██[38;2;107;98;113m██[38;2;107;99;113m████[38;2;107;98;113m██████[38;2;107;99;113m██[38;2;107;98;113m████[38;2;107;99;113m██[38;2;107;98;113m████[38;2;107;99;113m██[38;2;107;98;113m██[38;2;106;99;114m██[38;2;196;193;198m██[38;2;246;245;245m██[38;2;138;138;139m██[38;2;141;140;139m██[38;2;226;151;155m██[38;2;8;8;8m  [38;2;0;0;0m              
[38;2;54;54;56m██[38;2;106;98;111m██[38;2;107;98;114m██[38;2;131;125;137m██[38;2;107;99;114m██[38;2;106;99;113m██[38;2;107;98;112m██[38;2;95;88;102m██[38;2;106;99;113m████████[38;2;107;99;113m████[38;2;106;99;113m████████[38;2;107;99;113m██[38;2;106;99;113m██[38;2;58;53;60m██[38;2;253;253;254m██[38;2;251;250;250m██[38;2;18;13;14m  [38;2;3;2;3m  [38;2;0;0;0m              
[38;2;108;100;114m██[38;2;107;99;114m██[38;2;171;166;174m██[38;2;104;96;110m██[38;2;107;99;113m██[38;2;106;98;113m██[38;2;97;90;103m██[38;2;67;63;72m██[38;2;107;99;113m██[38;2;106;99;113m██[38;2;107;99;113m██████████[38;2;104;96;111m██[38;2;107;99;113m██████[38;2;105;97;112m██[38;2;105;97;114m██[38;2;19;18;19m██[38;2;101;100;102m██[38;2;227;227;228m  [38;2;36;36;36m  [38;2;0;0;0m              
[38;2;107;98;113m██[38;2;179;173;181m██[38;2;95;93;98m██[38;2;106;98;113m██[38;2;103;96;111m██[38;2;5;5;5m██[38;2;155;150;149m██[38;2;32;29;33m██[38;2;107;99;114m██[38;2;107;99;113m██[38;2;107;99;114m██[38;2;107;98;113m██[38;2;106;98;114m██[38;2;107;99;113m██[38;2;108;101;116m██[38;2;137;134;133m██[38;2;69;62;73m██[38;2;106;99;113m██[38;2;107;99;113m██[38;2;90;83;95m██[38;2;105;99;113m██[38;2;105;98;113m██[38;2;75;75;75m██[38;2;122;120;121m  [38;2;7;7;7m  [38;2;0;0;0m              
[38;2;107;99;114m██[38;2;226;226;225m██[38;2;7;7;8m██[38;2;14;13;13m██[38;2;197;192;187m██[38;2;252;243;236m██[38;2;254;244;237m██[38;2;2;2;2m██[38;2;106;98;113m████[38;2;107;98;114m██[38;2;106;99;113m██[38;2;106;99;112m██[38;2;107;99;114m██[38;2;66;61;71m██[38;2;246;237;232m██[38;2;233;230;225m██[38;2;3;3;3m██[38;2;96;89;103m██[38;2;105;98;110m██[38;2;69;64;73m██[38;2;107;98;113m██[38;2;104;96;108m  [38;2;239;239;240m  [38;2;0;0;0m                
[38;2;249;248;249m██[38;2;4;3;3m██[38;2;235;230;226m██[38;2;38;36;36m██[38;2;95;91;88m██[38;2;236;230;225m██[38;2;254;247;242m██[38;2;253;250;247m██[38;2;6;4;5m██[38;2;55;52;64m██[38;2;108;101;115m██[38;2;107;99;113m██[38;2;111;103;118m██[38;2;104;96;111m██[38;2;1;1;1m██[38;2;253;243;237m██[38;2;255;244;238m██[38;2;253;243;236m██[38;2;242;239;234m██[38;2;5;4;4m██[38;2;9;9;10m██[38;2;106;98;113m██[38;2;105;98;112m██[38;2;13;13;14m  [38;2;6;6;6m  [38;2;0;0;0m              
[38;2;253;253;253m██[38;2;150;147;145m██[38;2;244;235;230m██[38;2;217;209;206m██[38;2;101;98;100m██[38;2;2;2;2m████[38;2;1;1;1m██[38;2;145;144;141m██[38;2;153;144;142m██[38;2;251;242;237m██[38;2;253;252;247m██[38;2;254;247;241m██[38;2;250;243;238m██[38;2;252;245;239m██[38;2;254;254;249m██[38;2;236;229;224m██[38;2;142;136;134m██[38;2;88;84;82m██[38;2;69;66;63m██[38;2;115;114;111m██[38;2;106;98;112m██[38;2;106;98;113m██[38;2;34;32;36m  [38;2;122;122;122m  [38;2;0;0;0m              
[38;2;167;166;167m██[38;2;253;249;245m██[38;2;202;197;193m██[38;2;50;60;44m██[38;2;123;150;108m██[38;2;122;149;107m██[38;2;126;151;110m██[38;2;49;58;42m██[38;2;147;145;145m██[38;2;60;51;49m██[38;2;252;244;238m██[38;2;255;243;238m██[38;2;254;243;237m██[38;2;45;43;42m██[38;2;0;0;0m██[38;2;1;1;1m██[38;2;0;0;0m████[38;2;29;29;29m██[38;2;184;178;175m██[38;2;135;131;130m██[38;2;68;63;71m██[38;2;106;99;113m██[38;2;111;104;119m██[38;2;58;57;65m  [38;2;0;0;0m              
[38;2;45;44;46m██[38;2;253;243;238m██[38;2;3;4;3m██[38;2;122;148;107m██[38;2;122;150;108m██[38;2;123;150;108m████[38;2;123;149;107m██[38;2;123;147;108m██[38;2;251;245;240m██[38;2;255;243;238m██████[38;2;253;246;240m██[38;2;3;3;3m██[38;2;123;149;106m██[38;2;122;149;107m████[38;2;122;149;108m██[38;2;48;53;41m██[38;2;240;238;233m██[38;2;101;93;107m██[38;2;107;99;114m██[38;2;106;98;113m██[38;2;21;20;21m██[38;2;4;4;4m  [38;2;0;0;0m            
[38;2;16;16;18m██[38;2;252;241;234m██[38;2;44;41;40m██[38;2;126;153;112m██[38;2;122;150;108m██[38;2;123;150;108m████[38;2;123;150;109m██[38;2;121;146;107m██[38;2;234;226;221m██[38;2;255;243;238m██[38;2;255;243;237m██[38;2;255;243;238m██[38;2;121;116;114m██[38;2;123;149;108m██[38;2;123;149;107m██[38;2;122;150;108m██[38;2;123;150;107m██[38;2;122;150;108m██[38;2;90;109;81m██[38;2;254;250;247m██[38;2;86;78;89m██[38;2;106;99;113m██[38;2;106;98;113m██[38;2;1;1;1m██[38;2;40;38;39m  [38;2;0;0;0m            
[38;2;17;17;17m██[38;2;252;242;236m██[38;2;253;243;237m██[38;2;26;25;25m██[38;2;95;114;82m██[38;2;127;153;112m██[38;2;127;154;112m██[38;2;84;101;74m██[38;2;42;38;36m██[38;2;254;243;238m██[38;2;255;244;238m████[38;2;255;243;238m██[38;2;87;83;80m██[38;2;124;152;109m██[38;2;122;149;108m██[38;2;123;149;109m██[38;2;123;149;107m██[38;2;124;149;109m██[38;2;5;6;4m██[38;2;251;242;237m██[38;2;67;61;70m██[38;2;107;99;114m██[38;2;108;98;114m██[38;2;1;1;1m██[38;2;14;13;14m  [38;2;14;14;14m  [38;2;0;0;0m          
[38;2;41;42;41m██[38;2;254;246;240m██[38;2;255;243;238m██[38;2;254;243;237m██[38;2;246;238;232m██[38;2;165;158;156m██[38;2;169;161;158m██[38;2;249;241;234m██[38;2;254;244;238m██[38;2;255;244;238m██[38;2;255;243;237m██[38;2;253;242;236m██[38;2;255;243;238m██[38;2;253;246;241m██[38;2;14;17;13m██[38;2;93;111;82m██[38;2;102;124;89m██[38;2;53;63;48m██[38;2;16;15;14m██[38;2;253;246;240m██[38;2;254;244;238m██[38;2;78;70;80m██[38;2;106;99;114m██[38;2;109;99;115m██[38;2;0;0;0m██[38;2;4;4;4m  [38;2;8;8;8m  [38;2;0;0;0m          
[38;2;115;115;115m██[38;2;248;241;236m██[38;2;255;243;238m██████[38;2;255;243;237m██[38;2;255;243;238m████████[38;2;229;226;220m██[38;2;0;0;0m██[38;2;237;233;228m██[38;2;255;243;238m██[38;2;253;244;238m██[38;2;254;244;238m████[38;2;252;246;243m██[38;2;254;243;237m██[38;2;255;243;238m██[38;2;249;243;237m██[38;2;90;81;94m██[38;2;107;99;113m██[38;2;108;100;114m██[38;2;37;33;39m██[38;2;12;11;11m  [38;2;11;11;11m  [38;2;9;7;9m  [38;2;0;0;0m        
[38;2;235;235;235m██[38;2;24;23;23m██[38;2;218;214;212m██[38;2;254;244;239m██[38;2;255;243;237m██[38;2;255;244;238m██[38;2;255;243;239m██[38;2;255;243;237m████[38;2;254;243;236m██[38;2;154;146;143m██[38;2;253;242;236m██[38;2;147;138;135m██[38;2;254;243;237m██[38;2;255;243;238m████████████[38;2;230;228;227m██[38;2;109;100;114m██[38;2;88;80;94m██[38;2;84;78;89m██[38;2;108;101;116m██[38;2;22;21;21m  [38;2;0;0;0m            
[38;2;26;25;28m██[38;2;19;18;21m██[38;2;123;120;118m██[38;2;10;9;9m██[38;2;49;47;46m██[38;2;169;165;161m██[38;2;247;240;235m██[38;2;253;248;242m██[38;2;253;242;237m██[38;2;254;243;238m██[38;2;255;243;238m██████████████[38;2;254;243;237m██[38;2;253;243;237m██[38;2;253;247;242m██[38;2;154;148;145m██[38;2;110;102;116m██[38;2;105;98;108m██[38;2;8;7;9m██[38;2;61;58;66m  [38;2;4;3;3m  [38;2;0;0;0m    [38;2;12;12;12m  [38;2;67;67;67m  [38;2;15;12;12m  [38;2;0;0;0m  
[38;2;108;100;114m██[38;2;1;1;1m██[38;2;253;242;237m██[38;2;219;215;211m██[38;2;176;172;179m██[38;2;255;255;255m██[38;2;212;212;213m██[38;2;115;114;115m██[38;2;34;33;34m██[38;2;10;9;9m██[38;2;63;62;60m██[38;2;109;106;103m██[38;2;133;127;124m██[38;2;134;127;124m██[38;2;128;122;119m██[38;2;105;101;99m██[38;2;64;61;60m██[38;2;9;8;8m██[38;2;0;0;0m██[38;2;51;48;52m██[38;2;7;7;8m██[38;2;96;90;101m██[38;2;35;32;36m██[38;2;92;87;97m  [38;2;31;26;29m  [38;2;0;0;0m    [38;2;27;26;26m  [38;2;82;81;82m  [38;2;157;157;157m  [38;2;160;159;160m  [38;2;21;19;19m  
[38;2;61;57;65m██[38;2;182;176;173m██[38;2;255;243;239m██[38;2;186;176;171m██[38;2;169;168;170m██[38;2;63;58;73m██[38;2;24;23;27m██[38;2;78;78;78m██[38;2;202;202;201m██[38;2;251;251;251m██[38;2;252;252;252m██[38;2;102;99;97m██[38;2;117;109;104m██[38;2;254;254;254m████[38;2;175;175;175m██[38;2;6;5;7m██[38;2;53;48;57m██[38;2;250;243;239m██[38;2;1;1;2m██[38;2;108;101;114m██[38;2;106;97;114m██[38;2;0;0;0m  [38;2;23;22;23m  [38;2;1;1;1m  [38;2;54;54;54m  [38;2;12;12;12m  [38;2;254;254;254m██[38;2;255;255;255m██████[38;2;100;100;100m  
[38;2;43;41;41m██[38;2;192;183;178m██[38;2;250;244;236m██[38;2;89;83;83m██[38;2;251;251;251m██[38;2;250;249;249m██[38;2;37;37;37m██[38;2;22;20;25m██[38;2;73;69;84m██[38;2;23;21;26m██[38;2;35;34;35m██[38;2;116;98;72m██[38;2;33;24;17m██[38;2;94;86;81m██[38;2;33;30;40m██[38;2;78;69;90m██[38;2;4;3;2m██[38;2;27;25;17m██[38;2;241;234;230m██[38;2;209;208;205m██[38;2;12;11;13m██[38;2;68;63;74m██[38;2;3;3;3m  [38;2;88;88;88m  [38;2;0;0;0m  [38;2;19;18;22m  [38;2;249;249;249m██[38;2;255;255;255m████████[38;2;221;221;221m██
[38;2;217;175;97m██[38;2;105;81;50m██[38;2;77;58;35m██[38;2;3;2;1m██[38;2;79;58;32m██[38;2;5;4;2m██[38;2;9;9;9m██[38;2;56;56;56m██[38;2;165;158;162m██[38;2;4;2;3m██[38;2;9;8;13m██[38;2;148;63;72m██[38;2;250;109;130m██[38;2;23;17;24m██[38;2;120;113;114m██[38;2;196;161;99m██[38;2;19;18;23m██[38;2;10;10;16m██[38;2;100;80;43m██[38;2;55;46;24m██[38;2;152;126;86m██[38;2;65;61;68m██[38;2;14;13;15m  [38;2;11;10;10m  [38;2;29;27;30m  [38;2;99;92;108m██[38;2;254;254;254m██[38;2;255;255;255m██████[38;2;254;254;254m██[38;2;47;47;47m  
[38;2;252;198;108m██[38;2;253;199;107m██[38;2;219;181;98m██[38;2;0;0;1m██[38;2;11;12;18m██[38;2;5;6;9m██[38;2;6;7;10m██[38;2;68;58;39m██[38;2;117;78;111m██[38;2;73;68;89m██[38;2;79;74;94m██[38;2;1;0;1m██[38;2;2;1;2m██[38;2;80;70;89m██[38;2;8;7;10m██[38;2;78;79;92m██[38;2;70;79;115m██[38;2;14;16;23m██[38;2;254;209;112m██[38;2;252;197;106m██[38;2;252;198;111m██[38;2;89;70;39m██[38;2;23;22;24m██[38;2;67;62;73m██[38;2;106;98;113m██[38;2;91;83;96m██[38;2;251;250;251m██[38;2;254;254;254m████[38;2;253;253;253m██[38;2;246;246;246m  [38;2;107;96;96m  
[38;2;174;140;77m██[38;2;2;2;1m██[38;2;252;197;108m██[38;2;6;6;5m██[38;2;69;78;116m██[38;2;69;80;116m██[38;2;56;66;95m██[38;2;40;30;23m██[38;2;1;1;0m██[38;2;3;1;2m██[38;2;79;71;91m██[38;2;13;8;11m██[38;2;17;11;15m██[38;2;77;71;89m██[38;2;28;24;33m██[38;2;38;28;14m██[38;2;46;49;69m██[38;2;17;19;27m██[38;2;253;199;110m██[38;2;218;178;94m██[38;2;1;1;2m██[38;2;29;22;13m██[38;2;112;104;117m██[38;2;106;98;113m██[38;2;106;99;113m██[38;2;106;98;113m██[38;2;98;89;103m██[38;2;97;95;102m██[38;2;84;80;85m██[38;2;192;188;193m██[38;2;17;15;16m  [38;2;0;0;0m  
[38;2;72;82;117m██[38;2;69;79;116m██[38;2;0;0;1m██[38;2;1;1;3m██[38;2;69;79;115m██[38;2;70;80;115m██[38;2;55;64;92m██[38;2;28;20;10m██[38;2;4;3;2m██[38;2;203;133;179m██[38;2;134;87;118m██[38;2;156;100;136m██[38;2;183;120;161m██[38;2;26;16;22m██[38;2;217;139;189m██[38;2;206;166;89m██[38;2;36;39;57m██[38;2;0;0;1m██[38;2;0;0;0m██[38;2;6;6;9m██[38;2;2;3;3m██[38;2;110;102;114m██[38;2;107;99;113m██████████[38;2;107;98;113m██[38;2;107;99;113m██[38;2;5;4;5m  [38;2;0;0;0m    
[38;2;69;80;116m██[38;2;70;80;116m██[38;2;70;79;115m██[38;2;2;2;3m██[38;2;70;77;113m██[38;2;69;79;116m██[38;2;69;80;113m██[38;2;224;179;103m██[38;2;74;57;33m██[38;2;204;135;179m██[38;2;206;135;181m██[38;2;205;135;182m██[38;2;212;138;186m██[38;2;207;133;182m██[38;2;205;134;179m██[38;2;39;29;17m██[38;2;36;31;39m██[38;2;28;31;47m██[38;2;69;78;112m██[38;2;5;6;10m██[38;2;107;100;115m██[38;2;106;99;113m██[38;2;107;99;113m████[38;2;107;98;113m████[38;2;106;98;113m██[38;2;110;103;116m██[38;2;3;2;3m  [38;2;0;0;0m      
[38;2;70;80;116m████[38;2;69;79;115m██[38;2;2;3;4m██[38;2;25;18;14m██[38;2;54;62;91m██[38;2;69;78;116m██[38;2;19;22;30m██[38;2;193;152;84m██[38;2;205;135;181m██[38;2;206;134;179m██[38;2;26;16;22m██[38;2;46;37;49m██[38;2;3;2;2m██[38;2;106;67;95m██[38;2;6;3;5m██[38;2;20;20;19m██[38;2;43;40;39m██[38;2;22;20;24m██[38;2;106;97;112m██[38;2;107;99;113m████[38;2;106;99;113m██[38;2;107;99;113m██[38;2;106;99;113m██[38;2;106;97;113m██[38;2;110;102;114m██[38;2;17;15;17m  [38;2;0;0;0m        
[38;2;70;80;115m██████[38;2;6;7;12m██[38;2;1;1;0m██[38;2;222;182;93m██[38;2;189;152;82m██[38;2;225;181;96m██[38;2;2;1;1m██[38;2;8;6;9m██[38;2;0;0;0m██[38;2;110;92;119m██[38;2;110;92;120m██[38;2;6;5;7m██[38;2;50;49;49m██[38;2;63;63;63m██[38;2;64;64;63m██[38;2;10;10;10m██[38;2;105;98;112m██[38;2;106;98;113m██[38;2;107;99;113m████[38;2;107;99;114m██[38;2;107;98;114m██[38;2;107;98;113m██[38;2;82;76;87m██[38;2;30;29;30m  [38;2;0;0;0m          
[38;2;72;82;118m██[38;2;73;83;119m██[38;2;70;79;115m██[38;2;42;48;69m██[38;2;110;90;118m██[38;2;27;22;29m██[38;2;3;2;1m██[38;2;98;83;106m██[38;2;109;91;118m████[38;2;111;91;120m██[38;2;116;98;125m██[38;2;0;0;0m██[38;2;65;64;64m██[38;2;58;59;58m██[38;2;58;55;61m██[38;2;6;6;6m██[38;2;81;74;85m██[38;2;106;99;113m████[38;2;107;99;113m██[38;2;107;98;113m██[38;2;106;99;113m██[38;2;105;98;112m██[38;2;17;16;19m██[38;2;11;11;13m  [38;2;83;76;76m  [38;2;129;124;124m  [38;2;0;0;0m        
[38;2;157;150;147m██[38;2;177;169;166m██[38;2;33;32;31m██[38;2;0;0;1m██[38;2;112;93;121m██[38;2;110;91;119m████[38;2;109;91;119m██[38;2;4;3;4m██[38;2;2;1;2m██[38;2;7;6;8m██[38;2;64;64;62m██[38;2;63;63;63m██[38;2;60;60;61m██[38;2;1;1;1m██[38;2;107;100;113m██[38;2;107;98;112m██[38;2;106;97;113m██[38;2;106;99;113m██[38;2;107;99;113m████[38;2;106;98;114m██[38;2;108;101;113m██[38;2;0;0;0m██[38;2;67;78;116m██[38;2;64;63;64m██[38;2;19;19;19m  [38;2;53;52;52m  [38;2;64;63;63m  [38;2;0;0;0m      
[38;2;254;245;238m██[38;2;255;244;238m██[38;2;253;243;239m██[38;2;14;12;16m██[38;2;110;92;120m██[38;2;110;91;119m██[38;2;42;35;46m██[38;2;2;2;2m██[38;2;64;64;63m██[38;2;64;63;63m██[38;2;65;63;62m██[38;2;63;64;64m██[38;2;63;63;63m██[38;2;17;17;17m██[38;2;108;100;113m██[38;2;107;98;113m████[38;2;107;99;113m██[38;2;107;98;113m████[38;2;108;101;115m██[38;2;41;39;44m██[38;2;22;23;34m██[38;2;10;11;16m██[38;2;0;0;1m██[38;2;59;56;58m██[38;2;47;47;47m██[38;2;30;29;29m██[38;2;14;13;13m  [38;2;0;0;0m      
[38;2;53;52;51m  [38;2;186;183;180m  [38;2;135;129;125m██[38;2;13;10;14m██[38;2;110;91;120m██[38;2;12;10;13m██[38;2;45;44;44m██[38;2;63;62;63m██[38;2;64;64;65m██[38;2;24;24;24m██[38;2;22;22;22m██[38;2;16;16;16m██[38;2;15;13;15m██[38;2;94;87;98m██[38;2;106;99;113m██[38;2;106;98;113m██[38;2;106;98;114m██[38;2;105;99;113m██[38;2;91;85;97m██[38;2;29;27;29m██[38;2;217;213;207m██[38;2;209;207;205m██[38;2;97;93;91m██[38;2;72;80;117m██[38;2;5;6;9m██[38;2;4;5;7m██[38;2;64;63;63m██[38;2;21;21;21m  [38;2;9;9;11m  [38;2;0;0;0m      
[38;2;21;21;22m  [38;2;11;11;11m  [38;2;10;9;11m  [38;2;93;77;99m██[38;2;70;59;75m██[38;2;31;30;31m██[38;2;64;63;64m██[38;2;0;0;1m██[38;2;1;1;1m██[38;2;70;80;114m██[38;2;15;16;24m██[38;2;106;96;112m██[38;2;106;97;112m██[38;2;110;102;117m██[38;2;98;92;105m██[38;2;54;50;58m  [38;2;10;10;11m  [38;2;138;137;136m  [38;2;252;249;246m  [38;2;250;242;235m██[38;2;254;246;241m██[38;2;104;100;97m██[38;2;42;45;65m██[38;2;56;64;92m██[38;2;50;56;82m██[38;2;58;66;91m██[38;2;15;15;15m  [38;2;5;4;4m  [38;2;0;0;0m        [0m
