
[38;2;0;0;0m                                      [38;2;69;45;47m  [38;2;253;231;200m  [38;2;254;236;204m  [38;2;163;112;97m  [38;2;49;25;0m  [38;2;0;0;0m        
[38;2;0;0;0m                                    [38;2;102;46;49m  [38;2;253;232;199m  [38;2;254;232;202m██[38;2;255;236;205m██[38;2;254;234;202m██[38;2;201;165;152m  [38;2;39;20;20m  [38;2;0;0;0m      
[38;2;0;0;0m            [38;2;22;0;22m  [38;2;62;0;62m  [38;2;38;18;19m  [38;2;29;8;12m  [38;2;28;10;11m  [38;2;126;51;68m  [38;2;27;8;10m  [38;2;27;9;13m  [38;2;28;9;17m  [38;2;62;0;59m  [38;2;15;0;15m  [38;2;0;0;0m  [38;2;193;134;123m  [38;2;253;233;199m██[38;2;255;233;205m██[38;2;254;233;201m██[38;2;254;235;204m██[38;2;255;231;200m██[38;2;149;84;78m  [38;2;27;0;0m  [38;2;0;0;0m    
[38;2;0;0;0m      [38;2;88;0;0m  [38;2;21;8;12m  [38;2;114;33;49m  [38;2;96;24;38m  [38;2;106;41;49m  [38;2;109;48;48m  [38;2;110;46;44m██[38;2;114;49;50m██[38;2;115;50;48m██[38;2;116;49;50m██[38;2;115;50;47m██[38;2;115;49;50m██[38;2;110;43;47m  [38;2;101;26;42m  [38;2;106;33;59m  [38;2;55;25;26m  [38;2;218;97;74m  [38;2;253;229;196m██[38;2;225;197;165m██[38;2;254;232;200m██[38;2;254;232;201m██[38;2;254;232;202m  [38;2;70;8;8m  [38;2;0;0;0m    
[38;2;0;0;0m  [38;2;3;0;3m  [38;2;48;22;22m  [38;2;90;19;35m  [38;2;105;40;46m  [38;2;111;47;48m██[38;2;111;47;47m██[38;2;112;48;48m██[38;2;113;48;47m██[38;2;112;48;49m██[38;2;114;49;48m██[38;2;118;50;48m██[38;2;117;49;48m██[38;2;118;50;49m████[38;2;118;50;50m██[38;2;118;51;52m██[38;2;116;49;51m██[38;2;182;137;124m  [38;2;251;216;181m██[38;2;211;91;75m██[38;2;236;114;90m██[38;2;243;183;152m██[38;2;253;231;199m██[38;2;253;236;204m  [38;2;50;50;50m  [38;2;0;0;0m    
[38;2;65;0;0m  [38;2;95;20;37m  [38;2;112;46;51m  [38;2;112;48;48m██[38;2;112;47;49m██[38;2;112;48;45m██[38;2;111;47;44m██[38;2;116;46;50m██[38;2;114;48;50m██[38;2;113;49;49m██[38;2;113;48;47m██[38;2;109;44;43m██[38;2;115;51;49m██[38;2;115;50;48m██[38;2;116;48;49m██[38;2;115;49;50m██[38;2;118;50;49m██[38;2;115;50;50m██[38;2;110;49;49m██[38;2;229;194;168m██[38;2;166;52;44m██[38;2;187;67;51m██[38;2;201;83;61m██[38;2;234;107;88m██[38;2;222;147;119m  [38;2;177;177;103m  [38;2;0;0;0m    
[38;2;102;28;50m  [38;2;137;71;72m██[38;2;117;49;49m██[38;2;114;49;50m██[38;2;112;48;49m██[38;2;111;47;47m████[38;2;115;48;50m██[38;2;115;49;48m██[38;2;110;47;44m██[38;2;242;147;60m██[38;2;254;167;55m██[38;2;247;152;60m██[38;2;103;39;38m██[38;2;81;28;30m██[38;2;70;23;27m██[38;2;112;48;48m██[38;2;111;47;45m██[38;2;106;44;47m██[38;2;67;23;31m██[38;2;71;23;28m██[38;2;175;67;63m██[38;2;234;102;75m██[38;2;236;109;83m██[38;2;251;226;191m██[38;2;173;131;123m  [38;2;47;41;47m  [38;2;0;0;0m  
[38;2;131;52;83m  [38;2;154;89;94m██[38;2;116;52;50m██[38;2;112;48;48m██[38;2;108;44;44m██[38;2;98;36;35m██[38;2;96;32;33m██[38;2;101;36;38m██[38;2;106;40;42m██[38;2;196;107;46m██[38;2;198;98;42m██[38;2;219;123;38m██[38;2;190;95;40m██[38;2;246;154;58m██[38;2;65;23;30m██[38;2;64;20;30m████[38;2;66;22;31m██[38;2;65;22;31m██[38;2;65;24;30m██[38;2;65;24;32m██[38;2;66;23;32m██[38;2;200;82;71m██[38;2;234;115;84m██[38;2;234;184;153m██[38;2;236;214;207m██[38;2;101;35;48m  [38;2;32;0;32m  
[38;2;62;0;43m  [38;2;93;21;41m  [38;2;156;90;90m██[38;2;111;47;47m██[38;2;113;48;48m██[38;2;112;48;49m██[38;2;111;47;46m██[38;2;110;47;44m██[38;2;106;45;46m██[38;2;222;126;46m██[38;2;211;112;38m██[38;2;247;157;66m██[38;2;196;101;37m██[38;2;203;105;35m██[38;2;67;25;31m██[38;2;63;21;30m████[38;2;64;20;30m██[38;2;65;21;31m██[38;2;63;21;31m██[38;2;65;24;30m██[38;2;66;23;32m██[38;2;175;106;104m██[38;2;187;122;120m██[38;2;186;126;123m██[38;2;238;218;205m██[38;2;239;215;209m██[38;2;103;59;63m  
[38;2;0;0;0m  [38;2;45;18;26m  [38;2;148;85;85m██[38;2;114;48;49m██[38;2;113;47;49m██[38;2;111;47;45m██[38;2;105;43;43m██[38;2;87;34;36m██[38;2;70;20;26m██[38;2;132;49;24m██[38;2;187;91;36m██[38;2;253;162;52m██[38;2;216;118;46m██[38;2;216;122;52m██[38;2;64;22;29m██[38;2;62;20;28m██[38;2;63;21;30m██[38;2;63;22;28m██[38;2;64;23;32m██[38;2;65;23;33m██[38;2;66;22;32m██[38;2;69;16;29m██[38;2;148;82;84m██[38;2;180;115;113m██[38;2;174;113;109m██[38;2;194;141;137m██[38;2;109;50;50m██[38;2;105;48;43m  
[38;2;0;0;0m  [38;2;45;29;30m  [38;2;129;65;67m  [38;2;110;30;34m██[38;2;143;24;37m██[38;2;184;23;46m██[38;2;172;20;40m██[38;2;158;20;37m██[38;2;176;23;41m██[38;2;166;23;41m██[38;2;155;65;33m██[38;2;200;111;47m██[38;2;156;61;31m██[38;2;166;26;46m██[38;2;188;28;51m██[38;2;174;20;43m██[38;2;156;18;38m██[38;2;139;21;37m██[38;2;78;19;28m██[38;2;66;22;31m██[38;2;67;21;32m██[38;2;78;18;31m██[38;2;178;110;107m██[38;2;180;111;108m██[38;2;133;66;64m██[38;2;113;49;50m██[38;2;117;49;51m██[38;2;169;89;42m  
[38;2;0;0;0m  [38;2;65;32;21m  [38;2;161;23;45m██[38;2;136;26;41m██[38;2;98;35;38m██[38;2;103;43;43m██[38;2;109;48;47m██[38;2;108;45;44m██[38;2;107;44;43m██[38;2;103;43;42m██[38;2;107;47;46m██[38;2;114;47;50m██[38;2;115;50;50m██[38;2;117;49;51m██[38;2;115;48;51m██[38;2;110;46;46m██[38;2;103;42;45m██[38;2;102;39;44m██[38;2;121;32;42m██[38;2;138;21;33m██[38;2;171;25;52m██[38;2;90;25;28m██[38;2;108;45;47m██[38;2;111;44;45m██[38;2;112;48;48m████[38;2;114;49;48m██[38;2;96;34;37m  
[38;2;0;0;0m  [38;2;111;37;58m  [38;2;111;50;50m██[38;2;108;47;48m██[38;2;132;85;80m██[38;2;210;176;164m██[38;2;253;231;214m██[38;2;253;230;213m██[38;2;252;227;207m██[38;2;250;232;210m██[38;2;251;230;210m██[38;2;253;232;214m██[38;2;253;235;217m██[38;2;252;232;210m██[38;2;231;200;191m██[38;2;155;110;103m██[38;2;113;55;54m██[38;2;108;46;45m██[38;2;113;49;51m██[38;2;117;51;52m██[38;2;108;49;45m██[38;2;122;49;36m  [38;2;112;47;49m██[38;2;112;48;46m██[38;2;112;48;48m████[38;2;112;47;48m██[38;2;158;82;43m  
[38;2;41;0;0m  [38;2;246;219;212m  [38;2;254;237;215m██[38;2;242;221;204m██[38;2;189;158;148m██[38;2;182;101;86m██[38;2;201;89;74m██[38;2;219;90;70m██[38;2;65;17;13m██[38;2;59;26;20m██[38;2;59;29;20m██[38;2;58;25;17m██[38;2;55;24;15m██[38;2;59;15;10m██[38;2;205;97;81m██[38;2;213;148;130m██[38;2;244;214;199m██[38;2;250;230;209m██[38;2;253;233;215m██[38;2;254;234;217m██[38;2;254;230;216m  [38;2;111;43;59m  [38;2;115;49;51m  [38;2;115;50;48m████[38;2;117;49;49m██[38;2;111;47;47m██[38;2;133;62;43m  
[38;2;86;25;38m  [38;2;61;24;20m██[38;2;62;26;21m██[38;2;60;26;19m██[38;2;62;21;22m██[38;2;204;83;63m██[38;2;233;115;88m██[38;2;235;110;83m██[38;2;96;30;27m██[38;2;56;23;20m██[38;2;54;24;17m██[38;2;54;25;17m██[38;2;57;24;17m██[38;2;68;22;19m██[38;2;195;76;62m██[38;2;202;85;64m██[38;2;229;105;82m██[38;2;105;39;27m██[38;2;85;39;33m██[38;2;145;104;93m██[38;2;70;32;27m██[38;2;77;24;29m  [38;2;115;49;50m██[38;2;118;50;49m████[38;2;119;51;50m██[38;2;112;47;47m██[38;2;89;32;44m  
[38;2;83;24;36m  [38;2;56;23;18m████[38;2;54;22;17m██[38;2;79;26;26m██[38;2;234;106;77m██[38;2;234;112;82m██[38;2;218;125;101m██[38;2;146;88;84m██[38;2;81;36;34m██[38;2;91;44;37m██[38;2;89;44;37m██[38;2;78;31;27m██[38;2;100;52;50m██[38;2;206;160;130m██[38;2;253;228;196m██[38;2;235;106;80m██[38;2;110;38;37m██[38;2;83;39;30m██[38;2;93;47;41m██[38;2;61;23;20m██[38;2;60;19;16m██[38;2;111;45;47m██[38;2;116;50;49m██[38;2;118;50;48m██[38;2;118;51;50m██[38;2;114;46;48m██[38;2;78;27;37m  
[38;2;43;13;20m  [38;2;55;22;16m██[38;2;63;25;20m██[38;2;83;42;35m██[38;2;95;35;34m██[38;2;86;10;17m██[38;2;184;113;101m██[38;2;176;104;90m██[38;2;78;16;16m██[38;2;104;56;55m██[38;2;91;42;38m██[38;2;95;50;47m██[38;2;109;69;58m██[38;2;127;83;77m██[38;2;78;16;16m██[38;2;89;25;37m██[38;2;91;30;36m██[38;2;120;42;44m██[38;2;93;35;34m██[38;2;90;42;35m██[38;2;74;32;28m██[38;2;57;21;20m██[38;2;104;44;45m██[38;2;119;51;51m██[38;2;120;51;50m██[38;2;118;51;49m██[38;2;107;45;46m██[38;2;76;27;38m  
[38;2;91;35;46m  [38;2;87;37;35m██[38;2;97;47;43m██[38;2;91;44;41m██[38;2;77;16;25m██[38;2;192;118;101m██[38;2;83;16;28m██[38;2;85;15;30m██[38;2;199;131;116m██[38;2;189;150;134m██[38;2;98;50;40m██[38;2;119;68;59m██[38;2;116;75;61m██[38;2;150;83;79m██[38;2;133;60;58m██[38;2;94;26;36m██[38;2;189;115;103m██[38;2;83;16;26m██[38;2;99;31;31m██[38;2;130;79;67m██[38;2;79;35;32m██[38;2;65;17;22m  [38;2;73;27;30m██[38;2;120;52;51m██[38;2;122;53;52m██[38;2;117;50;50m██[38;2;81;28;32m██[38;2;76;27;39m  
[38;2;113;45;70m  [38;2;80;31;31m  [38;2;92;46;39m██[38;2;82;32;33m██[38;2;204;158;151m██[38;2;140;97;101m██[38;2;227;68;5m██[38;2;84;13;29m██[38;2;97;43;52m██[38;2;229;200;168m██[38;2;88;39;36m██[38;2;122;74;58m██[38;2;122;80;68m██[38;2;239;219;216m██[38;2;83;15;30m██[38;2;152;40;19m██[38;2;80;13;22m██[38;2;208;164;151m██[38;2;72;16;26m██[38;2;108;58;52m██[38;2;75;27;28m██[38;2;62;20;24m  [38;2;65;23;31m  [38;2;114;50;50m██[38;2;120;51;50m██[38;2;114;48;49m██[38;2;66;24;31m██[38;2;77;24;36m  
[38;2;86;46;66m  [38;2;77;21;28m  [38;2;95;45;40m██[38;2;82;23;29m██[38;2;243;242;238m██[38;2;100;23;18m██[38;2;228;72;10m██[38;2;213;61;12m██[38;2;120;29;23m██[38;2;220;190;160m██[38;2;80;33;28m██[38;2;134;92;75m██[38;2;131;89;74m██[38;2;86;33;43m██[38;2;231;72;6m██[38;2;215;62;9m██[38;2;201;63;17m██[38;2;242;238;235m██[38;2;70;18;25m██[38;2;76;30;29m██[38;2;66;20;22m██[38;2;67;25;29m  [38;2;67;22;32m  [38;2;71;25;33m██[38;2;111;49;46m██[38;2;97;37;42m██[38;2;68;25;31m██[38;2;81;27;40m  
[38;2;34;34;51m  [38;2;96;27;44m  [38;2;118;64;61m██[38;2;247;141;131m██[38;2;247;243;239m██[38;2;113;41;40m██[38;2;225;148;63m██[38;2;250;183;84m██[38;2;107;42;47m██[38;2;222;194;165m██[38;2;83;37;33m██[38;2;167;129;113m██[38;2;136;98;82m██[38;2;82;37;46m██[38;2;243;170;85m██[38;2;235;140;59m██[38;2;224;67;13m██[38;2;242;235;234m██[38;2;89;32;39m██[38;2;80;33;30m██[38;2;69;25;22m██[38;2;19;46;48m  [38;2;65;23;32m  [38;2;63;22;30m██[38;2;68;24;31m██[38;2;65;23;32m████[38;2;83;30;42m  
[38;2;84;39;57m  [38;2;238;207;176m██[38;2;204;113;89m██[38;2;169;120;111m██[38;2;248;153;142m██[38;2;245;244;241m██[38;2;152;109;111m██[38;2;139;88;96m██[38;2;249;239;225m██[38;2;253;233;199m██[38;2;244;210;178m██[38;2;236;210;183m██[38;2;254;235;201m██[38;2;247;244;241m██[38;2;165;43;15m██[38;2;219;131;63m██[38;2;102;47;54m██[38;2;247;188;183m██[38;2;105;43;40m██[38;2;77;28;28m██[38;2;97;34;35m██[38;2;73;20;31m  [38;2;63;21;33m██[38;2;62;22;30m██[38;2;64;22;32m██[38;2;65;24;32m██[38;2;65;23;32m██[38;2;99;49;60m  
[38;2;103;47;63m  [38;2;247;211;178m██[38;2;241;126;96m██[38;2;129;57;53m██[38;2;254;230;199m██[38;2;254;213;187m██[38;2;248;220;192m██[38;2;254;233;203m██[38;2;254;232;201m██[38;2;255;233;203m██[38;2;252;226;195m██[38;2;255;232;200m████[38;2;254;234;202m██[38;2;203;172;150m██[38;2;204;172;160m██[38;2;210;135;127m██[38;2;252;214;187m██[38;2;123;49;37m██[38;2;139;41;38m██[38;2;220;85;63m██[38;2;68;21;29m██[38;2;64;21;25m██[38;2;59;21;28m██[38;2;59;20;28m██[38;2;64;23;31m██[38;2;67;24;33m  [38;2;76;66;66m  
[38;2;39;15;17m  [38;2;253;229;199m██[38;2;233;158;128m██[38;2;170;72;64m██[38;2;253;231;200m██[38;2;254;235;205m████[38;2;255;236;206m██[38;2;254;236;205m██[38;2;249;230;197m██[38;2;179;50;43m██[38;2;229;192;164m██[38;2;255;232;201m██[38;2;254;230;199m██[38;2;225;211;199m██[38;2;213;191;180m██[38;2;210;185;177m██[38;2;252;230;198m██[38;2;234;111;83m██[38;2;237;110;84m██[38;2;199;83;74m██[38;2;64;23;30m██[38;2;58;22;26m██[38;2;63;20;27m██[38;2;58;21;28m██[38;2;61;20;30m██[38;2;77;24;37m  [38;2;39;21;39m  
[38;2;0;0;0m  [38;2;105;69;63m  [38;2;236;215;187m  [38;2;197;166;149m  [38;2;253;231;201m██[38;2;255;236;206m██[38;2;255;236;205m██[38;2;254;235;204m██[38;2;254;235;205m██[38;2;162;56;47m██[38;2;193;54;45m██[38;2;186;55;48m██[38;2;253;230;199m██[38;2;254;232;199m██[38;2;233;203;192m██[38;2;241;219;203m██[38;2;246;221;205m██[38;2;249;211;178m██[38;2;234;112;85m██[38;2;233;114;84m██[38;2;75;22;23m██[38;2;61;21;29m██[38;2;59;21;28m██[38;2;62;22;27m██[38;2;59;21;29m██[38;2;63;22;32m██[38;2;94;51;61m  [38;2;0;0;0m  
[38;2;0;0;0m    [38;2;180;0;46m  [38;2;38;38;38m  [38;2;133;88;81m  [38;2;252;232;199m██[38;2;255;236;206m██[38;2;254;235;203m██[38;2;254;235;205m██[38;2;207;70;66m██[38;2;239;96;88m██[38;2;239;96;83m██[38;2;253;230;197m██[38;2;253;233;202m██[38;2;232;169;158m██[38;2;217;134;123m██[38;2;253;243;237m██[38;2;127;37;37m██[38;2;189;81;69m  [38;2;193;78;71m  [38;2;64;23;30m████[38;2;63;22;26m██[38;2;63;21;30m██[38;2;61;21;29m██[38;2;68;25;33m  [38;2;5;0;5m  [38;2;0;0;0m  
[38;2;0;0;0m        [38;2;28;0;0m  [38;2;86;47;49m  [38;2;253;232;202m  [38;2;253;231;200m  [38;2;254;233;203m██[38;2;242;205;178m██[38;2;242;97;90m██[38;2;199;116;97m██[38;2;255;232;201m██[38;2;221;193;166m██[38;2;247;227;215m  [38;2;253;241;232m  [38;2;73;17;22m  [38;2;75;25;31m  [38;2;112;68;79m  [38;2;65;19;29m  [38;2;60;20;28m██[38;2;63;22;30m██[38;2;63;21;30m██[38;2;63;22;29m██[38;2;64;23;32m██[38;2;76;31;41m  [38;2;55;55;55m  [38;2;0;0;0m  
[38;2;0;0;0m            [38;2;57;57;57m  [38;2;88;52;51m  [38;2;196;158;142m  [38;2;254;239;206m██[38;2;255;239;205m██[38;2;254;239;208m██[38;2;254;232;206m  [38;2;166;122;111m  [38;2;174;170;170m  [38;2;74;36;36m  [38;2;100;52;66m  [38;2;75;30;40m  [38;2;97;37;45m  [38;2;63;21;28m██[38;2;62;20;30m██[38;2;62;21;30m██[38;2;63;22;30m████[38;2;66;25;33m██[38;2;51;29;36m  [38;2;0;0;0m    
[38;2;0;0;0m              [38;2;14;11;14m  [38;2;17;4;8m  [38;2;129;40;47m  [38;2;230;101;81m██[38;2;195;79;66m██[38;2;142;57;57m  [38;2;144;77;74m  [38;2;114;58;58m  [38;2;92;40;44m  [38;2;102;43;44m██[38;2;72;24;27m██[38;2;101;43;41m██[38;2;62;21;27m██[38;2;63;22;25m██[38;2;62;22;29m██[38;2;63;21;30m██[38;2;65;23;32m██[38;2;73;27;38m  [38;2;43;0;25m  [38;2;0;0;0m    
[38;2;0;0;0m              [38;2;159;87;87m  [38;2;181;105;98m  [38;2;183;101;97m██[38;2;176;66;54m██[38;2;179;97;88m██[38;2;81;28;37m██[38;2;71;23;30m██[38;2;95;42;47m██[38;2;108;44;44m██[38;2;97;41;42m██[38;2;78;24;32m██[38;2;107;44;44m██[38;2;62;19;28m██[38;2;62;21;28m██[38;2;63;21;30m████[38;2;66;25;32m██[38;2;55;31;36m  [38;2;0;0;0m      
[38;2;0;0;0m          [38;2;113;0;0m  [38;2;100;53;61m  [38;2;73;23;32m  [38;2;68;23;32m██[38;2;70;26;33m██[38;2;154;72;66m██[38;2;126;54;55m██[38;2;68;22;30m██[38;2;101;43;49m██[38;2;111;47;47m██[38;2;110;46;46m██[38;2;98;36;42m██[38;2;106;42;44m██[38;2;108;46;46m██[38;2;63;20;26m██[38;2;62;22;26m██[38;2;63;22;30m██[38;2;64;23;31m██[38;2;75;30;39m  [38;2;41;0;41m  [38;2;0;0;0m      
[38;2;0;0;0m  [38;2;64;38;38m  [38;2;89;34;50m  [38;2;87;30;46m  [38;2;55;25;32m  [38;2;84;35;52m  [38;2;66;23;31m██[38;2;65;24;32m██[38;2;65;23;32m██[38;2;97;42;30m██[38;2;194;84;60m██[38;2;242;137;62m██[38;2;108;44;48m██[38;2;112;47;46m██[38;2;111;47;46m██[38;2;108;44;45m██[38;2;90;30;34m██[38;2;106;46;46m██[38;2;107;46;46m██[38;2;63;20;30m██[38;2;61;21;29m██[38;2;62;21;30m██[38;2;67;25;34m  [38;2;47;9;41m  [38;2;0;0;0m        [0m
