
[38;2;0;0;0m                                      [38;2;127;126;125m  [38;2;224;209;192m  [38;2;189;149;119m  [38;2;186;151;113m  [38;2;196;164;145m██[38;2;213;199;180m██[38;2;232;218;200m██[38;2;238;225;210m██[38;2;234;224;201m██[38;2;227;210;189m██[38;2;205;182;162m██[38;2;186;152;124m  [38;2;177;144;117m  [38;2;194;170;140m  [38;2;243;230;212m  [38;2;0;0;0m                                    
[38;2;0;0;0m                                      [38;2;207;179;152m  [38;2;187;156;115m  [38;2;235;234;215m██[38;2;249;249;245m██[38;2;251;250;246m██[38;2;251;251;249m██[38;2;251;253;251m██[38;2;251;252;254m██[38;2;252;253;250m██[38;2;252;253;252m██[38;2;253;252;251m██[38;2;250;251;244m██[38;2;246;243;226m██[38;2;214;201;179m██[38;2;185;150;117m  [38;2;202;168;140m  [38;2;164;158;107m  [38;2;0;0;0m                                
[38;2;0;0;0m                                  [38;2;219;219;137m  [38;2;228;203;173m  [38;2;179;152;109m  [38;2;246;239;232m██[38;2;249;250;250m██[38;2;251;251;250m██[38;2;250;253;251m██[38;2;252;254;251m██[38;2;253;254;252m██[38;2;252;254;252m██[38;2;250;254;254m██[38;2;252;253;254m██[38;2;254;252;254m██[38;2;253;252;251m██[38;2;251;252;251m██[38;2;252;251;251m██[38;2;248;245;238m██[38;2;198;179;157m  [38;2;189;158;124m  [38;2;190;168;147m  [38;2;0;0;0m                              
[38;2;0;0;0m                                [38;2;111;107;97m  [38;2;197;172;143m  [38;2;188;151;128m  [38;2;179;157;125m██[38;2;250;247;244m██[38;2;252;252;251m██[38;2;254;254;254m██[38;2;255;255;255m██████████████████[38;2;253;253;252m██[38;2;251;253;253m██[38;2;249;247;241m██[38;2;211;193;172m  [38;2;185;158;119m  [38;2;164;167;162m  [38;2;0;0;0m                            
[38;2;0;0;0m                              [38;2;238;235;209m  [38;2;184;150;117m  [38;2;215;189;165m  [38;2;245;247;245m██[38;2;248;245;239m██[38;2;252;252;250m██[38;2;252;252;252m██[38;2;254;254;254m██[38;2;255;255;255m██████████████████[38;2;253;253;252m██[38;2;253;252;250m██[38;2;252;252;250m██[38;2;244;250;249m██[38;2;197;164;135m  [38;2;209;187;162m  [38;2;0;0;0m                            
[38;2;0;0;0m                            [38;2;219;205;189m  [38;2;178;148;112m  [38;2;228;213;196m██[38;2;249;252;251m██[38;2;249;253;251m██[38;2;254;253;253m██[38;2;253;253;253m██[38;2;253;254;254m██[38;2;255;255;255m██[38;2;254;255;254m██[38;2;251;255;252m██[38;2;250;252;250m██[38;2;240;234;228m██[38;2;248;246;242m██[38;2;253;249;248m██[38;2;251;253;251m██[38;2;254;255;250m██[38;2;254;255;249m██[38;2;253;254;254m████[38;2;253;253;253m██[38;2;251;250;251m██[38;2;237;245;236m██[38;2;186;143;110m  [38;2;228;203;179m  [38;2;0;0;0m                          
[38;2;0;0;0m                          [38;2;246;77;71m  [38;2;190;152;118m  [38;2;229;213;192m██[38;2;247;248;244m██[38;2;249;252;251m██[38;2;251;253;250m██[38;2;255;255;255m████████[38;2;254;255;254m██[38;2;253;255;251m██[38;2;250;251;249m██[38;2;242;235;229m██[38;2;182;158;129m██[38;2;233;226;213m██[38;2;251;252;245m██[38;2;252;253;250m██[38;2;251;252;247m██[38;2;252;252;252m██[38;2;255;255;255m████[38;2;250;251;250m██[38;2;250;250;249m██[38;2;195;176;147m  [38;2;213;190;172m  [38;2;0;0;0m          [38;2;59;54;54m  [38;2;59;57;56m  [38;2;59;59;56m  [38;2;0;0;0m          
[38;2;0;0;0m                        [38;2;199;199;150m  [38;2;194;170;139m  [38;2;214;190;169m  [38;2;249;247;250m██[38;2;253;253;251m██[38;2;253;252;251m██[38;2;253;252;253m██[38;2;255;255;255m████████[38;2;254;254;254m██[38;2;251;254;252m██[38;2;247;254;254m██[38;2;251;252;251m██[38;2;240;237;228m██[38;2;181;150;112m██[38;2;231;216;201m██[38;2;251;251;249m██[38;2;245;246;241m██[38;2;251;251;252m██[38;2;255;255;255m████[38;2;253;253;251m██[38;2;251;252;250m██[38;2;235;224;209m██[38;2;184;159;132m  [38;2;0;0;0m    [38;2;143;139;131m  [38;2;224;209;192m  [38;2;191;163;136m  [38;2;189;153;120m  [38;2;187;151;118m  [38;2;198;162;129m  [38;2;205;185;167m  [38;2;171;157;153m  [38;2;0;0;0m      
[38;2;0;0;0m                        [38;2;216;204;192m  [38;2;186;155;129m  [38;2;246;249;245m██[38;2;253;248;246m██[38;2;254;254;254m██████[38;2;255;255;255m████████[38;2;254;254;254m██[38;2;248;250;248m██[38;2;244;250;247m██[38;2;248;249;247m██[38;2;253;250;249m██[38;2;243;236;234m██[38;2;179;143;100m██[38;2;239;233;220m██[38;2;184;164;145m██[38;2;251;249;245m██[38;2;255;255;255m████[38;2;252;253;251m██[38;2;251;251;249m██[38;2;245;244;239m██[38;2;185;151;121m  [38;2;205;205;197m  [38;2;141;129;126m  [38;2;190;147;103m  [38;2;189;158;129m  [38;2;235;223;208m██[38;2;244;242;238m██[38;2;250;245;236m██[38;2;238;237;230m██[38;2;202;180;155m  [38;2;181;146;111m  [38;2;219;193;165m  [38;2;0;0;0m    
[38;2;0;0;0m                      [38;2;143;137;131m  [38;2;184;152;117m  [38;2;234;228;213m██[38;2;251;251;252m██[38;2;247;253;253m██[38;2;255;255;255m██████████████[38;2;254;254;254m██[38;2;249;248;251m██[38;2;245;245;251m██[38;2;159;212;224m██[38;2;249;253;250m██[38;2;248;249;246m██[38;2;213;201;188m██[38;2;190;151;112m██[38;2;222;217;201m██[38;2;250;247;249m██[38;2;255;255;255m████[38;2;252;253;251m██[38;2;252;251;249m██[38;2;246;246;241m██[38;2;182;150;114m  [38;2;219;224;212m  [38;2;188;155;124m  [38;2;216;201;194m██[38;2;245;250;245m██[38;2;251;251;248m██[38;2;249;252;244m██[38;2;251;251;251m██[38;2;251;250;250m██[38;2;249;250;245m██[38;2;245;238;228m██[38;2;187;164;141m  [38;2;193;161;130m  [38;2;94;93;72m  
[38;2;0;0;0m                      [38;2;209;191;169m  [38;2;202;170;140m  [38;2;250;247;243m██[38;2;249;252;249m██[38;2;252;250;250m██[38;2;255;255;255m██████████████[38;2;254;254;254m██[38;2;245;247;237m██[38;2;154;213;235m██[38;2;102;200;224m██[38;2;253;252;250m██[38;2;245;250;245m██[38;2;219;203;187m██[38;2;199;169;133m██[38;2;246;251;245m██[38;2;251;251;245m██[38;2;255;255;255m████[38;2;252;253;251m██[38;2;252;252;249m██[38;2;248;246;243m██[38;2;183;148;106m  [38;2;184;148;110m  [38;2;180;149;120m  [38;2;249;251;245m██[38;2;246;251;250m██[38;2;249;252;248m██[38;2;251;252;251m██[38;2;245;243;239m██[38;2;207;195;169m██[38;2;210;196;182m██[38;2;246;243;237m██[38;2;250;246;242m██[38;2;198;169;137m  [38;2;197;180;157m  
[38;2;0;0;0m                    [38;2;8;8;8m  [38;2;184;148;116m  [38;2;241;234;229m██[38;2;253;253;253m██████[38;2;255;255;255m██████████[38;2;247;250;249m██[38;2;249;249;251m██[38;2;245;250;250m██[38;2;199;233;240m██[38;2;90;187;224m██[38;2;232;246;245m██[38;2;245;249;246m██[38;2;204;194;169m██[38;2;186;152;118m██[38;2;247;246;235m██[38;2;251;252;251m██[38;2;250;253;248m██[38;2;255;255;255m████[38;2;252;253;250m██[38;2;252;252;252m██[38;2;248;248;240m██[38;2;182;146;109m██[38;2;231;215;200m██[38;2;203;179;147m██[38;2;253;253;253m████[38;2;254;253;253m██[38;2;246;252;247m██[38;2;217;205;184m██[38;2;214;185;154m██[38;2;224;207;192m██[38;2;183;151;115m██[38;2;247;244;238m██[38;2;244;244;240m██[38;2;187;148;108m  
[38;2;0;0;0m                    [38;2;216;227;223m  [38;2;187;151;117m  [38;2;245;250;246m██[38;2;255;255;255m████████████████[38;2;250;246;252m██[38;2;242;252;239m██[38;2;229;242;241m██[38;2;87;192;233m██[38;2;200;234;243m██[38;2;245;246;241m██[38;2;223;203;179m██[38;2;192;155;118m██[38;2;247;244;239m██[38;2;252;250;250m██[38;2;253;253;251m██[38;2;252;253;251m██[38;2;255;255;255m████[38;2;253;253;250m██[38;2;253;253;251m██[38;2;245;241;233m██[38;2;185;150;111m██[38;2;233;225;215m██[38;2;195;169;134m██[38;2;251;251;251m██[38;2;253;253;253m██[38;2;254;254;254m██[38;2;245;253;245m██[38;2;240;233;221m██[38;2;215;210;206m██[38;2;250;250;243m██[38;2;207;185;167m██[38;2;206;191;171m██[38;2;246;251;245m██[38;2;203;175;148m██
[38;2;0;0;0m                    [38;2;193;182;163m  [38;2;202;175;147m██[38;2;244;249;245m██[38;2;255;255;255m████████████████[38;2;244;252;244m██[38;2;251;248;249m██[38;2;186;229;237m██[38;2;171;221;234m██[38;2;240;249;243m██[38;2;241;233;227m██[38;2;187;152;119m██[38;2;246;243;237m██[38;2;249;248;250m██[38;2;254;252;250m██[38;2;253;253;248m██[38;2;254;253;254m██[38;2;255;255;255m████[38;2;254;252;251m██[38;2;253;253;250m██[38;2;231;224;210m██[38;2;191;172;142m██[38;2;248;246;238m██[38;2;177;148;114m██[38;2;247;246;245m██[38;2;252;251;250m██[38;2;252;253;253m██[38;2;249;251;249m██[38;2;251;250;246m██[38;2;250;251;249m██[38;2;248;253;246m██[38;2;243;234;222m██[38;2;194;154;125m██[38;2;247;247;244m██[38;2;215;197;172m██
[38;2;0;0;0m                    [38;2;185;167;137m  [38;2;223;203;182m██[38;2;249;248;249m██[38;2;255;255;255m████████████████[38;2;253;253;253m██[38;2;251;251;251m██[38;2;250;251;250m██[38;2;252;252;247m██[38;2;247;248;242m██[38;2;187;155;120m██[38;2;233;223;203m██[38;2;250;252;246m██[38;2;251;252;253m██[38;2;254;254;254m██████[38;2;255;255;255m████[38;2;249;253;248m██[38;2;249;250;252m██[38;2;201;184;162m██[38;2;224;212;193m██[38;2;251;250;248m██[38;2;224;204;187m██[38;2;181;157;124m██[38;2;245;245;237m██[38;2;247;250;248m██[38;2;250;251;252m██[38;2;251;252;252m██[38;2;251;252;251m██[38;2;246;253;246m██[38;2;247;245;240m██[38;2;184;149;112m██[38;2;245;248;244m██[38;2;202;174;147m██
[38;2;0;0;0m                [38;2;202;208;200m  [38;2;180;152;122m  [38;2;184;146;104m  [38;2;235;224;212m██[38;2;249;250;244m██[38;2;255;255;255m████████████████[38;2;253;253;253m██[38;2;255;255;255m██[38;2;254;254;254m██[38;2;247;249;250m██[38;2;246;237;230m██[38;2;175;153;120m██[38;2;251;249;246m██[38;2;251;250;252m██[38;2;254;252;252m██[38;2;255;255;255m██████████[38;2;250;251;246m██[38;2;246;248;245m██[38;2;189;145;116m██[38;2;248;243;236m██[38;2;252;252;250m██[38;2;249;248;248m██[38;2;218;196;177m██[38;2;185;154;116m██[38;2;239;228;210m██[38;2;251;251;247m██[38;2;251;251;250m██[38;2;251;251;252m██[38;2;250;250;248m██[38;2;241;230;215m██[38;2;187;156;117m██[38;2;243;240;229m██[38;2;187;149;110m  
[38;2;0;0;0m            [38;2;85;85;85m  [38;2;196;200;192m  [38;2;181;149;107m  [38;2;234;218;204m██[38;2;204;167;151m██[38;2;230;220;198m██[38;2;249;250;248m██[38;2;255;255;255m████████████████[38;2;253;253;253m██████[38;2;244;247;249m██[38;2;221;202;189m██[38;2;201;183;150m██[38;2;254;253;253m██[38;2;254;253;249m██[38;2;250;253;251m██[38;2;253;254;253m██[38;2;253;253;253m██[38;2;253;253;252m██[38;2;253;253;253m████[38;2;249;249;250m██[38;2;225;207;189m██[38;2;190;173;140m██[38;2;250;251;249m██[38;2;252;254;250m██[38;2;253;254;251m██[38;2;248;250;244m██[38;2;234;228;214m██[38;2;185;158;122m██[38;2;180;157;132m██[38;2;221;207;184m██[38;2;239;232;211m██[38;2;231;222;210m██[38;2;187;157;125m██[38;2;199;168;136m██[38;2;180;154;119m  [38;2;194;188;173m  
[38;2;0;0;0m          [38;2;32;32;32m  [38;2;204;200;191m  [38;2;178;150;113m  [38;2;243;237;226m██[38;2;250;249;248m██[38;2;227;214;199m██[38;2;215;199;179m██[38;2;251;249;247m██[38;2;255;255;255m████████████████[38;2;251;253;251m██[38;2;247;252;247m██[38;2;242;249;239m██[38;2;245;244;239m██[38;2;221;201;178m██[38;2;201;182;156m██[38;2;250;255;250m██[38;2;251;251;248m██[38;2;253;249;252m██[38;2;253;252;248m██[38;2;252;253;247m██[38;2;250;252;253m████[38;2;250;250;249m██[38;2;245;241;233m██[38;2;185;146;110m██[38;2;243;239;232m██[38;2;253;252;251m██[38;2;255;255;255m████[38;2;252;252;254m██[38;2;251;252;247m██[38;2;251;252;243m██[38;2;242;232;216m██[38;2;204;182;163m██[38;2;195;160;138m██[38;2;195;166;142m██[38;2;203;175;151m██[38;2;206;177;152m██[38;2;193;167;137m  [38;2;44;48;44m  
[38;2;0;0;0m        [38;2;51;59;63m  [38;2;184;172;149m  [38;2;187;153;117m  [38;2;242;236;226m██[38;2;250;249;246m██[38;2;251;252;251m██[38;2;250;245;246m██[38;2;250;244;244m██[38;2;252;251;249m██[38;2;255;255;255m████████████████[38;2;249;254;248m██[38;2;250;252;249m██[38;2;219;204;191m██[38;2;186;150;118m██[38;2;245;238;228m██[38;2;185;149;114m██[38;2;246;246;244m██[38;2;246;252;251m██[38;2;249;251;252m██[38;2;249;250;247m██[38;2;249;245;246m██[38;2;234;230;215m██[38;2;208;192;172m██[38;2;195;163;138m██[38;2;183;150;123m██[38;2;186;145;107m██[38;2;237;236;233m██[38;2;252;250;249m██[38;2;255;255;255m████[38;2;254;254;254m██[38;2;253;253;252m██[38;2;253;253;250m██[38;2;250;252;252m██[38;2;250;252;250m██[38;2;250;252;248m██[38;2;251;251;252m████[38;2;247;245;243m██[38;2;178;151;124m  [38;2;39;39;39m  
[38;2;0;0;0m      [38;2;167;179;174m  [38;2;185;163;136m  [38;2;189;165;136m  [38;2;246;238;234m██[38;2;251;250;245m██[38;2;248;251;249m██[38;2;253;250;250m██[38;2;253;252;250m██[38;2;252;252;251m██[38;2;252;249;251m██[38;2;255;255;251m██[38;2;255;254;251m██[38;2;252;254;250m██[38;2;253;253;255m██[38;2;254;253;255m██[38;2;255;252;251m██[38;2;254;252;251m██[38;2;254;252;254m██[38;2;250;253;245m██[38;2;248;250;248m██[38;2;228;213;203m██[38;2;196;166;142m██[38;2;248;247;242m██[38;2;211;186;166m██[38;2;188;160;131m██[38;2;247;241;229m██[38;2;249;249;250m██[38;2;227;220;205m██[38;2;175;152;117m██[38;2;186;158;127m██[38;2;232;211;185m██[38;2;245;237;227m██[38;2;249;245;240m██[38;2;246;248;241m██[38;2;248;249;245m██[38;2;249;252;251m██[38;2;252;253;255m██[38;2;253;253;255m██[38;2;254;254;255m██[38;2;254;254;254m████[38;2;252;252;250m██[38;2;250;253;251m██[38;2;247;251;250m██[38;2;250;251;248m██[38;2;252;251;249m██[38;2;250;251;244m██[38;2;183;147;114m  [38;2;39;39;34m  
[38;2;0;0;0m  [38;2;146;146;146m  [38;2;198;193;176m  [38;2;182;149;114m  [38;2;209;195;175m██[38;2;248;248;244m██[38;2;252;251;252m██[38;2;247;252;251m██[38;2;251;252;252m██[38;2;252;252;252m██[38;2;251;254;249m██████[38;2;252;253;251m██[38;2;248;253;252m██[38;2;248;251;250m██[38;2;251;252;249m██[38;2;250;253;251m██[38;2;251;251;252m██[38;2;250;252;247m██[38;2;251;251;251m██[38;2;246;248;239m██[38;2;246;242;237m██[38;2;184;155;117m██[38;2;249;247;240m██[38;2;246;249;251m██[38;2;224;210;197m██[38;2;194;148;107m██[38;2;185;146;110m██[38;2;180;147;114m██[38;2;186;149;122m██[38;2;246;235;224m██[38;2;243;249;248m██[38;2;246;251;247m██[38;2;247;252;249m██[38;2;246;250;247m██[38;2;249;248;243m██[38;2;250;252;244m██[38;2;250;247;251m██[38;2;248;251;249m██[38;2;251;250;245m██[38;2;254;253;253m██[38;2;255;255;255m████[38;2;253;253;249m██[38;2;250;251;249m██[38;2;247;245;241m██[38;2;247;247;242m██[38;2;252;249;252m██[38;2;251;245;245m██[38;2;181;148;117m  [38;2;39;39;34m  
[38;2;0;0;0m  [38;2;207;185;167m  [38;2;185;151;104m  [38;2;238;223;216m██[38;2;249;253;246m██[38;2;250;254;249m██[38;2;252;252;253m██[38;2;251;250;250m██[38;2;250;249;244m██[38;2;245;246;236m██[38;2;239;235;226m██[38;2;237;231;222m██[38;2;242;238;229m██[38;2;245;247;241m██[38;2;249;249;246m██[38;2;252;251;248m██[38;2;249;252;247m██[38;2;251;247;250m██[38;2;239;250;243m██[38;2;251;250;246m██[38;2;249;252;252m██[38;2;236;228;222m██[38;2;195;168;133m██[38;2;232;216;191m██[38;2;230;223;206m██[38;2;214;203;187m██[38;2;201;173;140m██[38;2;183;149;100m██[38;2;202;163;121m██[38;2;193;149;110m██[38;2;229;209;186m██[38;2;242;250;246m██[38;2;249;249;246m██[38;2;249;252;248m██[38;2;249;247;239m██[38;2;208;186;164m██[38;2;245;241;235m██[38;2;241;247;243m██[38;2;235;221;197m██[38;2;197;177;162m██[38;2;244;246;242m██[38;2;253;253;253m██[38;2;255;255;255m████[38;2;253;253;250m██[38;2;250;250;249m██[38;2;227;209;195m██[38;2;242;227;222m██[38;2;245;248;247m██[38;2;226;218;207m██[38;2;187;159;132m  [38;2;29;29;29m  
[38;2;205;208;201m  [38;2;183;150;119m  [38;2;236;233;228m██[38;2;247;250;252m██[38;2;249;252;252m██[38;2;250;252;247m██[38;2;250;251;248m██[38;2;244;236;218m██[38;2;191;163;137m██[38;2;184;149;112m██[38;2;185;151;125m██[38;2;194;161;135m██[38;2;184;150;123m██[38;2;184;152;117m██[38;2;211;188;169m██[38;2;250;246;240m██[38;2;247;250;247m██[38;2;241;249;246m██[38;2;119;187;213m██[38;2;241;249;248m██[38;2;250;251;243m██[38;2;245;248;242m██[38;2;233;217;206m██[38;2;185;152;126m██[38;2;190;163;137m██[38;2;219;198;178m██[38;2;181;146;115m██[38;2;216;180;138m██[38;2;233;204;159m██[38;2;218;191;145m██[38;2;178;147;109m██[38;2;197;175;147m██[38;2;212;193;165m██[38;2;202;178;152m██[38;2;186;157;128m██[38;2;210;182;161m██[38;2;243;242;236m██[38;2;207;189;163m██[38;2;178;156;129m██[38;2;239;234;220m██[38;2;248;249;246m██[38;2;253;252;250m██[38;2;251;252;253m██[38;2;252;249;248m██[38;2;250;250;244m██[38;2;248;243;239m██[38;2;183;153;118m██[38;2;248;245;239m██[38;2;247;245;239m██[38;2;185;153;127m██[38;2;207;182;158m  [38;2;36;36;36m  
[38;2;181;152;117m  [38;2;229;212;196m██[38;2;249;249;248m██[38;2;250;253;248m██[38;2;253;253;248m██[38;2;250;250;247m██[38;2;223;212;201m██[38;2;179;154;128m██[38;2;243;233;215m██[38;2;251;247;240m██[38;2;250;250;251m██[38;2;251;249;251m██[38;2;251;251;250m██[38;2;249;245;236m██[38;2;203;179;152m██[38;2;177;147;111m██[38;2;243;240;236m██[38;2;234;249;248m██[38;2;93;190;229m██[38;2;241;246;247m██[38;2;249;251;246m██[38;2;239;240;237m██[38;2;182;146;104m██[38;2;232;221;207m██[38;2;248;250;247m██[38;2;249;248;249m██[38;2;244;237;225m██[38;2;186;149;105m██[38;2;232;205;158m██[38;2;234;205;159m██[38;2;209;178;132m██[38;2;208;169;126m██[38;2;206;166;122m██[38;2;205;170;124m██[38;2;195;164;130m██[38;2;177;149;112m██[38;2;191;152;109m██[38;2;185;144;112m██[38;2;246;241;238m██[38;2;250;250;250m██[38;2;252;252;251m██[38;2;253;253;252m██[38;2;250;252;250m██[38;2;233;229;217m██[38;2;191;171;144m██[38;2;179;150;107m██[38;2;229;211;194m██[38;2;253;252;252m██[38;2;201;189;175m██[38;2;199;170;139m██[38;2;177;148;111m  [38;2;194;192;189m  
[38;2;185;154;121m██[38;2;247;251;248m██[38;2;252;253;253m██[38;2;253;254;249m██[38;2;253;249;248m██[38;2;247;251;250m██[38;2;241;241;228m██[38;2;251;247;244m██[38;2;249;253;249m██[38;2;247;253;251m██[38;2;250;255;252m████[38;2;249;253;251m██[38;2;247;252;247m██[38;2;249;247;243m██[38;2;223;205;190m██[38;2;190;163;136m██[38;2;205;235;239m██[38;2;123;196;222m██[38;2;247;247;247m██[38;2;244;244;244m██[38;2;190;160;134m██[38;2;226;213;186m██[38;2;245;250;250m██[38;2;253;250;247m██[38;2;247;249;246m██[38;2;246;243;241m██[38;2;184;146;103m██[38;2;231;204;157m██[38;2;229;199;153m██[38;2;223;183;140m██[38;2;228;195;150m██[38;2;230;204;157m██[38;2;225;192;149m██[38;2;204;170;122m██[38;2;229;204;150m██[38;2;229;197;150m██[38;2;184;153;116m██[38;2;247;246;241m██[38;2;249;249;248m██[38;2;252;253;251m██[38;2;252;254;249m██[38;2;249;250;251m██[38;2;249;243;241m██[38;2;183;144;106m██[38;2;240;233;218m██[38;2;249;246;244m██[38;2;252;251;252m██[38;2;252;251;246m██[38;2;245;251;249m██[38;2;226;214;195m██[38;2;184;158;132m  
[38;2;218;194;179m██[38;2;248;251;250m██[38;2;253;254;253m██[38;2;254;254;253m██[38;2;250;253;255m██[38;2;253;252;253m██[38;2;254;249;253m██[38;2;253;253;253m██[38;2;254;251;251m██[38;2;252;253;251m██[38;2;255;255;254m████[38;2;254;254;253m██[38;2;253;252;253m██[38;2;251;250;253m██[38;2;250;247;247m██[38;2;194;159;130m██[38;2;225;223;216m██[38;2;221;240;238m██[38;2;243;225;232m██[38;2;243;211;213m██[38;2;189;148;107m██[38;2;243;246;238m██[38;2;216;201;190m██[38;2;243;238;230m██[38;2;244;240;230m██[38;2;199;169;138m██[38;2;197;159;116m██[38;2;233;203;157m██[38;2;229;203;155m██[38;2;189;153;109m██[38;2;227;202;154m██[38;2;227;207;157m██[38;2;228;206;158m██[38;2;217;187;144m██[38;2;228;198;154m██[38;2;226;202;157m██[38;2;192;153;111m██[38;2;186;160;128m██[38;2;225;210;193m██[38;2;245;239;231m██[38;2;247;249;235m██[38;2;248;242;235m██[38;2;218;196;171m██[38;2;183;143;102m██[38;2;222;208;189m██[38;2;234;228;216m██[38;2;249;248;250m██[38;2;249;251;248m██[38;2;247;251;242m██[38;2;243;237;225m██[38;2;181;154;122m  
[38;2;227;217;198m██[38;2;251;252;252m██[38;2;255;255;255m████████████████████████[38;2;253;253;253m██[38;2;251;252;252m██[38;2;210;189;164m██[38;2;221;205;185m██[38;2;247;240;245m██[38;2;244;214;232m██[38;2;237;201;201m██[38;2;195;165;138m██[38;2;245;245;240m██[38;2;193;148;110m██[38;2;181;147;101m██[38;2;184;150;109m██[38;2;207;178;135m██[38;2;191;158;112m██[38;2;224;196;149m██[38;2;231;205;158m██[38;2;230;200;154m██[38;2;230;205;158m██[38;2;229;207;158m██[38;2;231;204;156m██[38;2;200;162;124m██[38;2;203;172;130m██[38;2;190;162;119m██[38;2;192;155;115m██[38;2;217;187;146m██[38;2;189;152;112m██[38;2;181;145;108m██[38;2;184;143;105m██[38;2;183;147;99m  [38;2;182;157;128m  [38;2;193;185;167m  [38;2;179;165;143m  [38;2;174;154;126m  [38;2;189;146;110m  [38;2;209;190;172m██[38;2;237;232;216m██[38;2;209;185;158m  [38;2;191;169;139m  
[38;2;217;198;176m██[38;2;252;252;252m██[38;2;255;255;255m██████████████████████████[38;2;252;252;249m██[38;2;201;183;156m██[38;2;224;211;186m██[38;2;244;229;236m██[38;2;245;216;225m██[38;2;238;213;212m██[38;2;185;157;127m██[38;2;195;177;154m██[38;2;229;189;142m██[38;2;194;162;115m██[38;2;236;202;154m██[38;2;230;205;158m██[38;2;230;204;157m██[38;2;232;205;158m██[38;2;234;207;160m██[38;2;232;207;160m██[38;2;232;206;159m██[38;2;231;206;159m██[38;2;230;207;159m██[38;2;229;201;159m██[38;2;232;204;162m██[38;2;210;177;137m██[38;2;211;173;135m██[38;2;230;203;150m██[38;2;229;205;158m██[38;2;197;162;117m  [38;2;192;153;113m  [38;2;180;156;123m  [38;2;56;55;49m  [38;2;0;0;0m      [38;2;209;215;231m  [38;2;197;178;158m  [38;2;177;148;126m  [38;2;176;169;148m  [38;2;125;126;125m  
[38;2;196;151;120m██[38;2;248;248;247m██[38;2;251;251;251m██[38;2;251;253;249m██[38;2;254;254;252m██[38;2;255;255;253m████[38;2;255;255;254m██[38;2;255;255;255m██[38;2;255;255;254m██[38;2;255;255;253m████[38;2;253;254;250m██[38;2;250;252;245m██[38;2;248;250;251m██[38;2;246;246;242m██[38;2;189;149;111m  [38;2;176;152;116m  [38;2;187;144;111m  [38;2;186;145;112m  [38;2;185;146;115m  [38;2;191;150;114m  [38;2;177;147;110m  [38;2;214;178;140m  [38;2;221;190;146m██[38;2;187;150;107m██[38;2;227;206;160m██[38;2;228;206;159m██[38;2;227;207;160m██[38;2;234;204;153m██[38;2;230;205;161m██[38;2;212;188;140m██[38;2;230;205;155m██[38;2;227;204;157m██[38;2;227;205;158m██[38;2;228;206;159m██[38;2;229;205;154m██[38;2;231;205;153m██[38;2;224;207;160m██[38;2;226;187;136m██[38;2;180;156;129m  [38;2;204;225;214m  [38;2;158;156;156m  [38;2;0;0;0m                  
[38;2;178;156;126m  [38;2;219;208;190m██[38;2;250;250;243m██[38;2;251;252;250m██[38;2;252;253;250m██[38;2;253;253;251m██[38;2;255;255;253m██[38;2;255;255;254m██[38;2;255;255;255m██[38;2;254;254;254m██[38;2;254;254;252m██[38;2;253;253;251m██[38;2;252;253;250m██[38;2;247;253;248m██[38;2;249;248;238m██[38;2;202;182;163m  [38;2;181;164;141m  [38;2;184;210;210m  [38;2;146;146;146m    [38;2;183;183;183m  [38;2;207;207;207m  [38;2;198;188;188m  [38;2;187;160;131m  [38;2;185;147;113m  [38;2;195;164;124m  [38;2;232;202;152m██[38;2;229;206;160m██[38;2;229;207;162m██[38;2;230;205;159m██[38;2;227;198;149m██[38;2;188;147;106m██[38;2;236;200;150m██[38;2;226;207;157m██[38;2;230;196;156m██[38;2;227;206;158m██[38;2;229;207;154m██[38;2;233;203;160m██[38;2;236;201;154m██[38;2;211;185;144m██[38;2;185;150;115m  [38;2;214;227;226m  [38;2;0;0;0m                    
[38;2;201;227;216m  [38;2;184;150;118m  [38;2;208;189;169m  [38;2;246;245;239m██[38;2;251;251;249m██[38;2;252;252;250m██[38;2;255;255;253m██[38;2;255;255;254m██[38;2;255;255;255m██[38;2;254;254;254m██[38;2;254;254;252m██[38;2;251;251;249m██[38;2;250;249;247m██[38;2;240;235;222m██[38;2;186;163;133m  [38;2;193;162;123m  [38;2;51;51;51m  [38;2;0;0;0m                [38;2;190;167;149m  [38;2;187;153;113m  [38;2;216;179;129m██[38;2;224;184;134m██[38;2;201;169;124m  [38;2;186;145;115m  [38;2;195;165;137m  [38;2;206;176;138m  [38;2;222;187;138m██[38;2;186;145;107m  [38;2;188;150;109m  [38;2;214;178;133m██[38;2;225;201;151m██[38;2;226;207;161m██[38;2;224;207;159m██[38;2;220;187;143m██[38;2;171;156;135m  [38;2;0;0;0m                    
[38;2;0;0;0m  [38;2;159;157;155m  [38;2;188;171;153m  [38;2;183;147;116m  [38;2;187;164;139m  [38;2;220;203;185m██[38;2;234;221;212m██[38;2;238;231;221m██[38;2;240;232;223m██[38;2;236;228;219m██[38;2;230;215;199m██[38;2;205;182;153m  [38;2;184;152;126m  [38;2;179;148;118m  [38;2;198;179;158m  [38;2;1;1;1m  [38;2;0;0;0m                    [38;2;66;63;59m  [38;2;195;178;162m  [38;2;182;165;143m  [38;2;211;194;178m  [38;2;92;92;90m  [38;2;55;54;53m  [38;2;187;164;152m  [38;2;181;148;109m  [38;2;210;214;212m  [38;2;216;225;215m  [38;2;196;178;151m  [38;2;184;150;124m  [38;2;184;147;114m  [38;2;191;151;111m  [38;2;185;148;117m  [38;2;203;191;171m  [38;2;0;0;0m                    [0m
