
[38;2;0;0;0m            [38;2;137;137;137m  [38;2;14;14;14m██[38;2;4;4;4m██[38;2;9;9;9m████[38;2;7;7;7m██[38;2;6;6;6m██[38;2;7;7;7m██[38;2;6;6;6m██[38;2;5;5;5m████[38;2;6;6;6m██[38;2;8;8;8m██[38;2;7;7;7m██[38;2;5;5;5m██[38;2;6;6;6m██[38;2;5;5;5m  [38;2;118;118;118m  [38;2;0;0;0m              
[38;2;11;11;11m██[38;2;50;50;50m  [38;2;68;68;68m  [38;2;47;47;47m  [38;2;43;43;43m  [38;2;10;10;10m██[38;2;6;6;6m██[38;2;4;4;4m██[38;2;95;95;95m██[38;2;5;5;5m████[38;2;7;7;7m██[38;2;5;5;5m██[38;2;6;6;6m██[38;2;5;5;5m██[38;2;92;92;92m██[38;2;6;6;6m██[38;2;8;8;8m██[38;2;5;5;5m██[38;2;3;3;3m██[38;2;4;4;4m██[38;2;5;5;5m██[38;2;4;4;4m██[38;2;7;7;7m██[38;2;12;12;12m  [38;2;0;0;0m            
[38;2;32;32;32m  [38;2;7;7;7m██[38;2;6;6;6m██[38;2;7;7;7m██[38;2;5;5;5m██[38;2;6;6;6m████[38;2;81;81;81m██[38;2;5;5;5m████[38;2;6;6;6m████[38;2;4;4;4m██[38;2;36;36;36m██[38;2;103;103;103m██[38;2;4;4;4m██[38;2;6;6;6m████[38;2;5;5;5m██[38;2;6;6;6m██[38;2;4;4;4m██[38;2;5;5;5m██[38;2;6;6;6m██████[38;2;8;8;8m  [38;2;0;0;0m          
[38;2;135;135;135m  [38;2;6;6;6m████[38;2;8;8;8m██[38;2;7;7;7m██[38;2;6;6;6m██[38;2;28;28;28m██[38;2;4;4;4m██[38;2;5;5;5m██[38;2;6;6;6m██[38;2;4;4;4m████[38;2;22;22;22m██[38;2;96;96;96m██[38;2;14;14;14m██[38;2;5;5;5m██[38;2;6;6;6m██[38;2;7;7;7m██[38;2;4;4;4m██[38;2;6;6;6m██[38;2;4;4;4m██[38;2;7;7;7m██[38;2;5;5;5m████[38;2;12;12;12m██[38;2;7;7;7m██[38;2;38;38;38m  [38;2;0;0;0m        
[38;2;113;113;113m  [38;2;7;7;7m██[38;2;6;6;6m██[38;2;7;7;7m████[38;2;6;6;6m██[38;2;4;4;4m██[38;2;6;6;6m██[38;2;5;5;5m██[38;2;6;6;6m██[38;2;5;5;5m██[38;2;4;4;4m██[38;2;9;9;9m██[38;2;124;124;124m██[38;2;5;5;5m██[38;2;6;6;6m██[38;2;7;7;7m██[38;2;4;4;4m██[38;2;6;6;6m████[38;2;8;8;8m██[38;2;7;7;7m██[38;2;5;5;5m██[38;2;6;6;6m██[38;2;43;43;43m██[38;2;8;8;8m██[38;2;7;7;7m██[38;2;103;103;103m  [38;2;0;0;0m      
[38;2;0;0;0m  [38;2;12;12;12m  [38;2;6;6;6m██[38;2;8;8;8m██[38;2;7;7;7m██████[38;2;5;5;5m██[38;2;7;7;7m██[38;2;6;6;6m██[38;2;4;4;4m██[38;2;6;6;6m██[38;2;8;8;8m██[38;2;32;32;32m██[38;2;5;5;5m██[38;2;4;4;4m██[38;2;5;5;5m██[38;2;6;6;6m██[38;2;5;5;5m██[38;2;7;7;7m██[38;2;8;8;8m██[38;2;6;6;6m██[38;2;7;7;7m██[38;2;5;5;5m██[38;2;66;66;66m██[38;2;6;6;6m████[38;2;9;9;9m  [38;2;0;0;0m      
[38;2;0;0;0m  [38;2;115;115;115m  [38;2;8;8;8m██[38;2;9;9;9m██[38;2;3;3;3m████[38;2;7;7;7m████[38;2;6;6;6m██[38;2;7;7;7m██[38;2;4;4;4m██[38;2;5;5;5m██[38;2;16;16;16m██[38;2;23;23;23m██[38;2;18;18;18m██[38;2;6;6;6m██[38;2;7;7;7m██[38;2;4;4;4m██[38;2;6;6;6m██████[38;2;7;7;7m██[38;2;6;6;6m████[38;2;81;81;81m██[38;2;5;5;5m██[38;2;6;6;6m████[38;2;92;92;92m  [38;2;0;0;0m    
[38;2;0;0;0m    [38;2;91;91;91m  [38;2;8;8;8m██[38;2;38;38;38m██[38;2;5;5;5m████[38;2;4;4;4m██[38;2;7;7;7m██[38;2;5;5;5m██[38;2;24;24;24m██[38;2;6;6;6m██[38;2;5;5;5m██[38;2;3;3;3m██[38;2;6;6;6m██[38;2;19;19;19m██[38;2;4;4;4m██[38;2;7;7;7m██[38;2;4;4;4m████[38;2;5;5;5m██[38;2;6;6;6m██[38;2;5;5;5m██[38;2;7;7;7m██[38;2;80;80;80m██[38;2;4;4;4m██[38;2;5;5;5m████[38;2;141;141;141m  [38;2;0;0;0m    
[38;2;0;0;0m    [38;2;174;174;174m  [38;2;78;78;78m██[38;2;161;161;161m██[38;2;6;6;6m██[38;2;5;5;5m██[38;2;6;6;6m██[38;2;4;4;4m██[38;2;18;18;18m██[38;2;4;4;4m██[38;2;5;5;5m████[38;2;3;3;3m██[38;2;5;5;5m██[38;2;4;4;4m██[38;2;9;9;9m██[38;2;5;5;5m██[38;2;4;4;4m████[38;2;5;5;5m██[38;2;6;6;6m██[38;2;5;5;5m██[38;2;18;18;18m██[38;2;81;81;81m██[38;2;8;8;8m██[38;2;5;5;5m██[38;2;9;9;9m██[38;2;42;42;42m  [38;2;0;0;0m    
[38;2;0;0;0m  [38;2;139;139;139m  [38;2;6;6;6m██[38;2;7;7;7m██[38;2;134;134;134m██[38;2;4;4;4m██[38;2;5;5;5m██[38;2;3;3;3m██[38;2;4;4;4m██[38;2;68;68;68m██[38;2;6;6;6m████[38;2;7;7;7m████[38;2;6;6;6m██[38;2;89;89;89m██[38;2;5;5;5m██[38;2;7;7;7m██[38;2;5;5;5m██[38;2;3;3;3m██[38;2;4;4;4m██[38;2;5;5;5m██[38;2;9;9;9m██[38;2;19;19;19m██[38;2;37;37;37m██[38;2;6;6;6m████[38;2;22;22;22m██[38;2;14;14;14m██[38;2;85;85;85m  [38;2;0;0;0m  
[38;2;71;71;71m  [38;2;8;8;8m██[38;2;7;7;7m████[38;2;27;27;27m██[38;2;6;6;6m██[38;2;5;5;5m██[38;2;6;6;6m██[38;2;3;3;3m██[38;2;10;10;10m██[38;2;6;6;6m██[38;2;7;7;7m██[38;2;26;26;26m██[38;2;6;6;6m██[38;2;141;141;141m██[38;2;111;111;111m██[38;2;147;147;147m██[38;2;12;12;12m██[38;2;5;5;5m██[38;2;7;7;7m██[38;2;6;6;6m██[38;2;4;4;4m██[38;2;32;32;32m██[38;2;10;10;10m██[38;2;7;7;7m██[38;2;4;4;4m██[38;2;6;6;6m██[38;2;8;8;8m██[38;2;2;2;2m████[38;2;72;72;72m  
[38;2;8;8;8m██[38;2;7;7;7m██[38;2;8;8;8m██[38;2;53;53;53m██[38;2;3;3;3m██[38;2;6;6;6m██[38;2;5;5;5m██[38;2;6;6;6m██[38;2;16;16;16m██[38;2;3;3;3m██[38;2;5;5;5m██[38;2;159;159;159m██[38;2;60;60;60m██[38;2;234;234;234m██[38;2;232;232;232m██[38;2;93;93;93m██[38;2;215;215;215m██[38;2;13;13;13m██[38;2;8;8;8m██[38;2;6;6;6m████[38;2;5;5;5m██[38;2;12;12;12m██[38;2;6;6;6m██[38;2;37;37;37m██[38;2;5;5;5m████[38;2;2;2;2m████[38;2;4;4;4m██[38;2;7;7;7m██
[38;2;8;8;8m██[38;2;7;7;7m██[38;2;8;8;8m██[38;2;146;146;146m██[38;2;7;7;7m██████[38;2;6;6;6m██[38;2;53;53;53m██[38;2;34;34;34m██[38;2;250;250;250m██[38;2;254;254;254m██[38;2;152;152;152m██[38;2;50;50;50m██[38;2;162;162;162m██[38;2;234;234;234m██[38;2;232;232;232m██[38;2;8;8;8m██[38;2;6;6;6m████[38;2;7;7;7m████[38;2;21;21;21m██[38;2;4;4;4m██[38;2;211;211;211m██[38;2;7;7;7m██[38;2;5;5;5m██[38;2;4;4;4m██[38;2;5;5;5m████[38;2;8;8;8m  
[38;2;7;7;7m██[38;2;6;6;6m██[38;2;10;10;10m██[38;2;198;198;198m██[38;2;7;7;7m██[38;2;4;4;4m██[38;2;8;8;8m████[38;2;206;206;206m██[38;2;254;254;254m██████[38;2;251;251;251m██[38;2;254;254;254m██[38;2;73;73;73m██[38;2;222;222;222m██[38;2;230;230;230m██[38;2;6;6;6m██[38;2;7;7;7m████[38;2;8;8;8m██[38;2;6;6;6m████[38;2;5;5;5m██[38;2;197;197;197m██[38;2;8;8;8m██[38;2;5;5;5m██[38;2;11;11;11m██[38;2;6;6;6m██[38;2;11;11;11m  [38;2;0;0;0m  
[38;2;6;6;6m██[38;2;7;7;7m██[38;2;11;11;11m██[38;2;140;140;140m██[38;2;7;7;7m██████[38;2;11;11;11m██[38;2;239;239;239m██[38;2;253;253;253m████[38;2;254;254;254m██[38;2;227;227;227m██[38;2;69;69;69m██[38;2;253;253;253m██[38;2;236;236;236m██[38;2;234;234;234m██[38;2;6;6;6m██[38;2;5;5;5m██[38;2;8;8;8m██[38;2;9;9;9m██[38;2;8;8;8m██[38;2;10;10;10m██[38;2;154;154;154m██[38;2;237;237;237m██[38;2;43;43;43m██[38;2;5;5;5m██[38;2;29;29;29m██[38;2;7;7;7m  [38;2;0;0;0m    
[38;2;7;7;7m████[38;2;4;4;4m██[38;2;36;36;36m██[38;2;5;5;5m██[38;2;6;6;6m████[38;2;4;4;4m██[38;2;234;234;234m██[38;2;236;236;236m██[38;2;253;253;253m████[38;2;153;153;153m██[38;2;206;206;206m██[38;2;254;254;254m██[38;2;232;232;232m██[38;2;110;110;110m██[38;2;6;6;6m████[38;2;8;8;8m██[38;2;7;7;7m██[38;2;9;9;9m██[38;2;216;216;216m██[38;2;232;232;232m██[38;2;235;235;235m██[38;2;204;204;204m██[38;2;2;2;2m██[38;2;3;3;3m██  [38;2;0;0;0m    
[38;2;8;8;8m██[38;2;5;5;5m██[38;2;10;10;10m██[38;2;2;2;2m██[38;2;6;6;6m██[38;2;5;5;5m██[38;2;9;9;9m██[38;2;13;13;13m██[38;2;233;233;233m██[38;2;234;234;234m████[38;2;223;223;223m██[38;2;149;149;149m██[38;2;253;253;253m██[38;2;231;231;231m██[38;2;227;227;227m██[38;2;69;69;69m██[38;2;5;5;5m██[38;2;7;7;7m██[38;2;4;4;4m██[38;2;8;8;8m██[38;2;130;130;130m██[38;2;203;203;203m██[38;2;77;77;77m██[38;2;155;155;155m██[38;2;236;236;236m██[38;2;76;76;76m██[38;2;6;6;6m██[38;2;102;102;102m  [38;2;0;0;0m    
[38;2;6;6;6m████[38;2;38;38;38m██[38;2;6;6;6m██[38;2;4;4;4m██[38;2;8;8;8m██[38;2;7;7;7m██[38;2;29;29;29m██[38;2;234;234;234m██[38;2;230;230;230m██[38;2;234;234;234m██[38;2;233;233;233m██[38;2;232;232;232m██████[38;2;220;220;220m██[38;2;6;6;6m██[38;2;7;7;7m██[38;2;4;4;4m██[38;2;5;5;5m██[38;2;207;207;207m██[38;2;161;161;161m██[38;2;253;253;253m██[38;2;254;254;254m██[38;2;242;242;242m██[38;2;221;221;221m██[38;2;9;9;9m██[38;2;8;8;8m██[38;2;0;0;0m      
[38;2;8;8;8m██[38;2;7;7;7m██[38;2;60;60;60m██[38;2;7;7;7m██[38;2;5;5;5m██[38;2;8;8;8m██[38;2;6;6;6m██[38;2;64;64;64m██[38;2;233;233;233m██[38;2;234;234;234m██[38;2;233;233;233m██[38;2;232;232;232m██[38;2;234;234;234m██[38;2;233;233;233m██[38;2;231;231;231m██[38;2;5;5;5m████[38;2;144;144;144m██[38;2;191;191;191m██[38;2;232;232;232m██[38;2;241;241;241m██[38;2;98;98;98m██[38;2;254;254;254m██[38;2;253;253;253m██[38;2;206;206;206m██[38;2;127;127;127m██[38;2;8;8;8m██  [38;2;0;0;0m      
[38;2;6;6;6m██[38;2;8;8;8m██[38;2;58;58;58m██[38;2;7;7;7m██[38;2;6;6;6m██[38;2;9;9;9m██[38;2;8;8;8m██[38;2;102;102;102m██[38;2;230;230;230m██[38;2;234;234;234m██[38;2;233;233;233m██[38;2;236;236;236m████[38;2;234;234;234m██[38;2;233;233;233m██[38;2;236;236;236m██[38;2;233;233;233m██[38;2;234;234;234m██[38;2;235;235;235m██[38;2;233;233;233m██[38;2;139;139;139m██[38;2;254;254;254m██[38;2;252;252;252m██[38;2;254;254;254m██[38;2;239;239;239m██[38;2;5;5;5m██[38;2;7;7;7m██[38;2;19;19;19m  [38;2;0;0;0m      
[38;2;9;9;9m██[38;2;6;6;6m██[38;2;47;47;47m██[38;2;7;7;7m██[38;2;8;8;8m██[38;2;9;9;9m██[38;2;8;8;8m██[38;2;145;145;145m██[38;2;233;233;233m██[38;2;232;232;232m██[38;2;231;231;231m██[38;2;237;237;237m██[38;2;235;235;235m██[38;2;165;165;165m██[38;2;94;94;94m██[38;2;223;223;223m██[38;2;233;233;233m████[38;2;235;235;235m██[38;2;233;233;233m██[38;2;236;236;236m██[38;2;218;218;218m██[38;2;251;251;251m██[38;2;234;234;234m██[38;2;60;60;60m██[38;2;6;6;6m████[38;2;5;5;5m  [38;2;0;0;0m      
[38;2;7;7;7m██[38;2;6;6;6m██[38;2;17;17;17m██[38;2;6;6;6m██[38;2;8;8;8m████[38;2;6;6;6m██[38;2;150;150;150m██[38;2;233;233;233m██[38;2;235;235;235m██[38;2;232;232;232m██[38;2;234;234;234m██[38;2;218;218;218m██[38;2;181;181;181m██[38;2;179;179;179m██[38;2;181;181;181m██[38;2;177;177;177m██[38;2;114;114;114m██[38;2;233;233;233m████[38;2;231;231;231m██[38;2;233;233;233m██[38;2;231;231;231m██[38;2;192;192;192m██[38;2;6;6;6m██[38;2;7;7;7m██[38;2;8;8;8m██[38;2;98;98;98m  [38;2;0;0;0m      
[38;2;5;5;5m████[38;2;46;46;46m██[38;2;7;7;7m██[38;2;9;9;9m██[38;2;7;7;7m██[38;2;6;6;6m██[38;2;236;236;236m██[38;2;235;235;235m██[38;2;233;233;233m████[38;2;230;230;230m██[38;2;184;184;184m██[38;2;183;183;183m██[38;2;181;181;181m████[38;2;180;180;180m██[38;2;8;8;8m██[38;2;233;233;233m██[38;2;230;230;230m██[38;2;232;232;232m██[38;2;233;233;233m████[38;2;14;14;14m██[38;2;4;4;4m██[38;2;6;6;6m██[38;2;7;7;7m  [38;2;0;0;0m        
[38;2;7;7;7m██[38;2;6;6;6m██[38;2;50;50;50m██[38;2;6;6;6m██[38;2;8;8;8m██[38;2;6;6;6m██[38;2;5;5;5m██[38;2;234;234;234m██[38;2;230;230;230m██[38;2;236;236;236m██[38;2;235;235;235m██[38;2;126;126;126m██[38;2;182;182;182m████[38;2;180;180;180m██[38;2;181;181;181m██[38;2;178;178;178m██[38;2;84;84;84m██[38;2;236;236;236m██[38;2;234;234;234m██[38;2;232;232;232m██[38;2;235;235;235m██[38;2;190;190;190m██[38;2;7;7;7m██[38;2;5;5;5m██[38;2;6;6;6m██[38;2;10;10;10m  [38;2;0;0;0m        
[38;2;7;7;7m██[38;2;6;6;6m██[38;2;34;34;34m██[38;2;7;7;7m██[38;2;4;4;4m██[38;2;6;6;6m██[38;2;5;5;5m██[38;2;235;235;235m██[38;2;236;236;236m██[38;2;234;234;234m██[38;2;233;233;233m██[38;2;146;146;146m██[38;2;184;184;184m██[38;2;180;180;180m██[38;2;182;182;182m██[38;2;180;180;180m██[38;2;182;182;182m██[38;2;233;233;233m██████[38;2;234;234;234m██[38;2;232;232;232m██[38;2;8;8;8m██[38;2;5;5;5m██[38;2;6;6;6m████[38;2;167;167;167m  [38;2;0;0;0m        
[38;2;9;9;9m██[38;2;6;6;6m██[38;2;5;5;5m██[38;2;12;12;12m██[38;2;6;6;6m██[38;2;5;5;5m██[38;2;11;11;11m██[38;2;25;25;25m██[38;2;230;230;230m██[38;2;234;234;234m██[38;2;201;201;201m██[38;2;236;236;236m██[38;2;179;179;179m██[38;2;168;168;168m██[38;2;182;182;182m██[38;2;181;181;181m██[38;2;144;144;144m██[38;2;234;234;234m██[38;2;232;232;232m██[38;2;235;235;235m██[38;2;231;231;231m██[38;2;62;62;62m██[38;2;3;3;3m██[38;2;6;6;6m████[38;2;7;7;7m██[38;2;9;9;9m  [38;2;0;0;0m        
[38;2;8;8;8m██[38;2;9;9;9m██[38;2;7;7;7m██[38;2;19;19;19m██[38;2;4;4;4m██[38;2;6;6;6m██[38;2;13;13;13m██[38;2;3;3;3m██[38;2;5;5;5m██[38;2;232;232;232m██[38;2;237;237;237m██[38;2;188;188;188m██[38;2;236;236;236m██[38;2;233;233;233m██[38;2;237;237;237m██[38;2;239;239;239m██[38;2;237;237;237m██[38;2;233;233;233m██[38;2;230;230;230m██[38;2;214;214;214m██[38;2;8;8;8m██[38;2;3;3;3m████[38;2;5;5;5m████[38;2;8;8;8m██[38;2;0;0;0m          
[38;2;237;237;237m██[38;2;137;137;137m██[38;2;126;126;126m██[38;2;233;233;233m██[38;2;135;135;135m██[38;2;7;7;7m██[38;2;3;3;3m██[38;2;2;2;2m████[38;2;4;4;4m██[38;2;120;120;120m██[38;2;236;236;236m██[38;2;231;231;231m██[38;2;213;213;213m██[38;2;234;234;234m██[38;2;236;236;236m██[38;2;211;211;211m██[38;2;55;55;55m██[38;2;5;5;5m████[38;2;57;57;57m██[38;2;5;5;5m████[38;2;6;6;6m████[38;2;20;20;20m  [38;2;0;0;0m          
[38;2;236;236;236m████[38;2;235;235;235m████[38;2;236;236;236m██[38;2;4;4;4m██[38;2;5;5;5m████[38;2;3;3;3m████[38;2;5;5;5m████[38;2;96;96;96m██[38;2;34;34;34m██[38;2;5;5;5m██[38;2;7;7;7m██████[38;2;33;33;33m  [38;2;3;3;3m██[38;2;55;55;55m██[38;2;5;5;5m██████[38;2;6;6;6m  [38;2;0;0;0m            
[38;2;236;236;236m██[38;2;234;234;234m██[38;2;237;237;237m████[38;2;235;235;235m██[38;2;227;227;227m██[38;2;6;6;6m██[38;2;188;188;188m██[38;2;5;5;5m██[38;2;3;3;3m████[38;2;4;4;4m██[38;2;6;6;6m██[38;2;46;46;46m██[38;2;4;4;4m██[38;2;6;6;6m██[38;2;9;9;9m  [38;2;28;28;28m  [38;2;8;8;8m  [38;2;4;4;4m██[38;2;9;9;9m██[38;2;5;5;5m████[38;2;6;6;6m██[38;2;144;144;144m  [38;2;0;0;0m            
[38;2;236;236;236m██[38;2;235;235;235m██[38;2;227;227;227m██[38;2;233;233;233m██[38;2;234;234;234m██[38;2;237;237;237m██[38;2;195;195;195m██[38;2;156;156;156m██[38;2;234;234;234m██[38;2;69;69;69m██[38;2;3;3;3m██[38;2;6;6;6m██[38;2;5;5;5m██[38;2;56;56;56m██[38;2;4;4;4m  [38;2;114;114;114m  [38;2;20;20;20m  [38;2;5;5;5m████[38;2;32;32;32m██[38;2;8;8;8m██[38;2;6;6;6m████[38;2;8;8;8m  [38;2;0;0;0m              
[38;2;235;235;235m██[38;2;234;234;234m████[38;2;204;204;204m██[38;2;237;237;237m██[38;2;235;235;235m██[38;2;236;236;236m██[38;2;224;224;224m██[38;2;236;236;236m████[38;2;208;208;208m██[38;2;192;192;192m██[38;2;225;225;225m██[38;2;227;227;227m██[38;2;23;23;23m██[38;2;7;7;7m██[38;2;6;6;6m  [38;2;10;10;10m  [38;2;152;152;152m  [38;2;13;13;13m  [38;2;72;72;72m  [38;2;6;6;6m██[38;2;8;8;8m██[38;2;29;29;29m  [38;2;0;0;0m              [0m
