
[38;2;0;0;0m              [38;2;9;10;7m  [38;2;0;0;0m  [38;2;9;3;9m  [38;2;28;78;62m  [38;2;0;0;0m                    
[38;2;0;0;0m            [38;2;27;83;73m  [38;2;10;29;29m  [38;2;0;0;0m  [38;2;20;31;37m  [38;2;18;83;66m██[38;2;0;1;1m  [38;2;0;93;93m  [38;2;0;0;0m  [38;2;20;20;23m  [38;2;0;0;0m            
[38;2;0;0;0m          [38;2;4;0;0m  [38;2;15;90;71m  [38;2;17;24;22m  [38;2;2;3;3m  [38;2;15;87;69m  [38;2;16;85;67m██[38;2;27;69;57m  [38;2;14;26;23m  [38;2;35;77;70m  [38;2;12;17;18m  [38;2;1;0;14m  [38;2;28;80;69m  [38;2;0;0;0m        
[38;2;0;0;0m          [38;2;13;15;15m  [38;2;19;88;69m██[38;2;17;86;66m  [38;2;19;87;71m  [38;2;4;14;9m██[38;2;16;88;69m██[38;2;14;84;65m██[38;2;16;85;66m██[38;2;21;57;48m██[38;2;25;62;53m  [38;2;20;83;65m  [38;2;15;79;65m  [38;2;0;0;0m        
[38;2;0;0;0m        [38;2;4;17;13m  [38;2;18;75;59m  [38;2;15;86;67m██[38;2;16;86;66m██[38;2;6;14;9m██[38;2;19;27;20m██[38;2;7;26;18m██[38;2;15;82;66m██[38;2;15;86;67m██[38;2;12;14;13m██[38;2;10;12;10m██[38;2;9;13;11m██[38;2;22;79;67m  [38;2;0;0;0m        
[38;2;0;0;0m      [38;2;26;78;63m  [38;2;20;89;70m██[38;2;18;62;47m██[38;2;12;39;32m██[38;2;7;12;13m██[38;2;12;13;15m██[38;2;10;11;13m██[38;2;15;19;21m██[38;2;6;8;7m██[38;2;19;85;68m██[38;2;17;85;67m██[38;2;15;86;66m██[38;2;14;86;66m██[38;2;23;83;67m  [38;2;5;10;7m  [38;2;0;0;0m      
[38;2;9;10;7m  [38;2;23;40;32m  [38;2;14;32;23m  [38;2;19;90;72m██[38;2;25;90;75m██[38;2;6;13;15m██[38;2;12;12;13m██[38;2;8;12;15m██[38;2;15;24;20m██[38;2;12;12;12m████[38;2;12;12;14m██[38;2;11;12;12m██[38;2;6;10;9m██[38;2;15;85;65m██[38;2;15;84;65m██[38;2;15;85;66m  [38;2;1;1;1m  [38;2;0;0;0m    [38;2;32;28;12m  
[38;2;16;18;18m  [38;2;22;95;75m  [38;2;17;90;73m██[38;2;19;89;70m██[38;2;11;12;12m██[38;2;13;13;14m██[38;2;12;13;14m██[38;2;21;36;34m██[38;2;16;14;13m██[38;2;12;12;12m██[38;2;12;13;13m██[38;2;12;13;12m████[38;2;5;12;15m██[38;2;16;87;68m██[38;2;8;35;23m██[38;2;11;22;17m██[38;2;29;78;63m  [38;2;13;30;23m  [38;2;36;80;67m  [38;2;16;67;53m  
[38;2;0;0;0m  [38;2;22;63;47m  [38;2;16;90;73m██[38;2;18;47;37m██[38;2;13;13;13m██[38;2;12;12;12m██[38;2;13;13;13m██[38;2;14;19;17m██[38;2;13;13;14m██[38;2;12;12;14m██[38;2;11;14;17m██[38;2;8;18;17m██[38;2;27;22;18m██[38;2;12;14;15m██[38;2;23;36;32m██[38;2;35;85;72m██[38;2;11;49;35m██[38;2;4;20;13m██[38;2;22;56;48m██[38;2;17;84;67m██[38;2;12;19;14m  
[38;2;22;37;34m  [38;2;24;76;65m  [38;2;9;22;17m██[38;2;24;79;66m██[38;2;7;14;15m██[38;2;13;13;13m██[38;2;11;11;11m██[38;2;14;14;14m██[38;2;132;98;79m██[38;2;16;16;13m██[38;2;14;14;14m██[38;2;13;14;11m██[38;2;121;85;65m██[38;2;176;113;83m██[38;2;14;15;14m██[38;2;6;15;15m██[38;2;17;78;64m██[38;2;16;84;68m██[38;2;18;85;67m██[38;2;13;41;31m██[38;2;27;72;57m  
[38;2;14;5;4m  [38;2;13;13;13m██[38;2;8;15;14m██[38;2;10;12;13m██[38;2;9;16;15m██[38;2;16;16;16m██[38;2;162;109;83m██[38;2;13;10;9m██[38;2;159;95;65m██[38;2;122;83;65m██[38;2;17;14;12m██[38;2;5;9;7m██[38;2;170;121;100m██[38;2;247;189;148m██[38;2;128;91;71m██[38;2;15;15;14m██[38;2;19;58;45m██[38;2;28;82;69m██[38;2;9;23;18m██[38;2;20;74;60m  [38;2;4;4;2m  
[38;2;36;28;34m  [38;2;13;13;13m  [38;2;24;48;43m██[38;2;9;21;18m██[38;2;28;50;46m██[38;2;22;19;17m██[38;2;213;153;122m██[38;2;254;203;166m██[38;2;238;192;161m██[38;2;213;160;123m██[38;2;131;93;73m██[38;2;244;201;171m██[38;2;230;183;151m██[38;2;235;181;143m██[38;2;193;126;94m██[38;2;31;29;25m██[38;2;9;12;11m██[38;2;21;46;39m██[38;2;13;15;11m██[38;2;7;14;9m  [38;2;21;21;9m  
[38;2;13;6;3m  [38;2;14;13;14m  [38;2;13;14;14m██[38;2;14;14;13m██[38;2;16;14;15m██[38;2;140;99;78m██[38;2;131;107;89m██[38;2;227;226;227m██[38;2;231;230;234m██[38;2;94;85;82m██[38;2;252;205;168m██[38;2;252;204;164m██[38;2;168;140;119m██[38;2;115;107;100m██[38;2;201;161;129m██[38;2;38;18;13m██[38;2;13;13;10m██[38;2;8;15;13m██[38;2;10;12;8m  [38;2;3;13;0m  [38;2;29;24;19m  
[38;2;14;14;15m  [38;2;13;13;13m██[38;2;14;14;14m██[38;2;9;8;8m██[38;2;33;21;18m██[38;2;107;79;68m██[38;2;214;209;202m██[38;2;230;237;238m██[38;2;74;124;112m██[38;2;237;236;238m██[38;2;253;203;169m██[38;2;252;204;166m██[38;2;169;175;170m██[38;2;236;235;238m██[38;2;139;128;130m██[38;2;39;31;32m██[38;2;14;14;11m██[38;2;12;12;12m████[38;2;22;12;8m  [38;2;0;0;0m  
[38;2;0;0;0m  [38;2;13;14;13m  [38;2;13;12;11m██[38;2;194;133;103m██[38;2;77;64;56m██[38;2;250;203;161m██[38;2;220;219;210m██[38;2;231;238;237m██[38;2;141;162;157m██[38;2;238;238;235m██[38;2;253;206;170m██[38;2;252;204;168m██[38;2;83;140;122m██[38;2;239;235;235m██[38;2;161;159;159m██[38;2;14;15;9m██[38;2;13;13;11m██[38;2;13;12;12m██[38;2;12;12;12m██[38;2;20;14;11m  [38;2;0;0;0m  
[38;2;0;0;0m  [38;2;16;15;14m  [38;2;10;10;9m  [38;2;215;150;115m██[38;2;250;203;165m██[38;2;253;205;165m██[38;2;192;168;147m██[38;2;234;233;229m██[38;2;232;231;228m██[38;2;235;204;184m██[38;2;253;207;172m██[38;2;252;205;166m██[38;2;243;240;230m██[38;2;241;237;233m██[38;2;150;132;114m██[38;2;128;104;89m██[38;2;16;15;13m  [38;2;13;14;13m  [38;2;29;26;23m  [38;2;0;0;0m    
[38;2;0;0;0m  [38;2;17;14;13m  [38;2;20;16;13m  [38;2;205;171;148m  [38;2;182;125;92m██[38;2;251;180;144m██[38;2;253;151;131m██[38;2;249;166;142m██[38;2;253;206;174m██[38;2;253;208;172m██[38;2;253;207;172m██[38;2;254;206;172m██[38;2;253;207;170m██[38;2;253;202;170m██[38;2;244;175;149m██[38;2;97;78;63m  [38;2;13;5;2m  [38;2;20;19;8m  [38;2;42;29;8m  [38;2;47;35;32m  [38;2;0;0;0m  
[38;2;0;0;0m      [38;2;6;6;6m  [38;2;92;86;82m  [38;2;98;82;69m  [38;2;253;206;169m██[38;2;252;203;166m██[38;2;203;129;119m██[38;2;228;213;202m██[38;2;216;211;202m██[38;2;208;196;184m██[38;2;254;211;172m██[38;2;246;178;148m██[38;2;240;147;131m  [38;2;15;15;15m  [38;2;0;0;0m          
[38;2;0;0;0m    [38;2;29;25;21m  [38;2;31;20;16m  [38;2;19;14;7m  [38;2;13;0;0m  [38;2;64;44;35m  [38;2;252;206;168m  [38;2;186;115;88m██[38;2;228;125;109m██[38;2;231;123;107m██[38;2;200;122;95m██[38;2;252;203;164m██[38;2;252;205;168m  [38;2;53;33;24m  [38;2;0;0;0m            
[38;2;0;0;0m    [38;2;29;23;10m  [38;2;159;71;42m  [38;2;202;154;74m  [38;2;244;110;53m  [38;2;207;88;56m  [38;2;160;103;69m  [38;2;200;147;114m██[38;2;241;203;170m██[38;2;254;210;179m  [38;2;246;199;169m  [38;2;165;134;111m  [38;2;28;22;17m  [38;2;0;0;0m              
[38;2;0;0;0m    [38;2;172;141;52m  [38;2;237;104;51m██[38;2;234;168;73m██[38;2;228;188;85m██[38;2;228;102;50m██[38;2;183;119;81m██[38;2;195;126;91m██[38;2;125;72;45m██[38;2;58;27;18m  [38;2;12;12;12m  [38;2;0;0;0m                  
[38;2;0;0;0m  [38;2;128;122;0m  [38;2;191;87;55m  [38;2;212;94;61m██[38;2;181;113;74m██[38;2;157;70;34m██[38;2;205;127;40m██[38;2;234;97;58m██[38;2;247;188;147m██[38;2;189;120;86m██[38;2;174;62;21m██[38;2;253;112;68m  [38;2;46;34;26m  [38;2;0;0;0m                
[38;2;0;0;0m  [38;2;72;35;23m  [38;2;242;93;47m██[38;2;138;97;47m██[38;2;212;145;110m██[38;2;118;81;63m██[38;2;177;56;32m██[38;2;252;102;49m██[38;2;254;104;55m██[38;2;192;107;61m██[38;2;253;104;59m██[38;2;252;105;53m██[38;2;246;111;71m  [38;2;48;0;0m  [38;2;0;0;0m  [38;2;1;1;1m  [38;2;2;1;1m  [38;2;19;0;0m  [38;2;0;0;0m      
[38;2;2;1;1m  [38;2;253;105;58m  [38;2;252;105;59m██[38;2;176;150;133m██[38;2;201;58;45m██[38;2;213;33;25m██[38;2;252;99;55m██[38;2;253;102;50m██[38;2;252;102;48m██[38;2;252;102;51m██[38;2;252;104;52m██[38;2;252;104;53m██[38;2;231;95;51m  [38;2;8;0;0m  [38;2;0;0;0m  [38;2;208;180;160m  [38;2;248;199;170m  [38;2;237;204;175m  [38;2;23;21;18m  [38;2;0;0;0m    
[38;2;28;24;21m  [38;2;254;106;61m██[38;2;252;201;159m██[38;2;252;201;155m██[38;2;251;200;157m██[38;2;189;121;89m██[38;2;253;103;49m██[38;2;252;103;51m██[38;2;252;102;51m██[38;2;252;103;51m██[38;2;252;103;52m██[38;2;251;101;50m██[38;2;218;85;44m  [38;2;35;35;0m  [38;2;210;169;141m  [38;2;240;195;158m██[38;2;253;206;171m██[38;2;253;205;166m██[38;2;58;41;32m  [38;2;0;0;0m    
[38;2;132;48;26m  [38;2;186;114;80m██[38;2;252;204;162m██[38;2;252;210;166m██[38;2;226;179;140m██[38;2;252;211;171m██[38;2;243;103;58m██[38;2;252;101;50m██[38;2;252;102;50m██[38;2;252;101;50m██[38;2;253;101;49m██[38;2;252;100;49m██[38;2;218;91;50m██[38;2;159;74;50m  [38;2;216;162;127m  [38;2;252;208;170m██[38;2;232;187;153m██[38;2;248;200;159m██[38;2;55;33;25m  [38;2;0;0;0m    
[38;2;160;55;27m  [38;2;236;179;143m██[38;2;253;203;159m██[38;2;248;200;157m██[38;2;254;210;170m██[38;2;209;161;122m██[38;2;241;105;62m██[38;2;252;104;50m██[38;2;253;100;50m██[38;2;252;100;48m██[38;2;253;100;48m██[38;2;252;98;47m██[38;2;203;89;48m██[38;2;249;108;63m  [38;2;254;207;170m██[38;2;209;158;124m██[38;2;254;212;172m██[38;2;252;204;162m██[38;2;195;161;135m  [38;2;11;0;0m  [38;2;0;0;0m  
[38;2;57;33;29m  [38;2;213;159;124m██[38;2;253;203;162m██[38;2;252;202;161m██[38;2;252;204;166m██[38;2;150;92;57m██[38;2;245;104;59m██[38;2;252;97;46m██[38;2;252;98;47m██[38;2;252;99;47m██[38;2;253;98;47m██[38;2;252;98;48m██[38;2;165;75;45m██[38;2;239;188;152m██[38;2;252;200;160m██[38;2;237;185;147m██[38;2;247;196;155m██[38;2;221;160;126m  [38;2;38;31;18m  [38;2;0;0;0m    
[38;2;0;0;0m  [38;2;93;67;54m  [38;2;219;156;119m██[38;2;245;196;155m██[38;2;241;186;149m██[38;2;251;104;55m██[38;2;252;97;47m████[38;2;182;50;11m██[38;2;243;86;42m██[38;2;252;97;48m██[38;2;252;98;46m██[38;2;207;141;101m██[38;2;246;192;149m██[38;2;180;120;92m  [38;2;216;163;130m  [38;2;168;114;87m  [38;2;33;23;18m  [38;2;0;0;0m      
[38;2;29;0;0m  [38;2;77;9;4m  [38;2;46;41;76m██[38;2;93;55;62m██[38;2;100;18;11m██[38;2;251;98;47m██[38;2;252;96;46m██[38;2;252;94;44m██[38;2;251;95;45m██[38;2;229;87;50m██[38;2;174;51;17m██[38;2;226;80;38m██[38;2;237;96;52m  [38;2;14;5;3m  [38;2;0;0;0m  [38;2;73;0;0m  [38;2;0;0;0m          
[38;2;0;0;0m  [38;2;47;23;21m  [38;2;125;77;22m  [38;2;108;73;26m██[38;2;117;16;7m██[38;2;252;93;44m██[38;2;252;95;45m██[38;2;252;94;44m██[38;2;252;95;45m██[38;2;253;94;45m██[38;2;252;95;46m██[38;2;252;95;45m██[38;2;253;93;44m██[38;2;252;96;47m  [38;2;46;26;20m  [38;2;0;0;0m            
[38;2;0;0;0m  [38;2;128;113;23m  [38;2;4;2;5m  [38;2;208;151;22m  [38;2;253;93;44m██[38;2;252;94;43m██[38;2;252;93;42m██[38;2;252;93;43m████[38;2;253;91;42m██[38;2;253;93;43m██[38;2;252;91;42m██[38;2;253;92;43m██[38;2;252;91;42m██[38;2;252;92;42m██[38;2;65;32;22m  [38;2;0;0;0m          [0m
