
[38;2;0;0;0m                [38;2;61;45;5m  [38;2;88;74;21m  [38;2;127;82;28m  [38;2;136;86;22m  [38;2;148;88;26m██[38;2;156;94;29m██[38;2;160;98;28m██[38;2;167;106;35m██[38;2;168;109;40m██[38;2;155;110;47m  [38;2;57;48;7m  [38;2;59;54;4m  [38;2;0;0;0m              
[38;2;0;0;0m            [38;2;10;10;3m  [38;2;49;40;13m  [38;2;116;66;22m██[38;2;120;67;24m██[38;2;109;59;22m██[38;2;130;75;27m██[38;2;135;79;23m██[38;2;141;81;24m██[38;2;147;87;25m██[38;2;151;92;27m██[38;2;155;96;33m██[38;2;130;81;31m██[38;2;139;92;37m██[38;2;174;117;46m██[38;2;45;54;4m  [38;2;2;2;0m  [38;2;0;0;0m          
[38;2;0;0;0m          [38;2;7;9;4m  [38;2;55;41;15m  [38;2;105;54;19m██[38;2;113;60;20m██[38;2;115;60;25m██[38;2;127;68;23m██[38;2;131;73;23m██[38;2;130;74;23m██[38;2;136;76;23m██[38;2;139;79;24m██[38;2;144;83;24m██[38;2;147;88;25m██[38;2;154;94;26m██[38;2;159;97;33m██[38;2;129;78;29m██[38;2;173;111;46m██[38;2;89;81;29m  [38;2;13;13;6m  [38;2;0;0;0m        
[38;2;0;0;0m          [38;2;33;38;11m  [38;2;98;55;17m██[38;2;106;55;18m██[38;2;114;63;25m██[38;2;108;58;22m██[38;2;129;72;24m██[38;2;94;48;19m██[38;2;133;75;22m██[38;2;136;78;24m██[38;2;137;77;23m██[38;2;140;80;23m██[38;2;141;81;24m██[38;2;99;50;16m██[38;2;149;90;27m██[38;2;155;92;31m██[38;2;162;102;39m██[38;2;175;114;45m██[38;2;135;102;36m  [38;2;0;0;0m        
[38;2;0;0;0m        [38;2;57;20;3m  [38;2;96;53;23m██[38;2;102;55;19m██[38;2;99;52;17m██[38;2;117;64;23m██[38;2;128;68;23m██[38;2;133;73;23m██[38;2;52;22;7m██[38;2;135;76;22m██[38;2;135;78;24m██[38;2;132;74;25m██[38;2;135;77;23m██[38;2;138;75;21m██[38;2;136;75;25m██[38;2;122;71;26m██[38;2;147;88;24m██[38;2;164;99;34m██[38;2;167;102;37m██[38;2;179;120;52m██[38;2;79;74;14m  [38;2;0;0;0m      
[38;2;0;0;0m      [38;2;1;3;1m  [38;2;60;42;18m  [38;2;101;53;19m██[38;2;108;59;19m██[38;2;104;57;16m██[38;2;98;53;20m██[38;2;131;72;23m██[38;2;129;72;29m██[38;2;93;53;25m██[38;2;137;77;24m██[38;2;136;75;22m██[38;2;111;60;18m██[38;2;138;77;28m██[38;2;134;77;26m██[38;2;134;78;24m██[38;2;61;27;5m██[38;2;138;81;21m██[38;2;154;94;28m██[38;2;129;76;29m██[38;2;167;104;37m██[38;2;121;89;38m  [38;2;0;0;0m      
[38;2;0;0;0m      [38;2;26;47;6m  [38;2;98;54;19m██[38;2;110;57;20m██[38;2;118;62;20m██[38;2;107;58;23m██[38;2;126;72;26m██[38;2;133;77;23m██[38;2;116;65;26m██[38;2;105;57;22m██[38;2;135;79;25m██[38;2;136;76;22m██[38;2;123;71;24m██[38;2;134;78;26m██[38;2;106;64;22m██[38;2;138;78;23m██[38;2;127;76;25m██[38;2;137;78;24m██[38;2;140;82;23m██[38;2;139;85;26m██[38;2;158;97;35m██[38;2;167;109;42m██[38;2;69;70;35m  [38;2;0;0;0m    
[38;2;0;0;0m      [38;2;62;45;19m  [38;2;112;57;20m██[38;2;115;62;20m██[38;2;121;68;22m██[38;2;82;44;17m██[38;2;133;75;22m██[38;2;136;76;24m██[38;2;82;41;14m██[38;2;64;30;10m██[38;2;137;78;24m██[38;2;137;77;23m██[38;2;134;77;28m██[38;2;137;80;25m██[38;2;193;132;80m██[38;2;140;82;23m██[38;2;138;79;25m██[38;2;95;51;17m██[38;2;140;81;22m██[38;2;140;84;22m██[38;2;154;91;30m██[38;2;165;101;36m██[38;2;114;82;32m  [38;2;0;0;0m    
[38;2;0;0;0m      [38;2;76;50;19m  [38;2;117;60;20m██[38;2;122;64;24m██[38;2;125;70;23m██[38;2;91;49;18m██[38;2;133;77;24m██[38;2;132;78;24m██[38;2;111;66;25m██[38;2;113;73;49m██[38;2;138;78;24m██[38;2;136;77;25m██[38;2;138;78;23m██[38;2;139;82;32m██[38;2;248;222;164m██[38;2;138;82;31m██[38;2;140;80;22m██[38;2;79;37;14m██[38;2;137;78;23m██[38;2;141;82;20m██[38;2;135;79;25m██[38;2;160;97;35m██[38;2;151;99;45m  [38;2;17;16;9m  [38;2;0;0;0m  
[38;2;0;0;0m    [38;2;191;192;140m  [38;2;113;62;25m██[38;2;121;63;21m██[38;2;130;66;22m██[38;2;129;71;21m██[38;2;113;63;24m██[38;2;136;76;23m██[38;2;135;76;22m██[38;2;132;80;24m██[38;2;236;209;158m██[38;2;139;79;25m██[38;2;129;73;25m██[38;2;137;78;23m██[38;2;134;83;34m██[38;2;253;226;172m██[38;2;197;162;106m██[38;2;139;82;22m██[38;2;132;75;27m██[38;2;136;76;19m██[38;2;141;80;23m██[38;2;118;69;17m██[38;2;156;92;30m██[38;2;164;102;44m██[38;2;29;20;11m  [38;2;0;0;0m  
[38;2;0;0;0m    [38;2;63;37;16m  [38;2;127;65;23m██[38;2;118;62;23m██[38;2;133;70;21m██[38;2;134;75;22m██[38;2;117;68;25m██[38;2;137;77;23m██[38;2;135;81;22m██[38;2;120;84;58m██[38;2;226;200;159m██[38;2;136;85;25m██[38;2;113;60;21m██[38;2;140;79;24m██[38;2;130;85;43m██[38;2;253;228;176m██[38;2;217;195;152m██[38;2;132;80;32m██[38;2;139;80;19m██[38;2;137;78;23m██[38;2;141;78;23m██[38;2;128;73;21m██[38;2;152;91;28m██[38;2;149;92;31m██[38;2;69;52;22m  [38;2;0;0;0m  
[38;2;0;0;0m    [38;2;73;52;20m  [38;2;129;65;22m██[38;2;110;54;21m██[38;2;135;72;21m██[38;2;137;74;21m██[38;2;114;66;22m██[38;2;138;79;25m██[38;2;126;78;23m██[38;2;250;225;174m██[38;2;253;227;175m██[38;2;118;74;28m██[38;2;95;50;17m██[38;2;135;80;24m██[38;2;141;104;66m██[38;2;253;226;177m██[38;2;253;224;180m██[38;2;242;217;159m██[38;2;139;84;29m██[38;2;130;77;21m██[38;2;139;78;23m██[38;2;140;80;24m██[38;2;150;88;23m██[38;2;148;87;31m██[38;2;58;38;13m  [38;2;0;0;0m  
[38;2;0;0;0m  [38;2;3;4;2m  [38;2;100;59;20m  [38;2;131;65;22m██[38;2;87;40;16m██[38;2;135;73;22m██[38;2;134;76;21m██[38;2;113;64;22m██[38;2;137;81;23m██[38;2;180;150;114m██[38;2;250;226;174m██[38;2;249;222;174m██[38;2;189;157;107m██[38;2;97;52;16m██[38;2;141;78;20m██[38;2;156;126;88m██[38;2;253;225;177m██[38;2;226;195;140m██[38;2;252;224;174m██[38;2;133;101;52m██[38;2;137;78;22m██[38;2;138;77;22m██[38;2;134;77;26m██[38;2;97;52;23m██[38;2;158;94;34m██[38;2;101;69;36m  [38;2;53;51;53m  
[38;2;0;0;0m  [38;2;41;39;11m  [38;2;131;65;23m██[38;2;132;66;21m██[38;2;49;19;7m██[38;2;132;71;21m██[38;2;128;76;25m██[38;2;121;68;21m██[38;2;137;80;21m██[38;2;245;220;170m██[38;2;62;52;44m██[38;2;45;42;36m██[38;2;200;181;138m██[38;2;126;75;26m██[38;2;136;79;28m██[38;2;171;142;102m██[38;2;251;228;179m██[38;2;218;199;156m██[38;2;151;141;109m██[38;2;246;223;168m██[38;2;134;79;25m██[38;2;135;74;22m██[38;2;137;76;25m██[38;2;140;81;25m██[38;2;154;90;30m██[38;2;124;78;39m  [38;2;30;29;27m  
[38;2;0;0;0m  [38;2;62;56;9m  [38;2;137;69;27m██[38;2;134;67;23m██[38;2;37;12;2m██[38;2;132;74;20m██[38;2;133;76;22m██[38;2;134;72;24m██[38;2;126;84;43m██[38;2;26;18;14m██[38;2;205;210;196m██[38;2;1;2;9m██[38;2;96;83;71m██[38;2;158;117;63m██[38;2;136;86;24m██[38;2;151;113;72m██[38;2;250;226;177m██[38;2;93;82;63m██[38;2;46;48;43m██[38;2;62;64;65m██[38;2;242;219;166m██[38;2;128;80;23m██[38;2;134;77;22m██[38;2;124;70;25m██[38;2;151;89;27m██[38;2;139;86;33m  [38;2;0;0;0m  
[38;2;26;42;20m  [38;2;119;64;21m██[38;2;138;66;24m██[38;2;136;68;23m██[38;2;93;66;51m██[38;2;135;75;23m██[38;2;138;75;21m██[38;2;135;79;26m██[38;2;244;222;166m██[38;2;72;73;72m██[38;2;1;2;8m██[38;2;5;4;11m██[38;2;250;248;220m██[38;2;250;229;175m██[38;2;238;214;161m██[38;2;141;94;41m██[38;2;251;226;174m██[38;2;53;54;47m██[38;2;41;34;35m██[38;2;36;37;41m██[38;2;41;36;29m██[38;2;220;195;139m██[38;2;119;69;25m██[38;2;100;54;16m██[38;2;147;88;22m██[38;2;135;84;37m██[38;2;0;0;0m  
[38;2;59;48;7m  [38;2;120;59;19m██[38;2;118;57;22m██[38;2;123;62;21m██[38;2;205;169;137m██[38;2;133;74;22m██[38;2;132;75;24m██[38;2;122;72;23m██[38;2;236;212;166m██[38;2;125;128;117m██[38;2;65;28;22m██[38;2;75;43;31m██[38;2;250;242;209m██[38;2;253;229;182m██[38;2;207;185;147m██[38;2;144;110;62m██[38;2;250;228;175m██[38;2;11;9;13m██[38;2;4;1;7m██[38;2;20;23;28m██[38;2;77;75;58m██[38;2;249;225;169m██[38;2;124;70;29m██[38;2;79;37;13m██[38;2;145;82;24m██[38;2;126;76;35m██[38;2;0;0;0m  
[38;2;76;49;21m  [38;2;115;55;20m██[38;2;125;60;25m██[38;2;112;57;20m██[38;2;169;145;109m██[38;2;132;73;21m██[38;2;133;77;26m██[38;2;93;51;15m██[38;2;239;214;171m██[38;2;246;236;202m██[38;2;8;10;11m██[38;2;89;86;84m██[38;2;252;227;178m██[38;2;254;231;180m██[38;2;246;224;178m██[38;2;252;230;180m██[38;2;240;221;177m██[38;2;69;66;61m██[38;2;196;176;168m██[38;2;188;188;182m██[38;2;242;222;182m██[38;2;147;127;90m██[38;2;133;78;23m██[38;2;50;25;6m██[38;2;144;83;26m██[38;2;108;70;30m  [38;2;0;0;0m  
[38;2;99;56;17m  [38;2;66;41;17m  [38;2;113;58;23m██[38;2;114;53;25m██[38;2;104;56;25m██[38;2;130;69;26m██[38;2;133;73;20m██[38;2;91;48;17m██[38;2;198;168;121m██[38;2;253;229;178m██[38;2;252;231;182m██[38;2;253;229;180m██[38;2;254;230;180m██[38;2;254;230;181m██[38;2;253;231;179m██[38;2;252;230;179m██[38;2;248;230;177m██[38;2;252;228;177m██[38;2;234;213;172m██[38;2;251;227;181m██[38;2;252;226;178m██[38;2;49;32;15m██[38;2;137;76;25m██[38;2;59;26;6m██[38;2;147;83;23m██[38;2;131;85;43m  [38;2;0;0;0m  
[38;2;94;55;13m██[38;2;90;41;10m  [38;2;100;49;16m██[38;2;102;48;16m██[38;2;85;42;16m██[38;2;116;60;25m██[38;2;129;70;24m██[38;2;116;64;26m██[38;2;129;85;40m██[38;2;253;229;177m██[38;2;248;221;169m██[38;2;251;226;178m██[38;2;251;227;178m██[38;2;252;228;180m██[38;2;251;228;180m██[38;2;236;209;156m██[38;2;254;228;177m██[38;2;253;228;177m██[38;2;254;228;180m██[38;2;254;227;179m██[38;2;251;225;174m██[38;2;39;18;7m██[38;2;136;77;27m██[38;2;69;32;9m██[38;2;134;75;26m██[38;2;139;86;36m██[38;2;48;41;33m  
[38;2;79;55;26m  [38;2;16;19;1m  [38;2;87;42;19m██[38;2;97;44;17m██[38;2;80;37;15m██[38;2;81;40;18m██[38;2;129;66;25m██[38;2;128;69;27m██[38;2;108;65;23m██[38;2;252;222;175m██[38;2;251;227;178m██[38;2;251;227;184m██[38;2;253;230;184m██[38;2;253;228;183m██[38;2;253;228;187m██[38;2;252;229;180m██[38;2;253;227;180m██[38;2;253;227;181m██[38;2;253;227;179m██[38;2;252;226;178m██[38;2;240;213;169m██[38;2;45;22;5m██[38;2;133;75;22m██[38;2;86;44;13m██[38;2;130;76;31m██[38;2;147;86;30m██[38;2;62;53;37m  
[38;2;48;50;15m  [38;2;59;35;10m  [38;2;77;35;12m██[38;2;90;35;16m██[38;2;85;38;18m██[38;2;41;15;7m██[38;2;125;62;24m██[38;2;128;68;24m██[38;2;54;38;24m██[38;2;235;210;170m██[38;2;252;227;179m██[38;2;245;227;192m██[38;2;239;226;194m██[38;2;245;227;192m██[38;2;217;215;197m  [38;2;247;230;195m██[38;2;251;228;186m██[38;2;253;227;180m██[38;2;252;226;178m██[38;2;251;224;178m██[38;2;179;162;118m██[38;2;74;37;14m██[38;2;131;72;24m██[38;2;104;55;20m██[38;2;134;78;32m  [38;2;151;86;26m██[38;2;90;67;44m  
[38;2;37;56;16m  [38;2;58;84;8m  [38;2;47;19;9m██[38;2;75;28;10m██[38;2;84;36;16m██[38;2;19;4;4m██[38;2;116;59;19m██[38;2;124;64;26m██[38;2;29;11;1m██[38;2;159;129;93m██[38;2;249;226;183m██[38;2;244;226;200m██[38;2;245;248;242m██[38;2;238;243;240m  [38;2;233;236;232m██[38;2;244;244;237m██[38;2;230;215;183m██[38;2;252;226;178m██[38;2;252;226;180m██[38;2;250;226;177m██[38;2;37;20;9m██[38;2;105;56;23m██[38;2;134;73;26m██[38;2;126;71;27m██[38;2;131;78;32m  [38;2;141;82;36m██[38;2;197;122;68m  
[38;2;16;52;5m  [38;2;2;10;1m  [38;2;25;32;12m  [38;2;68;26;8m██[38;2;68;25;10m██[38;2;15;0;3m██[38;2;111;54;21m██[38;2;122;65;20m██[38;2;29;11;3m██[38;2;86;51;25m██[38;2;222;199;166m██[38;2;232;230;211m██[38;2;201;207;190m██[38;2;235;239;232m██[38;2;210;217;189m██[38;2;239;240;229m██[38;2;249;226;178m██[38;2;251;225;180m██[38;2;242;215;169m██[38;2;32;19;8m██[38;2;30;12;5m██[38;2;123;69;26m██[38;2;139;76;27m██[38;2;134;77;25m██[38;2;105;71;33m  [38;2;123;81;33m  [38;2;192;169;149m  
[38;2;0;17;0m  [38;2;0;0;0m  [38;2;44;77;26m  [38;2;53;30;10m  [38;2;47;27;13m  [38;2;33;14;7m██[38;2;109;56;21m██[38;2;123;64;24m██[38;2;27;12;5m██[38;2;49;23;15m██[38;2;44;26;14m██[38;2;222;206;197m██[38;2;221;216;213m██[38;2;197;172;146m██[38;2;184;187;164m██[38;2;217;202;174m██[38;2;240;216;176m██[38;2;129;110;82m██[38;2;28;15;6m██[38;2;31;13;4m██[38;2;29;12;2m██[38;2;134;76;24m██[38;2;139;79;21m██[38;2;147;82;28m██[38;2;61;44;14m  [38;2;109;81;35m  [38;2;70;62;41m  
[38;2;0;0;0m      [38;2;47;73;28m  [38;2;32;39;9m  [38;2;33;33;5m  [38;2;106;59;20m██[38;2;115;62;28m██[38;2;28;12;3m██[38;2;25;12;3m██[38;2;42;21;12m██[38;2;198;144;91m██[38;2;199;144;93m██[38;2;128;101;62m██[38;2;81;68;34m██[38;2;145;104;72m██[38;2;192;138;89m██[38;2;37;18;8m██[38;2;28;12;5m██[38;2;29;11;3m██[38;2;28;15;7m██[38;2;144;81;25m██[38;2;143;88;25m  [38;2;139;92;36m  [38;2;49;60;40m  [38;2;105;85;42m  [38;2;27;27;13m  
[38;2;0;0;0m    [38;2;32;32;0m  [38;2;4;6;1m  [38;2;22;63;14m  [38;2;0;0;0m  [38;2;108;67;24m  [38;2;76;54;25m  [38;2;33;15;5m██[38;2;32;14;5m██[38;2;43;22;13m██[38;2;251;227;177m██[38;2;212;177;120m██[38;2;139;105;57m██[38;2;152;137;101m██[38;2;168;127;86m██[38;2;213;176;124m██[38;2;37;18;9m██[38;2;34;15;6m██[38;2;33;16;4m██[38;2;58;61;16m  [38;2;126;70;28m██[38;2;79;60;17m  [38;2;108;87;29m  [38;2;7;10;4m  [38;2;36;51;24m  [38;2;0;0;0m  
[38;2;0;0;0m  [38;2;122;134;123m  [38;2;236;239;229m  [38;2;240;241;233m██[38;2;241;243;235m  [38;2;232;234;228m  [38;2;71;71;52m  [38;2;39;57;24m  [38;2;55;57;31m  [38;2;122;109;86m██[38;2;245;222;183m██[38;2;251;228;181m██[38;2;253;228;181m██[38;2;235;216;171m██[38;2;222;204;159m██[38;2;239;215;172m██[38;2;252;225;176m██[38;2;84;66;43m██[38;2;35;26;9m██[38;2;33;36;13m  [38;2;106;82;30m  [38;2;118;76;31m██[38;2;73;87;52m  [38;2;36;56;19m  [38;2;70;92;48m  [38;2;0;0;0m    
[38;2;217;222;219m  [38;2;238;239;231m██[38;2;243;244;238m██[38;2;245;246;240m██[38;2;246;247;241m██[38;2;247;248;243m██[38;2;247;248;242m██[38;2;243;245;234m██[38;2;252;229;184m██[38;2;254;233;190m██[38;2;254;235;190m██[38;2;253;232;185m██[38;2;230;209;168m██[38;2;210;192;152m██[38;2;253;229;180m██[38;2;235;219;175m██[38;2;241;223;187m██[38;2;253;236;187m██[38;2;252;235;190m██[38;2;203;195;156m  [38;2;99;80;56m██[38;2;170;164;154m  [38;2;216;220;202m██[38;2;188;193;178m  [38;2;126;134;112m  [38;2;0;0;0m    
[38;2;226;229;225m  [38;2;242;243;236m██[38;2;244;245;238m██[38;2;247;248;242m██[38;2;244;247;241m██[38;2;248;250;244m██[38;2;247;248;242m██[38;2;249;250;241m██[38;2;244;227;183m██[38;2;231;215;178m██[38;2;255;234;191m██[38;2;252;231;182m██[38;2;248;229;178m██[38;2;242;222;172m██[38;2;253;230;184m██[38;2;252;229;183m██[38;2;248;229;188m██[38;2;254;235;189m██[38;2;254;236;184m██[38;2;237;225;183m██[38;2;237;232;224m██[38;2;251;251;247m██[38;2;249;249;244m██[38;2;250;252;245m██[38;2;247;248;241m  [38;2;128;136;121m  [38;2;0;0;0m  
[38;2;235;240;231m██[38;2;244;245;237m██[38;2;247;248;241m██[38;2;248;249;242m██[38;2;248;251;246m██[38;2;201;205;209m██[38;2;248;249;243m██[38;2;250;252;246m██[38;2;251;237;193m██[38;2;254;234;190m██[38;2;253;232;188m██[38;2;233;223;182m██[38;2;253;230;184m██[38;2;253;231;183m██[38;2;249;229;185m██[38;2;249;228;181m██[38;2;245;228;183m██[38;2;215;202;164m██[38;2;249;230;179m██[38;2;253;230;181m██[38;2;207;200;181m██[38;2;247;248;242m██[38;2;249;250;243m██[38;2;250;251;245m██[38;2;250;252;246m██[38;2;234;232;219m  [38;2;58;61;36m  
[38;2;240;241;235m██[38;2;246;248;241m██[38;2;249;250;244m██[38;2;243;244;238m██[38;2;249;250;244m██[38;2;212;212;218m██[38;2;249;252;245m██[38;2;249;253;245m██[38;2;238;225;187m██[38;2;254;233;184m██[38;2;255;235;184m██[38;2;254;235;183m██[38;2;252;231;180m██[38;2;254;232;181m██[38;2;253;231;181m██[38;2;188;174;135m██[38;2;233;218;168m██[38;2;250;232;184m██[38;2;255;232;182m██[38;2;254;230;185m██[38;2;204;197;176m██[38;2;249;250;244m██[38;2;249;249;244m██[38;2;249;252;247m██[38;2;250;251;247m██[38;2;246;246;239m██[38;2;138;142;122m  [0m
