
[38;2;0;0;0m                  [38;2;38;28;28m  [38;2;126;92;92m  [38;2;144;105;105m  [38;2;130;95;94m██[38;2;109;82;80m██[38;2;95;73;70m██[38;2;83;61;59m██[38;2;79;57;56m██[38;2;93;68;67m██[38;2;119;87;87m██[38;2;120;87;87m  [38;2;90;69;64m  [38;2;11;9;8m  [38;2;0;0;0m                              
[38;2;0;0;0m              [38;2;66;15;13m  [38;2;115;86;84m  [38;2;150;114;113m  [38;2;114;88;86m██[38;2;76;60;56m██[38;2;73;57;53m██[38;2;73;58;54m██[38;2;69;54;50m██[38;2;67;52;48m██[38;2;63;47;44m██[38;2;54;38;36m████[38;2;64;48;45m██[38;2;93;72;68m██[38;2;125;92;90m  [38;2;96;72;70m  [38;2;0;0;0m                            
[38;2;0;0;0m            [38;2;94;70;70m  [38;2;145;110;109m  [38;2;131;103;101m  [38;2;79;63;59m██[38;2;73;59;55m████[38;2;74;59;55m████[38;2;75;59;55m██[38;2;76;60;56m██[38;2;76;60;57m██[38;2;75;59;55m██[38;2;62;45;43m██[38;2;65;49;46m██[38;2;77;61;57m██[38;2;80;63;60m██[38;2;127;93;93m██[38;2;102;76;73m  [38;2;28;14;14m  [38;2;0;0;0m                        
[38;2;0;0;0m          [38;2;136;85;93m  [38;2;166;127;128m  [38;2;103;81;78m██[38;2;75;59;55m████████[38;2;75;60;56m████[38;2;76;60;56m██[38;2;77;60;56m██[38;2;77;61;57m██[38;2;78;62;58m██[38;2;79;63;58m██[38;2;69;52;49m██[38;2;78;61;57m██[38;2;80;64;60m██[38;2;81;64;60m██[38;2;134;97;98m  [38;2;99;75;73m  [38;2;0;0;0m                        
[38;2;0;0;0m        [38;2;76;70;70m  [38;2;164;126;127m  [38;2;112;89;86m██[38;2;84;66;63m██[38;2;76;60;56m████[38;2;77;60;56m██[38;2;77;61;57m████[38;2;78;62;58m████[38;2;79;63;59m██[38;2;80;63;59m██[38;2;80;64;60m██[38;2;81;64;60m████[38;2;80;63;59m██[38;2;82;65;61m████[38;2;91;70;67m██[38;2;138;100;101m  [38;2;73;58;58m  [38;2;0;0;0m                      
[38;2;0;0;0m        [38;2;148;110;113m  [38;2;157;123;123m██[38;2;101;75;74m██[38;2;77;61;57m██[38;2;78;62;58m████[38;2;78;62;57m██[38;2;78;62;58m██[38;2;75;59;55m██[38;2;79;63;59m██[38;2;80;63;59m██[38;2;81;64;60m████[38;2;82;65;61m██████[38;2;80;63;59m██[38;2;83;66;62m██[38;2;84;67;63m████[38;2;111;84;82m██[38;2;129;95;95m  [38;2;0;0;0m                      
[38;2;0;0;0m      [38;2;86;49;49m  [38;2;182;143;144m  [38;2;96;71;70m██[38;2;95;75;71m██[38;2;79;62;59m██[38;2;74;58;54m██[38;2;80;62;59m██[38;2;80;64;60m██[38;2;80;63;59m██[38;2;75;58;55m██[38;2;81;65;60m████[38;2;82;65;62m████[38;2;84;66;62m██[38;2;83;67;63m██[38;2;84;67;63m██[38;2;79;59;58m██[38;2;84;67;63m██[38;2;85;68;64m██[38;2;85;68;63m██[38;2;88;69;65m██[38;2;163;123;124m██[38;2;83;63;57m  [38;2;0;0;0m                    
[38;2;0;0;0m      [38;2;142;111;110m  [38;2;147;113;113m██[38;2;149;115;115m██[38;2;81;64;60m██[38;2;78;61;58m██[38;2;80;63;59m██[38;2;81;64;60m████[38;2;78;61;58m██[38;2;76;59;56m██[38;2;83;65;62m██[38;2;83;66;62m██[38;2;82;64;62m██[38;2;84;67;62m██[38;2;85;67;63m██[38;2;85;68;64m██[38;2;85;67;63m██[38;2;85;66;63m██[38;2;71;53;51m██[38;2;85;67;63m██[38;2;85;68;64m██[38;2;86;68;64m██[38;2;153;115;116m██[38;2;137;100;101m  [38;2;28;14;14m  [38;2;0;0;0m                  
[38;2;0;0;0m    [38;2;124;96;95m  [38;2;181;141;142m██[38;2;123;87;89m██[38;2;134;99;99m██[38;2;101;77;75m██[38;2;69;52;49m██[38;2;82;65;61m████[38;2;82;66;61m██[38;2;73;56;54m██[38;2;72;54;52m██[38;2;84;67;63m██[38;2;85;68;64m██[38;2;81;64;60m██[38;2;83;65;62m██[38;2;84;66;62m██[38;2;82;65;61m██[38;2;75;57;54m██[38;2;86;68;64m██[38;2;71;52;53m██[38;2;83;65;61m██[38;2;109;82;80m██[38;2;129;94;95m██[38;2;110;83;81m██[38;2;167;126;128m██[38;2;79;61;58m  [38;2;0;0;0m                  
[38;2;0;0;0m  [38;2;45;0;0m  [38;2;174;137;137m  [38;2;99;75;74m██[38;2;153;118;118m██[38;2;143;103;105m██[38;2;142;103;105m██[38;2;114;77;80m██[38;2;127;94;94m██[38;2;101;77;75m██[38;2;90;70;67m██[38;2;71;54;51m██[38;2;71;53;51m██[38;2;87;69;65m██[38;2;87;68;65m██[38;2;87;69;65m██[38;2;69;52;52m██[38;2;85;66;63m██[38;2;87;69;65m██[38;2;79;62;58m██[38;2;81;62;59m██[38;2;104;76;76m██[38;2;111;78;79m██[38;2;111;84;82m██[38;2;86;66;63m██[38;2;87;68;65m██[38;2;156;118;119m██[38;2;117;88;86m  [38;2;0;0;0m                  
[38;2;0;0;0m  [38;2;116;90;89m  [38;2;131;102;100m  [38;2;119;88;89m██[38;2;119;91;90m██[38;2;133;98;100m██[38;2;91;67;66m██[38;2;125;90;91m██[38;2;135;99;100m██[38;2;130;96;96m██[38;2;135;99;100m██[38;2;100;73;73m██[38;2;82;61;59m██[38;2;103;79;77m██[38;2;89;71;67m██[38;2;89;71;66m██[38;2;68;50;50m██[38;2;87;69;66m██[38;2;91;69;71m██[38;2;104;81;78m██[38;2;79;59;57m██[38;2;82;65;60m██[38;2;62;45;47m██[38;2;109;85;83m██[38;2;100;76;76m██[38;2;85;66;63m██[38;2;108;82;80m██[38;2;162;122;125m  [38;2;68;68;68m  [38;2;0;0;0m                
[38;2;10;9;9m  [38;2;151;117;117m  [38;2;59;43;41m  [38;2;156;122;122m  [38;2;123;91;91m██[38;2;112;84;82m██[38;2;65;47;46m██[38;2;115;84;84m██[38;2;79;63;59m██[38;2;83;66;62m██[38;2;78;60;58m██[38;2;66;48;51m██[38;2;69;51;50m██[38;2;91;73;69m██[38;2;93;75;71m██[38;2;93;75;70m██[38;2;81;63;61m██[38;2;87;68;65m██[38;2;195;149;135m██[38;2;80;61;61m██[38;2;83;64;61m██[38;2;81;62;59m██[38;2;66;47;51m██[38;2;129;97;97m██[38;2;103;77;79m██[38;2;79;59;57m██[38;2;96;75;73m██[38;2;170;129;130m██[38;2;83;66;62m  [38;2;0;0;0m                
[38;2;138;108;106m  [38;2;79;57;56m  [38;2;64;48;44m  [38;2;126;99;97m  [38;2;140;101;103m██[38;2;79;64;59m██[38;2;62;44;42m██[38;2;116;86;86m██[38;2;75;57;54m██[38;2;85;67;63m██[38;2;71;53;53m██[38;2;73;53;56m██[38;2;68;50;51m██[38;2;91;72;68m██[38;2;98;80;75m██[38;2;98;79;75m██[38;2;100;79;75m██[38;2;78;59;59m██[38;2;217;160;138m██[38;2;96;74;75m██[38;2;106;85;81m██[38;2;76;57;55m██[38;2;71;52;54m██[38;2;116;87;88m██[38;2;97;74;74m██[38;2;73;52;51m██[38;2;94;72;71m██[38;2;149;113;115m██[38;2;130;97;98m  [38;2;27;27;0m  [38;2;0;0;0m              
[38;2;110;82;81m  [38;2;63;46;44m  [38;2;96;75;72m  [38;2;96;75;73m██[38;2;137;100;101m██[38;2;78;62;57m██[38;2;61;44;42m██[38;2;114;85;85m██[38;2;68;50;51m██[38;2;90;71;68m██[38;2;80;58;59m██[38;2;76;54;57m██[38;2;68;49;53m██[38;2;91;71;68m██[38;2;93;75;71m██[38;2;107;87;82m██[38;2;113;91;86m██[38;2;69;52;54m██[38;2;216;163;142m██[38;2;239;173;147m██[38;2;88;69;68m██[38;2;73;54;56m██[38;2;74;55;55m██[38;2;101;76;77m██[38;2;101;77;76m██[38;2;75;53;53m██[38;2;93;71;70m██[38;2;140;103;110m██[38;2;163;122;124m  [38;2;60;50;41m  [38;2;0;0;0m              
[38;2;63;45;43m  [38;2;28;24;24m  [38;2;132;102;101m  [38;2;94;73;69m██[38;2;139;101;103m██[38;2;81;64;60m██[38;2;57;42;40m██[38;2;106;80;78m██[38;2;76;56;58m██[38;2;99;78;75m██[38;2;107;77;74m██[38;2;92;67;69m██[38;2;150;111;100m██[38;2;88;68;66m██[38;2;83;66;62m██[38;2;120;100;95m██[38;2;126;104;98m██[38;2;71;53;56m██[38;2;151;125;118m██[38;2;65;50;56m██[38;2;68;50;53m██[38;2;82;63;64m██[38;2;73;53;53m██[38;2;82;61;63m██[38;2;121;92;93m██[38;2;78;55;56m██[38;2;88;64;64m██[38;2;124;91;96m██[38;2;167;126;128m  [38;2;79;57;55m  [38;2;0;0;0m              
[38;2;63;46;43m  [38;2;34;24;24m  [38;2;149;116;116m  [38;2;93;70;67m██[38;2;140;102;103m██[38;2;81;65;60m██[38;2;64;50;46m██[38;2;95;71;70m██[38;2;148;111;103m██[38;2;82;64;65m██[38;2;120;90;85m██[38;2;175;142;131m██[38;2;232;174;150m██[38;2;73;54;55m██[38;2;84;67;63m██[38;2;128;107;102m██[38;2;154;133;124m██[38;2;90;72;70m██[38;2;70;54;59m██[38;2;112;103;107m██[38;2;102;89;91m██[38;2;65;45;51m██[38;2;65;47;51m██[38;2;75;54;57m██[38;2;138;105;107m██[38;2;79;56;60m██[38;2;83;59;60m██[38;2;113;83;87m██[38;2;154;114;115m██[38;2;99;70;71m  [38;2;0;0;0m              
[38;2;49;37;33m  [38;2;56;48;46m  [38;2;151;115;116m  [38;2;87;63;63m██[38;2;139;101;102m██[38;2;80;65;60m██[38;2;90;68;62m██[38;2;80;63;61m██[38;2;225;162;137m██[38;2;100;81;80m██[38;2;153;129;122m██[38;2;243;198;177m██[38;2;201;151;132m██[38;2;85;67;68m██[38;2;81;62;63m██[38;2;92;75;75m██[38;2;220;189;167m██[38;2;180;145;131m██[38;2;179;174;178m██[38;2;137;64;113m██[38;2;111;27;94m██[38;2;185;174;185m██[38;2;69;51;56m██[38;2;71;51;55m██[38;2;156;120;122m██[38;2;76;54;58m██[38;2;80;57;57m██[38;2;104;77;79m██[38;2;150;109;112m██[38;2;113;80;82m  [38;2;16;11;11m  [38;2;0;0;0m            
[38;2;47;46;23m  [38;2;63;46;43m  [38;2;133;101;101m  [38;2;79;56;57m██[38;2;141;102;104m██[38;2;80;63;59m██[38;2;95;70;63m██[38;2;85;66;63m██[38;2;128;102;99m██[38;2;67;50;54m██[38;2;84;66;69m██[38;2;237;198;176m██[38;2;223;210;193m██[38;2;250;213;189m██[38;2;251;205;176m██[38;2;254;223;192m██[38;2;255;243;211m██[38;2;222;195;178m██[38;2;181;167;169m██[38;2;194;135;182m██[38;2;106;22;94m██[38;2;136;60;102m██[38;2;186;179;183m██[38;2;66;49;52m██[38;2;160;123;125m██[38;2;66;47;50m██[38;2;81;56;58m██[38;2;101;74;76m██[38;2;150;108;115m██[38;2;124;88;90m  [38;2;16;12;10m  [38;2;0;0;0m            
[38;2;0;0;0m  [38;2;64;49;45m  [38;2;113;85;83m██[38;2;75;53;54m██[38;2;141;102;105m██[38;2;78;61;58m██[38;2;93;67;61m██[38;2;105;81;76m██[38;2;64;44;50m██[38;2;121;108;112m██[38;2;129;86;112m██[38;2;87;73;79m██[38;2;243;216;196m██[38;2;255;243;214m██[38;2;255;243;211m██[38;2;248;206;182m██[38;2;253;240;208m██[38;2;255;244;213m██[38;2;192;180;188m██[38;2;109;21;98m██[38;2;105;23;70m██[38;2;188;79;163m██[38;2;214;210;211m██[38;2;62;42;46m██[38;2;168;130;134m██[38;2;59;43;46m██[38;2;80;55;57m██[38;2;101;73;76m██[38;2;154;110;122m██[38;2;129;93;94m██[38;2;70;51;51m  [38;2;0;0;0m            
[38;2;0;0;0m  [38;2;94;72;70m  [38;2;104;79;78m██[38;2;73;51;51m██[38;2;138;99;102m██[38;2;88;69;66m██[38;2;92;70;64m██[38;2;132;105;95m██[38;2;113;100;103m██[38;2;168;129;141m██[38;2;154;76;139m██[38;2;105;16;90m██[38;2;193;187;174m██[38;2;248;209;189m██[38;2;254;239;208m██[38;2;253;236;205m██[38;2;248;200;178m██[38;2;255;243;210m██[38;2;233;227;216m██[38;2;114;25;97m██[38;2;235;108;215m██[38;2;204;98;164m██[38;2;210;195;188m██[38;2;75;54;58m██[38;2;169;130;134m██[38;2;61;44;47m██[38;2;81;56;58m██[38;2;93;65;69m██[38;2;154;109;122m██[38;2;137;98;99m██[38;2;59;44;40m  [38;2;0;0;0m            
[38;2;51;41;35m  [38;2;107;84;81m  [38;2;113;84;89m██[38;2;76;55;55m██[38;2;105;76;79m██[38;2;113;85;85m██[38;2;85;65;62m██[38;2;164;126;113m██[38;2;171;163;166m██[38;2;133;71;120m██[38;2;100;23;70m██[38;2;134;38;107m██[38;2;136;105;114m██[38;2;252;229;205m██[38;2;249;210;186m██[38;2;248;209;185m██[38;2;254;246;217m██[38;2;250;212;187m██[38;2;254;242;211m██[38;2;199;168;162m██[38;2;142;55;99m██[38;2;186;168;157m██[38;2;250;232;203m██[38;2;72;55;58m██[38;2;167;127;132m██[38;2;65;47;50m██[38;2;89;62;65m██[38;2;83;56;59m██[38;2;151;106;120m██[38;2;142;102;104m██[38;2;61;45;43m  [38;2;90;74;68m  [38;2;56;0;0m  [38;2;0;0;0m        
[38;2;50;37;34m  [38;2;123;95;94m  [38;2;124;90;98m██[38;2;79;58;57m██[38;2;69;49;53m██[38;2;140;102;104m██[38;2;74;62;62m██[38;2;208;151;131m██[38;2;208;204;205m██[38;2;171;128;157m██[38;2;131;28;130m██[38;2;224;89;233m██[38;2;140;70;97m██[38;2;252;232;203m██[38;2;253;234;205m██[38;2;237;139;129m██[38;2;241;162;148m██[38;2;247;198;176m██[38;2;255;243;211m████[38;2;255;243;212m██[38;2;255;243;211m██[38;2;246;201;174m██[38;2;80;59;64m██[38;2;130;96;102m██[38;2;72;51;53m██[38;2;102;69;76m██[38;2;79;52;55m██[38;2;151;107;120m██[38;2;146;101;109m██[38;2;173;91;86m  [38;2;219;198;178m  [38;2;42;34;31m  [38;2;0;0;0m  [38;2;68;52;51m  [38;2;63;54;50m  [38;2;0;0;0m  
[38;2;60;44;42m  [38;2;121;93;93m  [38;2;131;96;105m██[38;2;86;63;63m██[38;2;69;47;51m██[38;2;127;93;94m██[38;2;83;64;64m██[38;2;226;167;144m██[38;2;165;157;154m██[38;2;244;243;246m██[38;2;168;89;136m██[38;2;150;79;118m██[38;2;210;155;146m██[38;2;236;135;127m██[38;2;239;152;140m██[38;2;247;193;172m██[38;2;249;207;183m██[38;2;247;200;177m██[38;2;255;243;211m██████[38;2;254;242;210m██[38;2;253;201;173m██[38;2;116;88;90m██[38;2;89;64;70m██[38;2;82;56;60m██[38;2;121;81;91m██[38;2;79;51;55m██[38;2;149;105;117m██[38;2;137;90;92m██[38;2;151;2;6m██[38;2;142;114;102m  [38;2;11;11;11m  [38;2;80;65;60m  [38;2;182;80;75m  [38;2;105;56;53m  [38;2;0;0;0m  
[38;2;32;22;21m  [38;2;124;95;96m  [38;2;135;98;108m██[38;2;120;87;93m██[38;2;73;49;51m██[38;2;55;39;42m██[38;2;135;98;101m██[38;2;124;103;97m██[38;2;228;220;202m██[38;2;252;245;224m██[38;2;252;236;211m██[38;2;246;186;166m██[38;2;245;186;169m██[38;2;249;210;185m██[38;2;237;143;132m██[38;2;246;182;164m██[38;2;246;209;189m██[38;2;243;233;213m██[38;2;243;233;204m██[38;2;255;243;211m████[38;2;252;234;203m██[38;2;113;88;85m██[38;2;145;112;113m██[38;2;68;48;53m██[38;2;92;63;67m██[38;2;145;96;111m██[38;2;84;54;59m██[38;2;124;87;96m██[38;2;207;139;124m██[38;2;170;47;47m██[38;2;63;49;44m  [38;2;66;52;48m  [38;2;152;34;35m  [38;2;157;25;25m  [38;2;60;49;43m  [38;2;0;0;0m  
[38;2;60;46;40m  [38;2;125;96;97m██[38;2;141;103;112m██[38;2;132;95;104m██[38;2;76;51;54m██[38;2;70;48;52m██[38;2;53;39;42m██[38;2;87;67;69m██[38;2;243;182;159m██[38;2;246;189;169m██[38;2;233;117;113m██[38;2;247;198;176m██[38;2;241;159;146m██[38;2;239;154;141m██[38;2;222;155;145m██[38;2;193;186;177m██[38;2;236;234;231m██[38;2;247;246;246m██[38;2;195;179;177m██[38;2;237;221;198m██[38;2;255;243;212m██[38;2;242;209;183m██[38;2;156;65;63m██[38;2;129;94;89m██[38;2;76;53;57m██[38;2;90;63;67m██[38;2;169;113;133m██[38;2;89;57;64m██[38;2;151;132;115m██[38;2;151;6;9m██[38;2;114;80;69m  [38;2;63;50;44m  [38;2;174;138;122m  [38;2;155;10;14m██[38;2;81;71;63m  [38;2;3;3;2m  [38;2;64;50;41m  
[38;2;65;50;45m  [38;2;99;76;74m  [38;2;144;104;116m██[38;2;121;86;94m██[38;2;89;61;65m██[38;2;87;60;63m██[38;2;65;48;50m██[38;2;59;42;44m██[38;2;158;128;115m██[38;2;252;235;205m██[38;2;239;149;137m██[38;2;248;202;178m██[38;2;232;113;110m██[38;2;229;88;93m██[38;2;231;228;223m██[38;2;212;189;180m██[38;2;235;151;157m██[38;2;248;122;141m██[38;2;252;133;151m██[38;2;168;145;139m██[38;2;255;243;213m██[38;2;164;135;123m██[38;2;155;8;14m██[38;2;147;6;11m██[38;2;74;52;56m██[38;2;91;62;67m██[38;2;191;133;156m██[38;2;72;47;46m  [38;2;253;236;204m██[38;2;176;61;59m  [38;2;88;74;68m  [38;2;140;122;108m  [38;2;151;7;9m██[38;2;139;120;107m  [38;2;52;43;40m  [38;2;93;58;52m  [38;2;223;208;184m  
[38;2;89;65;65m  [38;2;85;65;62m  [38;2;151;106;120m  [38;2;100;72;76m██[38;2;121;86;94m██[38;2;90;59;63m██[38;2;79;61;57m██[38;2;66;47;51m██[38;2;57;45;43m██[38;2;246;186;159m██[38;2;255;243;211m██[38;2;253;236;206m██[38;2;247;200;177m██[38;2;234;110;110m██[38;2;217;153;152m██[38;2;249;132;149m██[38;2;248;128;145m██[38;2;248;125;144m██[38;2;250;127;143m██[38;2;187;171;160m██[38;2;253;244;215m██[38;2;216;167;143m██[38;2;163;24;27m██[38;2;153;3;9m██[38;2;82;52;57m██[38;2;91;63;67m██[38;2;118;80;89m██[38;2;158;141;121m  [38;2;202;121;109m██[38;2;102;65;57m  [38;2;111;99;88m  [38;2;168;41;41m██[38;2;211;162;145m  [38;2;62;48;43m  [38;2;123;34;32m  [38;2;153;4;11m██[38;2;190;142;127m  
[38;2;110;79;81m  [38;2;81;60;60m  [38;2;152;108;122m  [38;2;99;71;75m██[38;2;149;106;119m██[38;2;92;60;65m██[38;2;104;76;79m██[38;2;77;60;56m██[38;2;66;48;51m██[38;2;110;93;85m  [38;2;253;215;186m██[38;2;251;221;193m██[38;2;248;204;180m██[38;2;232;111;107m██[38;2;202;166;156m██[38;2;254;150;161m██[38;2;249;132;149m██[38;2;250;129;147m██[38;2;210;112;125m██[38;2;249;243;220m██[38;2;248;213;186m██[38;2;97;74;64m██[38;2;212;132;117m██[38;2;172;71;66m  [38;2;77;54;58m██[38;2;91;63;67m██[38;2;76;50;47m██[38;2;247;233;203m██[38;2;195;99;91m██[38;2;187;150;133m  [38;2;230;189;167m  [38;2;178;60;57m██[38;2;63;52;46m  [38;2;141;57;51m  [38;2;148;2;4m██[38;2;196;129;114m  [38;2;65;50;44m  
[38;2;126;90;94m  [38;2;78;71;68m  [38;2;115;83;89m  [38;2;113;82;87m██[38;2;152;107;122m██[38;2;126;90;98m██[38;2;128;92;100m██[38;2;78;61;57m██[38;2;75;60;55m██[38;2;65;47;51m██[38;2;90;74;68m  [38;2;237;221;198m  [38;2;254;239;210m  [38;2;249;213;187m██[38;2;251;215;190m██[38;2;202;167;157m██[38;2;163;101;105m██[38;2;179;132;131m██[38;2;252;234;208m██[38;2;246;215;188m██[38;2;97;69;58m██[38;2;160;110;86m██[38;2;248;210;183m██[38;2;243;229;199m  [38;2;69;46;48m██[38;2;76;53;53m██[38;2;226;218;196m██[38;2;184;77;72m██[38;2;157;16;19m██[38;2;234;198;173m██[38;2;254;246;213m██[38;2;233;178;155m  [38;2;208;158;136m  [38;2;153;6;12m██[38;2;208;152;133m  [38;2;65;51;46m  [38;2;0;0;0m  
[38;2;125;87;95m  [38;2;81;72;69m  [38;2;75;55;55m  [38;2;148;105;118m██[38;2;89;64;66m  [38;2;143;102;113m██[38;2;139;100;110m██[38;2;97;70;74m██[38;2;75;60;55m██[38;2;73;57;54m██[38;2;68;50;52m██[38;2;78;60;56m  [38;2;135;108;97m  [38;2;210;163;143m  [38;2;249;209;183m  [38;2;249;210;183m██[38;2;252;234;203m██[38;2;250;225;198m██[38;2;219;190;169m██[38;2;102;63;48m██[38;2;226;156;129m██[38;2;166;114;90m  [38;2;238;188;164m██[38;2;153;10;11m██[38;2;200;136;122m██[38;2;164;38;38m██[38;2;167;40;41m██[38;2;165;36;37m██[38;2;153;3;9m██[38;2;152;3;9m██[38;2;240;215;187m██[38;2;231;193;171m  [38;2;172;50;49m██[38;2;235;175;154m██[38;2;55;43;39m  [38;2;33;29;27m  [38;2;60;46;44m  
[38;2;84;61;62m  [38;2;81;67;66m  [38;2;0;0;0m  [38;2;116;85;90m  [38;2;76;57;55m  [38;2;121;86;95m  [38;2;144;104;114m██[38;2;108;79;83m██[38;2;95;68;70m██[38;2;76;60;56m██[38;2;68;50;52m██[38;2;71;55;53m██[38;2;76;60;55m██[38;2;87;67;66m  [38;2;106;87;83m  [38;2;123;89;74m██[38;2;111;78;66m██[38;2;139;97;82m██[38;2;149;88;67m██[38;2;231;162;135m██[38;2;247;175;147m██[38;2;178;125;99m  [38;2;226;161;141m██[38;2;153;2;8m██[38;2;151;1;5m██[38;2;147;2;5m██[38;2;177;60;59m██[38;2;212;146;130m██[38;2;182;75;69m██[38;2;153;5;10m██[38;2;184;77;72m██[38;2;255;243;211m██[38;2;245;209;182m  [38;2;62;48;43m  [38;2;90;69;59m  [38;2;196;116;102m  [38;2;173;95;84m██
[38;2;2;1;1m  [38;2;71;56;51m  [38;2;0;0;0m  [38;2;69;62;61m  [38;2;105;76;81m  [38;2;144;103;116m  [38;2;113;83;88m  [38;2;125;91;98m██[38;2;139;95;108m██[38;2;93;69;70m██[38;2;110;80;84m██[38;2;75;58;55m██[38;2;111;84;88m██[38;2;190;188;187m██[38;2;176;168;164m  [38;2;237;188;165m██[38;2;229;160;132m██[38;2;217;151;122m██[38;2;236;169;141m██[38;2;245;174;147m██[38;2;242;196;172m██[38;2;178;139;118m██[38;2;207;120;107m██[38;2;152;2;8m██[38;2;155;5;11m██[38;2;155;5;12m██[38;2;151;1;7m██[38;2;248;230;200m██[38;2;243;217;190m██[38;2;172;52;50m██[38;2;152;1;7m██[38;2;254;243;211m██[38;2;235;179;158m  [38;2;161;78;68m  [38;2;183;75;70m██[38;2;159;22;25m  [38;2;109;33;33m  [0m
