
[38;2;0;0;0m              [38;2;135;135;135m  [38;2;200;180;172m  [38;2;212;212;212m  [38;2;0;0;0m  [38;2;74;26;0m  [38;2;159;123;101m  [38;2;248;236;219m██[38;2;247;237;218m██[38;2;247;237;219m██[38;2;164;120;94m██[38;2;243;234;224m██[38;2;255;255;255m██[38;2;254;254;254m██[38;2;173;143;126m██[38;2;247;236;218m██[38;2;247;237;219m██[38;2;248;237;219m████[38;2;247;237;219m██[38;2;248;237;219m██[38;2;88;31;5m  [38;2;0;0;0m        
[38;2;0;0;0m            [38;2;254;254;254m  [38;2;241;236;234m  [38;2;214;198;191m  [38;2;101;57;38m  [38;2;195;169;148m  [38;2;248;238;220m██[38;2;248;237;219m██[38;2;247;237;219m██[38;2;248;237;219m██[38;2;247;235;217m██[38;2;215;194;175m██[38;2;253;253;252m██[38;2;255;255;255m████[38;2;254;254;254m██[38;2;228;212;193m██[38;2;247;237;219m██[38;2;248;237;219m██[38;2;247;237;218m██[38;2;247;237;219m██[38;2;248;237;219m██[38;2;250;241;223m██[38;2;87;27;1m  [38;2;0;0;0m      
[38;2;0;0;0m          [38;2;79;0;0m  [38;2;88;39;11m  [38;2;153;119;103m  [38;2;252;249;243m██[38;2;249;242;230m██[38;2;247;237;219m██[38;2;249;239;221m██[38;2;244;232;214m██[38;2;247;237;219m████[38;2;191;163;141m██[38;2;248;237;219m██[38;2;214;196;182m██[38;2;255;255;255m████[38;2;255;250;244m██[38;2;194;164;142m██[38;2;249;238;220m██[38;2;248;237;219m██████[38;2;247;237;219m████[38;2;248;236;219m██[38;2;87;28;1m  [38;2;0;0;0m    
[38;2;0;0;0m    [38;2;15;0;0m  [38;2;24;8;0m  [38;2;88;33;5m  [38;2;175;143;120m  [38;2;249;238;221m██[38;2;247;235;217m██[38;2;247;237;219m████[38;2;247;236;218m██[38;2;201;175;154m██[38;2;247;237;218m████[38;2;247;237;219m██[38;2;234;220;201m██[38;2;248;237;219m██[38;2;251;241;222m██[38;2;198;178;167m██[38;2;204;178;161m██[38;2;216;202;194m██[38;2;182;135;106m██[38;2;249;239;221m██[38;2;247;237;219m██████[38;2;247;237;218m██[38;2;247;237;219m██[38;2;247;237;218m██[38;2;240;228;209m  [38;2;85;18;1m  [38;2;0;0;0m  
[38;2;90;35;7m  [38;2;95;41;21m██[38;2;161;125;102m  [38;2;251;241;223m  [38;2;246;235;216m██[38;2;247;236;218m██[38;2;247;236;219m██[38;2;247;237;219m██[38;2;248;236;219m██[38;2;236;215;199m██[38;2;220;202;182m██[38;2;248;237;219m██[38;2;247;236;219m██[38;2;248;236;219m██[38;2;248;237;219m██[38;2;246;234;216m██[38;2;237;222;204m██[38;2;248;237;219m██[38;2;248;238;220m██[38;2;244;235;218m██[38;2;246;235;217m██[38;2;248;237;219m██[38;2;223;182;156m██[38;2;248;236;218m██[38;2;247;237;219m██[38;2;247;236;219m██[38;2;247;236;218m██[38;2;247;236;219m████[38;2;248;236;219m██[38;2;189;162;140m  [38;2;9;3;0m  
[38;2;245;234;216m██[38;2;248;236;219m██[38;2;248;237;219m████[38;2;247;237;219m████[38;2;248;237;219m██[38;2;245;235;218m██[38;2;251;246;240m██[38;2;247;235;216m██[38;2;223;208;188m██[38;2;247;237;219m██[38;2;248;237;219m████[38;2;248;236;219m██[38;2;250;242;225m██[38;2;184;154;133m██[38;2;248;236;219m██[38;2;248;236;218m██[38;2;161;118;94m██[38;2;248;236;218m██[38;2;247;237;219m██[38;2;248;237;218m██[38;2;248;239;221m██[38;2;230;213;195m██[38;2;248;237;219m██[38;2;247;237;219m████[38;2;248;237;219m████[38;2;247;235;217m██[38;2;87;31;2m  
[38;2;248;237;218m██[38;2;247;237;219m██[38;2;248;236;219m██[38;2;248;237;218m████[38;2;248;237;219m██[38;2;245;235;217m██[38;2;254;254;254m██[38;2;244;232;215m██[38;2;252;242;224m██[38;2;234;219;200m██[38;2;248;237;219m██[38;2;248;237;218m██[38;2;248;236;219m██[38;2;248;236;218m██[38;2;250;244;230m██[38;2;215;191;176m██[38;2;247;236;218m██[38;2;248;237;220m██[38;2;244;232;213m██[38;2;251;243;224m██[38;2;250;239;221m██[38;2;248;237;219m████[38;2;253;245;228m██[38;2;249;239;221m██[38;2;248;237;218m██[38;2;247;237;218m██[38;2;248;237;218m██[38;2;248;236;219m██[38;2;247;237;219m██[38;2;204;181;160m  
[38;2;248;237;219m████[38;2;248;237;218m██[38;2;248;237;219m██[38;2;247;237;219m██[38;2;246;236;218m██[38;2;252;249;246m██[38;2;245;228;209m██[38;2;247;236;218m██[38;2;116;68;41m██[38;2;177;145;124m██[38;2;244;230;210m██[38;2;239;222;208m██[38;2;251;248;245m██[38;2;254;254;254m████[38;2;239;220;209m██[38;2;252;250;248m██[38;2;254;254;253m██[38;2;254;254;254m██[38;2;124;78;53m██[38;2;176;143;120m██[38;2;248;236;218m██[38;2;247;237;219m██[38;2;248;237;218m██[38;2;154;114;90m██[38;2;247;236;218m██[38;2;248;236;218m██[38;2;248;237;219m██[38;2;248;237;218m██[38;2;248;237;219m████
[38;2;240;228;210m  [38;2;248;237;218m████[38;2;247;237;219m██[38;2;248;236;218m██[38;2;142;98;72m██[38;2;251;250;249m██[38;2;253;245;227m██[38;2;146;107;82m██[38;2;205;187;178m██[38;2;174;147;132m██[38;2;249;246;243m██[38;2;241;225;206m██[38;2;249;238;222m██[38;2;249;239;223m██[38;2;250;245;230m██[38;2;235;214;203m██[38;2;206;183;163m██[38;2;248;238;221m██[38;2;248;236;218m██[38;2;173;140;117m██[38;2;246;235;218m██[38;2;235;208;186m██[38;2;241;222;202m██[38;2;253;253;253m██[38;2;247;236;218m██[38;2;245;237;220m██[38;2;244;233;223m██[38;2;248;237;219m██[38;2;248;237;218m██[38;2;248;237;219m████
[38;2;45;16;1m  [38;2;136;94;71m  [38;2;248;236;218m██[38;2;247;237;219m██[38;2;246;235;217m██[38;2;242;237;235m██[38;2;253;252;252m██[38;2;203;184;178m██[38;2;227;205;194m██[38;2;246;231;215m██[38;2;166;131;109m██[38;2;249;240;225m██[38;2;249;241;226m██████[38;2;247;237;222m██[38;2;232;212;201m██[38;2;167;132;109m██[38;2;252;243;229m██[38;2;249;239;223m██[38;2;244;232;215m██[38;2;210;189;168m██[38;2;217;197;178m██[38;2;248;237;219m██[38;2;247;236;218m██[38;2;248;236;218m██[38;2;180;150;127m██[38;2;247;236;218m████[38;2;248;237;219m██[38;2;248;237;218m██[38;2;247;237;218m██
[38;2;0;0;0m  [38;2;69;2;0m  [38;2;88;32;3m  [38;2;168;135;111m██[38;2;155;119;95m██[38;2;254;253;253m██[38;2;149;113;94m██[38;2;226;203;192m██[38;2;233;212;202m██[38;2;252;245;230m██[38;2;156;119;95m██[38;2;250;243;230m██[38;2;251;245;233m██[38;2;251;244;232m██[38;2;251;245;232m██[38;2;225;212;198m██[38;2;212;193;173m██[38;2;231;214;196m██[38;2;227;215;200m██[38;2;248;240;224m██[38;2;250;242;226m██[38;2;167;132;111m██[38;2;185;157;135m██[38;2;248;236;218m██[38;2;248;237;219m██████[38;2;238;231;213m██[38;2;247;237;219m████[38;2;248;237;219m████
[38;2;85;32;2m  [38;2;98;42;13m  [38;2;133;89;62m  [38;2;159;123;98m██[38;2;158;122;98m██[38;2;242;237;235m██[38;2;145;105;82m██[38;2;229;207;195m██[38;2;233;212;201m██[38;2;250;243;231m██[38;2;191;161;143m██[38;2;223;210;197m██[38;2;141;101;76m██[38;2;192;163;144m██[38;2;219;195;183m██[38;2;211;187;171m██[38;2;250;243;226m██[38;2;250;241;223m██[38;2;194;165;147m██[38;2;209;183;167m██[38;2;165;132;112m██[38;2;232;211;199m██[38;2;250;247;231m██[38;2;251;240;222m██[38;2;248;237;219m██[38;2;247;236;219m██[38;2;248;237;219m██[38;2;155;117;93m██[38;2;248;237;218m██[38;2;248;237;219m██[38;2;247;237;219m████
[38;2;0;0;0m    [38;2;59;0;0m  [38;2;127;81;57m  [38;2;246;236;227m██[38;2;242;224;205m██[38;2;216;191;178m██[38;2;229;207;195m██[38;2;231;209;199m██[38;2;166;131;108m██[38;2;217;193;179m██[38;2;229;208;197m██[38;2;228;206;195m██[38;2;229;207;195m██████[38;2;223;201;188m██[38;2;229;207;196m██[38;2;229;207;195m████[38;2;229;206;195m██[38;2;229;207;195m██[38;2;223;200;188m██[38;2;247;235;218m██[38;2;247;237;218m██████[38;2;243;230;211m██[38;2;185;158;136m██[38;2;248;240;222m██[38;2;249;238;220m██[38;2;177;145;123m██
[38;2;0;0;0m    [38;2;63;21;0m  [38;2;217;199;181m██[38;2;253;251;250m██[38;2;249;240;224m██[38;2;237;217;207m██[38;2;228;206;195m██[38;2;211;190;170m██[38;2;247;236;218m██[38;2;249;240;222m██[38;2;229;207;196m██[38;2;229;207;195m██[38;2;228;207;195m██[38;2;231;210;199m██[38;2;228;207;195m██[38;2;228;205;194m██[38;2;229;207;195m██████[38;2;228;206;195m██[38;2;227;205;194m██[38;2;229;206;195m██[38;2;133;91;65m██[38;2;248;237;219m████[38;2;247;237;219m██[38;2;253;243;225m██[38;2;246;237;219m██[38;2;243;231;213m██[38;2;225;209;190m██[38;2;247;236;217m██
[38;2;0;0;0m  [38;2;20;0;0m  [38;2;101;47;25m  [38;2;184;157;135m██[38;2;249;245;241m██[38;2;167;133;110m██[38;2;228;206;195m██[38;2;229;206;195m██[38;2;215;190;175m██[38;2;183;153;131m██[38;2;191;161;143m██[38;2;228;206;195m██[38;2;229;207;195m██[38;2;228;207;195m██[38;2;229;207;195m██[38;2;230;208;197m██[38;2;229;207;195m██[38;2;228;207;195m██[38;2;231;209;198m██[38;2;163;126;105m██[38;2;195;166;150m██[38;2;220;197;182m██[38;2;223;200;188m██[38;2;178;146;125m██[38;2;247;236;218m██[38;2;248;237;219m██[38;2;247;237;219m██[38;2;250;239;221m██[38;2;238;225;206m██[38;2;244;232;214m██[38;2;248;238;219m██[38;2;248;237;219m██
[38;2;0;0;0m  [38;2;75;0;0m  [38;2;205;183;162m  [38;2;199;174;153m██[38;2;193;169;155m██[38;2;212;188;173m██[38;2;228;207;195m██[38;2;229;207;196m██[38;2;229;207;195m████████████[38;2;228;207;195m████[38;2;229;207;195m██[38;2;228;206;195m██[38;2;171;136;115m██[38;2;88;34;5m██[38;2;86;31;2m██[38;2;86;31;5m██[38;2;114;49;23m██[38;2;144;75;48m██[38;2;246;234;216m██[38;2;247;237;219m██[38;2;248;237;219m████[38;2;230;221;207m██[38;2;248;239;221m██[38;2;149;99;71m██[38;2;211;190;170m██
[38;2;0;0;0m  [38;2;62;25;0m  [38;2;250;240;223m██[38;2;229;216;197m██[38;2;213;164;136m██[38;2;158;113;87m██[38;2;229;207;196m██[38;2;229;206;195m██[38;2;229;207;195m██████[38;2;228;206;195m██[38;2;228;207;195m██[38;2;229;207;195m██[38;2;228;207;195m██[38;2;229;207;195m██[38;2;228;207;195m██[38;2;228;206;195m██[38;2;132;89;67m██[38;2;217;193;180m██[38;2;196;168;149m██[38;2;82;25;1m██[38;2;90;29;10m██[38;2;206;177;162m██[38;2;249;240;223m██[38;2;248;238;220m██[38;2;248;237;219m████[38;2;196;173;153m██[38;2;192;153;127m██[38;2;217;171;143m██[38;2;246;234;216m██
[38;2;0;0;0m  [38;2;87;29;2m  [38;2;247;236;218m██[38;2;248;237;219m██[38;2;216;169;141m██[38;2;240;219;199m██[38;2;229;206;195m██[38;2;229;207;195m██[38;2;228;206;195m██[38;2;224;202;189m██[38;2;180;148;127m██[38;2;202;174;157m██[38;2;230;209;198m██[38;2;229;207;195m████[38;2;229;206;195m████[38;2;229;207;195m████[38;2;229;207;196m██[38;2;84;28;2m██[38;2;161;73;65m██[38;2;202;174;165m██[38;2;188;60;68m██[38;2;249;233;214m██[38;2;247;236;217m██[38;2;248;237;219m██[38;2;250;240;222m██[38;2;212;180;156m██[38;2;248;237;219m██[38;2;215;169;141m██[38;2;248;237;219m██
[38;2;39;0;0m  [38;2;110;58;36m  [38;2;247;237;219m██[38;2;247;236;218m██[38;2;229;198;175m██[38;2;247;236;218m██[38;2;195;167;149m██[38;2;229;206;195m██[38;2;220;197;184m██[38;2;154;116;93m██[38;2;83;27;4m██[38;2;83;27;2m██[38;2;107;58;32m██[38;2;228;206;195m██[38;2;229;207;195m██████[38;2;229;207;196m██[38;2;229;207;195m██[38;2;230;208;196m██[38;2;186;56;63m██[38;2;183;141;130m██[38;2;254;254;254m██[38;2;192;68;69m██[38;2;178;146;124m██[38;2;248;237;219m██[38;2;247;237;219m██[38;2;251;241;223m██[38;2;180;138;112m██[38;2;247;236;218m██[38;2;223;185;160m██[38;2;244;229;210m██
[38;2;0;0;0m  [38;2;144;103;76m  [38;2;248;237;219m████[38;2;248;238;220m██[38;2;247;237;218m██[38;2;222;179;153m██[38;2;229;206;195m██[38;2;165;85;60m██[38;2;119;64;38m██[38;2;194;166;147m██[38;2;85;30;1m██[38;2;121;39;22m██[38;2;223;201;188m██[38;2;229;207;196m██[38;2;228;206;195m██[38;2;199;171;152m██[38;2;173;140;118m██[38;2;229;207;195m████[38;2;185;148;130m██[38;2;251;245;241m██[38;2;211;160;126m██[38;2;238;158;131m██[38;2;248;237;219m██[38;2;247;237;219m██[38;2;247;237;218m██[38;2;203;180;160m██[38;2;218;171;143m██[38;2;249;238;220m██[38;2;248;237;219m██[38;2;224;187;162m██
[38;2;0;0;0m  [38;2;175;143;118m  [38;2;247;236;218m██[38;2;249;238;220m██[38;2;248;236;219m██[38;2;247;236;218m██[38;2;216;169;141m██[38;2;133;87;60m██[38;2;234;213;202m██[38;2;229;206;195m██[38;2;88;33;16m██[38;2;158;41;39m██[38;2;254;253;253m██[38;2;164;46;46m██[38;2;227;205;194m██[38;2;215;190;176m██[38;2;224;201;190m██[38;2;222;199;186m██[38;2;228;205;194m██[38;2;229;206;195m██[38;2;228;206;195m██[38;2;197;173;156m██[38;2;159;99;79m██[38;2;213;193;173m██[38;2;247;237;219m██[38;2;247;236;219m██[38;2;247;236;218m██[38;2;163;114;86m██[38;2;215;168;140m██[38;2;194;164;142m██[38;2;248;237;219m██[38;2;236;214;193m██
[38;2;0;0;0m  [38;2;187;157;135m  [38;2;198;173;152m██[38;2;247;236;218m██[38;2;247;237;219m██[38;2;248;236;218m██[38;2;215;169;141m██[38;2;178;127;99m  [38;2;214;191;175m  [38;2;229;207;195m██[38;2;156;58;51m██[38;2;190;85;82m██[38;2;250;248;248m██[38;2;185;103;92m██[38;2;226;204;193m██[38;2;185;154;135m██[38;2;182;151;130m██[38;2;229;207;196m██[38;2;242;231;223m██[38;2;255;254;250m██[38;2;255;255;247m██[38;2;255;255;248m██[38;2;238;233;227m██[38;2;246;234;216m██[38;2;248;237;219m████[38;2;253;243;225m██[38;2;216;168;140m██[38;2;216;169;141m██[38;2;210;161;134m██[38;2;249;238;220m██[38;2;248;236;218m██
[38;2;57;0;0m  [38;2;163;125;100m  [38;2;232;215;196m██[38;2;248;236;218m██[38;2;248;235;218m██[38;2;247;233;216m██[38;2;215;168;140m██[38;2;93;35;5m  [38;2;90;35;4m  [38;2;230;207;197m  [38;2;234;213;204m██[38;2;250;246;243m██[38;2;233;139;113m██[38;2;253;222;176m██[38;2;233;214;203m██[38;2;252;250;246m██[38;2;255;255;248m██[38;2;255;255;247m██[38;2;253;252;245m██[38;2;255;255;248m████[38;2;254;254;247m██[38;2;144;104;80m██[38;2;248;237;219m██[38;2;247;237;219m██[38;2;248;237;219m██[38;2;142;98;72m██[38;2;215;169;141m██[38;2;216;169;140m██[38;2;215;168;140m██[38;2;202;181;160m██[38;2;248;237;218m██
[38;2;38;0;0m  [38;2;98;44;18m  [38;2;247;235;217m██[38;2;247;236;218m██[38;2;247;235;217m██[38;2;143;94;66m██[38;2;217;170;142m  [38;2;87;32;5m  [38;2;0;0;0m  [38;2;81;25;0m  [38;2;229;206;195m  [38;2;229;208;197m██[38;2;214;201;193m██[38;2;156;123;106m██[38;2;255;254;247m██[38;2;254;254;247m██[38;2;254;254;252m██[38;2;189;153;132m██[38;2;254;200;179m██[38;2;236;231;227m██[38;2;255;255;247m██[38;2;255;255;248m██[38;2;225;206;187m██[38;2;248;236;218m████[38;2;235;220;201m██[38;2;215;168;141m██[38;2;215;169;141m██[38;2;216;169;141m██[38;2;216;168;141m██[38;2;181;131;103m██[38;2;247;236;218m██
[38;2;85;30;2m  [38;2;248;238;220m██[38;2;247;236;218m████[38;2;246;236;218m██[38;2;218;171;143m██[38;2;87;30;0m  [38;2;1;1;0m  [38;2;0;0;0m  [38;2;2;0;2m  [38;2;244;240;237m██[38;2;198;177;165m██[38;2;253;252;246m██[38;2;254;254;247m██[38;2;255;255;248m██[38;2;253;253;245m██[38;2;239;184;163m██[38;2;254;193;172m██[38;2;254;202;182m██[38;2;215;169;148m██[38;2;255;255;248m██[38;2;255;254;248m██[38;2;249;246;230m██[38;2;245;233;215m██[38;2;245;231;214m██[38;2;218;171;142m██[38;2;217;169;141m██[38;2;216;169;141m██[38;2;215;169;141m██[38;2;215;168;141m██[38;2;216;169;141m██[38;2;245;232;214m██
[38;2;134;91;66m  [38;2;86;31;5m  [38;2;246;234;216m██[38;2;247;235;217m██[38;2;230;215;197m██[38;2;84;29;0m  [38;2;127;22;17m  [38;2;222;212;205m  [38;2;224;224;224m  [38;2;10;0;0m  [38;2;84;27;4m  [38;2;254;253;252m██[38;2;255;255;247m██[38;2;192;171;158m██[38;2;227;218;211m██[38;2;255;255;247m██[38;2;252;250;247m██[38;2;246;244;238m██[38;2;253;252;245m██[38;2;254;254;247m██[38;2;254;253;246m██[38;2;168;135;117m██[38;2;155;119;95m██[38;2;126;82;56m██[38;2;152;103;76m██[38;2;217;171;142m██[38;2;217;170;142m██[38;2;215;169;141m██[38;2;216;169;141m██[38;2;215;169;141m████[38;2;172;135;111m██
[38;2;71;0;0m  [38;2;85;33;0m  [38;2;247;235;217m████[38;2;202;176;155m  [38;2;60;0;0m  [38;2;0;0;0m  [38;2;253;253;253m  [38;2;213;196;186m  [38;2;198;198;198m  [38;2;70;23;0m  [38;2;247;235;217m  [38;2;187;145;123m██[38;2;233;226;221m██[38;2;255;254;252m██[38;2;254;254;253m██████[38;2;255;254;250m██[38;2;176;137;115m██[38;2;242;194;173m██[38;2;156;107;81m██[38;2;228;207;186m██[38;2;184;134;106m██[38;2;137;101;82m██[38;2;216;169;141m████████████[38;2;181;132;103m██
[38;2;0;0;0m  [38;2;99;19;0m  [38;2;214;195;175m  [38;2;247;234;216m██[38;2;222;203;184m  [38;2;4;0;0m  [38;2;0;0;0m  [38;2;194;194;194m  [38;2;141;104;86m  [38;2;202;201;201m  [38;2;91;35;9m  [38;2;246;233;215m██[38;2;219;177;150m██[38;2;214;167;139m██[38;2;216;169;141m████[38;2;182;135;107m██[38;2;185;152;128m██[38;2;252;251;250m██[38;2;253;252;252m██[38;2;254;251;248m██[38;2;140;98;73m██[38;2;145;110;93m██[38;2;146;110;93m██[38;2;148;113;97m██[38;2;115;64;36m██[38;2;216;168;141m██████████[38;2;217;170;141m██
[38;2;0;0;0m    [38;2;92;35;6m  [38;2;250;238;221m██[38;2;180;149;125m██[38;2;91;38;13m  [38;2;236;232;230m  [38;2;93;5;2m  [38;2;242;237;236m  [38;2;134;95;75m  [38;2;242;229;211m██[38;2;246;233;214m██[38;2;222;180;153m██[38;2;199;150;122m██[38;2;215;168;140m██[38;2;217;169;141m██[38;2;134;86;59m██[38;2;253;238;219m██[38;2;220;209;204m██[38;2;255;255;255m██[38;2;244;240;238m██[38;2;146;110;94m██[38;2;145;110;92m██[38;2;145;111;94m██[38;2;146;111;94m██[38;2;126;81;55m██[38;2;216;169;141m██[38;2;215;169;141m████[38;2;215;168;141m██[38;2;215;169;141m██[38;2;218;171;143m██
[38;2;0;0;0m      [38;2;84;28;12m  [38;2;102;50;35m  [38;2;122;79;55m  [38;2;117;71;47m  [38;2;91;36;5m  [38;2;108;59;35m  [38;2;106;58;32m██[38;2;180;151;128m██[38;2;246;234;216m██[38;2;158;126;109m██[38;2;218;184;163m██[38;2;173;91;67m██[38;2;216;119;97m██[38;2;216;120;97m██[38;2;185;105;82m██[38;2;150;94;70m██[38;2;254;254;254m██[38;2;107;57;33m██[38;2;144;109;92m██[38;2;144;109;91m██████[38;2;143;108;90m██[38;2;136;88;61m██[38;2;216;169;141m██████████
[38;2;0;0;0m      [38;2;71;71;71m  [38;2;205;193;186m  [38;2;88;32;8m  [38;2;215;202;194m██[38;2;135;98;79m██[38;2;140;105;86m████[38;2;142;107;89m██[38;2;125;84;62m██[38;2;173;146;134m██[38;2;185;163;152m██[38;2;126;85;65m██[38;2;137;72;49m██[38;2;184;96;73m██[38;2;171;91;66m██[38;2;206;111;89m██[38;2;168;87;71m██[38;2;143;107;90m██[38;2;142;106;88m██[38;2;133;94;74m██[38;2;143;108;90m██[38;2;142;107;89m██[38;2;143;107;89m██[38;2;145;110;92m██[38;2;216;168;140m██[38;2;216;169;141m████████
[38;2;0;0;0m      [38;2;57;21;2m  [38;2;158;128;112m  [38;2;139;102;83m██[38;2;139;103;84m██████[38;2;132;94;74m██[38;2;138;102;83m██[38;2;140;104;85m██████████[38;2;141;105;87m██[38;2;232;130;109m██[38;2;154;57;49m██[38;2;192;166;143m██[38;2;140;105;86m████[38;2;141;105;87m██[38;2;141;106;88m██[38;2;142;105;87m██[38;2;142;105;88m██[38;2;141;105;87m██[38;2;186;137;109m██[38;2;215;169;141m██[38;2;216;169;141m████[38;2;216;170;142m██[0m
