
[38;2;0;0;0m                                                            [38;2;48;32;32m  [38;2;86;45;57m  [38;2;62;21;33m  [38;2;105;44;57m  [38;2;159;88;102m  [38;2;181;112;123m  [38;2;193;124;133m  [38;2;201;130;139m  [38;2;202;131;139m  [38;2;199;129;138m  [38;2;194;124;133m  [38;2;183;113;124m  [38;2;157;86;100m  [38;2;91;46;55m  [38;2;63;22;48m  [38;2;76;3;3m  [38;2;0;0;0m    [38;2;114;57;57m  [38;2;72;29;29m  [38;2;0;0;0m    
[38;2;0;0;0m                                                      [38;2;4;0;4m  [38;2;0;0;0m  [38;2;2;0;0m  [38;2;96;33;50m  [38;2;178;107;118m  [38;2;214;143;150m  [38;2;205;136;144m  [38;2;206;136;144m██[38;2;206;137;144m██[38;2;207;137;145m████[38;2;206;137;145m██[38;2;207;137;145m██[38;2;206;137;145m██[38;2;207;137;144m██[38;2;206;136;144m██[38;2;206;137;145m  [38;2;214;142;151m  [38;2;167;100;111m  [38;2;173;104;116m  [38;2;155;88;101m  [38;2;128;62;78m  [38;2;69;17;30m  [38;2;6;1;3m  [38;2;119;83;83m  
[38;2;0;0;0m                                                    [38;2;73;59;73m  [38;2;91;45;49m  [38;2;91;28;47m  [38;2;166;95;108m  [38;2;210;139;147m  [38;2;206;136;144m██[38;2;207;137;145m██████████████[38;2;206;137;145m██[38;2;207;137;145m██████████[38;2;206;136;144m  [38;2;170;101;112m  [38;2;200;130;138m  [38;2;207;138;146m  [38;2;209;140;147m  [38;2;200;129;138m  [38;2;136;67;82m  
[38;2;0;0;0m                                                [38;2;123;40;82m  [38;2;41;38;41m  [38;2;128;68;82m  [38;2;134;64;80m  [38;2;206;136;144m    [38;2;207;137;145m██████[38;2;207;137;144m██[38;2;207;137;145m████████[38;2;207;137;144m██[38;2;207;137;145m████████[38;2;207;137;144m██[38;2;207;137;145m████[38;2;205;136;143m██[38;2;188;118;128m██[38;2;188;118;129m██[38;2;208;138;146m██[38;2;206;136;144m██  
[38;2;0;0;0m                                            [38;2;6;0;6m  [38;2;9;0;2m  [38;2;111;47;64m  [38;2;201;129;138m  [38;2;145;76;90m  [38;2;208;137;146m██[38;2;206;136;144m████[38;2;207;137;145m████████████[38;2;207;137;144m██[38;2;207;137;145m████[38;2;207;137;144m██[38;2;207;137;145m████[38;2;207;137;144m██[38;2;207;137;145m██████[38;2;206;136;145m██[38;2;174;103;115m██[38;2;209;140;147m██[38;2;185;115;126m██[38;2;207;137;145m████
[38;2;0;0;0m                                          [38;2;13;6;6m  [38;2;56;21;31m  [38;2;172;101;112m  [38;2;193;123;132m  [38;2;176;106;117m██[38;2;206;136;144m██[38;2;206;136;145m██[38;2;207;137;145m██[38;2;197;127;136m██[38;2;206;136;144m██[38;2;207;137;145m██████████████[38;2;207;137;144m██[38;2;207;137;145m████████[38;2;207;136;145m██[38;2;207;137;145m██████[38;2;208;138;146m██[38;2;192;122;131m██[38;2;201;131;139m██[38;2;200;130;139m██[38;2;207;137;145m██
[38;2;0;0;0m                                        [38;2;29;16;16m  [38;2;124;58;74m  [38;2;190;121;129m  [38;2;183;113;123m  [38;2;203;133;141m██[38;2;206;136;145m████[38;2;207;137;145m██[38;2;206;136;145m██[38;2;205;136;144m██[38;2;201;130;140m██[38;2;207;136;145m██[38;2;207;137;145m██████████[38;2;205;135;143m██[38;2;207;137;144m██[38;2;207;137;145m████████████████[38;2;206;136;145m██[38;2;175;105;117m██[38;2;207;138;145m██[38;2;176;105;117m██[38;2;210;141;148m██
[38;2;0;0;0m                                    [38;2;38;0;0m  [38;2;11;3;6m  [38;2;166;95;108m  [38;2;190;120;130m  [38;2;184;115;124m██[38;2;210;140;148m██[38;2;202;132;140m██[38;2;207;137;145m██[38;2;207;136;144m██[38;2;207;137;145m██[38;2;198;128;137m██[38;2;184;139;143m██[38;2;226;211;204m██[38;2;196;126;134m██[38;2;206;136;144m██[38;2;207;137;145m██[38;2;206;136;144m████[38;2;207;137;145m████[38;2;190;120;130m██[38;2;207;137;145m██[38;2;206;136;144m██[38;2;207;137;145m██████████████[38;2;205;135;143m██[38;2;206;136;144m██[38;2;209;139;146m██[38;2;173;103;115m██
[38;2;0;0;0m                                    [38;2;82;79;79m  [38;2;181;109;120m  [38;2;189;119;130m  [38;2;182;112;122m██[38;2;206;136;144m██[38;2;203;133;141m██[38;2;207;137;145m████[38;2;206;138;145m██[38;2;167;103;114m██[38;2;232;221;212m██[38;2;246;236;226m██[38;2;245;235;225m██[38;2;227;210;204m██[38;2;185;117;126m██[38;2;205;135;143m██[38;2;207;137;144m██[38;2;204;134;142m██[38;2;205;135;143m██[38;2;207;137;145m████[38;2;179;109;119m██[38;2;209;139;147m██[38;2;207;136;145m██[38;2;207;137;145m████████[38;2;207;136;145m████[38;2;207;137;145m██[38;2;200;130;139m██[38;2;207;137;144m██[38;2;199;129;138m██
[38;2;0;0;0m                              [38;2;6;0;0m  [38;2;19;9;9m  [38;2;106;51;52m  [38;2;174;100;113m  [38;2;195;126;134m██[38;2;181;112;122m██[38;2;211;142;148m██[38;2;206;136;144m██[38;2;207;137;145m██[38;2;206;137;145m██[38;2;206;136;144m██[38;2;158;93;105m██[38;2;249;240;229m██[38;2;246;236;226m██████[38;2;245;235;225m██[38;2;241;229;220m██[38;2;154;85;98m██[38;2;208;138;146m██[38;2;206;136;144m████[38;2;199;129;138m██[38;2;206;136;144m██[38;2;207;137;144m██[38;2;165;94;108m██[38;2;207;138;145m██[38;2;206;136;144m██[38;2;207;137;145m████████████[38;2;201;131;139m██[38;2;207;137;145m████
[38;2;0;0;0m                          [38;2;70;35;35m  [38;2;126;17;17m  [38;2;57;19;26m  [38;2;87;50;57m  [38;2;134;64;81m  [38;2;207;138;145m  [38;2;192;123;132m██[38;2;205;135;143m██[38;2;206;136;144m██[38;2;194;124;134m██[38;2;207;138;145m██[38;2;207;137;145m██[38;2;162;98;109m██[38;2;248;240;229m██[38;2;246;235;225m██[38;2;246;236;225m██[38;2;245;236;226m██████[38;2;245;235;225m██[38;2;249;241;231m██[38;2;169;126;132m██[38;2;186;116;126m██[38;2;209;139;147m██[38;2;206;137;145m██[38;2;187;117;127m██[38;2;204;134;143m██[38;2;206;136;144m██[38;2;186;116;126m██[38;2;180;110;121m██[38;2;208;138;146m██[38;2;207;137;144m██[38;2;207;137;145m██[38;2;206;137;145m████[38;2;207;137;145m██[38;2;204;134;142m██[38;2;207;137;145m████
[38;2;0;0;0m                      [38;2;118;59;59m  [38;2;24;15;15m  [38;2;78;30;43m  [38;2;157;96;106m  [38;2;208;141;148m  [38;2;170;101;113m  [38;2;206;139;146m  [38;2;200;130;138m██[38;2;197;129;137m██[38;2;205;135;144m██[38;2;207;137;145m██[38;2;184;114;124m██[38;2;200;130;139m██[38;2;182;114;125m██[38;2;238;226;217m██[38;2;245;235;225m██[38;2;246;236;226m████████████[38;2;245;235;225m██[38;2;245;235;226m██[38;2;237;225;216m██[38;2;141;86;96m██[38;2;193;122;132m██[38;2;209;139;146m██[38;2;194;124;133m██[38;2;179;109;120m██[38;2;209;139;146m██[38;2;205;135;142m██[38;2;140;71;85m██[38;2;210;141;147m██[38;2;206;136;144m██[38;2;207;137;145m████████[38;2;206;136;144m██[38;2;207;137;145m██
[38;2;0;0;0m              [38;2;23;6;17m  [38;2;64;0;64m  [38;2;4;0;2m  [38;2;25;14;17m  [38;2;142;82;93m  [38;2;206;147;153m  [38;2;216;156;161m  [38;2;209;146;151m  [38;2;212;147;152m██[38;2;166;99;111m██[38;2;203;135;142m██[38;2;191;121;131m██[38;2;207;138;146m██[38;2;199;129;136m██[38;2;182;114;124m██[38;2;207;137;145m██[38;2;214;144;152m██[38;2;162;125;131m██[38;2;197;169;167m██[38;2;241;232;223m██[38;2;246;235;225m██[38;2;245;235;225m██[38;2;246;236;226m██[38;2;246;235;226m██[38;2;246;236;226m████[38;2;246;235;226m██[38;2;246;236;226m██████[38;2;234;222;213m██[38;2;136;83;95m██[38;2;174;106;117m██[38;2;210;142;148m██[38;2;159;89;102m██[38;2;196;128;136m██[38;2;207;137;144m██[38;2;165;96;108m██[38;2;184;115;124m██[38;2;206;137;144m██[38;2;207;137;145m██████████
[38;2;0;0;0m        [38;2;22;0;0m  [38;2;19;9;9m  [38;2;48;24;24m  [38;2;46;12;19m  [38;2;123;67;77m  [38;2;171;122;130m  [38;2;187;150;154m  [38;2;217;166;167m  [38;2;213;157;160m██[38;2;212;151;156m██[38;2;210;148;153m██[38;2;138;71;86m██[38;2;210;143;150m██[38;2;199;130;138m██[38;2;209;139;146m██[38;2;204;134;142m██[38;2;206;136;145m██[38;2;159;90;103m██[38;2;208;138;146m██[38;2;141;84;95m██[38;2;249;241;230m██[38;2;242;230;221m██[38;2;154;113;121m██[38;2;128;79;90m██[38;2;222;203;198m██[38;2;249;241;230m██[38;2;245;234;224m██[38;2;245;236;226m██████████[38;2;246;236;225m██[38;2;246;235;225m██[38;2;247;237;226m██[38;2;242;230;220m██[38;2;189;160;160m██[38;2;149;93;104m██[38;2;161;93;105m██[38;2;152;83;97m██[38;2;181;112;123m██[38;2;177;107;118m██[38;2;141;72;87m██[38;2;171;102;113m██[38;2;200;130;138m██[38;2;202;132;140m██[38;2;205;135;143m██[38;2;206;136;144m██
[38;2;0;0;0m  [38;2;25;0;0m  [38;2;58;0;0m  [38;2;7;0;0m  [38;2;13;0;0m  [38;2;111;59;72m  [38;2;206;166;167m  [38;2;230;198;193m  [38;2;221;184;181m  [38;2;217;172;172m  [38;2;210;161;163m██[38;2;215;161;164m██[38;2;213;155;158m██[38;2;211;150;155m██[38;2;193;128;136m██[38;2;199;132;140m██[38;2;207;140;146m██[38;2;202;132;140m██[38;2;208;138;146m██[38;2;189;118;128m██[38;2;207;137;146m██[38;2;197;127;136m██[38;2;185;115;125m██[38;2;251;249;237m██[38;2;99;39;56m██[38;2;68;2;22m██[38;2;113;57;72m██[38;2;77;7;29m██[38;2;76;8;31m██[38;2;87;23;44m██[38;2;190;160;162m██[38;2;245;235;225m██[38;2;244;231;221m██[38;2;245;232;223m██[38;2;246;233;224m██[38;2;246;234;224m██[38;2;245;234;224m██[38;2;245;235;225m██[38;2;253;246;234m██[38;2;240;225;217m██[38;2;171;135;139m██[38;2;109;53;68m██[38;2;121;68;82m██[38;2;209;185;183m██[38;2;137;86;98m██[38;2;96;31;50m██[38;2;156;102;112m██[38;2;153;93;104m██[38;2;142;74;88m██[38;2;199;129;138m██[38;2;211;141;148m██[38;2;207;137;145m██
[38;2;25;8;12m  [38;2;40;23;27m  [38;2;119;64;78m  [38;2;182;144;146m  [38;2;234;207;200m  [38;2;230;204;196m  [38;2;226;195;190m██[38;2;225;190;186m██[38;2;222;182;180m██[38;2;220;174;174m██[38;2;216;167;168m██[38;2;214;159;162m██[38;2;212;153;157m██[38;2;212;150;154m██[38;2;144;77;91m██[38;2;208;141;148m██[38;2;203;136;143m██[38;2;207;137;145m████[38;2;172;102;114m██[38;2;179;109;120m██[38;2;213;143;150m██[38;2;132;71;85m██[38;2;81;28;37m██[38;2;193;166;166m██[38;2;115;64;75m██[38;2;241;236;236m██[38;2;208;194;195m██[38;2;119;93;79m██[38;2;179;147;149m██[38;2;102;42;59m██[38;2;175;136;139m██[38;2;226;191;183m██[38;2;237;203;193m██[38;2;227;193;185m██[38;2;243;218;206m██[38;2;177;138;140m██[38;2;144;99;107m██[38;2;79;14;35m██[38;2;110;58;70m██[38;2;145;101;111m██[38;2;157;118;128m██[38;2;124;74;86m██[38;2;99;47;57m██[38;2;90;29;47m██[38;2;205;186;183m██[38;2;228;214;206m██[38;2;153;108;116m██[38;2;166;98;109m██[38;2;184;114;124m██[38;2;183;113;123m██[38;2;206;136;144m██
[38;2;191;154;155m  [38;2;233;212;203m    [38;2;230;206;198m  [38;2;230;203;196m██[38;2;228;199;193m██[38;2;226;193;189m██[38;2;224;186;183m██[38;2;221;179;177m██[38;2;218;171;171m██[38;2;215;163;165m██[38;2;213;156;160m██[38;2;210;150;154m██[38;2;159;93;105m██[38;2;210;144;150m██[38;2;208;141;147m██[38;2;205;136;144m██[38;2;208;138;146m██[38;2;206;137;144m██[38;2;167;97;109m██[38;2;154;86;99m██[38;2;195;125;134m██[38;2;154;114;121m██[38;2;253;244;233m██[38;2;88;28;43m██[38;2;85;26;40m██[38;2;121;85;88m██[38;2;113;83;71m██[38;2;137;130;99m██[38;2;151;139;116m██[38;2;252;248;247m██[38;2;223;186;180m██[38;2;228;179;171m██[38;2;231;179;168m██[38;2;232;183;173m██[38;2;233;190;180m██[38;2;237;206;196m██[38;2;211;184;181m██[38;2;247;242;240m██[38;2;154;119;125m██[38;2;253;253;253m██[38;2;244;241;241m██[38;2;111;67;70m██[38;2;118;87;79m██[38;2;185;159;155m██[38;2;138;94;101m██[38;2;124;75;85m██[38;2;212;192;188m██[38;2;214;145;152m██[38;2;204;134;142m██[38;2;194;124;132m██[38;2;191;121;130m██
[38;2;212;185;180m  [38;2;232;209;201m██[38;2;231;207;200m██[38;2;230;205;198m██[38;2;228;201;194m██[38;2;226;196;191m██[38;2;225;190;186m██[38;2;222;183;180m██[38;2;220;175;175m██[38;2;217;168;168m██[38;2;214;159;163m██[38;2;206;148;152m██[38;2;210;147;153m██[38;2;179;114;122m██[38;2;207;140;147m████[38;2;208;138;146m██[38;2;207;138;146m██[38;2;208;137;145m██[38;2;170;100;113m██[38;2;150;82;95m██[38;2;159;90;104m██[38;2;241;232;227m██[38;2;146;110;118m██[38;2;94;43;51m██[38;2;98;54;52m██[38;2;101;70;50m██[38;2;152;140;85m██[38;2;147;150;112m██[38;2;132;100;98m██[38;2;247;236;232m██[38;2;235;199;191m██[38;2;232;185;176m██[38;2;231;178;170m██[38;2;231;180;171m██[38;2;234;189;180m██[38;2;239;208;199m██[38;2;246;237;232m██[38;2;165;135;138m██[38;2;89;30;44m██[38;2;78;16;30m██[38;2;111;70;73m██[38;2;87;56;49m██[38;2;123;102;84m██[38;2;137;131;99m██[38;2;202;179;174m██[38;2;184;153;155m██[38;2;103;46;63m██[38;2;212;142;149m██[38;2;207;137;145m████[38;2;206;136;144m██
[38;2;180;139;143m  [38;2;231;206;199m██[38;2;231;205;198m██[38;2;229;202;195m██[38;2;227;198;192m██[38;2;226;192;188m██[38;2;223;185;183m██[38;2;221;179;177m██[38;2;219;171;171m██[38;2;216;164;165m██[38;2;213;157;161m██[38;2;211;150;154m██[38;2;146;81;94m██[38;2;208;142;147m██[38;2;208;141;148m██[38;2;208;139;147m██[38;2;208;138;146m██[38;2;207;137;145m██[38;2;208;138;145m██[38;2;173;104;115m██[38;2;161;93;105m██[38;2;152;102;110m██[38;2;241;234;233m██[38;2;130;89;96m██[38;2;115;87;75m██[38;2;131;104;73m██[38;2;146;104;84m██[38;2;163;116;121m██[38;2;201;160;160m██[38;2;231;203;195m██[38;2;238;213;205m██[38;2;238;212;204m██[38;2;238;210;201m██[38;2;237;203;196m██[38;2;235;200;192m██[38;2;235;201;193m██[38;2;237;210;201m██[38;2;242;224;216m██[38;2;171;133;139m██[38;2;111;68;69m██[38;2;110;76;69m██[38;2;97;73;52m██[38;2;110;87;55m██[38;2;140;131;93m██[38;2;140;137;103m██[38;2;124;102;85m██[38;2;251;244;235m██[38;2;89;29;46m██[38;2;202;133;140m██[38;2;206;136;145m██[38;2;207;137;145m████
[38;2;69;20;34m  [38;2;239;215;206m  [38;2;229;203;196m██[38;2;228;199;193m██[38;2;226;194;189m██[38;2;225;188;184m██[38;2;222;181;179m██[38;2;220;174;174m██[38;2;217;167;168m██[38;2;214;160;163m██[38;2;213;154;157m██[38;2;197;135;142m██[38;2;197;131;139m██[38;2;206;139;146m██[38;2;207;140;147m██[38;2;207;137;145m██[38;2;208;138;146m██[38;2;207;137;145m████[38;2;172;103;114m██[38;2;174;106;116m██[38;2;184;139;141m██[38;2;230;193;187m██[38;2;230;198;192m██[38;2;223;184;178m██[38;2;231;193;186m██[38;2;233;196;189m██[38;2;234;200;193m██[38;2;236;206;198m██[38;2;239;217;209m██[38;2;242;226;216m██[38;2;241;227;218m██[38;2;243;229;220m██[38;2;242;225;217m██[38;2;241;220;211m██[38;2;239;214;207m██[38;2;238;212;205m██[38;2;238;211;203m██[38;2;238;213;205m██[38;2;240;216;208m██[38;2;241;223;214m██[38;2;181;154;130m██[38;2;170;156;67m██[38;2;143;143;107m██[38;2;144;145;108m██[38;2;138;125;103m██[38;2;254;254;253m██[38;2;107;49;67m██[38;2;141;72;87m██[38;2;205;135;144m██[38;2;207;137;145m████
[38;2;31;0;11m  [38;2;135;80;93m  [38;2;228;200;193m  [38;2;226;194;190m██[38;2;225;190;186m██[38;2;223;183;181m██[38;2;219;177;176m██[38;2;218;170;170m██[38;2;215;162;165m██[38;2;213;157;160m██[38;2;215;154;159m██[38;2;132;65;80m██[38;2;204;138;145m██[38;2;207;137;145m████[38;2;205;135;143m██[38;2;207;137;145m████[38;2;206;136;143m██[38;2;173;104;115m██[38;2;176;107;118m██[38;2;213;173;170m██[38;2;230;193;186m██[38;2;231;195;189m██[38;2;234;199;192m██[38;2;235;203;196m██[38;2;237;209;202m██[38;2;239;217;209m██[38;2;242;224;214m██[38;2;244;229;220m██[38;2;245;232;223m██[38;2;245;233;224m██[38;2;245;232;223m████[38;2;243;229;220m██[38;2;242;225;216m██[38;2;241;222;212m██[38;2;240;219;210m██[38;2;239;216;208m██[38;2;239;214;207m██[38;2;238;212;205m██[38;2;236;209;202m██[38;2;235;211;206m██[38;2;145;115;107m██[38;2;126;109;88m██[38;2;240;236;236m██[38;2;247;245;245m██[38;2;79;14;35m██[38;2;174;105;116m██[38;2;203;133;142m██[38;2;207;137;145m████
[38;2;78;78;78m  [38;2;120;117;118m  [38;2;129;71;84m  [38;2;224;186;184m  [38;2;228;189;186m  [38;2;225;182;181m  [38;2;218;172;172m██[38;2;216;166;167m██[38;2;214;159;162m██[38;2;212;152;157m██[38;2;159;94;105m██[38;2;214;148;154m██[38;2;203;133;141m██[38;2;208;139;147m██[38;2;206;136;144m██[38;2;206;137;145m██[38;2;207;137;145m████[38;2;206;136;144m██[38;2;175;105;117m██[38;2;168;101;111m██[38;2;231;200;192m██[38;2;234;202;195m██[38;2;236;208;200m██[38;2;238;214;207m██[38;2;240;220;211m██[38;2;242;225;216m██[38;2;243;229;220m██[38;2;245;232;223m██[38;2;244;232;223m██[38;2;244;234;224m██[38;2;245;235;225m████[38;2;244;234;224m██[38;2;244;232;223m██[38;2;244;231;222m██[38;2;242;228;219m██[38;2;242;226;217m██[38;2;242;224;214m██[38;2;240;220;211m██[38;2;239;216;208m██[38;2;237;210;203m██[38;2;234;203;196m██[38;2;236;205;197m██[38;2;234;205;198m██[38;2;228;204;199m██[38;2;177;140;144m██[38;2;144;91;102m██[38;2;207;137;146m██[38;2;193;122;132m██[38;2;207;137;145m██[38;2;205;135;143m██
[38;2;0;0;0m  [38;2;14;0;0m  [38;2;150;121;150m  [38;2;7;3;4m  [38;2;25;8;8m  [38;2;134;76;89m  [38;2;217;167;168m██[38;2;214;160;163m██[38;2;212;154;158m██[38;2;210;149;153m██[38;2;169;100;111m██[38;2;197;127;136m██[38;2;207;138;146m██[38;2;206;136;144m██[38;2;205;135;143m██[38;2;207;137;145m████[38;2;206;137;144m██[38;2;212;142;149m██[38;2;178;132;135m██[38;2;160;92;105m██[38;2;241;218;210m██[38;2;238;215;207m██[38;2;239;220;210m██[38;2;243;226;217m██[38;2;243;230;221m██[38;2;245;232;223m██[38;2;245;234;223m██[38;2;248;241;230m██[38;2;142;97;107m██[38;2;124;75;88m██[38;2;213;176;168m██[38;2;207;167;159m██[38;2;210;181;176m██[38;2;218;197;193m██[38;2;209;183;180m██[38;2;196;168;168m██[38;2;244;229;221m██[38;2;243;228;219m██[38;2;242;225;216m██[38;2;241;222;212m██[38;2;239;217;208m██[38;2;238;211;204m██[38;2;235;204;197m██[38;2;233;199;193m██[38;2;234;200;193m██[38;2;236;205;198m██[38;2;151;88;101m██[38;2;207;137;145m██[38;2;190;119;129m██[38;2;206;136;144m██[38;2;205;135;143m██
[38;2;55;0;0m  [38;2;45;26;45m  [38;2;92;72;72m  [38;2;82;0;2m  [38;2;106;42;58m  [38;2;215;164;166m  [38;2;201;146;150m  [38;2;176;115;124m  [38;2;154;90;102m  [38;2;149;84;96m  [38;2;208;138;146m██[38;2;202;133;141m██[38;2;208;138;146m██[38;2;200;130;138m██[38;2;201;131;139m██[38;2;207;137;145m████[38;2;204;134;142m██[38;2;205;135;142m██[38;2;234;213;205m██[38;2;154;89;102m██[38;2;244;227;217m██[38;2;242;224;215m██[38;2;243;227;219m██[38;2;245;232;223m██[38;2;245;235;225m██[38;2;246;236;226m██[38;2;247;237;226m██[38;2;118;65;79m██[38;2;112;47;61m██[38;2;244;189;168m██[38;2;242;187;166m████[38;2;244;189;168m██[38;2;246;191;169m██[38;2;245;190;167m██[38;2;212;163;153m██[38;2;193;153;149m██[38;2;246;235;225m██[38;2;244;229;220m██[38;2;243;226;217m██[38;2;241;223;213m██[38;2;240;219;210m██[38;2;239;215;207m██[38;2;237;211;203m██[38;2;235;206;198m██[38;2;234;204;196m██[38;2;169;102;114m██[38;2;201;131;139m██[38;2;203;133;141m██[38;2;199;129;138m██[38;2;207;137;145m██
[38;2;0;0;0m      [38;2;2;0;2m  [38;2;30;9;15m  [38;2;25;5;12m  [38;2;20;1;8m  [38;2;8;0;2m  [38;2;32;11;16m  [38;2;176;105;116m  [38;2;186;118;128m██[38;2;207;137;145m██[38;2;208;138;146m██[38;2;202;133;141m██[38;2;199;129;138m██[38;2;207;136;145m██[38;2;207;137;145m██[38;2;202;132;140m██[38;2;182;109;121m██[38;2;249;237;227m██[38;2;192;152;155m██[38;2;241;228;218m██[38;2;244;231;222m██[38;2;244;232;223m██[38;2;245;235;225m██[38;2;246;236;226m██[38;2;245;236;226m██[38;2;250;242;230m██[38;2;79;14;31m██[38;2;243;189;167m██[38;2;241;186;165m██[38;2;242;187;165m██[38;2;242;187;166m████████[38;2;241;186;165m██[38;2;242;188;166m██[38;2;222;185;176m██[38;2;245;234;223m██[38;2;244;231;222m██[38;2;243;229;220m██[38;2;242;226;217m██[38;2;242;225;215m██[38;2;241;223;214m██[38;2;240;221;212m██[38;2;224;199;194m██[38;2;195;124;133m██[38;2;153;85;97m██[38;2;210;140;148m██[38;2;184;113;124m██[38;2;205;135;143m██
[38;2;0;0;0m              [38;2;44;42;44m  [38;2;83;22;42m  [38;2;211;142;149m  [38;2;196;130;137m██[38;2;208;138;146m██[38;2;206;136;144m██[38;2;210;140;147m██[38;2;201;131;140m██[38;2;206;137;145m██[38;2;207;137;145m██[38;2;199;129;137m██[38;2;188;116;127m██[38;2;248;240;228m██[38;2;239;226;217m██[38;2;230;214;207m██[38;2;244;234;224m██[38;2;245;235;225m██[38;2;245;236;226m██[38;2;246;236;225m██[38;2;245;235;225m██[38;2;220;202;197m██[38;2;247;193;171m██[38;2;241;187;166m██[38;2;242;187;166m██[38;2;241;187;166m██[38;2;242;187;166m██[38;2;241;187;166m██[38;2;242;187;166m██[38;2;241;187;166m██[38;2;242;187;166m██[38;2;241;187;166m██[38;2;244;189;167m██[38;2;238;224;214m██[38;2;245;235;225m██[38;2;245;233;224m██[38;2;245;232;223m██[38;2;244;232;223m██[38;2;245;232;223m██[38;2;243;230;221m██[38;2;176;138;142m██[38;2;213;143;150m██[38;2;148;81;94m██[38;2;204;134;142m██[38;2;202;132;141m██[38;2;203;133;141m██
[38;2;0;0;0m            [38;2;6;0;0m  [38;2;59;22;27m  [38;2;191;121;130m  [38;2;181;114;124m██[38;2;207;140;147m██[38;2;207;138;146m██[38;2;201;131;139m██[38;2;209;139;147m██[38;2;205;135;142m██[38;2;207;137;145m██[38;2;207;136;145m██[38;2;197;127;136m██[38;2;210;139;147m██[38;2;230;217;209m██[38;2;248;239;228m██[38;2;215;193;190m██[38;2;245;235;225m██[38;2;245;236;226m████[38;2;246;236;226m████[38;2;206;173;168m██[38;2;241;188;166m██[38;2;242;187;166m██████[38;2;242;186;166m██[38;2;242;187;166m██[38;2;242;186;166m██[38;2;242;187;166m██████[38;2;241;187;165m██[38;2;229;183;168m██[38;2;245;236;225m████[38;2;245;236;226m██████[38;2;250;242;230m██[38;2;140;75;90m██[38;2;186;116;127m██[38;2;209;140;147m██[38;2;180;110;121m██[38;2;207;137;145m██[38;2;200;130;138m██
[38;2;0;0;0m            [38;2;1;0;1m  [38;2;73;25;43m  [38;2;214;147;152m  [38;2;168;100;112m██[38;2;208;138;146m████[38;2;195;125;134m██[38;2;202;132;142m██[38;2;208;138;146m██[38;2;207;137;145m██[38;2;206;136;144m██[38;2;199;129;138m██[38;2;217;149;155m██[38;2;187;158;159m██[38;2;244;234;224m██[38;2;228;211;205m██[38;2;246;237;226m██[38;2;246;236;226m████[38;2;245;236;226m██[38;2;246;236;226m██[38;2;202;162;155m██[38;2;240;186;164m██[38;2;242;187;166m████[38;2;241;187;166m██[38;2;242;187;166m██[38;2;241;187;166m██[38;2;242;187;166m████[38;2;241;187;166m██[38;2;242;187;166m██[38;2;241;186;165m██[38;2;240;185;164m██[38;2;244;230;222m██[38;2;246;236;226m██[38;2;245;236;226m██[38;2;246;236;226m██[38;2;245;235;225m██[38;2;228;212;206m██[38;2;201;131;139m██[38;2;138;69;84m██[38;2;206;137;144m██[38;2;174;104;115m██[38;2;207;137;144m██[38;2;195;125;134m██
[38;2;0;0;0m            [38;2;5;0;0m  [38;2;164;96;108m  [38;2;192;125;135m  [38;2;208;139;147m██[38;2;208;138;146m██[38;2;207;137;145m██[38;2;192;123;132m██[38;2;198;128;137m██[38;2;208;138;146m██[38;2;207;137;145m████[38;2;208;138;146m██[38;2;192;122;132m██[38;2;160;106;116m██[38;2;246;237;226m██[38;2;244;233;223m██[38;2;245;235;225m██[38;2;246;235;226m██[38;2;245;236;226m██[38;2;246;235;226m██[38;2;246;236;226m██[38;2;203;159;151m██[38;2;241;186;164m██[38;2;242;187;166m████[38;2;241;187;166m██████████████[38;2;242;187;166m██[38;2;242;188;166m██[38;2;221;184;173m██[38;2;245;235;224m██[38;2;245;235;226m██[38;2;246;235;226m██[38;2;247;238;228m██[38;2;130;70;86m██[38;2;195;126;135m██[38;2;177;108;119m██[38;2;187;118;128m██[38;2;206;137;145m██[38;2;209;140;147m██[38;2;200;131;138m██
[38;2;0;0;0m          [38;2;51;0;0m  [38;2;40;5;16m  [38;2;208;140;148m  [38;2;130;61;77m██[38;2;209;139;147m██[38;2;208;138;146m██[38;2;207;137;145m██[38;2;195;125;134m████[38;2;209;139;146m██[38;2;207;137;145m██████[38;2;151;81;94m██[38;2;186;117;127m██[38;2;242;232;222m██[38;2;245;236;226m██[38;2;244;234;224m██[38;2;246;236;226m████████[38;2;203;157;149m██[38;2;241;186;165m██[38;2;242;187;166m████████████████████[38;2;241;187;166m██[38;2;233;177;157m██[38;2;248;240;229m██[38;2;245;236;226m██[38;2;245;235;225m██[38;2;223;206;201m██[38;2;200;131;139m██[38;2;131;74;88m██[38;2;207;138;146m██[38;2;160;90;103m██[38;2;206;136;144m██[38;2;191;121;131m██[38;2;209;139;147m██
[38;2;0;0;0m          [38;2;5;2;2m  [38;2;116;50;68m  [38;2;212;145;150m  [38;2;168;99;111m██[38;2;207;137;145m██[38;2;208;138;146m██[38;2;207;137;145m██[38;2;197;127;136m██[38;2;196;126;135m██[38;2;209;139;147m██[38;2;207;137;145m████[38;2;206;136;144m██[38;2;201;132;141m██[38;2;206;136;144m██[38;2;186;153;155m██[38;2;245;232;223m██[38;2;246;236;226m██[38;2;245;236;226m████[38;2;246;236;226m██[38;2;247;235;226m██[38;2;202;157;150m██[38;2;241;186;165m██[38;2;242;187;166m████████████████████[38;2;242;187;165m██[38;2;241;185;162m██[38;2;244;236;227m██[38;2;246;236;226m██[38;2;244;234;223m██[38;2;151;94;105m██[38;2;129;58;75m██[38;2;173;124;130m██[38;2;158;89;101m██[38;2;210;141;148m██[38;2;207;137;145m██[38;2;158;88;100m██[38;2;207;137;145m██
[38;2;0;0;0m          [38;2;169;136;158m  [38;2;186;116;127m  [38;2;196;127;137m██[38;2;206;137;144m██[38;2;208;138;146m██[38;2;207;137;145m████[38;2;199;129;137m██[38;2;202;132;140m██[38;2;208;138;146m██[38;2;207;137;145m██████[38;2;206;136;144m██[38;2;160;91;104m██[38;2;183;112;123m██[38;2;247;240;230m██[38;2;245;235;225m██[38;2;246;236;226m████[38;2;245;236;226m██[38;2;246;236;226m██[38;2;202;169;164m██[38;2;242;188;166m██[38;2;242;187;166m████[38;2;242;187;165m██[38;2;242;187;166m████[38;2;242;187;165m██[38;2;242;187;166m██████████[38;2;238;181;160m██[38;2;247;239;229m██[38;2;245;234;224m██[38;2;213;191;188m██[38;2;169;100;112m██[38;2;232;218;210m██[38;2;186;115;125m██[38;2;191;121;131m██[38;2;206;136;144m██[38;2;203;133;142m██[38;2;198;128;137m██[38;2;207;136;145m██[0m
