
[38;2;255;255;255m      [38;2;66;79;125m██[38;2;130;138;165m██[38;2;76;86;119m  [38;2;255;255;255m        [38;2;176;170;196m  [38;2;48;34;104m  [38;2;93;82;132m  [38;2;180;175;193m██[38;2;223;219;230m██[38;2;249;245;252m██[38;2;230;228;231m██[38;2;250;248;251m██[38;2;235;231;242m██[38;2;202;196;219m██[38;2;139;129;175m  [38;2;45;33;98m  [38;2;161;155;184m  [38;2;255;255;255m        [38;2;182;186;198m  [38;2;111;121;154m  [38;2;67;76;107m  [38;2;255;255;255m    
[38;2;255;255;255m      [38;2;37;50;90m  [38;2;252;252;254m██[38;2;239;240;243m██[38;2;199;202;213m  [38;2;255;255;255m    [38;2;60;46;110m  [38;2;199;190;217m██[38;2;247;243;252m████[38;2;246;241;251m██[38;2;241;235;249m██[38;2;111;108;115m██[38;2;28;26;26m██[38;2;19;18;17m██[38;2;143;142;144m██[38;2;140;140;141m██[38;2;21;19;22m██[38;2;33;29;33m██[38;2;185;182;192m██[38;2;112;103;144m  [38;2;192;188;207m  [38;2;255;255;255m  [38;2;205;210;226m  [38;2;180;185;203m██[38;2;244;246;252m██[38;2;69;80;118m  [38;2;255;255;255m    
[38;2;255;255;255m      [38;2;73;83;116m  [38;2;253;254;254m██[38;2;250;251;253m██[38;2;142;147;173m██[38;2;73;73;106m  [38;2;127;118;155m██[38;2;241;234;250m██[38;2;244;237;250m██[38;2;232;220;245m██[38;2;235;222;248m██[38;2;103;97;109m██[38;2;94;90;98m██[38;2;66;63;67m██[38;2;30;28;28m██[38;2;25;24;23m██[38;2;67;67;67m██[38;2;45;45;45m██[38;2;21;20;20m██[38;2;25;23;23m██[38;2;153;153;154m██[38;2;83;83;83m██[38;2;94;88;116m██[38;2;46;46;104m  [38;2;98;112;164m██[38;2;243;244;252m██[38;2;247;248;254m██[38;2;34;51;104m  [38;2;255;255;255m    
[38;2;255;255;255m      [38;2;38;52;95m  [38;2;253;254;254m██[38;2;250;251;253m██[38;2;250;251;254m██[38;2;71;84;131m██[38;2;227;223;244m██[38;2;229;217;244m██[38;2;233;221;247m██[38;2;118;115;122m██[38;2;159;152;181m██[38;2;254;253;254m██[38;2;253;252;254m██[38;2;253;253;254m██[38;2;187;187;188m██[38;2;230;230;231m██[38;2;254;253;254m████[38;2;240;239;239m██[38;2;241;241;242m██[38;2;253;253;254m██[38;2;254;253;254m██[38;2;254;254;254m██[38;2;225;224;226m██[38;2;119;108;166m██[38;2;244;246;251m██[38;2;243;245;251m██[38;2;197;203;218m██[38;2;172;177;193m  [38;2;255;255;255m  
[38;2;255;255;255m      [38;2;61;73;112m██[38;2;249;250;252m██[38;2;250;251;253m██[38;2;247;248;252m██[38;2;243;245;251m██[38;2;169;181;224m██[38;2;123;138;203m██[38;2;134;115;175m██[38;2;248;245;252m██[38;2;252;251;253m██[38;2;253;252;254m██[38;2;252;251;254m██[38;2;253;252;254m████[38;2;254;253;255m██[38;2;253;253;255m████[38;2;254;253;255m██[38;2;254;253;254m████[38;2;253;253;253m██[38;2;254;253;254m██[38;2;253;252;253m██[38;2;248;244;252m██[38;2;151;127;207m██[38;2;245;248;252m██[38;2;237;241;249m██[38;2;89;103;140m██[38;2;255;255;255m  
[38;2;255;255;255m      [38;2;129;139;168m██[38;2;227;233;247m██[38;2;250;251;253m██[38;2;248;249;253m██[38;2;246;247;252m██[38;2;236;241;250m██[38;2;160;137;214m██[38;2;248;244;252m██[38;2;250;248;253m██[38;2;253;251;254m██[38;2;253;252;254m██[38;2;253;251;254m██████[38;2;254;253;255m██[38;2;254;254;255m████[38;2;254;253;255m██████[38;2;254;253;254m████[38;2;253;253;254m██[38;2;247;244;252m██[38;2;248;245;253m██[38;2;162;136;223m██[38;2;217;226;243m██[38;2;196;205;228m██[38;2;154;161;183m  
[38;2;255;255;255m      [38;2;177;187;211m██[38;2;214;222;243m██[38;2;246;247;253m██[38;2;249;250;253m██[38;2;248;249;252m██[38;2;185;164;234m██[38;2;245;241;251m██[38;2;247;243;252m██[38;2;250;247;253m██[38;2;241;233;253m██[38;2;253;252;254m████████[38;2;253;251;254m██[38;2;252;252;254m██[38;2;252;251;254m██[38;2;253;253;255m██[38;2;254;253;255m████████[38;2;253;252;254m██[38;2;247;243;252m██[38;2;226;212;247m██[38;2;236;228;248m██[38;2;185;181;228m██[38;2;212;219;240m██[38;2;56;69;111m  
[38;2;255;255;255m    [38;2;218;220;226m  [38;2;173;184;212m██[38;2;214;222;243m██[38;2;213;221;243m██[38;2;219;225;244m██[38;2;214;220;242m██[38;2;212;193;242m██[38;2;246;243;252m████[38;2;245;241;252m██[38;2;243;237;251m██[38;2;253;252;253m██[38;2;253;252;254m████[38;2;253;252;253m██[38;2;253;252;254m██[38;2;253;252;253m██[38;2;252;250;253m██[38;2;252;252;254m██[38;2;253;253;255m██[38;2;243;236;253m██[38;2;254;252;255m██[38;2;253;253;254m██[38;2;252;251;254m██[38;2;246;242;252m██[38;2;247;243;252m██[38;2;223;209;244m██[38;2;151;127;203m██[38;2;205;215;236m██[38;2;193;196;209m  
[38;2;255;255;255m    [38;2;235;235;238m  [38;2;86;98;146m██[38;2;214;219;243m████[38;2;215;222;243m██[38;2;176;145;234m██[38;2;249;247;252m██[38;2;247;243;251m████[38;2;209;186;244m██[38;2;248;245;251m██[38;2;252;250;254m██[38;2;253;251;254m██[38;2;244;240;251m██[38;2;253;251;254m██████[38;2;245;242;252m██[38;2;252;249;253m██[38;2;254;252;254m██[38;2;239;232;251m██[38;2;253;253;254m██[38;2;253;251;254m██[38;2;245;241;252m██[38;2;247;243;251m████[38;2;197;174;237m██[38;2;215;201;237m██[38;2;63;76;130m  [38;2;255;255;255m  
[38;2;255;255;255m    [38;2;139;130;171m  [38;2;157;152;202m██[38;2;129;148;214m██[38;2;216;221;243m██[38;2;217;223;242m██[38;2;210;188;241m██[38;2;246;241;252m████[38;2;247;244;252m██[38;2;196;168;239m██[38;2;245;241;251m██[38;2;251;248;253m██[38;2;253;252;254m██[38;2;215;199;240m██[38;2;253;252;254m██████[38;2;241;235;252m██[38;2;244;241;250m██[38;2;253;252;255m██[38;2;250;249;254m██[38;2;248;243;252m██[38;2;251;248;253m██[38;2;247;245;251m██[38;2;227;215;246m██[38;2;247;243;252m██[38;2;229;218;246m██[38;2;241;236;248m██[38;2;72;71;133m  [38;2;255;255;255m  
[38;2;255;255;255m    [38;2;61;45;125m  [38;2;86;100;179m██[38;2;210;215;241m██[38;2;138;157;222m██[38;2;118;112;207m██[38;2;243;235;249m██[38;2;246;239;250m████[38;2;250;249;252m██[38;2;203;179;239m██[38;2;246;242;251m██[38;2;247;243;252m██[38;2;250;246;253m██[38;2;197;176;231m██[38;2;252;251;253m██[38;2;253;252;253m██[38;2;253;252;254m██[38;2;240;233;250m██[38;2;236;226;246m██[38;2;253;252;254m██[38;2;252;249;253m██[38;2;227;216;248m██[38;2;247;243;252m██[38;2;247;244;252m██[38;2;192;170;232m██[38;2;246;243;252m██[38;2;245;240;250m██[38;2;210;197;235m██[38;2;78;60;138m  [38;2;255;255;255m  
[38;2;255;255;255m  [38;2;122;109;170m  [38;2;143;145;203m██[38;2;227;227;247m██[38;2;235;234;248m██[38;2;210;218;242m██[38;2;172;144;226m██[38;2;248;239;251m██[38;2;245;236;250m██[38;2;246;237;251m██[38;2;248;243;252m██[38;2;205;185;237m██[38;2;244;239;250m██[38;2;246;241;251m██[38;2;247;244;252m██[38;2;199;179;230m██[38;2;249;245;253m██[38;2;218;205;237m██[38;2;220;207;239m██[38;2;242;236;250m██[38;2;226;214;244m██[38;2;248;245;252m██[38;2;247;243;252m██[38;2;212;195;242m██[38;2;162;129;211m██[38;2;248;245;253m██[38;2;177;153;229m██[38;2;242;235;250m██[38;2;244;239;250m██[38;2;179;158;225m██[38;2;122;102;168m██[38;2;61;75;126m██
[38;2;255;255;255m  [38;2;71;51;138m  [38;2;96;115;205m██[38;2;238;238;248m██[38;2;237;238;248m██[38;2;209;218;242m██[38;2;173;135;236m██[38;2;246;234;250m██████[38;2;231;222;248m██[38;2;208;189;237m██[38;2;237;229;248m██[38;2;238;227;246m██[38;2;232;220;237m██[38;2;157;134;180m██[38;2;119;93;141m██[38;2;203;179;226m██[38;2;239;225;240m██[38;2;233;218;237m██[38;2;226;209;238m██[38;2;239;228;242m██[38;2;239;228;243m██[38;2;207;185;232m██[38;2;237;223;241m██[38;2;126;100;156m██[38;2;120;92;162m██[38;2;219;206;228m██[38;2;243;236;249m██[38;2;161;137;216m██[38;2;171;152;211m██[38;2;155;168;203m██
[38;2;176;169;203m  [38;2;211;202;228m██[38;2;101;123;210m██[38;2;237;238;249m██[38;2;234;236;248m██[38;2;210;218;240m██[38;2;188;155;240m██[38;2;245;233;250m██[38;2;245;232;250m██[38;2;245;233;250m██[38;2;204;187;239m██[38;2;210;190;231m██[38;2;237;223;236m██[38;2;144;126;147m██[38;2;162;144;162m██[38;2;196;171;211m██[38;2;236;218;231m██[38;2;235;218;232m██[38;2;236;218;232m██[38;2;232;212;228m██[38;2;230;208;227m██[38;2;235;215;229m██[38;2;234;215;229m██[38;2;217;191;219m██[38;2;235;215;231m██[38;2;235;217;234m██[38;2;165;136;216m██[38;2;214;200;224m██[38;2;237;228;245m██[38;2;156;131;214m██[38;2;197;181;225m██[38;2;67;76;128m  
[38;2;54;37;119m  [38;2;243;236;252m██[38;2;126;141;217m██[38;2;229;233;247m██[38;2;215;221;242m██[38;2;213;220;242m██[38;2;200;166;241m██[38;2;246;230;250m██[38;2;246;229;250m████[38;2;176;154;227m██[38;2;203;180;224m██[38;2;236;218;230m██[38;2;234;216;229m██[38;2;236;216;229m██[38;2;210;182;208m██[38;2;235;215;228m████[38;2;235;214;228m██[38;2;234;212;226m██[38;2;232;212;227m██[38;2;234;214;227m████[38;2;226;202;223m██[38;2;235;214;229m██[38;2;236;217;233m██[38;2;181;152;212m██[38;2;217;197;224m██[38;2;218;198;214m██[38;2;135;107;200m██[38;2;218;203;236m██[38;2;103;105;132m  
[38;2;207;199;222m██[38;2;241;234;250m██[38;2;165;169;228m██[38;2;214;221;243m██[38;2;214;220;242m██[38;2;215;222;242m██[38;2;202;168;237m██[38;2;246;220;249m██[38;2;246;224;249m██[38;2;246;218;249m██[38;2;164;137;215m██[38;2;215;170;176m██[38;2;177;134;182m██[38;2;241;212;195m██[38;2;244;216;199m██[38;2;225;194;189m██[38;2;202;147;128m██[38;2;193;133;112m██[38;2;249;230;212m██[38;2;249;231;214m██[38;2;250;232;214m██[38;2;250;233;216m██[38;2;250;234;217m██[38;2;249;230;214m██[38;2;209;166;153m██[38;2;173;107;111m██[38;2;210;170;169m██[38;2;247;218;199m██[38;2;239;219;212m██[38;2;223;198;231m██[38;2;225;211;240m██[38;2;70;62;99m  
[38;2;248;242;253m██[38;2;238;231;248m██[38;2;123;139;215m██[38;2;216;222;243m██[38;2;214;221;243m██[38;2;215;220;243m██[38;2;190;156;228m██[38;2;245;207;247m██[38;2;245;209;247m██[38;2;246;208;248m██[38;2;152;114;192m██[38;2;232;185;166m██[38;2;235;188;170m██[38;2;248;215;198m██[38;2;217;190;177m██[38;2;188;160;151m██[38;2;199;162;147m██[38;2;236;204;189m██[38;2;254;235;219m██[38;2;252;240;224m██[38;2;253;239;224m██████[38;2;253;241;224m██[38;2;196;146;129m██[38;2;138;90;77m██[38;2;102;77;69m██[38;2;104;90;82m██[38;2;183;135;146m██[38;2;222;184;230m██[38;2;227;197;239m██[38;2;64;49;103m  
[38;2;243;237;251m██[38;2;148;160;221m██[38;2;191;202;235m██[38;2;217;223;243m██[38;2;219;223;244m██[38;2;213;217;242m██[38;2;168;124;207m██[38;2;243;204;246m██[38;2;243;203;246m██[38;2;244;206;246m██[38;2;158;105;179m██[38;2;231;183;164m██[38;2;187;145;130m██[38;2;75;42;33m██[38;2;37;19;16m██[38;2;25;17;15m██[38;2;66;25;16m██[38;2;107;43;29m██[38;2;156;89;73m██[38;2;253;238;223m██[38;2;253;234;220m██[38;2;253;234;221m██[38;2;252;234;220m██[38;2;251;232;216m██[38;2;144;81;65m██[38;2;99;45;33m██[38;2;54;31;26m██[38;2;41;29;25m██[38;2;74;39;32m██[38;2;212;163;210m██[38;2;226;180;233m██[38;2;62;36;89m  
[38;2;238;231;249m██[38;2;216;212;241m██[38;2;112;127;209m██[38;2;107;126;208m██[38;2;114;130;199m██[38;2;174;161;185m██[38;2;168;108;194m██[38;2;237;194;241m██[38;2;239;198;243m██[38;2;238;196;242m██[38;2;169;102;170m██[38;2;233;186;167m██[38;2;202;159;144m██[38;2;162;123;115m██[38;2;214;178;171m██[38;2;232;198;189m██[38;2;238;206;196m██[38;2;241;210;199m██[38;2;244;212;201m██[38;2;253;233;219m██[38;2;253;234;220m██[38;2;253;234;221m██[38;2;253;231;218m██[38;2;251;225;213m██[38;2;250;217;208m██[38;2;250;209;203m██[38;2;252;202;196m██[38;2;252;199;194m██[38;2;249;194;189m██[38;2;191;121;153m██[38;2;225;172;230m██[38;2;79;43;132m  
[38;2;237;229;249m██[38;2;235;226;247m██[38;2;230;220;245m██[38;2;191;160;200m██[38;2;234;189;170m██[38;2;234;190;171m██[38;2;161;80;164m██[38;2;232;180;237m██[38;2;233;182;237m██[38;2;231;178;236m██[38;2;171;100;170m██[38;2;239;185;172m██[38;2;246;181;174m██[38;2;250;180;178m██[38;2;253;172;172m██[38;2;253;176;175m██[38;2;252;186;184m██[38;2;252;199;196m██[38;2;253;214;206m██[38;2;253;226;215m██[38;2;253;234;220m██[38;2;253;233;219m██[38;2;252;230;218m██[38;2;253;222;212m██[38;2;253;207;201m██[38;2;253;181;181m██[38;2;253;174;176m██[38;2;253;175;175m██[38;2;254;182;183m██[38;2;174;85;104m██[38;2;221;162;226m██[38;2;166;144;194m██
[38;2;237;229;249m██[38;2;235;226;248m██[38;2;229;218;245m██[38;2;196;179;234m██[38;2;197;137;120m██[38;2;251;234;221m██[38;2;184;120;176m██[38;2;234;172;237m██[38;2;231;164;235m██[38;2;232;164;235m██[38;2;166;88;170m██[38;2;242;185;173m██[38;2;247;177;173m██[38;2;250;167;167m██[38;2;252;163;164m██[38;2;253;168;170m██[38;2;253;173;174m██[38;2;253;190;187m██[38;2;253;205;198m██[38;2;253;223;212m██[38;2;253;232;219m██[38;2;253;234;220m██[38;2;253;230;217m██[38;2;252;218;209m██[38;2;253;205;199m██[38;2;253;176;177m██[38;2;253;168;170m██[38;2;253;166;169m██[38;2;253;165;168m██[38;2;172;82;86m██[38;2;210;144;216m██[38;2;231;218;239m██
[38;2;237;229;249m██[38;2;230;218;244m██[38;2;230;219;245m██[38;2;219;206;243m██[38;2;176;127;151m██[38;2;201;147;128m██[38;2;222;186;201m██[38;2;232;160;236m██[38;2;228;148;234m██[38;2;232;149;235m██[38;2;169;88;178m██[38;2;240;194;178m██[38;2;246;183;176m██[38;2;250;174;172m██[38;2;251;171;169m██[38;2;253;168;169m██[38;2;253;175;175m██[38;2;252;191;188m██[38;2;253;207;201m██[38;2;253;223;213m██[38;2;253;231;218m██[38;2;253;235;221m██[38;2;253;231;218m██[38;2;253;220;210m██[38;2;252;206;201m██[38;2;252;190;187m██[38;2;253;179;179m██[38;2;252;181;181m██[38;2;253;187;187m██[38;2;170;83;85m██[38;2;189;114;198m██[38;2;244;238;251m██
[38;2;237;229;249m██[38;2;214;198;240m██[38;2;223;208;246m██[38;2;233;225;247m██[38;2;198;181;238m██[38;2;189;172;237m██[38;2;163;113;165m██[38;2;214;128;220m██[38;2;222;135;236m██[38;2;224;135;235m██[38;2;188;96;195m██[38;2;243;206;189m██[38;2;120;89;84m██[38;2;197;160;153m██[38;2;251;197;193m██[38;2;252;191;188m██[38;2;253;193;189m██[38;2;252;209;201m██[38;2;252;216;207m██[38;2;253;229;216m██[38;2;253;231;219m██[38;2;253;236;222m██[38;2;253;232;219m██[38;2;253;227;216m██[38;2;252;219;210m██[38;2;252;215;206m██[38;2;252;213;204m██[38;2;251;212;203m██[38;2;253;212;204m██[38;2;76;41;37m██[38;2;58;27;40m██[38;2;229;216;246m██
[38;2;242;234;251m██[38;2;210;194;239m██[38;2;200;179;243m██[38;2;235;227;248m██[38;2;230;222;247m██[38;2;198;181;238m██[38;2;186;169;237m██[38;2;178;86;188m██[38;2;210;125;240m██[38;2;212;129;241m██[38;2;197;115;215m██[38;2;79;52;56m██[38;2;217;198;185m██[38;2;91;66;62m██[38;2;192;165;154m██[38;2;250;217;204m██[38;2;251;222;210m██[38;2;252;228;215m██[38;2;252;232;219m██[38;2;216;172;156m██[38;2;254;242;226m██[38;2;250;234;218m██[38;2;245;227;211m██[38;2;254;248;234m██[38;2;173;94;74m██[38;2;253;233;219m██[38;2;251;232;217m██[38;2;249;228;214m██[38;2;244;218;204m██[38;2;100;75;70m██[38;2;102;76;71m██[38;2;222;207;240m██
[38;2;148;138;178m██[38;2;205;187;239m██[38;2;157;135;211m██[38;2;237;229;248m██[38;2;233;224;246m██[38;2;201;185;239m██[38;2;185;165;234m██[38;2;147;57;166m██[38;2;207;126;245m██[38;2;207;130;245m██[38;2;120;71;138m██[38;2;241;222;207m██[38;2;250;234;217m██[38;2;247;230;215m██[38;2;69;37;33m██[38;2;233;208;194m██[38;2;251;231;217m██[38;2;252;235;220m██[38;2;252;238;223m██[38;2;243;221;205m██[38;2;183;116;97m██[38;2;208;159;141m██[38;2;217;176;159m██[38;2;181;111;91m██[38;2;251;238;223m██[38;2;252;236;221m██[38;2;248;225;209m██[38;2;247;220;204m██[38;2;135;101;91m██[38;2;213;192;178m██[38;2;155;130;120m██[38;2;204;189;220m██
[38;2;137;130;163m  [38;2;117;102;163m██[38;2;83;73;148m██[38;2;234;225;248m██[38;2;228;217;245m██[38;2;189;170;237m██[38;2;169;147;224m██[38;2;168;127;211m██[38;2;200;123;244m██[38;2;204;129;247m██[38;2;114;69;133m██[38;2;231;188;170m██[38;2;249;230;214m██[38;2;248;229;213m██[38;2;214;188;175m██[38;2;67;37;34m██[38;2;214;183;170m██[38;2;247;224;208m██[38;2;248;228;212m██[38;2;249;229;212m██[38;2;248;228;211m██[38;2;248;227;211m██[38;2;248;225;209m██[38;2;247;224;207m██[38;2;247;221;204m██[38;2;246;220;203m██[38;2;233;205;187m██[38;2;80;60;54m██[38;2;157;121;110m██[38;2;242;208;191m██[38;2;101;70;63m██[38;2;136;126;153m██
[38;2;255;255;255m  [38;2;39;37;97m  [38;2;55;50;146m██[38;2;69;61;146m██[38;2;127;113;188m██[38;2;70;56;150m██[38;2;184;165;234m██[38;2;94;78;143m██[38;2;159;66;190m██[38;2;200;127;249m██[38;2;60;28;63m██[38;2;169;127;113m██[38;2;236;191;172m██[38;2;234;189;170m██[38;2;237;192;172m██[38;2;227;185;166m██[38;2;86;58;54m██[38;2;154;128;118m██[38;2;245;215;197m██[38;2;245;217;199m██[38;2;245;218;201m██[38;2;246;217;199m████[38;2;226;190;179m██[38;2;169;93;119m██[38;2;227;187;171m██[38;2;138;48;89m██[38;2;152;74;99m██[38;2;239;196;175m██[38;2;222;183;164m██[38;2;21;15;52m██[38;2;16;15;69m  
[38;2;255;255;255m  [38;2;44;42;127m██[38;2;167;165;221m██[38;2;160;157;218m██[38;2;81;77;174m██[38;2;83;76;169m██[38;2;43;32;85m  [38;2;255;255;255m  [38;2;114;19;144m  [38;2;198;126;250m██[38;2;95;48;103m██[38;2;203;169;157m██[38;2;243;209;191m██[38;2;217;172;165m██[38;2;177;81;128m██[38;2;148;67;100m██[38;2;174;89;129m██[38;2;216;125;169m██[38;2;163;82;87m██[38;2;196;123;102m██[38;2;204;136;115m██[38;2;201;134;115m██[38;2;183;107;87m██[38;2;135;57;94m██[38;2;255;178;217m██[38;2;151;57;104m██[38;2;255;171;212m██[38;2;223;128;176m██[38;2;140;65;99m██[38;2;94;12;57m██[38;2;101;99;181m██[38;2;141;139;195m██
[38;2;180;180;198m  [38;2;53;51;138m██[38;2;165;162;220m██[38;2;157;155;216m██[38;2;110;106;190m██[38;2;119;116;196m██[38;2;46;42;82m  [38;2;98;77;96m  [38;2;172;99;153m██[38;2;176;96;223m██[38;2;200;127;254m██[38;2;68;39;82m██[38;2;152;62;109m██[38;2;148;41;95m██[38;2;236;115;176m██[38;2;250;167;208m██[38;2;248;161;203m██[38;2;254;171;213m██[38;2;158;88;130m██[38;2;242;216;249m██[38;2;251;250;253m██████[38;2;180;150;167m██[38;2;195;97;145m██[38;2;179;84;132m██[38;2;196;107;150m██[38;2;231;114;174m██[38;2;231;112;174m██[38;2;173;76;130m██[38;2;126;124;201m██[38;2;132;130;189m██
[38;2;251;251;252m  [38;2;16;16;73m██[38;2;69;66;166m██[38;2;93;89;180m██[38;2;114;111;193m██[38;2;83;80;143m██[38;2;227;225;227m  [38;2;110;54;88m  [38;2;231;108;170m██[38;2;144;73;168m██[38;2;197;125;251m██[38;2;166;93;196m██[38;2;228;108;169m██[38;2;207;90;149m██[38;2;146;39;94m██[38;2;219;129;174m██[38;2;234;146;189m██[38;2;190;95;142m██[38;2;157;81;125m██[38;2;241;218;251m██[38;2;241;227;249m██[38;2;251;248;251m██[38;2;225;212;219m██[38;2;180;107;145m██[38;2;253;173;215m██[38;2;254;172;212m██[38;2;252;170;211m██[38;2;195;82;139m██[38;2;139;33;89m██[38;2;113;35;99m██[38;2;96;94;184m██[38;2;12;11;80m██
[38;2;40;39;94m  [38;2;92;89;162m██[38;2;77;74;167m██[38;2;45;42;144m██[38;2;39;37;108m██[38;2;28;27;69m  [38;2;60;24;49m  [38;2;240;117;179m██[38;2;235;116;176m██[38;2;233;109;172m██[38;2;150;82;180m██[38;2;157;96;212m██[38;2;142;41;91m██[38;2;209;94;152m██[38;2;244;140;191m██[38;2;252;160;204m██[38;2;255;167;209m██[38;2;255;168;209m██[38;2;248;164;205m██[38;2;159;93;133m██[38;2;241;220;247m██[38;2;243;228;249m██[38;2;154;72;113m██[38;2;255;169;210m██[38;2;255;168;209m██[38;2;254;166;208m██[38;2;253;163;206m██[38;2;235;120;178m██[38;2;231;116;178m██[38;2;133;54;99m██[38;2;42;39;136m██[38;2;108;105;185m██
[38;2;36;34;108m██[38;2;159;157;218m██[38;2;155;153;215m██[38;2;88;84;177m██[38;2;112;108;191m██[38;2;29;19;43m██[38;2;134;78;109m██[38;2;239;126;182m██[38;2;236;122;180m██[38;2;236;118;178m██[38;2;233;107;171m██[38;2;200;86;147m██[38;2;212;100;158m██[38;2;236;122;180m██[38;2;250;158;202m██[38;2;250;160;204m██[38;2;255;168;209m████[38;2;255;167;209m██[38;2;232;145;186m██[38;2;186;134;166m██[38;2;207;168;194m██[38;2;211;120;164m██[38;2;255;168;208m██[38;2;255;168;209m██[38;2;254;166;208m██[38;2;252;162;204m██[38;2;237;125;183m██[38;2;232;120;179m██[38;2;219;115;172m██[38;2;85;64;148m██[38;2;148;145;210m██[0m
