
[38;2;0;0;0m          [38;2;254;254;253m██[38;2;248;248;248m██[38;2;254;254;253m  [38;2;0;0;0m  [38;2;109;109;109m  [38;2;254;254;253m██[38;2;254;254;254m██[38;2;244;244;244m██[38;2;226;226;225m████[38;2;239;239;238m██[38;2;254;254;254m████[38;2;254;254;253m██[38;2;178;184;182m██[38;2;251;251;250m██[38;2;0;0;0m              
[38;2;0;0;0m        [38;2;253;253;253m██[38;2;221;224;223m██[38;2;254;254;254m██[38;2;207;209;208m██[38;2;241;241;240m██[38;2;169;169;168m██[38;2;254;254;254m████████████████[38;2;40;41;40m██[38;2;254;254;253m████[38;2;254;254;254m  [38;2;0;0;0m            
[38;2;0;0;0m        [38;2;245;245;244m██[38;2;227;229;228m██[38;2;254;254;254m██[38;2;193;195;194m██[38;2;254;254;254m██████████████[38;2;255;255;255m██████[38;2;254;254;254m██[38;2;254;254;253m██[38;2;250;251;251m██[38;2;254;254;254m  [38;2;0;0;0m            
[38;2;0;0;0m        [38;2;253;253;253m██[38;2;228;230;229m██[38;2;254;254;253m██[38;2;254;254;254m████████████████[38;2;255;255;255m██████[38;2;254;254;254m██████[38;2;252;252;251m██[38;2;0;0;0m            
[38;2;0;0;0m        [38;2;254;254;253m██[38;2;241;242;241m██[38;2;255;255;255m██████████████████████████████[38;2;254;254;253m██[38;2;255;255;255m██[38;2;0;0;0m          
[38;2;0;0;0m      [38;2;253;253;253m  [38;2;209;215;214m██[38;2;254;254;253m██[38;2;255;255;255m████████████████████████████████[38;2;198;199;198m██[38;2;254;254;254m  [38;2;0;0;0m        
[38;2;0;0;0m      [38;2;254;254;253m██[38;2;227;229;227m██[38;2;254;254;253m██[38;2;255;255;255m██████████████████████████████████[38;2;243;239;238m██[38;2;0;0;0m        
[38;2;0;0;0m    [38;2;255;255;255m  [38;2;193;194;193m██[38;2;228;230;229m██[38;2;254;254;253m██[38;2;255;255;255m██████████████████████████████████[38;2;254;254;253m██[38;2;254;254;254m  [38;2;0;0;0m      
[38;2;0;0;0m    [38;2;254;254;253m██[38;2;208;214;213m██[38;2;254;254;253m██████████████████[38;2;253;253;253m██[38;2;254;254;253m██████████████████████[38;2;0;0;0m      
[38;2;0;0;0m    [38;2;204;211;209m██[38;2;208;215;213m██[38;2;253;253;253m██[38;2;254;254;253m██████████[38;2;131;131;130m██[38;2;254;254;253m██████████████[38;2;0;0;0m██[38;2;254;254;253m██████████[38;2;105;105;105m██[38;2;255;255;255m  [38;2;0;0;0m    
[38;2;0;0;0m    [38;2;143;143;142m██[38;2;214;219;217m██[38;2;254;254;253m██████████[38;2;254;245;242m██[38;2;254;233;226m██[38;2;254;217;204m████[38;2;253;229;221m██[38;2;254;254;253m████████[38;2;180;182;181m██[38;2;253;221;209m██[38;2;254;217;204m██[38;2;253;228;219m██[38;2;254;252;251m██[38;2;254;254;253m██████[38;2;255;255;255m  [38;2;0;0;0m  
[38;2;0;0;0m  [38;2;254;254;254m  [38;2;196;207;204m██[38;2;241;241;241m██[38;2;253;253;253m██[38;2;254;254;253m████[38;2;254;240;236m██[38;2;253;217;204m██[38;2;254;211;198m██[38;2;254;211;197m██[38;2;253;222;210m██[38;2;254;245;242m██[38;2;254;254;253m██[38;2;182;183;183m██[38;2;0;0;0m██████[38;2;58;58;57m██[38;2;254;254;253m██[38;2;118;119;119m██[38;2;254;211;197m████[38;2;254;244;240m██[38;2;254;254;253m████[38;2;255;255;255m  [38;2;0;0;0m  
[38;2;0;0;0m  [38;2;254;254;253m██[38;2;196;207;204m██[38;2;254;254;253m██████[38;2;254;230;222m██[38;2;254;212;198m██[38;2;254;211;197m██[38;2;254;211;198m██[38;2;253;237;233m██[38;2;254;253;252m██[38;2;254;254;253m██[38;2;216;216;216m██[38;2;0;0;0m██████████[38;2;254;254;253m████[38;2;164;164;164m██[38;2;254;211;197m████[38;2;254;254;253m██[38;2;155;156;156m██[38;2;255;255;255m  [38;2;0;0;0m  
[38;2;0;0;0m  [38;2;254;254;253m██[38;2;196;207;204m██[38;2;254;254;253m████[38;2;254;252;251m██[38;2;254;212;198m██[38;2;254;211;198m██[38;2;254;211;197m██[38;2;254;237;232m██[38;2;254;253;252m██[38;2;254;255;255m██[38;2;254;254;253m██[38;2;254;253;253m██[38;2;0;0;0m████████[38;2;18;19;18m██[38;2;254;254;253m██████[38;2;194;165;155m██[38;2;254;211;197m██[38;2;254;250;249m██[38;2;185;186;185m██[38;2;255;255;255m  [38;2;0;0;0m  
[38;2;0;0;0m  [38;2;76;76;76m██[38;2;197;207;204m██[38;2;254;254;253m████[38;2;254;253;252m██[38;2;254;216;203m██[38;2;254;211;198m██[38;2;254;242;238m██[38;2;254;253;252m██[38;2;254;254;253m████████████████████████[38;2;251;251;250m██[38;2;254;241;237m██[38;2;254;254;253m████[38;2;254;254;254m  [38;2;0;0;0m  
[38;2;0;0;0m  [38;2;106;106;106m██[38;2;200;210;206m██[38;2;254;254;253m██████[38;2;254;252;251m██[38;2;254;253;252m██[38;2;254;254;253m██████████████████████████████████████[38;2;0;0;0m  
[38;2;255;255;255m  [38;2;189;201;197m██[38;2;200;210;206m██[38;2;254;254;253m████████████████████████████████████████[38;2;254;254;254m████████[38;2;0;0;0m  
[38;2;252;252;252m  [38;2;189;201;197m██[38;2;204;211;209m██[38;2;254;254;253m██[38;2;253;253;253m██[38;2;254;254;253m████████████████████████████████████[38;2;254;254;254m██████[38;2;254;252;251m██[38;2;0;0;0m  
[38;2;253;253;253m  [38;2;189;201;197m██[38;2;204;212;209m██[38;2;254;254;253m████████████████████████████████████████[38;2;254;254;254m██████[38;2;123;123;122m██[38;2;0;0;0m  
[38;2;254;254;253m██[38;2;188;200;196m██[38;2;207;214;212m██[38;2;254;254;253m██[38;2;253;253;253m██[38;2;254;254;253m██████████████████████████████████[38;2;253;253;252m██[38;2;254;254;254m██████[38;2;79;79;79m██[38;2;0;0;0m  
[38;2;254;254;253m██[38;2;188;201;197m██[38;2;208;215;213m██[38;2;254;254;253m██████████████████████████[38;2;227;229;227m██[38;2;254;254;253m██████████[38;2;161;163;162m██[38;2;254;254;254m██[38;2;255;255;255m████[38;2;247;248;248m██[38;2;255;255;255m  
[38;2;254;254;253m██[38;2;189;201;197m██[38;2;208;215;213m██[38;2;254;254;253m████████████████████████████████████[38;2;191;190;189m██[38;2;254;254;254m████[38;2;255;255;255m████[38;2;254;254;253m██[38;2;254;254;254m  
[38;2;243;244;243m██[38;2;193;204;200m██[38;2;208;215;213m██[38;2;254;254;253m██████████████████████████████████████[38;2;254;254;254m████[38;2;255;255;255m██████  
[38;2;198;199;199m██[38;2;193;204;199m██[38;2;208;214;213m██[38;2;254;254;253m██████████████████████████████████████[38;2;254;254;254m████[38;2;255;255;255m██████[38;2;254;254;253m██
[38;2;136;136;136m██[38;2;193;204;200m██[38;2;214;219;216m██[38;2;254;254;253m████████████████████[38;2;253;253;253m██[38;2;254;254;253m████████████████[38;2;254;254;254m████[38;2;255;255;255m██████[38;2;248;249;248m██
[38;2;85;85;85m██[38;2;193;204;200m██[38;2;214;219;217m██[38;2;254;254;253m██[38;2;253;253;253m██[38;2;254;254;253m██████████████████████████████████[38;2;254;254;254m████[38;2;255;255;255m██████[38;2;146;146;146m██
[38;2;84;84;84m██[38;2;197;207;204m██[38;2;214;219;217m██[38;2;254;254;253m████████████████████[38;2;253;253;253m██[38;2;254;254;253m████████████████[38;2;254;254;254m████[38;2;255;255;255m██████[38;2;84;84;84m██
[38;2;173;174;174m██[38;2;196;207;204m██[38;2;214;219;217m██[38;2;254;254;253m██[38;2;253;253;253m██[38;2;254;254;253m██████████████████████████████████[38;2;254;254;254m████[38;2;255;255;255m██████[38;2;104;104;103m██
[38;2;254;254;253m██[38;2;197;207;204m██[38;2;213;218;217m██[38;2;254;254;253m██████████████████████████████████████[38;2;254;254;254m██████████[38;2;253;253;252m██
[38;2;47;47;47m  [38;2;229;230;229m██[38;2;213;219;217m██[38;2;254;254;253m████████████████████████████████████████[38;2;254;254;254m██████[38;2;101;101;100m██[38;2;253;253;253m  
[38;2;0;0;0m    [38;2;254;254;253m██[38;2;249;249;248m██[38;2;159;160;159m██[38;2;94;94;94m██[38;2;254;254;253m██████████████████████████████████[38;2;254;254;254m██[38;2;182;183;182m██[38;2;237;233;232m██[38;2;254;253;253m  [38;2;0;0;0m  
[38;2;0;0;0m          [38;2;108;108;108m  [38;2;255;255;255m  [38;2;253;253;253m  [38;2;254;254;253m████[38;2;250;250;249m██[38;2;239;239;238m██[38;2;226;222;221m██[38;2;199;201;200m██[38;2;173;173;172m██[38;2;157;158;157m████[38;2;170;171;170m██[38;2;199;201;200m██[38;2;226;226;225m██[38;2;241;241;240m██[38;2;253;253;252m██[38;2;254;254;253m██[38;2;254;254;254m  [38;2;109;109;109m  [38;2;0;0;0m      [0m
