
[38;2;0;0;0m                      [38;2;60;0;0m  [38;2;82;33;50m  [38;2;1;0;0m  [38;2;0;0;0m                            
[38;2;0;0;0m                        [38;2;78;32;47m  [38;2;67;25;38m  [38;2;0;0;0m                            
[38;2;0;0;0m                      [38;2;5;1;2m  [38;2;80;32;48m██[38;2;78;32;47m  [38;2;0;0;0m                            
[38;2;0;0;0m                    [38;2;46;22;22m  [38;2;45;13;23m  [38;2;98;41;59m██[38;2;85;34;51m██[38;2;67;25;38m  [38;2;0;0;0m                          
[38;2;0;0;0m              [38;2;89;28;28m  [38;2;35;9;9m  [38;2;191;109;111m  [38;2;233;216;216m  [38;2;101;40;59m██[38;2;104;44;61m██[38;2;97;40;57m██[38;2;91;37;53m██[38;2;142;85;104m  [38;2;62;37;37m  [38;2;0;0;0m                      
[38;2;0;0;0m            [38;2;125;82;82m  [38;2;247;242;244m  [38;2;222;192;194m██[38;2;205;132;138m██[38;2;195;125;131m██[38;2;108;45;62m██[38;2;107;45;62m██[38;2;97;39;55m██[38;2;103;42;60m██[38;2;92;34;51m██[38;2;202;159;179m  [38;2;41;35;35m  [38;2;0;0;0m                    
[38;2;80;32;49m  [38;2;42;12;20m  [38;2;0;0;0m    [38;2;3;0;1m  [38;2;91;36;49m  [38;2;143;80;86m  [38;2;222;150;160m██[38;2;211;133;142m██[38;2;220;147;157m██[38;2;220;147;156m██[38;2;194;101;109m██[38;2;153;73;83m██[38;2;109;45;62m██[38;2;103;42;59m██[38;2;106;44;61m██[38;2;195;155;173m██[38;2;174;118;138m  [38;2;163;98;114m  [38;2;3;3;3m  [38;2;0;0;0m                
[38;2;82;33;49m  [38;2;82;32;48m██[38;2;81;31;47m  [38;2;110;45;63m  [38;2;108;44;62m██[38;2;143;57;65m██[38;2;220;147;156m██[38;2;219;146;154m██[38;2;221;148;156m██[38;2;222;148;156m██[38;2;222;149;157m██[38;2;221;149;157m██[38;2;208;127;135m██[38;2;224;151;160m██[38;2;113;45;64m██[38;2;108;45;61m██[38;2;141;92;106m██[38;2;204;167;186m██[38;2;178;129;147m██[38;2;174;124;142m  [38;2;41;22;41m  [38;2;0;0;0m              
[38;2;31;11;17m  [38;2;85;33;50m██[38;2;99;40;56m██[38;2;109;44;62m██[38;2;112;44;61m██[38;2;220;148;156m██[38;2;220;146;154m██[38;2;212;132;139m██[38;2;223;149;157m████[38;2;223;149;156m██[38;2;193;101;103m██[38;2;222;148;157m██[38;2;221;147;156m██[38;2;219;147;155m██[38;2;99;32;44m██[38;2;110;60;72m██[38;2;198;155;173m██[38;2;205;168;187m██[38;2;203;168;187m██[38;2;186;134;154m  [38;2;0;0;0m              
[38;2;37;0;0m  [38;2;88;34;50m  [38;2;103;41;57m██[38;2;111;44;61m██[38;2;181;97;105m██[38;2;220;148;155m██[38;2;209;129;133m██[38;2;216;137;143m██[38;2;224;151;158m██[38;2;224;152;158m████[38;2;251;238;226m██[38;2;209;124;130m██[38;2;223;150;157m██[38;2;222;150;157m██[38;2;196;106;113m██[38;2;113;73;81m██[38;2;241;239;239m██[38;2;205;167;185m██[38;2;204;167;186m██[38;2;203;168;187m  [38;2;121;121;121m  [38;2;0;0;0m            
[38;2;0;0;0m  [38;2;42;0;41m  [38;2;107;42;59m  [38;2;114;46;63m██[38;2;226;154;161m██[38;2;215;138;143m██[38;2;227;181;172m██[38;2;224;150;154m██[38;2;226;154;158m██[38;2;226;155;158m██[38;2;227;156;159m██[38;2;247;227;215m██[38;2;224;149;154m██[38;2;224;153;158m██[38;2;224;153;159m████[38;2;216;144;151m██[38;2;241;239;239m██[38;2;243;245;243m██[38;2;206;168;186m██[38;2;205;168;186m██[38;2;206;166;186m  [38;2;43;43;43m  [38;2;0;0;0m          
[38;2;0;0;0m    [38;2;39;0;39m  [38;2;117;45;62m  [38;2;227;158;163m██[38;2;221;149;152m██[38;2;245;224;212m██[38;2;227;157;159m██[38;2;227;158;160m██[38;2;228;158;160m██[38;2;228;158;159m██[38;2;218;161;149m██[38;2;218;163;151m██[38;2;213;132;133m██[38;2;226;156;160m██[38;2;225;155;160m██[38;2;202;114;120m██[38;2;242;242;241m██[38;2;241;240;240m██[38;2;216;190;197m██[38;2;205;167;186m██[38;2;204;167;187m██[38;2;147;106;119m  [38;2;0;0;0m          
[38;2;0;0;0m      [38;2;126;117;119m  [38;2;227;160;164m  [38;2;226;157;158m██[38;2;218;165;152m██[38;2;230;164;164m██[38;2;230;161;161m██[38;2;230;161;162m██[38;2;230;160;161m██[38;2;243;216;203m██[38;2;241;208;195m██[38;2;208;127;125m██[38;2;229;162;165m██[38;2;227;159;162m██[38;2;223;152;156m██[38;2;217;168;167m██[38;2;242;240;239m██[38;2;242;241;241m██[38;2;206;168;187m██[38;2;205;168;187m██[38;2;206;170;189m  [38;2;145;84;84m  [38;2;0;0;0m        
[38;2;0;0;0m      [38;2;57;6;9m  [38;2;228;160;162m  [38;2;227;158;159m██[38;2;244;216;204m██[38;2;220;140;140m██[38;2;232;165;163m████[38;2;232;165;164m██[38;2;222;171;158m██[38;2;196;145;134m██[38;2;157;97;88m██[38;2;199;116;107m██[38;2;229;162;163m██[38;2;228;163;166m██[38;2;213;132;136m██[38;2;241;239;238m██[38;2;241;239;239m██[38;2;202;163;180m██[38;2;205;168;186m██[38;2;204;168;187m██[38;2;133;91;108m  [38;2;0;0;0m        
[38;2;0;0;0m  [38;2;83;0;0m  [38;2;0;0;0m  [38;2;74;38;39m  [38;2;227;160;160m██[38;2;227;155;154m██[38;2;219;164;151m██[38;2;189;87;82m██[38;2;233;167;166m██[38;2;234;169;166m██[38;2;233;168;165m██[38;2;184;87;82m██[38;2;226;172;158m██[38;2;234;181;167m██[38;2;223;156;142m██[38;2;208;125;119m██[38;2;229;164;166m██[38;2;202;113;117m██[38;2;243;242;241m██[38;2;242;240;240m██[38;2;204;164;181m██[38;2;205;168;187m██[38;2;193;152;170m██[38;2;207;169;189m  [38;2;69;50;69m  [38;2;0;0;0m      
[38;2;43;43;43m  [38;2;169;119;123m  [38;2;0;0;0m  [38;2;227;159;158m  [38;2;227;161;160m██[38;2;227;157;154m██[38;2;125;49;43m██[38;2;205;149;135m██[38;2;223;151;143m██[38;2;235;173;170m██[38;2;235;174;170m██[38;2;227;157;153m██[38;2;246;218;204m██[38;2;242;204;191m██[38;2;239;195;181m██[38;2;239;198;185m██[38;2;227;160;161m██[38;2;228;165;165m██[38;2;243;242;240m██[38;2;242;239;239m██[38;2;205;166;184m██[38;2;205;168;187m██[38;2;184;138;155m██[38;2;203;167;186m  [38;2;79;67;70m  [38;2;0;0;0m      
[38;2;122;122;122m  [38;2;221;148;149m  [38;2;100;65;65m  [38;2;228;163;161m  [38;2;228;162;160m  [38;2;213;129;126m██[38;2;239;192;178m██[38;2;242;204;190m██[38;2;246;220;207m██[38;2;248;226;213m██[38;2;229;167;159m██[38;2;236;179;175m██[38;2;237;181;176m██[38;2;231;178;169m██[38;2;241;202;188m██[38;2;240;202;189m██[38;2;214;133;131m██[38;2;229;169;168m██[38;2;243;242;241m██[38;2;242;239;239m██[38;2;207;168;186m██[38;2;191;148;164m██[38;2;193;151;169m██[38;2;204;168;187m██[38;2;181;131;150m  [38;2;0;0;0m      
[38;2;0;0;0m  [38;2;107;54;54m  [38;2;126;79;80m  [38;2;204;148;163m  [38;2;224;159;156m██[38;2;220;166;163m██[38;2;237;192;178m██[38;2;246;219;206m██[38;2;248;228;216m██[38;2;249;228;216m██[38;2;249;230;217m██[38;2;246;223;211m██[38;2;234;175;169m██[38;2;237;182;177m██[38;2;221;149;142m██[38;2;242;208;195m██[38;2;231;171;166m██[38;2;232;173;171m██[38;2;242;241;240m██[38;2;242;240;240m██[38;2;204;164;182m██[38;2;206;168;187m██[38;2;205;168;187m██[38;2;204;167;186m██[38;2;207;171;191m  [38;2;92;92;92m  [38;2;0;0;0m    
[38;2;0;0;0m    [38;2;34;34;34m  [38;2;206;159;174m  [38;2;220;162;162m██[38;2;235;212;210m██[38;2;228;168;158m██[38;2;247;224;211m██[38;2;249;229;217m██[38;2;242;209;196m██[38;2;245;217;204m██[38;2;248;228;215m██[38;2;248;227;214m██[38;2;230;168;161m██[38;2;238;187;181m██[38;2;216;144;138m██[38;2;234;180;173m██[38;2;242;239;238m██[38;2;242;241;240m██[38;2;204;164;176m██[38;2;207;169;186m██[38;2;206;168;187m██[38;2;205;168;187m██[38;2;204;168;186m██[38;2;202;166;186m██[38;2;63;32;40m  [38;2;0;0;0m    
[38;2;0;0;0m      [38;2;142;79;92m  [38;2;213;162;172m██[38;2;215;166;168m██[38;2;236;215;213m██[38;2;234;196;187m██[38;2;248;228;216m██[38;2;249;229;217m██[38;2;248;229;216m██[38;2;247;227;214m██[38;2;247;225;213m██[38;2;248;226;214m██[38;2;239;193;185m██[38;2;232;177;172m██[38;2;237;225;225m██[38;2;242;240;239m██[38;2;220;193;200m██[38;2;208;170;187m██[38;2;206;169;187m██[38;2;205;168;187m████[38;2;204;167;187m██[38;2;203;167;187m██[38;2;182;120;135m  [38;2;0;0;0m    
[38;2;0;0;0m      [38;2;182;141;141m  [38;2;212;171;186m  [38;2;214;148;147m██[38;2;241;233;232m██[38;2;237;222;218m██[38;2;241;231;229m██[38;2;217;151;143m██[38;2;240;210;198m██[38;2;236;195;185m██[38;2;213;137;132m██[38;2;217;143;143m██[38;2;241;199;190m██[38;2;241;235;234m██[38;2;242;240;239m██[38;2;208;167;178m██[38;2;209;169;186m██[38;2;207;169;187m██[38;2;206;168;187m██[38;2;204;168;187m██[38;2;204;167;187m████[38;2;203;166;187m██[38;2;193;147;166m  [38;2;62;56;56m  [38;2;0;0;0m  
[38;2;0;0;0m      [38;2;62;38;41m  [38;2;208;166;182m  [38;2;239;197;187m██[38;2;210;157;166m██[38;2;243;238;237m██[38;2;227;184;178m██[38;2;245;246;245m██[38;2;229;192;191m██[38;2;229;161;163m██[38;2;246;247;246m██[38;2;216;150;144m██[38;2;246;248;247m██[38;2;244;241;241m██[38;2;192;142;156m██[38;2;196;149;163m██[38;2;196;151;166m██[38;2;204;164;182m██[38;2;206;168;187m██[38;2;205;168;187m██[38;2;204;168;186m██[38;2;203;167;186m██[38;2;203;167;187m██[38;2;204;167;188m  [38;2;22;0;0m  [38;2;0;0;0m  
[38;2;0;0;0m      [38;2;141;75;89m  [38;2;178;121;138m██[38;2;209;164;178m██[38;2;241;202;191m██[38;2;233;184;175m██[38;2;226;166;158m██[38;2;218;151;144m██[38;2;223;178;175m██[38;2;244;240;239m██[38;2;206;127;121m██[38;2;243;241;240m██[38;2;233;219;220m██[38;2;212;174;190m██[38;2;210;171;187m██[38;2;209;170;187m██[38;2;207;169;187m██[38;2;206;169;187m██[38;2;205;168;187m██[38;2;204;168;187m██[38;2;204;167;187m██[38;2;203;167;187m████[38;2;204;169;188m  [38;2;63;31;31m  [38;2;0;0;0m  
[38;2;0;0;0m    [38;2;2;1;1m  [38;2;185;132;147m  [38;2;181;127;142m██[38;2;209;170;186m██[38;2;210;170;186m██[38;2;211;171;186m██[38;2;212;172;187m██[38;2;213;165;166m██[38;2;213;150;146m██[38;2;246;250;249m██[38;2;243;241;240m██[38;2;201;149;165m██[38;2;211;170;186m██[38;2;210;170;187m██[38;2;209;170;187m██[38;2;208;169;186m██[38;2;206;168;187m██[38;2;205;168;187m████[38;2;204;167;186m████[38;2;203;166;187m██[38;2;202;167;186m██[38;2;200;163;183m██[38;2;82;49;54m  [38;2;0;0;0m  
[38;2;0;0;0m    [38;2;203;198;198m  [38;2;207;169;187m  [38;2;207;167;185m██[38;2;209;170;187m████[38;2;210;170;187m██[38;2;216;183;192m██[38;2;243;242;241m████[38;2;242;240;239m██[38;2;209;167;184m██[38;2;210;171;187m██[38;2;209;170;186m████[38;2;208;169;187m██[38;2;207;169;187m██[38;2;205;169;187m██[38;2;204;168;187m████[38;2;204;167;186m██[38;2;203;167;187m██[38;2;203;167;186m██[38;2;203;166;186m██[38;2;178;132;150m██[38;2;210;181;187m  [38;2;0;0;0m  
[38;2;0;0;0m    [38;2;185;140;157m  [38;2;206;168;187m██[38;2;206;169;187m██[38;2;207;169;187m██[38;2;208;169;187m████[38;2;242;240;239m██[38;2;243;242;241m██[38;2;243;241;240m██[38;2;206;165;182m██[38;2;209;170;187m██[38;2;208;170;187m████[38;2;207;169;187m████[38;2;206;169;187m██[38;2;205;168;187m████[38;2;204;168;187m██[38;2;203;167;187m██████[38;2;204;167;187m██[38;2;179;133;151m██[38;2;163;94;111m  [38;2;74;74;74m  
[38;2;0;0;0m  [38;2;158;103;119m  [38;2;203;166;185m  [38;2;205;168;186m██[38;2;205;168;187m██[38;2;206;169;187m██[38;2;207;169;186m██[38;2;209;176;188m██[38;2;242;241;241m████[38;2;204;164;176m██[38;2;208;169;187m██[38;2;207;169;187m████[38;2;207;169;186m██[38;2;206;169;187m██[38;2;206;168;187m██[38;2;205;168;186m████[38;2;204;168;186m██[38;2;204;167;186m██[38;2;203;167;186m██[38;2;202;167;186m██[38;2;203;167;187m██[38;2;204;168;188m██[38;2;179;133;151m██[38;2;190;151;163m  [38;2;235;225;228m  
[38;2;89;56;56m  [38;2;237;231;234m  [38;2;240;239;239m██[38;2;204;168;187m██[38;2;205;168;187m██[38;2;205;167;186m██[38;2;206;168;187m██[38;2;211;183;193m██[38;2;242;241;241m██[38;2;242;240;240m██[38;2;206;168;187m██[38;2;206;169;187m██████[38;2;205;168;187m██[38;2;205;167;187m██[38;2;205;168;187m██[38;2;204;167;186m██[38;2;204;167;187m██[38;2;204;166;187m██[38;2;203;166;186m██[38;2;203;166;187m██████[38;2;201;165;185m██[38;2;179;133;151m██[38;2;236;233;234m██[38;2;242;242;242m  
[38;2;81;52;52m  [38;2;235;229;230m  [38;2;241;241;241m████[38;2;228;218;221m██[38;2;208;177;188m██[38;2;199;157;177m██[38;2;201;162;179m██[38;2;242;241;241m██[38;2;241;240;240m██[38;2;191;142;160m██[38;2;205;168;187m██[38;2;205;167;187m████[38;2;205;168;187m██[38;2;204;168;187m████[38;2;204;167;187m██[38;2;203;167;187m████████[38;2;202;167;187m██[38;2;203;167;187m██[38;2;187;145;163m██[38;2;204;174;182m██[38;2;241;240;240m██[38;2;241;241;241m  
[38;2;0;0;0m  [38;2;116;84;93m  [38;2;240;240;241m  [38;2;241;241;241m██████[38;2;240;240;240m██[38;2;241;241;242m██[38;2;223;207;211m██[38;2;241;241;241m██[38;2;241;240;240m██[38;2;194;152;165m██[38;2;206;172;191m██[38;2;204;167;186m██[38;2;204;168;187m██[38;2;204;167;187m████[38;2;202;167;187m████████[38;2;202;167;186m██[38;2;202;166;186m██[38;2;185;137;156m██[38;2;237;235;235m██[38;2;241;241;241m██[38;2;240;240;240m  [38;2;132;109;116m  
[38;2;0;0;0m    [38;2;109;92;96m  [38;2;180;125;141m  [38;2;233;225;227m  [38;2;235;227;230m  [38;2;235;227;229m  [38;2;247;246;246m  [38;2;242;244;244m  [38;2;208;178;185m  [38;2;240;239;240m██[38;2;240;240;240m██[38;2;242;244;244m██[38;2;236;231;232m██[38;2;217;197;204m██[38;2;200;163;178m██[38;2;198;159;180m██[38;2;203;167;188m██████[38;2;200;163;183m██[38;2;189;144;160m██[38;2;234;229;230m██[38;2;240;240;240m██[38;2;241;241;241m██[38;2;240;240;241m  [38;2;135;116;122m  [38;2;0;0;0m  
[38;2;0;0;0m        [38;2;66;66;66m  [38;2;79;67;67m  [38;2;82;45;74m  [38;2;91;91;91m  [38;2;92;49;49m  [38;2;99;63;63m  [38;2;75;41;51m  [38;2;235;227;230m  [38;2;240;241;241m  [38;2;240;240;240m  ██  [38;2;239;239;239m  [38;2;241;243;242m  [38;2;241;241;241m  [38;2;243;243;243m  [38;2;247;247;247m  [38;2;240;236;237m  [38;2;231;217;221m  [38;2;193;158;166m  [38;2;98;84;88m  [38;2;107;86;93m  [38;2;0;0;0m    [0m
