
[38;2;0;0;0m            [38;2;19;19;19m  [38;2;31;31;31m  [38;2;39;39;39m  [38;2;49;49;49m  [38;2;58;58;58m  [38;2;65;65;65m  [38;2;69;69;69m  [38;2;70;70;70m  [38;2;71;71;71m          [38;2;70;70;70m  [38;2;67;67;67m  [38;2;59;59;59m  [38;2;46;46;46m  [38;2;32;32;32m  [38;2;15;15;15m  [38;2;12;12;12m  [38;2;0;0;0m          
[38;2;0;0;0m    [38;2;49;49;49m  [38;2;32;32;32m  [38;2;72;72;72m  [38;2;49;49;49m  [38;2;43;43;43m  [38;2;62;62;62m  [38;2;70;70;70m  [38;2;71;71;71m  [38;2;70;70;70m██████[38;2;71;71;71m████████[38;2;70;70;70m██[38;2;71;71;71m██[38;2;70;70;70m████[38;2;66;66;66m  [38;2;63;63;63m  [38;2;72;72;72m  [38;2;71;71;71m  [38;2;51;51;51m  [38;2;36;36;36m  [38;2;0;0;0m        
[38;2;0;0;0m      [38;2;45;45;45m  [38;2;36;36;35m  [38;2;44;44;44m██[38;2;71;71;71m████████████████████████████████[38;2;72;72;72m██[38;2;49;49;48m██[38;2;48;48;48m██[38;2;68;68;68m██[38;2;67;67;67m  [38;2;23;23;23m  [38;2;0;0;0m      
[38;2;0;0;0m    [38;2;59;59;59m  [38;2;34;34;34m  [38;2;69;69;69m██[38;2;71;71;71m████[38;2;70;70;70m██[38;2;71;71;71m██████[38;2;70;70;70m██[38;2;71;71;71m████████████[38;2;70;70;70m██[38;2;72;72;72m██[38;2;71;71;71m██████[38;2;70;70;70m██[38;2;71;71;71m██[38;2;48;48;48m██[38;2;28;28;28m██[38;2;53;53;53m  [38;2;75;75;75m  [38;2;0;0;0m    
[38;2;74;74;74m  [38;2;47;46;45m  [38;2;63;63;63m  [38;2;70;70;70m  [38;2;71;71;71m████[38;2;76;76;76m██[38;2;71;71;71m████[38;2;70;70;70m██[38;2;40;40;40m██[38;2;64;64;64m██[38;2;70;70;70m██[38;2;71;71;71m██████████[38;2;37;37;37m██[38;2;19;19;19m██[38;2;71;71;71m██████[38;2;86;86;86m██[38;2;66;66;66m██[38;2;69;69;69m██[38;2;71;71;71m██[38;2;49;49;49m  [38;2;26;26;26m  [38;2;0;0;0m    
[38;2;144;144;144m  [38;2;35;35;35m  [38;2;69;69;69m██[38;2;72;72;72m██[38;2;70;70;70m██[38;2;96;96;96m██[38;2;73;73;73m██[38;2;71;71;71m████[38;2;75;75;75m██[38;2;22;22;22m██[38;2;20;20;20m██[38;2;71;71;71m████████[38;2;70;70;70m██[38;2;42;42;42m██[38;2;39;39;39m██[38;2;24;24;24m██[38;2;70;70;70m██████[38;2;137;137;137m██[38;2;120;120;120m██[38;2;123;123;123m██[38;2;70;70;70m████[38;2;62;62;62m  [38;2;15;15;15m  [38;2;0;0;0m  
[38;2;15;15;15m  [38;2;64;64;64m  [38;2;71;71;71m██[38;2;114;114;114m██[38;2;64;64;64m██[38;2;150;150;150m██[38;2;71;71;71m██[38;2;54;54;54m██[38;2;70;70;70m██[38;2;49;49;49m██[38;2;43;43;43m██[38;2;36;36;36m██[38;2;39;39;39m██[38;2;73;73;73m██[38;2;74;74;74m██[38;2;73;73;73m██[38;2;64;64;64m██[38;2;39;39;39m██[38;2;41;41;41m██[38;2;38;38;38m██[38;2;57;57;57m██[38;2;66;66;66m██[38;2;71;71;71m██[38;2;84;84;84m██[38;2;174;174;174m██[38;2;127;127;127m██[38;2;144;144;144m██[38;2;79;79;79m██[38;2;54;54;54m██[38;2;67;67;67m  [38;2;89;89;89m  
[38;2;19;19;19m  [38;2;75;75;75m  [38;2;69;69;69m██[38;2;168;168;168m██[38;2;64;64;64m██[38;2;170;170;170m██[38;2;69;69;69m██[38;2;24;24;24m██[38;2;72;72;72m██[38;2;11;11;11m██[38;2;3;3;3m██[38;2;1;1;1m██[38;2;15;15;15m██[38;2;35;35;35m██[38;2;45;45;45m██[38;2;33;33;33m██[38;2;9;9;9m██[38;2;4;4;4m██[38;2;6;6;6m██[38;2;21;21;21m██[38;2;32;32;32m██[38;2;48;48;48m██[38;2;83;83;83m██[38;2;65;65;65m██[38;2;166;166;166m██[38;2;171;171;171m████[38;2;134;134;134m██[38;2;56;56;56m██[38;2;72;72;72m  [38;2;38;38;38m  
[38;2;5;5;5m  [38;2;74;74;74m██[38;2;88;88;88m██[38;2;177;177;177m██[38;2;123;123;123m██[38;2;161;161;161m██[38;2;41;41;41m██[38;2;45;45;45m██[38;2;69;69;69m██[38;2;123;123;123m██[38;2;138;138;138m██[38;2;123;123;123m██[38;2;100;100;100m██[38;2;84;84;84m██[38;2;77;77;77m██[38;2;85;85;85m██[38;2;99;99;99m██[38;2;123;123;123m██[38;2;133;133;133m██[38;2;101;101;101m██[38;2;35;35;35m██[38;2;26;26;26m██[38;2;72;72;72m██[38;2;65;65;65m██[38;2;159;159;159m██[38;2;148;148;148m██[38;2;167;167;167m██[38;2;170;170;170m██[38;2;70;70;70m██[38;2;66;66;66m██[38;2;45;45;45m  
[38;2;11;11;11m  [38;2;70;70;70m██[38;2;116;116;116m██[38;2;131;131;131m██[38;2;169;169;169m██[38;2;149;149;149m██[38;2;42;42;42m██[38;2;67;68;68m██[38;2;51;51;51m██[38;2;143;143;143m██[38;2;189;189;189m██[38;2;208;208;208m██[38;2;228;228;228m██[38;2;84;84;84m██[38;2;140;140;140m██[38;2;168;168;168m██[38;2;185;185;185m██[38;2;165;165;165m██[38;2;109;109;109m██[38;2;74;74;74m██[38;2;67;67;67m██[38;2;25;25;25m██[38;2;71;71;71m██[38;2;64;64;64m██[38;2;149;149;149m██[38;2;93;93;93m██[38;2;176;176;176m██[38;2;123;123;123m██[38;2;81;81;81m██[38;2;48;48;48m██[38;2;57;57;57m  
[38;2;28;28;28m  [38;2;70;70;70m██[38;2;85;85;85m██[38;2;114;114;114m██[38;2;169;169;169m██[38;2;123;123;123m██[38;2;85;85;85m██[38;2;94;95;94m██[38;2;50;50;50m██[38;2;111;111;111m██[38;2;214;214;214m██[38;2;194;194;194m██[38;2;62;62;62m██[38;2;60;60;60m██[38;2;76;76;76m██[38;2;146;146;146m██[38;2;162;162;162m██[38;2;201;201;201m██[38;2;197;197;197m██[38;2;198;198;198m██[38;2;87;87;87m██[38;2;41;41;41m██[38;2;72;72;72m██[38;2;42;42;42m██[38;2;136;136;136m██[38;2;68;68;68m██[38;2;142;142;142m██[38;2;73;73;73m██[38;2;93;93;93m██[38;2;38;38;38m██[38;2;65;65;65m  
[38;2;45;45;45m  [38;2;71;71;71m████[38;2;118;117;117m██[38;2;73;73;73m██[38;2;87;87;87m██[38;2;110;110;110m████[38;2;16;16;16m██[38;2;61;61;60m██[38;2;123;123;123m██[38;2;108;108;108m██[38;2;110;110;110m██[38;2;100;100;100m██[38;2;79;79;79m██[38;2;60;60;60m██[38;2;45;45;44m██[38;2;32;32;32m██[38;2;31;31;30m██[38;2;83;83;83m██[38;2;95;95;95m██[38;2;94;94;94m██[38;2;71;71;71m██[38;2;36;36;36m██[38;2;114;114;114m██[38;2;71;71;71m██[38;2;60;60;60m██[38;2;64;64;64m██[38;2;90;90;90m██[38;2;34;34;34m██[38;2;69;69;69m  
[38;2;57;57;57m  [38;2;71;71;71m████[38;2;79;79;79m██[38;2;59;59;59m██[38;2;60;60;59m██[38;2;108;108;108m██[38;2;96;95;95m██[38;2;68;67;66m██[38;2;63;62;61m██[38;2;36;36;35m██[38;2;32;30;29m██[38;2;23;20;20m██[38;2;44;38;34m██[38;2;40;35;31m██[38;2;67;58;53m██[38;2;73;65;61m██[38;2;82;76;72m██[38;2;95;90;88m██[38;2;96;93;92m██[38;2;79;78;78m██[38;2;107;108;108m██[38;2;63;63;63m██[38;2;27;27;27m██[38;2;82;82;82m██[38;2;67;67;67m██[38;2;60;60;60m██[38;2;71;71;71m██[38;2;70;70;70m██[38;2;29;29;29m██[38;2;66;66;66m  
[38;2;65;65;65m  [38;2;71;71;71m████[38;2;65;65;65m██[38;2;55;55;55m██[38;2;64;56;53m██[38;2;158;134;125m██[38;2;163;138;129m██[38;2;207;183;168m██[38;2;232;210;191m██[38;2;241;213;193m██[38;2;174;151;137m██[38;2;253;220;200m██[38;2;252;223;202m██[38;2;252;225;205m██[38;2;145;126;114m██[38;2;251;224;203m██[38;2;252;221;201m██[38;2;237;206;188m██[38;2;245;211;193m██[38;2;182;155;143m██[38;2;181;154;143m██[38;2;48;49;49m██[38;2;15;15;15m██[38;2;57;57;57m██[38;2;67;67;67m██[38;2;61;61;61m██[38;2;71;71;71m██[38;2;58;58;58m██[38;2;21;21;21m██[38;2;60;60;60m  
[38;2;69;69;69m  [38;2;71;71;71m████[38;2;43;42;42m██[38;2;63;62;62m██[38;2;174;148;137m██[38;2;225;191;177m██[38;2;234;203;185m██[38;2;251;218;198m██[38;2;251;217;198m██[38;2;251;220;200m██[38;2;168;145;132m██[38;2;253;219;199m██[38;2;255;221;200m██[38;2;254;220;200m██[38;2;250;216;196m██[38;2;252;231;210m██[38;2;226;196;178m██[38;2;193;169;154m██[38;2;249;223;204m██[38;2;236;206;188m██[38;2;233;197;184m██[38;2;42;42;41m██[38;2;8;8;8m██[38;2;47;47;47m██[38;2;67;67;67m██[38;2;56;56;56m██[38;2;71;71;71m██[38;2;49;49;49m██[38;2;14;13;13m██[38;2;55;55;55m  
[38;2;70;70;70m  [38;2;71;71;71m██[38;2;68;68;68m██[38;2;34;34;34m██[38;2;57;57;57m██[38;2;208;176;163m██[38;2;227;193;179m██[38;2;243;215;196m██[38;2;77;68;62m██[38;2;92;73;66m██[38;2;150;131;119m██[38;2;233;207;188m██[38;2;254;221;201m██[38;2;254;220;200m██[38;2;249;220;199m██[38;2;135;120;109m██[38;2;122;122;122m██[38;2;112;83;82m██[38;2;87;10;10m██[38;2;92;37;37m██[38;2;116;103;95m██[38;2;236;202;186m██[38;2;49;45;43m██[38;2;8;8;8m██[38;2;42;42;42m██[38;2;68;68;68m██[38;2;21;20;20m██[38;2;68;68;68m██[38;2;36;36;36m██[38;2;8;8;8m██[38;2;51;51;51m  
[38;2;71;71;71m  ██[38;2;64;64;64m██[38;2;43;38;35m██[38;2;90;80;74m██[38;2;192;169;154m██[38;2;227;195;179m██[38;2;239;211;192m██[38;2;122;107;97m██[38;2;75;56;51m██[38;2;39;6;7m██[38;2;73;69;67m██[38;2;119;103;94m██[38;2;253;221;201m██[38;2;175;156;142m██[38;2;57;58;57m██[38;2;75;76;76m██[38;2;56;52;50m██[38;2;95;80;73m██[38;2;132;115;104m██[38;2;121;105;95m██[38;2;250;220;201m██[38;2;64;56;52m██[38;2;81;69;63m██[38;2;44;44;44m██[38;2;64;65;65m██[38;2;116;100;92m██[38;2;32;30;29m██[38;2;40;40;40m██[38;2;7;7;7m██[38;2;50;50;50m  
[38;2;71;71;71m  ██[38;2;50;50;50m██[38;2;164;141;129m██[38;2;153;132;120m██[38;2;77;69;64m██[38;2;101;88;81m██[38;2;239;211;191m██[38;2;255;232;211m██[38;2;252;218;198m██[38;2;253;228;207m██[38;2;81;68;63m██[38;2;250;231;210m██[38;2;254;220;200m██[38;2;224;196;178m██[38;2;244;214;195m██[38;2;250;235;214m██[38;2;249;217;198m██[38;2;189;167;152m██[38;2;48;41;38m██[38;2;205;175;162m██[38;2;111;94;88m██[38;2;2;1;1m██[38;2;230;209;190m██[38;2;30;33;33m██[38;2;56;57;58m██[38;2;239;210;193m██[38;2;205;188;171m██[38;2;33;34;34m██[38;2;12;12;12m██[38;2;42;42;42m  
[38;2;71;71;71m  ██[38;2;54;53;53m██[38;2;174;149;137m██[38;2;248;218;199m██[38;2;217;184;171m██[38;2;203;174;160m██[38;2;46;39;36m██[38;2;90;80;72m██[38;2;251;220;200m██[38;2;241;207;190m██[38;2;53;46;42m██[38;2;252;223;202m██[38;2;254;220;200m██[38;2;253;221;201m██[38;2;207;178;163m██[38;2;214;187;171m██[38;2;145;128;116m██[38;2;198;174;158m██[38;2;243;217;197m██[38;2;212;186;169m██[38;2;233;209;190m██[38;2;131;114;103m██[38;2;12;10;9m██[38;2;36;36;36m██[38;2;61;61;60m██[38;2;179;154;141m██[38;2;218;188;171m██[38;2;29;29;29m██[38;2;41;41;41m██[38;2;33;33;33m  
[38;2;57;57;57m  [38;2;70;70;70m██[38;2;55;56;56m██[38;2;53;45;41m██[38;2;187;159;147m██[38;2;213;181;168m██[38;2;45;39;35m██[38;2;251;223;203m██[38;2;251;220;200m██[38;2;165;142;131m██[38;2;24;21;19m██[38;2;243;216;197m██[38;2;254;220;200m██[38;2;253;221;201m██[38;2;213;190;172m██[38;2;212;196;178m██[38;2;53;45;42m██[38;2;214;188;172m██[38;2;206;180;163m██[38;2;189;168;153m██[38;2;189;171;156m██[38;2;53;47;43m██[38;2;108;108;108m██[38;2;183;183;183m██[38;2;27;27;27m██[38;2;56;55;55m██[38;2;152;130;120m██[38;2;213;184;167m██[38;2;26;26;27m██[38;2;72;72;72m  [38;2;40;40;40m  
[38;2;49;49;49m  [38;2;72;72;72m██[38;2;64;64;64m██[38;2;12;11;11m██[38;2;201;171;158m██[38;2;154;132;122m██[38;2;2;2;2m██[38;2;210;188;171m██[38;2;251;220;200m██[38;2;225;192;177m██[38;2;175;149;138m██[38;2;110;98;89m██[38;2;231;200;182m██[38;2;235;204;185m██[38;2;169;147;134m██[38;2;225;195;177m██[38;2;138;121;110m██[38;2;248;224;206m██[38;2;112;99;90m██[38;2;13;13;12m██[38;2;57;57;57m██[38;2;206;206;206m██[38;2;242;242;242m██[38;2;19;19;19m██[38;2;30;29;28m██[38;2;70;67;65m██[38;2;219;187;172m██[38;2;206;189;172m██[38;2;32;31;32m██[38;2;70;70;70m  [38;2;99;99;99m  
[38;2;70;70;70m  [38;2;67;67;67m  [38;2;68;68;68m██[38;2;25;25;26m██[38;2;227;193;179m██[38;2;92;79;73m██[38;2;54;54;54m██[38;2;16;16;16m██[38;2;38;35;33m██[38;2;125;110;100m██[38;2;153;131;121m██[38;2;166;143;131m██[38;2;145;126;115m██[38;2;135;117;107m██[38;2;83;73;66m██[38;2;36;32;30m██[38;2;34;34;34m██[38;2;137;138;138m██[38;2;237;237;236m██[38;2;244;244;244m██[38;2;28;28;28m██[38;2;5;5;5m██[38;2;37;37;37m██[38;2;77;65;61m██[38;2;26;26;25m██[38;2;107;98;94m██[38;2;207;185;169m██[38;2;19;19;20m██[38;2;57;57;57m██[38;2;73;73;73m  [38;2;23;23;23m  
[38;2;86;86;86m  [38;2;34;34;34m  [38;2;70;70;70m  [38;2;36;37;37m██[38;2;224;190;176m██[38;2;56;47;44m██[38;2;145;145;145m██[38;2;128;128;128m██[38;2;74;74;74m██[38;2;188;188;188m██[38;2;136;136;136m██[38;2;29;28;29m██[38;2;131;131;131m██[38;2;46;46;46m██[38;2;220;220;219m██[38;2;244;243;243m██[38;2;221;221;221m██[38;2;37;37;37m██[38;2;86;86;86m██[38;2;45;45;45m██[38;2;15;15;15m██[38;2;220;220;220m██[38;2;47;44;42m██[38;2;228;194;181m██[38;2;33;32;31m██[38;2;126;112;105m██[38;2;19;19;20m██[38;2;43;43;43m██[38;2;72;72;72m  [38;2;22;22;22m  [38;2;0;0;0m  
[38;2;0;0;0m  [38;2;5;5;5m  [38;2;66;66;66m  [38;2;34;34;35m██[38;2;226;192;178m██[38;2;49;42;39m██[38;2;3;3;3m██[38;2;2;2;2m██[38;2;6;6;6m██[38;2;37;37;37m██[38;2;93;93;93m██[38;2;27;27;27m██[38;2;107;107;107m██[38;2;70;70;70m██[38;2;49;49;49m██[38;2;23;23;23m██[38;2;10;10;10m██[38;2;1;1;1m██[38;2;122;122;122m██[38;2;242;242;242m██[38;2;169;168;168m██[38;2;19;19;18m██[38;2;207;176;163m██[38;2;241;206;190m██[38;2;38;37;36m██[38;2;6;4;4m██[38;2;21;21;21m██[38;2;53;56;56m  [38;2;28;28;28m  [38;2;0;0;0m    
[38;2;0;0;0m    [38;2;38;38;38m  [38;2;29;30;30m  [38;2;229;197;181m██[38;2;102;87;81m██[38;2;0;0;0m██[38;2;27;27;27m██[38;2;6;6;6m██[38;2;1;1;1m██[38;2;4;4;4m██[38;2;2;2;2m██[38;2;13;13;13m██[38;2;24;24;24m██[38;2;70;70;70m██[38;2;193;193;193m██[38;2;254;254;254m██[38;2;93;93;93m██[38;2;232;232;232m██[38;2;170;170;170m██[38;2;24;21;20m██[38;2;228;194;180m██[38;2;251;218;199m██[38;2;240;204;188m██[38;2;6;6;5m██[38;2;52;4;4m██[38;2;34;3;3m██[38;2;24;14;14m  [38;2;47;47;47m  [38;2;3;3;3m  [38;2;0;0;0m  
[38;2;0;0;0m  [38;2;1;1;1m  [38;2;26;26;26m  [38;2;16;17;18m  [38;2;252;223;203m██[38;2;223;190;176m██[38;2;19;16;15m██[38;2;160;160;160m██[38;2;59;59;59m██[38;2;35;35;35m██[38;2;222;222;222m██[38;2;63;63;63m██[38;2;251;251;251m██[38;2;234;234;234m██[38;2;74;74;74m██[38;2;239;239;239m██[38;2;233;233;233m██[38;2;152;153;152m██[38;2;40;39;39m██[38;2;131;111;102m██[38;2;237;203;187m██[38;2;253;221;201m██[38;2;244;212;193m  [38;2;192;163;152m  [38;2;6;6;6m██[38;2;61;64;64m██[38;2;72;72;72m██  [38;2;21;21;21m  [38;2;2;2;2m  [38;2;0;0;0m  
[38;2;0;0;0m    [38;2;21;21;21m  [38;2;9;9;10m  [38;2;253;232;212m██[38;2;225;191;177m██[38;2;223;190;176m██[38;2;114;97;90m██[38;2;10;11;11m██[38;2;32;33;33m██[38;2;96;96;96m██[38;2;75;74;74m██[38;2;133;132;132m██[38;2;93;93;93m██[38;2;12;13;13m██[38;2;36;36;36m██[38;2;55;48;45m██[38;2;163;139;129m██[38;2;241;208;192m██[38;2;162;141;130m██[38;2;211;190;173m██[38;2;160;139;127m  [38;2;151;129;120m  [38;2;132;147;146m  [38;2;21;21;21m  [38;2;63;62;62m  [38;2;66;66;66m  [38;2;67;67;67m  [38;2;57;57;57m  [38;2;2;2;2m  [38;2;0;0;0m  
[38;2;0;0;0m      [38;2;16;16;15m  [38;2;254;235;214m  [38;2;210;178;165m██[38;2;225;191;177m██[38;2;225;192;178m██[38;2;237;201;187m██[38;2;217;184;171m██[38;2;143;122;113m██[38;2;139;119;110m██[38;2;168;147;134m██[38;2;207;180;164m██[38;2;252;224;203m██[38;2;254;234;212m██[38;2;246;222;201m██[38;2;177;155;141m██[38;2;110;97;88m██[38;2;154;133;123m  [38;2;219;187;173m  [38;2;41;38;35m  [38;2;3;3;3m  [38;2;60;60;60m  [38;2;64;64;64m  [38;2;79;79;79m  [38;2;61;61;61m  [38;2;53;53;53m  [38;2;62;62;62m  [38;2;0;0;0m    
[38;2;0;0;0m      [38;2;40;40;41m  [38;2;254;235;214m  [38;2;179;153;141m██[38;2;212;181;167m██[38;2;206;175;162m██[38;2;154;131;121m██[38;2;187;159;148m██[38;2;216;184;171m██[38;2;207;176;163m██[38;2;225;192;178m██[38;2;194;165;152m██[38;2;168;144;132m██[38;2;156;138;126m██[38;2;130;114;104m██[38;2;181;163;149m  [38;2;225;201;184m  [38;2;80;72;65m  [38;2;2;5;8m  [38;2;0;0;0m  [38;2;22;22;22m  [38;2;25;25;25m  [38;2;6;6;6m  [38;2;14;14;14m  [38;2;16;16;16m  [38;2;17;17;17m  [38;2;23;23;23m  [38;2;0;0;0m    
[38;2;0;0;0m      [38;2;0;4;4m  [38;2;254;230;209m  [38;2;252;218;199m██[38;2;228;195;179m██[38;2;181;154;142m██[38;2;140;120;110m██[38;2;147;126;116m██[38;2;182;156;143m██[38;2;208;179;164m██[38;2;226;195;178m██[38;2;235;204;186m██[38;2;241;215;195m██[38;2;253;231;211m  [38;2;237;212;193m  [38;2;82;73;67m  [38;2;1;1;1m  [38;2;0;0;0m          [38;2;31;31;31m  [38;2;66;66;66m  [38;2;28;28;28m  [38;2;0;0;0m        
[38;2;0;0;0m        [38;2;124;109;100m  [38;2;252;220;200m  [38;2;251;218;198m██[38;2;250;218;198m██[38;2;248;216;196m██[38;2;251;217;198m  [38;2;254;222;202m  [38;2;252;230;209m  [38;2;249;226;206m  [38;2;187;163;148m  [38;2;69;61;56m  [38;2;0;0;1m  [38;2;0;0;0m                              
[38;2;0;0;0m        [38;2;15;15;14m  [38;2;35;31;28m  [38;2;110;96;87m  [38;2;125;108;98m  [38;2;102;89;81m  [38;2;55;47;43m  [38;2;18;17;17m  [38;2;35;32;32m  [38;2;0;0;1m  [38;2;63;63;63m  [38;2;0;0;0m                                  [0m
