
[38;2;0;0;0m                                [38;2;24;15;18m██[38;2;11;10;17m██[38;2;14;9;12m██[38;2;11;4;11m██[38;2;7;8;10m██[38;2;10;8;12m██[38;2;10;8;11m██[38;2;9;5;10m██[38;2;16;7;14m██[38;2;8;8;9m██[38;2;13;9;14m██[38;2;15;9;14m██[38;2;28;28;25m  [38;2;0;0;0m              
[38;2;0;0;0m                              [38;2;55;38;60m██[38;2;16;11;18m██[38;2;13;10;16m██[38;2;13;7;14m██[38;2;10;9;15m██[38;2;10;9;14m██[38;2;11;9;12m██[38;2;13;9;10m██[38;2;8;6;10m██[38;2;10;7;10m██[38;2;8;7;9m██[38;2;10;7;11m██[38;2;13;8;14m██[38;2;11;9;12m██[38;2;22;26;18m██[38;2;0;0;0m            
[38;2;0;0;0m                            [38;2;37;26;52m██[38;2;27;15;31m██[38;2;15;13;20m██[38;2;4;13;18m██[38;2;8;7;12m██[38;2;10;9;15m██[38;2;19;9;18m██[38;2;20;18;31m██[38;2;14;7;14m██[38;2;17;6;14m██[38;2;9;6;11m██[38;2;11;7;11m██[38;2;7;8;11m██[38;2;11;9;14m██[38;2;16;6;14m██[38;2;17;10;18m██[38;2;145;156;155m  [38;2;0;0;0m          
[38;2;0;0;0m                            [38;2;26;16;33m██[38;2;20;14;28m██[38;2;10;14;21m██[38;2;15;10;18m██[38;2;8;8;10m██[38;2;15;5;16m██[38;2;12;9;18m██[38;2;10;10;18m██[38;2;11;6;12m██[38;2;10;3;10m██[38;2;7;7;9m██[38;2;11;10;18m██[38;2;10;5;11m██[38;2;11;9;17m██[38;2;11;8;15m██[38;2;18;13;20m██[38;2;44;34;60m██[38;2;0;0;0m          
[38;2;0;0;0m                          [38;2;68;48;77m██[38;2;11;9;16m██[38;2;10;8;16m██[38;2;9;6;12m██[38;2;8;4;11m██[38;2;10;5;11m██[38;2;6;4;7m██[38;2;9;4;10m██[38;2;10;5;12m██[38;2;10;5;11m██[38;2;8;5;11m██[38;2;9;4;10m██[38;2;7;4;11m██[38;2;7;4;10m██[38;2;14;7;14m██[38;2;18;12;26m██[38;2;31;21;45m██[38;2;22;14;35m██[38;2;0;0;0m          
[38;2;0;0;0m    [38;2;219;223;245m██[38;2;0;0;0m                    [38;2;11;10;16m██[38;2;13;5;13m██[38;2;14;4;13m██[38;2;8;4;7m██[38;2;5;3;9m██[38;2;5;4;9m██[38;2;125;110;113m██[38;2;9;4;10m██[38;2;6;4;12m██[38;2;7;5;14m██[38;2;7;4;10m████[38;2;13;4;14m██[38;2;5;4;9m██[38;2;7;5;8m██[38;2;8;8;16m██[38;2;58;42;68m██[38;2;14;13;27m██[38;2;5;4;12m██[38;2;0;0;0m        
[38;2;0;0;0m    [38;2;182;213;227m██[38;2;0;0;0m                    [38;2;6;4;11m██[38;2;7;4;10m██[38;2;9;2;8m██[38;2;8;2;7m██[38;2;6;2;7m██[38;2;8;4;5m██[38;2;13;14;17m██[38;2;4;5;9m██[38;2;5;2;11m██[38;2;5;4;7m██[38;2;11;4;9m██[38;2;5;3;6m██[38;2;8;2;6m██[38;2;5;4;8m██[38;2;5;2;6m██[38;2;6;4;5m██[38;2;6;5;12m██[38;2;9;9;19m██[38;2;7;5;8m██[38;2;0;0;0m        
[38;2;0;0;0m  [38;2;227;215;225m██[38;2;151;205;213m██[38;2;150;177;196m██[38;2;120;109;126m██[38;2;0;0;0m              [38;2;20;8;16m██[38;2;5;3;9m██[38;2;9;3;10m██[38;2;7;1;3m██[38;2;9;6;9m██[38;2;9;3;8m██[38;2;14;4;7m██[38;2;14;7;15m██[38;2;4;3;6m██[38;2;5;2;6m██[38;2;4;4;3m██[38;2;17;9;19m██[38;2;5;3;9m██[38;2;3;2;4m██[38;2;5;3;8m██[38;2;7;2;6m██[38;2;5;2;8m██[38;2;7;5;10m██[38;2;7;4;11m██[38;2;7;3;4m██[38;2;0;0;0m        
[38;2;0;0;0m  [38;2;216;216;224m██[38;2;155;202;212m██[38;2;156;169;185m██[38;2;62;83;94m██[38;2;133;161;174m██[38;2;0;0;0m            [38;2;21;6;13m██[38;2;5;3;8m██[38;2;10;4;8m██[38;2;6;1;4m██[38;2;22;32;26m██[38;2;3;1;4m██[38;2;18;9;12m██[38;2;17;7;15m██[38;2;3;3;5m██[38;2;6;3;10m██[38;2;3;2;8m██[38;2;13;14;15m██[38;2;7;2;6m██[38;2;75;70;72m██[38;2;6;3;6m██[38;2;6;2;3m██[38;2;8;3;7m██[38;2;10;5;12m██[38;2;6;4;9m██[38;2;8;2;2m██[38;2;0;0;0m        
[38;2;180;163;171m  [38;2;165;209;218m██[38;2;174;206;218m██[38;2;181;206;220m██[38;2;111;143;156m██[38;2;82;82;97m██[38;2;125;148;164m██[38;2;100;130;142m██[38;2;0;0;0m        [38;2;10;3;10m██[38;2;9;2;7m██[38;2;8;3;10m██[38;2;7;2;3m██[38;2;110;119;110m██[38;2;4;2;5m██[38;2;69;57;57m██[38;2;4;4;4m██[38;2;7;2;8m██████[38;2;20;14;16m██[38;2;2;1;2m██[38;2;91;87;83m██[38;2;6;1;6m██[38;2;5;1;2m██[38;2;4;3;8m██[38;2;8;3;7m██[38;2;7;2;8m██[38;2;6;2;3m██[38;2;0;0;0m        
[38;2;170;202;215m██[38;2;57;52;59m██[38;2;44;32;47m██[38;2;172;202;215m██[38;2;147;131;157m██[38;2;216;216;240m██[38;2;82;105;126m██[38;2;92;119;136m██[38;2;99;133;145m██[38;2;110;95;116m██[38;2;0;0;0m    [38;2;7;2;6m██[38;2;8;3;9m██[38;2;8;3;7m██[38;2;31;13;18m██[38;2;100;121;112m██[38;2;5;5;7m██[38;2;92;91;87m██[38;2;76;51;55m██[38;2;6;4;5m██[38;2;7;2;8m██[38;2;8;5;12m██[38;2;23;14;22m██[38;2;7;2;6m██[38;2;110;120;111m██[38;2;4;2;4m██[38;2;24;10;15m██[38;2;10;3;10m██[38;2;4;3;8m██[38;2;4;2;5m██[38;2;3;1;2m██[38;2;0;0;0m        
[38;2;196;208;224m██[38;2;51;36;51m██[38;2;23;3;3m██[38;2;209;208;225m██[38;2;188;177;196m██[38;2;93;120;140m██[38;2;141;159;176m██[38;2;215;211;235m██[38;2;134;156;177m██[38;2;153;177;193m██[38;2;88;120;133m██[38;2;112;119;125m  [38;2;6;3;6m██[38;2;5;3;8m██[38;2;6;3;11m██[38;2;109;119;111m██[38;2;55;22;23m██[38;2;73;66;63m██[38;2;118;119;115m██[38;2;115;120;114m██[38;2;33;44;34m██[38;2;15;14;14m██[38;2;66;56;54m██[38;2;22;15;22m██[38;2;17;11;17m██[38;2;105;122;112m██[38;2;8;3;9m██[38;2;5;4;3m██[38;2;6;3;8m██[38;2;4;3;8m██[38;2;2;2;7m██[38;2;4;2;5m██[38;2;0;0;0m        
[38;2;168;195;207m██[38;2;161;195;206m██[38;2;180;195;211m██[38;2;172;198;215m██[38;2;100;113;130m██[38;2;77;99;122m██[38;2;55;85;103m██[38;2;55;83;103m██[38;2;73;102;123m██[38;2;121;139;161m██[38;2;161;179;193m██[38;2;0;0;0m  [38;2;5;3;6m██[38;2;5;3;7m██[38;2;6;4;5m██[38;2;57;32;37m██[38;2;72;26;28m██[38;2;48;9;4m██[38;2;94;108;116m██[38;2;201;184;176m██[38;2;122;130;121m██[38;2;127;128;122m██[38;2;132;130;122m██[38;2;32;36;41m██[38;2;41;12;6m██[38;2;45;26;18m██[38;2;104;92;95m██[38;2;8;2;7m██[38;2;6;1;5m██[38;2;7;2;6m██[38;2;6;3;9m██[38;2;4;2;3m██[38;2;0;0;0m        
[38;2;0;0;0m    [38;2;188;198;213m██[38;2;166;184;201m██[38;2;148;194;210m██[38;2;117;150;169m██[38;2;99;124;144m██[38;2;99;113;132m██[38;2;78;102;125m██[38;2;91;94;115m██[38;2;150;179;193m██[38;2;77;104;115m██[38;2;4;3;9m██[38;2;6;3;9m██[38;2;13;4;13m██[38;2;136;125;123m██[38;2;247;226;247m██[38;2;162;77;60m██[38;2;198;220;225m██[38;2;204;191;183m██[38;2;200;190;180m██[38;2;205;192;183m██[38;2;206;192;183m██[38;2;106;108;113m██[38;2;53;13;6m██[38;2;58;27;25m██[38;2;67;33;35m██[38;2;25;25;21m██[38;2;3;1;4m██[38;2;5;4;10m██[38;2;6;1;10m██[38;2;4;2;3m██[38;2;0;0;0m        
[38;2;0;0;0m  [38;2;60;123;130m██[38;2;54;129;135m██[38;2;92;124;139m██[38;2;164;172;198m██[38;2;111;119;140m██[38;2;89;98;115m██[38;2;149;156;176m██[38;2;123;149;167m██[38;2;165;180;199m██[38;2;160;179;195m██[38;2;157;179;194m██[38;2;11;6;13m██[38;2;5;2;9m██[38;2;20;8;19m██[38;2;213;171;171m██[38;2;215;168;169m██[38;2;208;179;176m██[38;2;204;191;183m██[38;2;207;189;184m██[38;2;203;190;182m██[38;2;203;188;181m██[38;2;203;190;182m██[38;2;186;216;217m██[38;2;169;80;66m██[38;2;236;226;239m██[38;2;206;186;186m██[38;2;17;6;12m██[38;2;9;4;11m██[38;2;8;3;10m██[38;2;7;2;6m██[38;2;4;2;2m██[38;2;0;0;0m        
[38;2;0;0;0m  [38;2;95;137;151m██[38;2;83;138;145m██[38;2;88;127;137m██[38;2;62;92;110m██[38;2;84;104;120m██[38;2;110;92;114m██[38;2;55;68;87m██[38;2;75;92;112m██[38;2;124;168;179m██[38;2;128;167;176m██[38;2;61;79;93m██[38;2;8;7;13m██[38;2;5;2;5m██[38;2;52;26;39m██[38;2;229;169;177m██[38;2;229;146;156m██[38;2;222;155;161m██[38;2;204;187;180m██[38;2;204;191;182m██[38;2;181;169;157m██[38;2;205;192;183m██[38;2;204;190;184m██[38;2;210;170;173m██[38;2;222;152;161m██[38;2;220;155;163m██[38;2;205;178;173m██[38;2;10;4;6m██[38;2;5;4;9m██[38;2;5;3;8m██[38;2;4;0;3m██[38;2;6;2;3m██[38;2;0;0;0m        
[38;2;0;0;0m          [38;2;71;78;95m██[38;2;43;69;89m██[38;2;114;126;148m██[38;2;65;88;106m██[38;2;121;160;171m██[38;2;103;125;138m██[38;2;78;128;139m██[38;2;0;24;25m██[38;2;5;3;6m██[38;2;44;20;29m██[38;2;218;143;151m██[38;2;226;145;157m██[38;2;219;163;168m██[38;2;201;188;183m██[38;2;206;191;186m██[38;2;172;157;138m██[38;2;204;189;182m██[38;2;206;190;182m██[38;2;217;158;163m██[38;2;230;140;154m██[38;2;231;145;157m██[38;2;99;50;58m██[38;2;8;7;12m██[38;2;9;2;9m██[38;2;7;1;5m██[38;2;2;0;1m██[38;2;6;2;3m██[38;2;0;0;0m        
[38;2;0;0;0m          [38;2;139;160;174m██[38;2;90;94;115m██[38;2;46;82;98m██[38;2;44;77;96m██[38;2;46;61;80m██[38;2;88;110;123m██[38;2;76;121;131m██[38;2;8;35;46m██[38;2;7;2;8m██[38;2;13;2;8m██[38;2;207;183;177m██[38;2;208;181;177m██[38;2;205;187;179m██[38;2;205;190;182m██[38;2;204;189;184m██[38;2;204;191;185m██[38;2;200;190;181m██[38;2;205;191;184m██[38;2;208;179;175m██[38;2;217;163;166m██[38;2;218;162;164m██[38;2;196;175;174m██[38;2;12;5;12m██[38;2;7;2;8m██[38;2;6;2;3m██[38;2;2;0;1m██[38;2;6;2;3m██[38;2;0;0;0m        
[38;2;0;0;0m          [38;2;130;160;171m██[38;2;118;165;179m██[38;2;211;224;244m██[38;2;115;137;156m██[38;2;64;65;82m██[38;2;97;129;144m██[38;2;78;119;131m██[38;2;28;21;39m██[38;2;7;2;4m██[38;2;7;1;7m██[38;2;203;188;181m██[38;2;205;192;184m██[38;2;202;189;181m██[38;2;201;191;182m██[38;2;204;191;182m██[38;2;204;190;181m██[38;2;202;190;182m██[38;2;202;189;181m████[38;2;204;189;181m██[38;2;206;189;184m██[38;2;204;191;183m██[38;2;5;3;7m██[38;2;7;2;5m██[38;2;2;0;1m██[38;2;4;0;1m██[38;2;6;2;3m██[38;2;0;0;0m        
[38;2;0;0;0m          [38;2;143;171;184m██[38;2;118;160;172m██[38;2;31;71;84m██[38;2;101;134;149m██[38;2;75;76;96m██[38;2;98;131;148m██[38;2;30;22;38m██[38;2;19;17;31m██[38;2;6;1;5m██[38;2;2;0;1m██[38;2;19;22;30m██[38;2;200;191;182m██[38;2;201;190;182m██[38;2;196;193;181m██[38;2;216;176;177m██[38;2;208;188;181m██[38;2;203;191;182m████[38;2;204;189;182m██[38;2;202;189;180m██[38;2;201;191;182m██[38;2;123;110;111m██[38;2;7;2;8m██[38;2;7;1;3m██[38;2;2;0;1m██[38;2;5;0;1m██[38;2;9;3;5m██[38;2;0;0;0m        
[38;2;0;0;0m          [38;2;207;189;184m██[38;2;36;77;95m██[38;2;63;76;95m██[38;2;71;82;101m██[38;2;58;76;96m██[38;2;42;30;42m██[38;2;22;14;25m██[38;2;28;24;38m██[38;2;155;117;127m██[38;2;10;1;6m██[38;2;14;10;20m██[38;2;103;106;109m██[38;2;201;189;180m██[38;2;205;188;181m██[38;2;206;192;189m██[38;2;199;175;173m██[38;2;204;191;183m██[38;2;203;190;182m██[38;2;204;189;184m██[38;2;205;188;183m██[38;2;130;122;118m██[38;2;17;4;12m██[38;2;6;2;3m██[38;2;4;0;1m██[38;2;6;0;2m██[38;2;4;0;1m██[38;2;3;1;4m██[38;2;0;0;0m        
[38;2;0;0;0m          [38;2;201;188;182m██[38;2;66;106;124m██[38;2;67;72;91m██[38;2;107;131;143m██[38;2;68;84;107m██[38;2;31;24;40m██[38;2;43;40;51m██[38;2;203;190;182m██[38;2;198;189;180m██[38;2;200;189;179m██[38;2;14;15;28m██[38;2;18;13;31m██[38;2;121;109;117m██[38;2;203;190;181m██[38;2;200;190;181m██[38;2;202;192;183m██[38;2;201;191;182m██[38;2;202;189;181m██[38;2;204;191;183m██[38;2;109;90;94m██[38;2;18;16;26m██[38;2;0;0;2m██[38;2;4;0;1m██[38;2;2;0;1m██[38;2;3;1;2m██[38;2;6;2;3m██[38;2;9;3;5m██[38;2;0;0;0m        
[38;2;0;0;0m          [38;2;204;186;184m██[38;2;144;174;186m██[38;2;102;93;114m██[38;2;198;180;178m██[38;2;191;165;166m██[38;2;30;20;31m██[38;2;200;185;180m██[38;2;198;188;179m██[38;2;197;188;181m██[38;2;201;188;180m██[38;2;22;20;39m██[38;2;6;19;35m██[38;2;23;24;44m██[38;2;64;35;31m██[38;2;200;187;181m██[38;2;202;188;183m██[38;2;203;188;181m██[38;2;123;133;124m██[38;2;54;25;23m██[38;2;110;121;113m██[38;2;18;19;37m██[38;2;2;0;3m██[38;2;4;0;1m██[38;2;14;11;22m██[38;2;5;1;2m██[38;2;2;0;3m██[38;2;6;2;3m██[38;2;0;0;0m        
[38;2;0;0;0m        [38;2;195;180;175m██[38;2;204;185;182m██[38;2;133;172;184m██[38;2;96;88;104m██[38;2;63;81;95m██[38;2;77;78;100m██[38;2;143;124;126m██[38;2;201;167;165m██[38;2;150;140;139m██[38;2;27;19;34m██[38;2;199;186;180m██[38;2;38;25;45m██[38;2;25;23;44m██[38;2;25;37;49m██[38;2;108;120;108m██[38;2;60;22;21m██[38;2;53;22;17m██[38;2;61;20;18m██[38;2;59;54;48m██[38;2;108;121;113m██[38;2;110;120;117m██[38;2;33;26;50m██[38;2;2;0;3m██[38;2;3;0;1m██[38;2;7;16;31m██[38;2;2;0;1m██[38;2;6;0;2m██[38;2;4;2;3m██[38;2;0;0;0m        
[38;2;0;0;0m        [38;2;198;185;179m██[38;2;131;131;126m██[38;2;173;181;204m██[38;2;66;79;92m██[38;2;125;161;175m██[38;2;29;14;22m██[38;2;182;148;151m██[38;2;153;128;128m██[38;2;15;10;17m██[38;2;24;21;36m██[38;2;198;181;176m██[38;2;32;21;36m██[38;2;31;27;50m██[38;2;142;149;164m██[38;2;107;120;110m██[38;2;104;120;110m██[38;2;102;121;111m██[38;2;103;118;111m██[38;2;105;121;111m██[38;2;107;117;119m██[38;2;140;146;162m██[38;2;27;32;45m██[38;2;1;0;2m██[38;2;19;15;27m██[38;2;17;18;36m██[38;2;2;0;1m██[38;2;4;0;3m██[38;2;5;2;2m██[38;2;0;0;0m        
[38;2;0;0;0m        [38;2;153;143;148m██[38;2;198;185;182m██[38;2;195;184;180m██[38;2;160;158;154m██[38;2;117;126;121m██[38;2;196;183;183m██[38;2;201;182;178m██[38;2;191;169;157m██[38;2;24;22;36m██[38;2;25;21;35m██[38;2;120;122;113m██[38;2;81;47;54m██[38;2;23;29;39m██[38;2;174;216;222m██[38;2;145;137;154m██[38;2;104;119;110m██[38;2;108;118;110m██[38;2;113;118;118m██[38;2;145;145;163m██[38;2;140;146;160m██[38;2;140;148;163m██[38;2;20;13;21m██[38;2;5;1;4m██[38;2;23;24;44m██[38;2;26;21;41m██[38;2;11;13;21m██[38;2;5;1;2m██[38;2;3;1;4m██[38;2;0;0;0m        
[38;2;0;0;0m        [38;2;255;255;255m  [38;2;193;176;176m██[38;2;149;126;120m██[38;2;194;180;179m██[38;2;196;181;176m██[38;2;195;183;177m██[38;2;196;181;180m██[38;2;42;34;49m██[38;2;18;19;31m██[38;2;18;24;35m██[38;2;110;117;110m██[38;2;173;143;152m██[38;2;51;44;59m██[38;2;167;217;216m██[38;2;180;213;222m██[38;2;142;139;156m██[38;2;134;133;150m██[38;2;129;143;156m██[38;2;139;145;161m██[38;2;141;160;174m██[38;2;179;214;218m██[38;2;47;25;37m██[38;2;19;21;35m██[38;2;99;18;19m██[38;2;91;18;23m██[38;2;27;26;44m██[38;2;5;0;4m██[38;2;4;0;1m██[38;2;0;0;0m        
[38;2;0;0;0m      [38;2;253;207;236m██[38;2;197;175;177m██[38;2;132;124;121m██[38;2;183;157;150m██[38;2;255;207;237m██[38;2;41;62;44m██[38;2;35;23;32m██[38;2;196;169;176m██[38;2;189;163;166m██[38;2;192;169;163m██[38;2;32;25;40m██[38;2;103;116;107m██[38;2;103;81;88m██[38;2;43;46;61m██[38;2;173;213;217m██[38;2;127;141;154m██[38;2;185;207;218m██[38;2;131;147;160m██[38;2;142;175;184m██[38;2;172;209;215m██[38;2;173;212;216m██[38;2;183;205;214m██[38;2;17;22;37m██[38;2;17;21;35m██[38;2;104;16;10m██[38;2;109;16;17m██[38;2;105;16;12m██[38;2;63;6;13m██[38;2;9;0;3m██[38;2;13;6;14m██[38;2;0;0;0m      
[38;2;0;0;0m      [38;2;255;207;236m██[38;2;191;175;175m██[38;2;254;206;236m██[38;2;131;123;120m██[38;2;254;207;236m██[38;2;253;206;235m██[38;2;150;139;137m██[38;2;230;191;213m██[38;2;238;195;221m██[38;2;194;173;170m██[38;2;130;109;106m██[38;2;115;118;111m██[38;2;47;35;50m██[38;2;44;36;52m██[38;2;164;209;211m██[38;2;35;38;47m██[38;2;171;204;211m██[38;2;174;207;212m██[38;2;14;39;46m██[38;2;255;207;237m██[38;2;168;205;211m██[38;2;254;207;236m██[38;2;244;199;225m██[38;2;32;34;43m██[38;2;252;206;234m██[38;2;113;59;61m██[38;2;99;22;24m██[38;2;253;206;235m██[38;2;100;22;18m██[38;2;235;192;218m██[38;2;199;204;199m  [38;2;205;188;197m██[38;2;0;0;0m  
[38;2;0;0;0m      [38;2;255;207;237m██[38;2;189;170;171m██[38;2;254;207;236m██[38;2;186;171;168m██[38;2;255;207;237m██[38;2;255;207;236m██[38;2;135;124;126m██[38;2;202;168;183m██[38;2;10;13;18m██[38;2;107;111;112m██[38;2;187;172;169m██[38;2;184;174;167m██[38;2;197;169;166m██[38;2;37;34;48m██[38;2;102;113;117m██[38;2;131;132;151m██[38;2;31;33;48m██[38;2;37;28;45m██[38;2;182;200;214m██[38;2;254;207;236m██[38;2;87;123;130m██[38;2;254;207;236m██[38;2;16;23;34m██[38;2;244;199;227m██[38;2;113;80;89m██[38;2;254;207;236m██[38;2;89;14;9m██[38;2;253;206;235m██[38;2;98;23;18m██[38;2;235;192;217m██[38;2;97;17;13m██[38;2;134;79;84m██[38;2;0;0;0m  
[38;2;0;0;0m      [38;2;255;207;236m██[38;2;183;168;168m██[38;2;160;141;147m██[38;2;145;130;135m██[38;2;207;172;194m██[38;2;200;171;188m██[38;2;182;167;164m██[38;2;207;174;192m██[38;2;195;168;183m██[38;2;9;4;8m██[38;2;95;85;94m██[38;2;183;168;169m██[38;2;186;167;168m██[38;2;127;106;119m██[38;2;83;67;72m██[38;2;54;83;89m██[38;2;26;24;35m██[38;2;35;32;43m██[38;2;161;201;210m██[38;2;156;187;190m██[38;2;211;177;198m██[38;2;202;171;190m██[38;2;21;19;31m██[38;2;208;175;194m██[38;2;33;16;26m██[38;2;201;173;191m██[38;2;99;15;15m██[38;2;207;176;194m██[38;2;96;79;70m██[38;2;92;34;31m██[38;2;98;14;11m██[38;2;147;91;100m██[38;2;97;19;19m██
[38;2;0;0;0m      [38;2;77;83;78m  [38;2;46;71;48m██[38;2;174;160;157m██[38;2;178;163;163m██[38;2;177;162;161m██[38;2;182;161;161m██[38;2;180;163;163m██[38;2;36;29;37m██[38;2;19;17;30m██[38;2;10;11;24m██[38;2;4;2;5m██[38;2;110;105;104m██[38;2;183;163;164m██[38;2;182;163;162m██[38;2;126;118;124m██[38;2;30;32;46m██[38;2;78;88;105m██[38;2;43;33;54m██[38;2;52;31;42m██[38;2;159;195;204m██[38;2;33;30;44m██[38;2;12;17;30m██[38;2;18;16;30m██[38;2;17;18;30m██[38;2;32;15;27m██[38;2;99;15;13m██[38;2;99;16;9m██[38;2;96;15;14m██[38;2;94;15;10m██[38;2;95;15;11m██[38;2;66;63;50m██[38;2;94;16;14m██[38;2;92;16;13m██[0m
