
[38;2;0;0;0m                    [38;2;74;73;73m  [38;2;72;72;71m  [38;2;0;0;0m      [38;2;201;191;181m██[38;2;60;60;59m  [38;2;0;0;0m                        
[38;2;0;0;0m                [38;2;136;135;133m  [38;2;236;222;211m██[38;2;239;227;211m██[38;2;238;228;210m██[38;2;237;225;214m██[38;2;122;116;114m  [38;2;123;123;123m  [38;2;220;207;191m██[38;2;231;221;208m██[38;2;21;21;21m  [38;2;0;0;0m                      
[38;2;0;0;0m                [38;2;65;61;59m██[38;2;97;85;81m██[38;2;133;121;112m██[38;2;239;222;207m██[38;2;240;227;208m██[38;2;240;228;211m██[38;2;134;132;129m  [38;2;221;212;197m██[38;2;238;227;212m██[38;2;209;209;209m  [38;2;0;0;0m                      
[38;2;0;0;0m                      [38;2;94;94;94m  [38;2;138;134;134m  [38;2;208;197;185m██[38;2;224;212;197m██[38;2;240;226;212m██[38;2;210;199;187m██[38;2;0;0;0m                        
[38;2;0;0;0m                [38;2;7;7;7m  [38;2;249;249;249m  [38;2;209;192;192m  [38;2;175;172;174m██[38;2;47;37;34m██[38;2;198;187;179m██[38;2;234;223;209m██[38;2;166;152;142m██[38;2;222;211;200m██[38;2;241;228;213m██[38;2;238;228;210m██[38;2;168;158;148m██[38;2;118;114;112m██[38;2;12;12;12m  [38;2;0;0;0m              
[38;2;0;0;0m            [38;2;120;120;120m  [38;2;154;151;149m  [38;2;141;126;121m██[38;2;235;223;208m██[38;2;170;154;144m██[38;2;236;224;207m██[38;2;239;226;210m████[38;2;238;226;210m██[38;2;239;227;211m████[38;2;238;228;211m██[38;2;237;217;203m██[38;2;238;227;211m██[38;2;241;227;211m██[38;2;148;136;128m  [38;2;33;33;33m  [38;2;0;0;0m            
[38;2;0;0;0m          [38;2;35;35;35m  [38;2;86;79;74m██[38;2;239;226;212m██[38;2;237;226;210m██[38;2;136;125;114m██[38;2;239;225;210m██[38;2;238;226;210m██[38;2;239;226;210m████[38;2;239;227;209m██[38;2;239;227;211m████[38;2;216;198;183m██[38;2;185;156;144m██[38;2;202;177;165m██[38;2;239;227;211m██[38;2;238;227;209m██[38;2;148;138;130m  [38;2;0;0;0m            
[38;2;0;0;0m        [38;2;189;189;189m  [38;2;161;141;134m  [38;2;239;227;211m██[38;2;238;227;211m██[38;2;128;115;104m██[38;2;239;226;211m██[38;2;238;226;210m██[38;2;239;226;210m████[38;2;223;201;186m██[38;2;239;222;205m██[38;2;240;227;210m██[38;2;239;228;211m██[38;2;238;228;211m██[38;2;239;228;211m██[38;2;237;227;210m██[38;2;234;220;204m██[38;2;239;227;211m██[38;2;238;227;210m██[38;2;142;139;135m  [38;2;0;0;0m          
[38;2;0;0;0m        [38;2;53;46;45m  [38;2;205;196;184m██[38;2;169;158;149m██[38;2;222;210;198m██[38;2;238;227;210m██[38;2;238;226;210m████[38;2;240;226;210m██[38;2;238;227;211m██[38;2;230;214;196m██[38;2;241;227;209m██[38;2;232;218;202m██[38;2;239;227;211m██[38;2;238;227;209m██[38;2;239;227;211m████[38;2;239;226;210m██[38;2;238;227;212m██[38;2;239;227;209m██[38;2;233;223;207m  [38;2;35;35;35m  [38;2;0;0;0m        
[38;2;0;0;0m  [38;2;39;39;39m  [38;2;0;0;0m  [38;2;106;101;98m██[38;2;170;159;146m██[38;2;236;226;209m██[38;2;237;227;210m██[38;2;240;227;210m██[38;2;238;225;209m██[38;2;241;229;213m██[38;2;241;230;214m██[38;2;239;227;211m██[38;2;179;149;140m██[38;2;241;234;217m██[38;2;238;227;213m██[38;2;204;190;174m██[38;2;245;235;218m██[38;2;240;231;216m██[38;2;239;227;211m██[38;2;252;242;228m██[38;2;240;229;213m██[38;2;201;192;179m██[38;2;241;231;215m██[38;2;239;228;211m██[38;2;117;111;108m  [38;2;0;0;0m        
[38;2;0;0;0m  [38;2;175;172;162m██[38;2;240;226;212m██[38;2;240;227;211m██[38;2;235;226;213m██[38;2;124;120;109m██[38;2;230;216;200m██[38;2;174;164;155m██[38;2;231;220;203m██[38;2;252;243;228m██[38;2;251;242;227m██[38;2;237;222;207m██[38;2;246;241;225m██[38;2;250;241;228m██[38;2;239;227;210m██[38;2;183;157;144m██[38;2;249;239;224m██[38;2;253;242;230m██[38;2;253;243;229m██[38;2;253;242;229m██[38;2;243;234;218m██[38;2;216;208;194m██[38;2;250;239;224m██[38;2;239;227;211m██[38;2;215;201;191m  [38;2;0;0;0m        
[38;2;0;0;0m    [38;2;185;185;184m  [38;2;229;215;203m██[38;2;222;130;62m██[38;2;231;181;131m██[38;2;235;225;212m██[38;2;196;185;173m██[38;2;239;227;211m██[38;2;237;228;211m██[38;2;244;225;209m██[38;2;169;130;120m██[38;2;239;228;211m██[38;2;239;227;210m██[38;2;238;227;210m██[38;2;111;88;79m██[38;2;238;228;211m██[38;2;239;228;212m██[38;2;248;237;220m██[38;2;238;229;212m██[38;2;238;227;211m██[38;2;223;214;198m██[38;2;211;195;179m██[38;2;239;227;211m██[38;2;239;228;209m██[38;2;156;152;152m  [38;2;0;0;0m      
[38;2;0;0;0m    [38;2;26;25;25m  [38;2;221;145;104m██[38;2;213;111;38m██[38;2;244;213;187m██[38;2;120;112;101m██[38;2;238;227;210m██[38;2;239;227;209m██[38;2;239;228;211m██[38;2;237;228;211m██[38;2;192;167;153m██[38;2;239;227;211m██████[38;2;168;148;136m██[38;2;239;227;211m██[38;2;239;228;210m██[38;2;239;227;211m██████[38;2;231;223;207m██[38;2;220;202;186m██[38;2;238;228;211m██[38;2;239;227;210m██[38;2;234;222;207m██[38;2;103;101;101m  [38;2;0;0;0m    
[38;2;137;65;46m  [38;2;174;142;135m  [38;2;168;65;35m██[38;2;203;83;28m██[38;2;211;107;43m██[38;2;114;106;97m██[38;2;238;227;212m██[38;2;239;227;209m██[38;2;239;228;211m██[38;2;239;227;211m██[38;2;240;227;211m██[38;2;235;217;204m██[38;2;239;227;211m██[38;2;239;227;210m████[38;2;243;234;223m██[38;2;239;227;211m██████[38;2;236;224;207m██[38;2;239;227;211m██[38;2;222;212;197m██[38;2;239;227;211m██[38;2;240;227;211m██[38;2;239;227;211m██[38;2;238;226;210m██[38;2;239;225;210m██[38;2;99;93;86m██[38;2;134;134;134m  
[38;2;184;167;165m  [38;2;187;59;25m██[38;2;192;68;29m██[38;2;179;81;40m██[38;2;154;147;136m██[38;2;238;227;210m██[38;2;239;227;211m██[38;2;202;191;176m██[38;2;238;228;210m██[38;2;239;227;211m██[38;2;240;227;209m██[38;2;240;222;207m██[38;2;239;227;211m██[38;2;239;227;210m██[38;2;131;121;113m██[38;2;153;145;130m██[38;2;189;177;164m██[38;2;239;227;211m████[38;2;219;204;188m██[38;2;239;227;211m██[38;2;186;174;165m██[38;2;235;227;212m██[38;2;237;220;205m██[38;2;238;227;210m██[38;2;184;175;162m██[38;2;235;220;207m██[38;2;227;213;201m██[38;2;82;81;80m  
[38;2;0;0;0m  [38;2;92;61;54m██[38;2;192;66;35m██[38;2;113;59;44m██[38;2;237;226;212m██[38;2;237;227;211m██[38;2;238;228;212m██[38;2;176;162;148m██[38;2;239;227;211m██[38;2;239;227;210m██[38;2;241;227;211m██[38;2;229;209;193m██[38;2;239;227;211m██[38;2;223;210;196m██[38;2;249;240;227m██[38;2;250;240;224m██[38;2;221;214;201m██[38;2;240;226;212m██[38;2;239;227;211m██[38;2;221;207;191m██[38;2;238;227;211m██[38;2;161;151;142m██[38;2;136;124;118m██[38;2;222;205;190m██[38;2;239;227;210m██[38;2;240;226;210m██[38;2;173;172;170m  [38;2;0;0;0m    
[38;2;93;58;48m██[38;2;186;58;26m██[38;2;167;55;33m██[38;2;237;223;211m██[38;2;239;227;213m██[38;2;224;214;203m██[38;2;236;227;212m██[38;2;183;169;157m██[38;2;239;227;211m████[38;2;237;229;209m██[38;2;189;149;138m██[38;2;222;203;193m██[38;2;237;228;218m██[38;2;249;241;226m██[38;2;239;230;215m██[38;2;246;237;223m██[38;2;155;147;134m██[38;2;239;227;213m██[38;2;238;227;210m██[38;2;239;226;215m██[38;2;248;241;228m██[38;2;248;238;225m██[38;2;237;224;206m██[38;2;239;227;211m██[38;2;239;227;212m██[38;2;237;229;210m██[38;2;111;109;108m  [38;2;55;54;54m  
[38;2;179;176;174m  [38;2;114;105;104m  [38;2;211;209;209m  [38;2;239;227;211m████████[38;2;165;152;143m██[38;2;239;227;211m████[38;2;238;227;210m██[38;2;61;48;45m██[38;2;231;211;194m██[38;2;87;68;59m██[38;2;75;63;58m██[38;2;108;90;83m██[38;2;227;214;200m██[38;2;249;240;226m██[38;2;226;217;205m██[38;2;238;227;213m██[38;2;171;156;149m██[38;2;219;209;199m██[38;2;251;242;229m██[38;2;237;228;210m██[38;2;239;228;212m██[38;2;174;163;151m██[38;2;238;228;213m██[38;2;237;225;210m██[38;2;135;131;128m  
[38;2;0;0;0m      [38;2;184;160;152m██[38;2;208;190;175m██[38;2;239;227;211m████[38;2;107;98;88m██[38;2;239;227;210m██[38;2;239;227;211m████[38;2;176;170;160m██[38;2;70;56;56m██[38;2;205;79;67m██[38;2;222;83;74m██[38;2;177;163;160m██[38;2;104;93;97m██[38;2;185;176;166m██[38;2;229;219;208m██[38;2;112;102;95m██[38;2;91;67;60m██[38;2;84;59;48m██[38;2;86;67;55m██[38;2;238;227;213m██[38;2;237;228;209m██[38;2;152;147;139m██[38;2;0;0;0m      
[38;2;0;0;0m      [38;2;60;49;46m  [38;2;170;140;126m██[38;2;239;228;210m██[38;2;239;227;211m██[38;2;192;182;171m██[38;2;237;227;210m██[38;2;239;228;211m██[38;2;237;229;211m██[38;2;238;227;212m██[38;2;240;237;228m██[38;2;185;74;64m██[38;2;186;68;60m██[38;2;194;160;159m██[38;2;251;253;250m██[38;2;250;240;224m██[38;2;250;241;226m██[38;2;251;240;228m██[38;2;76;56;56m██[38;2;210;83;76m██[38;2;166;156;153m██[38;2;238;228;209m██[38;2;214;205;191m  [38;2;101;101;101m  [38;2;0;0;0m      
[38;2;0;0;0m      [38;2;198;198;198m  [38;2;184;140;135m██[38;2;188;158;146m██[38;2;130;115;104m██[38;2;250;241;229m██[38;2;237;226;211m██[38;2;238;227;211m██[38;2;171;160;143m██[38;2;238;227;209m██[38;2;161;152;138m██[38;2;228;207;194m██[38;2;146;107;75m██[38;2;250;243;238m██[38;2;250;239;224m██[38;2;251;240;224m██[38;2;250;240;225m██[38;2;249;242;225m██[38;2;174;156;127m██[38;2;195;166;159m██[38;2;198;187;175m██[38;2;124;108;104m██[38;2;73;67;63m██[38;2;0;0;0m        
[38;2;0;0;0m        [38;2;102;94;93m  [38;2;171;125;119m██[38;2;249;243;227m██[38;2;250;240;227m██[38;2;149;136;128m██[38;2;236;228;211m██[38;2;239;228;212m██[38;2;101;91;82m██[38;2;238;227;212m██[38;2;160;151;135m██[38;2;249;235;219m██[38;2;251;234;217m██[38;2;252;236;224m██[38;2;251;239;226m██[38;2;250;240;226m██[38;2;250;241;225m██[38;2;248;238;224m██[38;2;252;237;223m██[38;2;240;227;217m██[38;2;179;142;130m██[38;2;177;172;171m  [38;2;0;0;0m        
[38;2;0;0;0m          [38;2;119;109;109m  [38;2;235;228;219m██[38;2;249;239;224m██[38;2;215;184;163m██[38;2;146;133;119m██[38;2;239;227;211m██[38;2;223;214;201m██[38;2;248;237;225m██[38;2;227;215;204m██[38;2;249;235;219m██[38;2;250;235;218m██[38;2;250;237;224m██[38;2;252;240;226m██[38;2;251;242;227m██[38;2;233;225;212m██[38;2;249;239;225m██[38;2;248;237;221m██[38;2;208;199;184m██[38;2;177;142;129m██[38;2;105;105;105m  [38;2;0;0;0m        
[38;2;0;0;0m      [38;2;39;39;39m  [38;2;0;0;0m  [38;2;28;28;28m  [38;2;26;24;24m██[38;2;125;124;112m██[38;2;220;211;203m██[38;2;45;32;25m██[38;2;175;161;150m██[38;2;237;228;213m██[38;2;118;110;98m██[38;2;251;236;223m██[38;2;252;237;225m██[38;2;253;238;223m██[38;2;252;240;226m██[38;2;252;239;226m██[38;2;249;241;226m██[38;2;249;240;227m██[38;2;251;239;225m██[38;2;237;227;219m██[38;2;159;130;120m██[38;2;139;127;124m  [38;2;0;0;0m          
[38;2;0;0;0m      [38;2;192;189;189m  [38;2;235;222;207m██[38;2;199;181;168m██[38;2;32;30;28m██[38;2;35;35;36m██[38;2;45;42;44m██[38;2;31;11;14m██[38;2;58;37;33m██[38;2;43;36;31m██[38;2;231;223;211m██[38;2;126;104;85m██[38;2;207;172;151m██[38;2;249;231;215m██[38;2;250;242;227m██[38;2;250;240;228m██[38;2;235;226;213m██[38;2;157;150;141m██[38;2;86;85;82m  [38;2;87;70;66m  [38;2;184;175;173m  [38;2;0;0;0m            
[38;2;0;0;0m      [38;2;4;4;4m  [38;2;93;89;87m██[38;2;97;83;79m  [38;2;179;144;134m██[38;2;43;30;32m██[38;2;41;39;40m██[38;2;94;69;65m██[38;2;22;23;27m██[38;2;34;35;34m██[38;2;26;24;24m██[38;2;21;18;16m██[38;2;139;130;131m██[38;2;116;86;73m██[38;2;34;37;38m██[38;2;103;62;54m██[38;2;177;138;124m██[38;2;104;90;86m██[38;2;210;211;210m  [38;2;231;231;231m  [38;2;0;0;0m              
[38;2;0;0;0m          [38;2;101;89;89m  [38;2;238;217;201m██[38;2;37;20;19m██[38;2;104;74;70m██[38;2;179;142;132m██[38;2;42;36;34m██[38;2;252;251;251m██[38;2;253;253;250m██[38;2;42;42;40m██[38;2;42;36;33m██[38;2;29;28;30m██[38;2;75;50;47m██[38;2;136;94;86m██[38;2;175;142;135m██[38;2;82;80;78m██[38;2;192;190;187m██[38;2;183;181;177m██[38;2;172;172;169m██[38;2;0;0;0m            
[38;2;0;0;0m          [38;2;125;107;101m██[38;2;239;226;210m██[38;2;205;178;164m██[38;2;184;142;134m██[38;2;92;62;55m██[38;2;51;38;35m██[38;2;211;212;209m██[38;2;171;169;170m██[38;2;53;49;50m██[38;2;59;39;44m██[38;2;111;44;47m██[38;2;59;44;44m██[38;2;181;139;132m██[38;2;60;47;44m██[38;2;137;132;131m██[38;2;142;136;130m██[38;2;141;135;131m██[38;2;83;81;79m██[38;2;0;0;0m            
[38;2;0;0;0m          [38;2;123;111;107m  [38;2;197;184;169m██[38;2;239;226;210m██[38;2;207;180;166m██[38;2;90;67;63m██[38;2;66;67;64m██[38;2;252;252;251m██[38;2;228;227;227m██[38;2;94;95;95m██[38;2;60;58;57m██[38;2;235;224;215m██[38;2;182;176;166m██[38;2;63;60;58m██[38;2;220;215;216m██[38;2;141;135;131m██[38;2;142;135;132m██[38;2;122;115;109m██[38;2;184;182;175m██[38;2;0;0;0m            
[38;2;0;0;0m          [38;2;151;148;148m  [38;2;234;221;207m██[38;2;237;224;208m██[38;2;237;224;209m██[38;2;130;119;114m  [38;2;58;58;58m  [38;2;122;123;122m██[38;2;249;251;251m██[38;2;152;150;144m██[38;2;75;63;58m██[38;2;249;239;225m██[38;2;237;224;215m██[38;2;52;28;28m██[38;2;114;111;110m██[38;2;140;135;131m██[38;2;141;134;132m██[38;2;217;213;209m██[38;2;144;142;139m  [38;2;0;0;0m            
[38;2;0;0;0m        [38;2;217;217;217m  [38;2;111;99;93m  [38;2;234;222;204m██[38;2;210;196;184m██[38;2;233;222;206m██[38;2;166;165;165m  [38;2;180;180;180m  [38;2;248;248;248m██[38;2;250;250;249m██[38;2;208;205;191m██[38;2;101;90;79m██[38;2;215;209;201m██[38;2;132;125;121m██[38;2;184;183;180m██[38;2;133;131;128m██[38;2;140;134;130m██[38;2;139;135;133m██[38;2;123;121;120m██[38;2;0;0;0m              
[38;2;0;0;0m        [38;2;103;101;100m  [38;2;161;149;138m██[38;2;85;77;75m██[38;2;95;90;89m  [38;2;188;187;186m  [38;2;0;0;0m  [38;2;162;162;162m  [38;2;97;97;96m  [38;2;135;135;137m██[38;2;63;60;56m██[38;2;63;59;62m██[38;2;58;59;62m██[38;2;28;29;27m██[38;2;151;151;152m██[38;2;106;106;104m██[38;2;84;83;80m██[38;2;79;77;76m██[38;2;100;100;100m  [38;2;0;0;0m              [0m
