
[38;2;0;0;0m            [38;2;22;22;0m  [38;2;0;0;0m                [38;2;194;180;73m  [38;2;2;2;0m  [38;2;0;0;0m                        
[38;2;0;0;0m            [38;2;222;217;88m  [38;2;3;2;0m  [38;2;0;0;0m            [38;2;62;57;22m  [38;2;254;235;94m██[38;2;26;19;8m  [38;2;0;0;0m                        
[38;2;0;0;0m            [38;2;249;245;98m  [38;2;252;219;90m  [38;2;18;18;9m  [38;2;0;0;0m        [38;2;25;25;12m  [38;2;253;234;94m██[38;2;255;235;94m██[38;2;246;182;79m  [38;2;2;1;0m  [38;2;0;0;0m                      
[38;2;0;0;0m            [38;2;252;243;97m  [38;2;255;234;93m██[38;2;252;205;86m  [38;2;6;5;1m  [38;2;0;0;0m    [38;2;20;20;2m  [38;2;249;236;94m  [38;2;255;235;94m████[38;2;251;210;87m██[38;2;20;15;6m  [38;2;0;0;0m            [38;2;7;7;1m  [38;2;5;3;1m  [38;2;0;0;0m      
[38;2;0;0;0m            [38;2;253;239;95m  [38;2;255;235;94m██[38;2;255;234;94m██[38;2;250;198;84m  [38;2;6;4;1m  [38;2;0;0;0m  [38;2;141;132;53m  [38;2;255;235;94m██████[38;2;255;236;94m██[38;2;244;179;78m  [38;2;1;1;0m  [38;2;0;0;0m      [38;2;15;12;3m  [38;2;90;85;34m  [38;2;254;245;98m  [38;2;125;89;39m  [38;2;0;0;0m      
[38;2;0;0;0m          [38;2;1;1;0m  [38;2;254;236;94m  [38;2;255;234;94m██[38;2;255;235;94m██[38;2;255;234;94m██[38;2;251;196;83m██[38;2;19;17;7m  [38;2;253;233;93m██[38;2;255;234;94m████[38;2;255;235;93m██[38;2;255;234;94m██[38;2;247;179;79m██[38;2;23;17;7m  [38;2;1;1;0m  [38;2;26;24;9m  [38;2;232;218;87m  [38;2;251;231;93m██[38;2;255;235;94m██[38;2;254;234;93m██[38;2;2;1;0m  [38;2;0;0;0m      
[38;2;0;0;0m      [38;2;5;5;2m  [38;2;0;0;0m  [38;2;203;203;203m  [38;2;254;237;94m  [38;2;255;235;94m██████[38;2;255;234;94m██[38;2;248;194;82m██[38;2;255;235;94m████[38;2;255;234;94m██████[38;2;251;211;87m██[38;2;248;180;79m██[38;2;254;242;97m  [38;2;255;235;94m██████[38;2;255;234;94m██[38;2;246;180;79m██[38;2;0;0;0m        
[38;2;0;0;0m      [38;2;230;176;76m  [38;2;254;243;97m██[38;2;128;121;48m  [38;2;248;241;96m██[38;2;251;231;93m██[38;2;254;234;93m██[38;2;254;237;94m██[38;2;254;236;94m██[38;2;254;237;94m██[38;2;253;233;93m██[38;2;251;232;93m██[38;2;253;234;93m██[38;2;254;234;93m██[38;2;255;235;94m██[38;2;255;237;94m██[38;2;251;214;88m██[38;2;255;234;94m██[38;2;255;235;93m████[38;2;255;235;94m██[38;2;254;234;94m██[38;2;246;180;79m  [38;2;2;2;0m  [38;2;0;0;0m      
[38;2;0;0;0m      [38;2;3;2;0m  [38;2;252;187;81m██[38;2;80;75;30m██[38;2;1;1;0m██[38;2;3;1;0m██[38;2;2;1;0m██[38;2;1;15;28m██[38;2;1;24;47m██[38;2;1;24;46m██[38;2;3;25;45m██[38;2;3;17;30m██[38;2;0;0;0m██[38;2;4;4;1m██[38;2;92;86;35m██[38;2;249;233;93m██[38;2;254;236;94m██[38;2;254;234;94m██[38;2;255;235;94m██[38;2;255;235;93m██[38;2;255;235;94m██[38;2;249;197;84m██[38;2;247;180;78m  [38;2;61;61;0m  [38;2;0;0;0m      
[38;2;0;0;0m        [38;2;1;3;6m  [38;2;0;51;102m██[38;2;17;15;14m██[38;2;82;83;84m██[38;2;189;189;190m██[38;2;204;204;204m██[38;2;220;220;220m██[38;2;216;216;217m██[38;2;196;197;197m██[38;2;119;120;121m██[38;2;21;20;18m██[38;2;0;4;8m██[38;2;1;36;72m██[38;2;0;51;102m██[38;2;1;28;53m██[38;2;7;6;2m██[38;2;186;175;70m██[38;2;252;232;93m██[38;2;255;234;94m██[38;2;247;180;78m██[38;2;246;179;79m██[38;2;221;162;70m  [38;2;40;29;12m  [38;2;7;4;2m  [38;2;53;40;13m  
[38;2;0;0;0m      [38;2;0;3;6m  [38;2;0;50;101m██[38;2;1;45;89m██[38;2;201;201;202m██[38;2;204;204;204m████[38;2;208;208;208m██[38;2;197;197;197m██[38;2;138;138;138m██[38;2;203;203;203m██[38;2;204;204;204m██[38;2;203;203;203m████[38;2;151;150;150m██[38;2;0;51;102m████[38;2;0;50;101m██[38;2;0;52;104m██[38;2;2;2;1m██[38;2;254;244;97m██[38;2;249;195;82m██[38;2;247;182;79m██[38;2;247;178;78m██[38;2;246;176;78m██[38;2;246;179;78m██[38;2;118;88;38m  
[38;2;0;0;0m      [38;2;0;48;96m██[38;2;0;51;102m██[38;2;8;9;11m██[38;2;203;203;203m████[38;2;200;200;200m██[38;2;48;48;48m██[38;2;58;58;58m██[38;2;178;178;178m██[38;2;203;203;203m██[38;2;202;202;202m██[38;2;201;201;201m██[38;2;203;203;203m██[38;2;87;86;84m██[38;2;0;50;101m██[38;2;0;51;102m██████[38;2;0;33;68m██[38;2;3;1;0m██[38;2;252;233;93m██[38;2;255;235;94m██[38;2;255;234;94m██[38;2;247;181;79m██[38;2;215;160;70m  [38;2;0;0;0m  
[38;2;0;0;0m    [38;2;0;20;40m  [38;2;0;51;102m██[38;2;0;50;101m██[38;2;23;25;26m██[38;2;16;20;32m██[38;2;2;17;33m██[38;2;1;17;33m██[38;2;3;20;37m██[38;2;3;20;41m██[38;2;2;18;36m██[38;2;2;17;36m██[38;2;2;18;37m██[38;2;2;19;36m██[38;2;10;15;25m██[38;2;5;11;19m██[38;2;0;50;100m██[38;2;0;51;102m██████[38;2;0;40;80m██[38;2;0;25;50m██[38;2;254;245;98m██[38;2;255;234;94m██[38;2;246;180;78m██[38;2;247;181;79m  [38;2;11;9;3m  [38;2;0;0;0m  
[38;2;0;0;0m    [38;2;0;28;55m██[38;2;0;7;14m██[38;2;0;0;0m██[38;2;46;32;20m██[38;2;118;78;48m██[38;2;187;125;77m██[38;2;217;159;102m██[38;2;157;108;71m██[38;2;248;169;110m██[38;2;170;117;77m██[38;2;241;167;108m██[38;2;208;140;88m██[38;2;159;111;74m██[38;2;198;135;86m██[38;2;128;86;55m██[38;2;18;13;8m██[38;2;0;11;22m██[38;2;0;46;93m██[38;2;0;50;100m██[38;2;0;43;86m██[38;2;0;34;67m██[38;2;254;248;99m██[38;2;247;179;79m██[38;2;246;179;78m██[38;2;11;8;3m  [38;2;0;0;0m    
[38;2;0;0;0m    [38;2;203;142;91m  [38;2;248;175;121m██[38;2;244;196;159m██[38;2;244;202;168m██[38;2;251;204;170m██[38;2;250;203;169m██[38;2;190;164;137m██[38;2;251;204;170m██[38;2;250;204;170m██[38;2;250;206;171m██[38;2;252;211;176m██[38;2;251;203;169m██[38;2;249;202;168m██[38;2;249;203;170m██[38;2;248;198;161m██[38;2;207;148;100m██[38;2;225;153;96m██[38;2;212;146;92m██[38;2;4;2;1m██[38;2;0;29;60m██[38;2;0;33;66m██[38;2;253;191;83m██[38;2;247;179;79m██[38;2;232;172;75m  [38;2;14;9;4m  [38;2;9;6;3m  [38;2;0;0;0m  
[38;2;0;0;0m  [38;2;4;4;3m  [38;2;245;201;167m██[38;2;251;204;170m██[38;2;252;205;171m██[38;2;251;209;174m██[38;2;252;205;171m██[38;2;252;207;172m██[38;2;180;152;131m██[38;2;250;204;170m██[38;2;251;204;170m██[38;2;250;203;169m██[38;2;241;200;166m██[38;2;57;47;40m██[38;2;2;2;3m██[38;2;2;1;2m██[38;2;68;55;46m██[38;2;250;204;170m██[38;2;251;203;169m██[38;2;250;198;160m██[38;2;245;164;104m██[38;2;163;110;70m██[38;2;0;4;9m██[38;2;250;182;80m██[38;2;247;179;79m██[38;2;246;179;79m██[38;2;246;179;78m██[38;2;251;185;80m  [38;2;2;2;0m  
[38;2;2;2;2m  [38;2;136;114;95m  [38;2;160;132;110m██[38;2;219;181;152m██[38;2;248;206;171m██[38;2;16;16;16m██[38;2;84;84;84m██[38;2;27;53;106m██[38;2;104;87;72m██[38;2;250;208;174m██[38;2;251;204;170m██[38;2;218;180;150m██[38;2;89;89;89m██[38;2;233;233;233m██[38;2;27;32;44m██[38;2;30;47;80m██[38;2;50;50;51m██[38;2;11;9;8m██[38;2;165;137;116m██[38;2;202;171;143m██[38;2;221;149;93m██[38;2;143;106;76m██[38;2;43;29;19m██[38;2;77;56;24m██[38;2;246;179;78m██[38;2;245;179;78m██[38;2;160;119;51m  [38;2;5;3;1m  [38;2;0;0;0m  
[38;2;9;8;7m  [38;2;163;140;118m██[38;2;186;152;127m██[38;2;165;137;114m██[38;2;250;203;169m██[38;2;252;205;171m██[38;2;252;209;174m██[38;2;246;202;170m██[38;2;30;22;15m██[38;2;176;145;121m██[38;2;250;204;170m████[38;2;10;8;7m██[38;2;202;168;141m██[38;2;251;207;173m██[38;2;95;78;65m██[38;2;253;209;174m██[38;2;253;211;176m██[38;2;152;109;70m██[38;2;76;51;34m██[38;2;34;28;24m██[38;2;56;38;25m██[38;2;168;113;71m██[38;2;197;136;88m██[38;2;94;70;30m  [38;2;1;1;0m  [38;2;0;0;0m      
[38;2;148;121;102m  [38;2;172;141;119m██[38;2;44;36;30m██[38;2;134;114;96m██[38;2;5;4;4m██[38;2;150;123;103m██[38;2;253;205;170m██[38;2;249;198;160m██[38;2;49;34;23m██[38;2;248;201;168m██[38;2;251;204;170m████[38;2;248;202;168m██[38;2;250;203;170m██[38;2;250;204;170m██[38;2;251;205;171m██[38;2;70;57;48m██[38;2;59;50;43m██[38;2;119;96;80m██[38;2;254;210;175m██[38;2;142;115;96m██[38;2;247;200;167m██[38;2;14;11;8m██[38;2;210;148;103m██[38;2;15;11;8m  [38;2;0;0;0m        
[38;2;89;74;63m  [38;2;173;142;120m██[38;2;250;203;169m██[38;2;12;9;8m██[38;2;252;210;175m██[38;2;252;213;177m██[38;2;249;196;157m██[38;2;34;23;16m██[38;2;243;201;167m██[38;2;250;204;170m██[38;2;250;203;169m██[38;2;249;204;170m██[38;2;18;15;13m██[38;2;176;147;124m██[38;2;236;197;164m██[38;2;239;198;165m██[38;2;250;203;169m██[38;2;250;204;171m██[38;2;93;76;64m██[38;2;24;24;24m██[38;2;8;7;7m██[38;2;212;181;150m██[38;2;41;34;29m██[38;2;202;142;97m██[38;2;112;86;66m  [38;2;0;0;0m        
[38;2;3;3;3m  [38;2;106;88;75m██[38;2;252;208;174m██[38;2;3;3;3m██[38;2;246;204;169m██[38;2;243;200;166m██[38;2;200;163;129m██[38;2;67;46;31m██[38;2;247;204;169m██[38;2;250;204;170m██[38;2;130;106;89m██[38;2;16;14;12m██[38;2;236;197;163m██[38;2;118;97;81m██[38;2;248;202;169m██[38;2;232;194;161m██[38;2;30;25;21m██[38;2;5;5;4m██[38;2;248;248;248m██[38;2;246;246;246m██[38;2;15;12;9m██[38;2;253;209;171m██[38;2;44;30;19m██[38;2;146;102;67m██[38;2;1;1;1m  [38;2;0;0;0m        
[38;2;5;3;2m  [38;2;165;136;113m██[38;2;209;172;144m██[38;2;0;0;0m██[38;2;5;4;4m██[38;2;170;141;117m██[38;2;249;203;170m██[38;2;247;169;113m██[38;2;51;36;24m██[38;2;85;70;59m██[38;2;248;203;169m██[38;2;248;205;170m██[38;2;215;175;146m██[38;2;38;31;26m██[38;2;35;35;35m██[38;2;206;206;206m██[38;2;249;249;249m██[38;2;1;1;1m██[38;2;139;139;139m██[38;2;3;3;3m██[38;2;198;135;85m██[38;2;251;205;172m██[38;2;193;132;85m██[38;2;171;117;74m██[38;2;0;0;0m          
[38;2;0;0;0m  [38;2;35;27;22m██[38;2;179;152;130m██[38;2;35;35;35m██[38;2;30;30;30m██[38;2;234;234;234m██[38;2;74;73;73m██[38;2;10;10;10m██[38;2;0;0;0m██[38;2;12;12;12m██[38;2;6;6;5m██[38;2;153;153;153m██[38;2;254;254;254m██[38;2;171;171;171m██[38;2;252;252;252m██[38;2;237;237;237m██[38;2;8;8;8m██[38;2;3;3;3m██[38;2;251;251;251m██[38;2;37;25;17m██[38;2;249;187;141m██[38;2;250;194;154m██[38;2;177;119;77m██[38;2;249;169;106m██[38;2;0;0;0m          
[38;2;0;0;0m  [38;2;1;3;4m  [38;2;190;152;122m██[38;2;3;3;3m██[38;2;2;2;2m██[38;2;36;36;36m██[38;2;196;196;196m██[38;2;245;245;245m██[38;2;91;91;91m██[38;2;249;249;249m██[38;2;62;62;62m██[38;2;249;249;249m██[38;2;162;162;162m██[38;2;3;3;3m██[38;2;4;4;4m██[38;2;16;16;16m██[38;2;254;254;254m██[38;2;3;3;3m██[38;2;1;1;0m██[38;2;246;163;101m██[38;2;251;203;169m██[38;2;244;162;102m██[38;2;2;1;0m  [38;2;3;2;1m  [38;2;0;0;0m          
[38;2;65;65;65m  [38;2;14;14;13m  [38;2;232;179;140m██[38;2;0;0;0m██[38;2;3;3;3m████[38;2;2;2;2m██[38;2;3;3;3m████████[38;2;0;0;0m██[38;2;10;10;10m██[38;2;239;239;239m██[38;2;75;75;75m██[38;2;251;251;251m██[38;2;252;252;252m██[38;2;2;2;2m██[38;2;247;164;104m██[38;2;250;203;169m██[38;2;251;203;169m██[38;2;131;89;57m██[38;2;73;69;27m  [38;2;0;0;0m            
[38;2;0;0;0m  [38;2;34;28;23m  [38;2;250;205;172m██[38;2;49;49;49m██[38;2;152;152;152m██[38;2;95;95;95m██[38;2;10;10;10m██[38;2;219;219;219m██[38;2;2;2;2m██[38;2;239;239;239m██[38;2;251;251;251m██[38;2;171;171;171m██[38;2;250;250;250m████[38;2;52;52;52m██[38;2;191;191;191m██[38;2;1;1;2m██[38;2;246;164;102m██[38;2;250;203;169m██[38;2;251;204;170m██[38;2;233;157;99m██[38;2;92;68;30m██[38;2;22;20;7m  [38;2;0;0;0m            
[38;2;0;0;0m  [38;2;83;68;57m  [38;2;251;203;169m██[38;2;228;154;98m██[38;2;18;18;18m██[38;2;4;4;4m██[38;2;196;196;196m██[38;2;254;254;254m██[38;2;150;150;150m██[38;2;253;253;253m██[38;2;251;251;251m██[38;2;117;117;117m██[38;2;221;221;221m██[38;2;92;91;91m██[38;2;3;2;2m██[38;2;200;135;85m██[38;2;221;169;129m██[38;2;201;165;138m██[38;2;59;50;45m██[38;2;162;136;113m██[38;2;50;41;17m██[38;2;252;185;81m██[38;2;13;13;5m  [38;2;0;0;0m            
[38;2;0;0;0m  [38;2;177;146;122m  [38;2;252;207;173m██[38;2;252;204;170m██[38;2;249;200;165m██[38;2;239;165;108m██[38;2;194;130;81m██[38;2;139;93;60m██[38;2;116;81;56m██[38;2;109;78;55m██[38;2;138;93;60m██[38;2;173;116;73m██[38;2;224;155;98m██[38;2;246;181;133m██[38;2;239;197;163m██[38;2;160;133;112m██[38;2;103;88;75m██[38;2;219;186;155m██[38;2;8;7;6m  [38;2;115;84;37m  [38;2;144;133;53m  [38;2;210;186;75m  [38;2;0;0;0m              
[38;2;0;0;0m  [38;2;185;154;129m  [38;2;211;173;145m██[38;2;248;202;168m██[38;2;179;148;125m██[38;2;171;144;121m██[38;2;252;205;171m██[38;2;252;204;170m██[38;2;249;203;170m████[38;2;241;196;164m██[38;2;174;146;122m██[38;2;158;130;109m██[38;2;159;130;110m██[38;2;177;146;122m██[38;2;246;208;173m██[38;2;17;15;13m  [38;2;2;2;2m  [38;2;0;0;0m  [38;2;66;47;21m  [38;2;9;7;2m  [38;2;10;9;3m  [38;2;0;0;0m              
[38;2;0;0;0m  [38;2;172;143;120m  [38;2;250;204;170m██[38;2;206;174;145m██[38;2;119;100;85m██[38;2;197;164;137m██[38;2;214;178;150m██[38;2;215;178;149m██[38;2;198;164;138m██[38;2;189;157;133m██[38;2;209;171;144m██[38;2;224;188;157m██[38;2;250;206;172m██[38;2;252;208;173m██[38;2;38;31;26m  [38;2;6;6;6m  [38;2;0;0;0m      [38;2;9;8;3m  [38;2;0;0;0m                  
[38;2;0;0;0m  [38;2;5;5;5m  [38;2;250;207;172m██[38;2;250;204;170m██[38;2;250;203;169m██[38;2;249;203;169m████[38;2;250;203;169m██[38;2;249;202;169m██[38;2;251;204;170m██[38;2;237;194;162m██[38;2;76;62;53m  [38;2;60;50;41m  [38;2;4;3;3m  [38;2;0;0;0m                              
[38;2;0;0;0m    [38;2;4;4;4m  [38;2;62;51;42m  [38;2;165;137;115m  [38;2;175;149;124m  [38;2;150;124;106m  [38;2;83;67;56m  [38;2;11;10;9m  [38;2;5;4;4m  [38;2;2;2;2m  [38;2;0;0;0m                                    [0m
