
[38;2;0;0;0m        [38;2;254;166;78m  [38;2;254;166;77m  [38;2;15;10;4m  [38;2;255;169;79m  [38;2;0;0;0m      [38;2;1;1;1m  [38;2;3;1;2m  [38;2;17;23;33m  [38;2;0;0;0m  [38;2;46;46;46m  [38;2;18;25;36m  [38;2;7;3;4m  [38;2;31;23;25m  [38;2;254;179;203m██[38;2;255;173;197m██[38;2;237;169;192m██[38;2;6;7;10m  [38;2;154;69;97m  [38;2;255;212;213m██[38;2;115;99;100m  [38;2;1;2;1m  [38;2;0;0;0m          
[38;2;0;0;0m  [38;2;255;168;80m  [38;2;225;150;70m  [38;2;0;0;0m    [38;2;255;164;75m  [38;2;255;169;80m  [38;2;253;165;76m  [38;2;0;0;0m    [38;2;7;8;11m  [38;2;223;162;184m██[38;2;255;172;196m██[38;2;255;157;187m██[38;2;245;107;151m██[38;2;236;71;119m██[38;2;238;77;124m██[38;2;254;162;190m██[38;2;255;172;196m██[38;2;255;173;196m████[38;2;255;177;200m██[38;2;255;173;197m██[38;2;88;46;59m██[38;2;255;172;196m██[38;2;255;173;196m██[38;2;227;170;190m██[38;2;16;5;7m  [38;2;0;0;0m        
[38;2;0;0;0m  [38;2;248;164;76m  [38;2;255;176;86m  [38;2;255;223;132m  [38;2;255;162;73m  [38;2;0;0;0m      [38;2;3;2;2m  [38;2;166;69;98m  [38;2;255;176;199m██[38;2;255;173;196m████[38;2;255;173;197m██[38;2;249;159;185m██[38;2;244;120;157m██[38;2;255;106;151m██[38;2;255;171;195m██[38;2;255;173;196m████[38;2;244;128;162m██[38;2;254;108;153m██[38;2;250;103;149m██[38;2;255;173;197m██[38;2;102;71;79m██[38;2;254;175;199m██[38;2;255;173;196m██[38;2;167;123;138m  [38;2;4;2;3m  [38;2;0;0;0m      
[38;2;0;0;0m      [38;2;76;50;23m  [38;2;255;179;85m  [38;2;25;8;12m  [38;2;18;24;34m  [38;2;22;13;14m  [38;2;255;108;153m██[38;2;254;177;200m██[38;2;255;173;197m██████[38;2;221;56;102m██[38;2;254;110;154m██[38;2;242;134;166m██[38;2;255;173;197m██[38;2;255;199;207m██[38;2;255;208;210m██[38;2;255;206;209m██[38;2;255;193;205m██[38;2;255;172;197m██[38;2;237;134;160m  [38;2;243;141;172m██[38;2;254;172;196m██[38;2;223;88;127m██[38;2;226;83;122m██[38;2;255;173;197m██[38;2;226;163;185m  [38;2;7;4;5m  [38;2;0;0;0m    
[38;2;0;0;0m      [38;2;25;20;21m  [38;2;255;208;210m██[38;2;255;103;148m██[38;2;121;83;95m  [38;2;190;42;39m██[38;2;229;99;135m██[38;2;255;173;197m██████[38;2;255;177;200m██[38;2;250;100;146m██[38;2;255;178;199m██[38;2;255;208;210m████████[38;2;255;175;198m██[38;2;255;196;206m██[38;2;255;181;200m██[38;2;255;208;210m██[38;2;255;209;210m██[38;2;255;167;193m██[38;2;218;190;191m██[38;2;255;203;209m██[38;2;255;198;206m██[38;2;255;173;197m████[38;2;105;48;64m  [38;2;4;1;1m  
[38;2;0;0;0m    [38;2;11;13;19m  [38;2;253;217;218m██[38;2;255;178;199m██[38;2;254;174;198m██[38;2;255;173;197m██[38;2;254;173;197m██[38;2;206;46;41m██[38;2;255;173;197m████[38;2;255;172;196m██[38;2;220;48;95m██[38;2;254;175;199m██[38;2;255;208;210m██████████[38;2;255;168;194m██[38;2;83;55;59m██[38;2;253;182;198m██[38;2;255;208;210m██████[38;2;255;127;165m██[38;2;147;108;120m██[38;2;255;173;197m████[38;2;255;174;197m██[38;2;255;130;168m██[38;2;10;4;5m  
[38;2;0;0;0m    [38;2;5;0;1m  [38;2;255;211;213m██[38;2;255;173;197m████[38;2;255;172;197m██[38;2;255;173;197m██[38;2;76;56;60m  [38;2;255;173;197m██[38;2;255;192;204m██[38;2;255;174;198m██[38;2;251;165;191m██[38;2;255;208;210m██████[38;2;255;208;209m██[38;2;255;208;210m██[38;2;255;191;204m██[38;2;178;80;110m██[38;2;111;93;95m██[38;2;247;184;200m██[38;2;129;107;108m██[38;2;255;206;209m██[38;2;255;208;210m████[38;2;209;80;117m██[38;2;255;172;196m██[38;2;255;173;197m██[38;2;251;111;154m██[38;2;250;126;164m██[38;2;139;121;122m██
[38;2;0;0;0m    [38;2;27;14;18m  [38;2;255;174;198m██[38;2;255;173;197m██[38;2;255;195;205m██[38;2;255;173;197m████[38;2;106;77;86m██[38;2;255;210;211m██[38;2;255;195;205m██[38;2;229;95;134m██[38;2;255;208;211m██[38;2;255;208;210m████[38;2;255;207;210m██[38;2;255;181;200m██[38;2;255;170;196m██[38;2;254;178;202m██[38;2;252;167;141m██[38;2;212;156;175m  [38;2;168;74;101m██[38;2;240;233;225m██[38;2;89;52;55m██[38;2;255;172;196m██[38;2;255;172;197m██[38;2;255;171;196m██[38;2;234;166;191m██[38;2;255;173;197m██[38;2;255;108;154m██[38;2;2;1;1m  [38;2;14;9;10m  
[38;2;147;132;131m  [38;2;47;43;43m  [38;2;124;57;78m  [38;2;254;153;183m██[38;2;255;209;210m██[38;2;255;207;210m██[38;2;255;172;195m██[38;2;255;173;197m██[38;2;97;77;81m  [38;2;255;208;210m██[38;2;229;86;126m██[38;2;186;85;91m██[38;2;186;67;75m██[38;2;194;85;94m██[38;2;255;173;197m████████[38;2;203;124;104m██[38;2;237;225;217m██[38;2;245;207;213m██[38;2;234;227;219m██[38;2;240;231;222m██[38;2;240;230;222m██[38;2;151;90;80m██[38;2;255;173;197m████[38;2;144;106;120m  [38;2;191;37;33m██[38;2;223;145;165m██[38;2;6;2;3m  [38;2;16;13;19m  
[38;2;19;10;12m  [38;2;1;0;0m  [38;2;202;89;126m  [38;2;251;196;205m██[38;2;255;208;210m██[38;2;255;171;196m██[38;2;255;172;197m██[38;2;255;173;197m██[38;2;248;212;214m██[38;2;244;143;174m██[38;2;255;173;197m██[38;2;189;34;30m██[38;2;255;173;197m██[38;2;255;177;201m██[38;2;202;41;36m██[38;2;255;173;197m████[38;2;153;93;82m██[38;2;240;231;222m██[38;2;221;211;203m██[38;2;240;232;223m██[38;2;239;231;224m██[38;2;240;231;222m██[38;2;239;231;222m██[38;2;240;231;222m██[38;2;149;83;74m██[38;2;255;172;196m██[38;2;255;175;198m██[38;2;249;157;182m██[38;2;43;11;11m  [38;2;154;20;19m  [38;2;34;0;1m  
[38;2;10;7;9m  [38;2;8;3;5m  [38;2;211;98;128m██[38;2;255;209;210m██[38;2;255;172;196m██[38;2;255;173;197m████[38;2;151;109;123m██[38;2;209;123;138m██[38;2;191;34;29m██[38;2;189;64;70m██[38;2;183;48;47m██[38;2;187;42;39m██[38;2;190;35;31m██[38;2;192;68;74m██[38;2;186;46;46m██[38;2;165;109;99m██[38;2;240;231;222m██[38;2;239;231;222m██[38;2;240;230;222m████[38;2;224;110;140m  [38;2;238;226;221m██[38;2;239;230;222m████[38;2;242;231;221m██[38;2;118;86;95m  [38;2;255;111;154m██[38;2;154;35;31m  [38;2;16;0;0m  [38;2;69;1;2m  [38;2;173;27;23m  
[38;2;248;150;179m██[38;2;251;180;204m██[38;2;255;171;196m██[38;2;255;173;197m██████[38;2;254;173;197m██[38;2;204;36;52m██[38;2;255;173;197m██[38;2;255;178;203m██[38;2;193;40;35m██[38;2;236;165;186m██[38;2;251;177;200m██[38;2;255;173;197m██[38;2;249;177;201m██[38;2;222;139;119m██[38;2;228;145;162m██[38;2;240;233;223m██[38;2;240;231;222m██[38;2;239;230;222m████[38;2;240;231;222m██[38;2;239;234;226m██[38;2;235;215;213m██[38;2;240;231;222m████[38;2;148;76;68m██[38;2;254;211;215m██[38;2;14;10;12m  [38;2;76;10;13m  [38;2;61;150;208m  [38;2;79;119;160m  
[38;2;255;173;197m████[38;2;255;173;196m██[38;2;255;173;197m████[38;2;251;177;201m██[38;2;177;128;146m██[38;2;255;173;197m██████[38;2;255;174;198m██[38;2;200;42;37m██[38;2;246;169;192m██[38;2;123;91;101m██[38;2;249;187;166m██[38;2;240;230;222m██[38;2;219;62;105m██[38;2;240;231;222m██████████[38;2;244;216;204m██[38;2;249;213;200m██[38;2;56;50;50m██[38;2;200;196;191m██[38;2;159;152;150m██[38;2;249;162;189m██[38;2;252;178;202m██[38;2;149;36;48m  [38;2;74;211;233m  [38;2;42;142;209m  
[38;2;220;189;190m  [38;2;254;175;198m██[38;2;255;173;197m██[38;2;239;172;195m██[38;2;109;60;75m  [38;2;255;175;199m██[38;2;255;173;197m████████[38;2;255;169;195m██[38;2;222;122;153m██[38;2;215;115;92m██[38;2;240;234;226m██[38;2;235;204;208m██[38;2;223;145;160m██[38;2;240;231;222m██████[38;2;241;228;219m██[38;2;244;222;211m██[38;2;252;154;129m██[38;2;238;214;203m██[38;2;30;7;5m██[38;2;66;61;60m██[38;2;161;167;172m██[38;2;160;221;231m██[38;2;240;249;251m██[38;2;176;224;236m██[38;2;188;138;156m  [38;2;5;2;3m  [38;2;0;0;0m  
[38;2;240;172;197m  [38;2;141;120;124m  [38;2;80;68;69m  [38;2;170;151;151m  [38;2;255;204;209m██[38;2;255;147;176m██[38;2;255;112;155m██[38;2;255;105;151m██[38;2;255;111;154m██[38;2;158;70;95m██[38;2;204;114;90m██[38;2;243;222;210m██[38;2;240;231;222m██[38;2;174;167;163m██[38;2;241;228;217m██[38;2;247;155;134m██[38;2;249;171;151m██[38;2;246;216;204m██[38;2;246;215;204m██[38;2;246;213;202m██[38;2;246;214;202m██[38;2;245;210;197m██[38;2;186;85;74m██[38;2;247;218;206m██[38;2;243;221;210m██[38;2;240;235;226m██[38;2;246;210;200m██[38;2;214;163;188m██[38;2;185;212;225m██[38;2;247;173;196m██[38;2;92;68;77m  [38;2;2;0;0m  
[38;2;16;8;12m  [38;2;15;17;23m  [38;2;142;15;16m  [38;2;145;20;20m  [38;2;224;166;188m  [38;2;184;131;148m  [38;2;157;29;23m██[38;2;232;115;151m██[38;2;255;135;171m██[38;2;183;127;143m██[38;2;240;231;221m██[38;2;212;206;200m██[38;2;3;1;1m██[38;2;2;0;0m██[38;2;70;12;8m██[38;2;125;44;38m██[38;2;241;212;201m██[38;2;246;216;204m████[38;2;247;214;202m██[38;2;247;214;201m████[38;2;246;214;202m██[38;2;246;216;204m██[38;2;245;219;207m██[38;2;253;142;143m██[38;2;247;191;185m██[38;2;169;124;139m██[38;2;255;173;197m██[38;2;114;83;95m  [38;2;255;171;196m██[38;2;5;3;3m  
[38;2;0;0;0m  [38;2;95;0;1m  [38;2;181;33;30m  [38;2;2;11;17m  [38;2;239;170;192m██[38;2;237;163;187m██[38;2;231;156;179m██[38;2;255;173;197m████[38;2;246;178;202m██[38;2;114;171;211m██[38;2;144;210;227m██[38;2;185;204;216m██[38;2;241;229;220m██[38;2;243;223;214m██[38;2;244;222;210m██[38;2;243;214;202m██[38;2;246;216;204m██[38;2;247;219;207m██[38;2;246;214;202m██[38;2;249;219;207m██[38;2;207;163;155m██[38;2;247;215;202m██[38;2;246;216;204m██[38;2;244;221;210m██[38;2;240;230;221m██[38;2;240;231;222m██[38;2;149;141;139m██[38;2;255;173;197m██[38;2;144;104;118m  [38;2;158;117;131m██[38;2;192;85;120m██
[38;2;0;0;0m  [38;2;16;17;25m  [38;2;3;0;0m  [38;2;0;0;0m  [38;2;244;174;197m██[38;2;254;177;200m██[38;2;97;172;214m██[38;2;106;183;220m██[38;2;255;173;197m██[38;2;149;211;230m██[38;2;194;233;240m██[38;2;183;205;217m██[38;2;252;160;158m██[38;2;241;227;218m██[38;2;242;224;215m██[38;2;243;222;211m██[38;2;246;219;207m██[38;2;245;222;211m██[38;2;254;254;254m██[38;2;249;247;247m██[38;2;230;212;210m██[38;2;165;60;50m██[38;2;237;207;196m██[38;2;244;221;209m██[38;2;240;229;220m██[38;2;240;231;222m████[38;2;220;214;208m██[38;2;255;173;197m██[38;2;255;176;200m██[38;2;3;8;10m  [38;2;253;109;155m██
[38;2;0;0;0m        [38;2;246;176;198m██[38;2;254;173;197m██[38;2;235;172;198m██[38;2;255;152;183m██[38;2;255;173;197m██[38;2;137;174;211m██[38;2;157;148;151m██[38;2;249;175;170m██[38;2;241;232;223m██[38;2;241;229;220m██[38;2;242;226;217m██[38;2;242;223;213m██[38;2;244;221;210m██[38;2;185;133;124m██[38;2;246;118;100m██[38;2;255;120;102m██████[38;2;226;213;203m██[38;2;240;231;222m██[38;2;240;230;222m██[38;2;240;231;222m████[38;2;180;175;171m██[38;2;255;173;197m██[38;2;255;172;196m██[38;2;8;4;5m  [38;2;101;51;65m  
[38;2;0;0;0m      [38;2;2;1;1m  [38;2;254;175;199m██[38;2;255;173;197m██[38;2;254;155;184m██[38;2;255;156;185m██[38;2;255;173;197m████[38;2;177;129;147m  [38;2;240;231;222m████[38;2;240;230;221m██[38;2;241;229;220m██[38;2;241;228;219m██[38;2;240;231;222m██[38;2;166;103;94m██[38;2;255;120;102m████████[38;2;247;238;231m██[38;2;240;231;222m████████[38;2;140;64;87m██[38;2;255;158;187m██[38;2;255;173;197m██[38;2;8;4;4m  [38;2;22;19;20m  
[38;2;0;0;0m      [38;2;23;18;19m  [38;2;219;49;94m  [38;2;255;173;197m██[38;2;255;103;149m██[38;2;238;112;147m██[38;2;255;173;197m████[38;2;255;172;196m██[38;2;175;172;168m██[38;2;240;231;222m██[38;2;240;230;222m██[38;2;240;231;222m██████[38;2;192;138;131m██[38;2;234;107;90m██[38;2;255;120;102m████[38;2;253;121;102m██[38;2;241;231;222m██[38;2;240;231;222m██████[38;2;107;98;98m██[38;2;255;106;151m██[38;2;106;47;66m  [38;2;255;174;197m██[38;2;15;8;10m  [38;2;2;1;1m  
[38;2;0;0;0m  [38;2;8;5;7m  [38;2;44;37;39m  [38;2;70;41;47m  [38;2;250;173;197m██[38;2;238;170;193m  [38;2;255;110;156m██[38;2;248;166;192m  [38;2;255;173;197m████[38;2;255;174;198m██[38;2;252;176;200m██[38;2;236;231;222m██[38;2;239;230;222m██[38;2;239;231;222m██[38;2;239;230;222m████[38;2;235;221;213m██[38;2;255;156;154m██[38;2;232;141;139m██[38;2;254;121;102m██[38;2;180;83;72m██[38;2;239;231;222m██[38;2;239;230;222m████[38;2;125;118;117m  [38;2;255;106;150m██[38;2;255;106;151m██[38;2;7;5;5m  [38;2;252;112;155m██[38;2;6;3;3m  [38;2;0;0;0m  
[38;2;0;0;0m      [38;2;18;24;34m  [38;2;252;175;200m  [38;2;126;90;102m  [38;2;157;71;95m  [38;2;255;173;197m██[38;2;227;83;122m██[38;2;255;173;197m██[38;2;247;103;146m██[38;2;255;172;197m██[38;2;254;176;200m██[38;2;149;142;139m██[38;2;240;231;222m████████[38;2;249;156;154m██[38;2;255;156;154m██[38;2;248;152;147m██[38;2;242;233;224m██[38;2;240;231;222m████[38;2;73;53;58m██[38;2;255;106;151m██[38;2;86;43;57m  [38;2;220;194;196m██[38;2;0;0;0m  [38;2;244;130;163m██[38;2;13;19;28m  [38;2;0;0;0m  
[38;2;0;0;0m      [38;2;4;5;8m  [38;2;212;98;134m  [38;2;111;60;75m  [38;2;65;47;53m  [38;2;255;173;197m██[38;2;251;102;147m██[38;2;255;105;150m██[38;2;255;102;148m██[38;2;230;69;115m██[38;2;255;137;173m██[38;2;255;119;160m██[38;2;254;123;163m██[38;2;209;185;185m██[38;2;94;78;81m██[38;2;240;231;222m██[38;2;240;232;223m██[38;2;244;210;201m██[38;2;240;231;222m████[38;2;200;192;187m██[38;2;216;95;134m██[38;2;108;49;66m  [38;2;137;62;86m  [38;2;63;34;58m  [38;2;25;3;3m  [38;2;4;4;6m  [38;2;20;13;14m  [38;2;0;0;0m    
[38;2;0;0;0m        [38;2;27;18;25m  [38;2;202;173;176m  [38;2;255;144;177m██[38;2;15;7;9m  [38;2;226;131;158m  [38;2;255;106;151m██[38;2;107;49;66m██[38;2;214;93;132m██[38;2;253;111;156m██[38;2;235;106;148m██[38;2;139;63;84m██[38;2;124;72;69m  [38;2;182;176;172m██[38;2;183;177;172m██[38;2;181;175;171m██[38;2;107;99;100m██[38;2;76;51;53m██[38;2;179;35;30m██[38;2;172;153;156m██[38;2;79;53;59m  [38;2;0;0;0m                
[38;2;0;0;0m        [38;2;5;4;4m  [38;2;212;187;189m  [38;2;4;2;3m  [38;2;0;0;0m  [38;2;12;9;14m  [38;2;0;0;0m  [38;2;2;0;0m  [38;2;91;41;56m  [38;2;203;90;126m  [38;2;86;39;53m  [38;2;141;66;87m  [38;2;28;13;16m  [38;2;3;1;1m  [38;2;161;203;220m██[38;2;244;236;226m██[38;2;181;44;40m  [38;2;192;41;36m██[38;2;215;48;42m██[38;2;148;36;37m██[38;2;94;60;65m██[38;2;159;133;137m██[38;2;20;26;37m  [38;2;0;0;0m            
[38;2;0;0;0m                            [38;2;1;1;2m  [38;2;145;120;125m  [38;2;173;145;149m██[38;2;141;105;112m██[38;2;144;111;119m██[38;2;164;131;138m██[38;2;184;35;30m██[38;2;181;89;72m██[38;2;177;35;32m██[38;2;133;98;106m██[38;2;175;146;151m██[38;2;35;29;30m  [38;2;0;1;1m  [38;2;0;0;0m          
[38;2;0;0;0m                            [38;2;21;28;40m  [38;2;174;145;150m██[38;2;172;143;147m████[38;2;172;143;148m██[38;2;132;96;104m██[38;2;74;53;56m██[38;2;207;195;190m██[38;2;234;199;188m██[38;2;92;52;52m  [38;2;79;63;67m  [38;2;172;142;147m██[38;2;5;2;4m  [38;2;0;0;0m          
[38;2;0;0;0m                              [38;2;173;145;150m██[38;2;172;143;148m██[38;2;172;143;147m██[38;2;125;82;90m  [38;2;78;62;66m  [38;2;243;235;226m██[38;2;240;230;222m██[38;2;240;231;222m██[38;2;133;112;113m  [38;2;107;69;75m  [38;2;144;108;115m██[38;2;147;124;127m██[38;2;2;3;4m  [38;2;0;0;0m        
[38;2;0;0;0m                            [38;2;1;1;2m  [38;2;162;136;140m██[38;2;172;143;147m██[38;2;84;72;74m██[38;2;174;145;150m██[38;2;246;238;230m██[38;2;119;126;131m██[38;2;190;180;177m  [38;2;76;51;57m██[38;2;199;147;136m██[38;2;178;112;101m  [38;2;133;95;104m██[38;2;172;143;147m██[38;2;4;3;3m  [38;2;0;0;0m        
[38;2;0;0;0m                              [38;2;81;68;70m  [38;2;159;134;138m██[38;2;172;143;148m██[38;2;172;143;147m██[38;2;173;144;149m██[38;2;126;125;139m██[38;2;54;34;38m  [38;2;62;42;45m  [38;2;240;231;222m████[38;2;162;204;221m██[38;2;130;84;92m  [38;2;3;2;2m  [38;2;0;0;0m        
[38;2;0;0;0m                              [38;2;1;0;0m  [38;2;159;126;133m  [38;2;172;143;147m████[38;2;132;89;97m██[38;2;95;62;69m  [38;2;127;82;90m██[38;2;63;47;50m██[38;2;210;141;137m██[38;2;75;49;53m██[38;2;58;39;42m██[38;2;21;13;15m  [38;2;3;3;4m  [38;2;0;0;0m        [0m
