
[38;2;0;0;0m              [38;2;22;20;30m██[38;2;13;11;18m██[38;2;0;0;0m                                              
[38;2;0;0;0m            [38;2;67;62;86m██[38;2;118;108;156m██[38;2;85;77;117m██[38;2;48;43;67m██[38;2;5;4;8m██[38;2;0;0;0m                              [38;2;35;32;45m  [38;2;49;44;67m██[38;2;13;11;19m  [38;2;0;0;0m      
[38;2;0;0;0m            [38;2;140;130;179m██[38;2;105;95;142m██[38;2;97;88;133m██[38;2;99;90;135m██[38;2;77;69;106m██[38;2;1;1;1m██[38;2;2;1;4m██[38;2;49;44;70m██[38;2;71;64;98m██[38;2;81;73;111m██[38;2;87;78;119m██[38;2;90;82;124m██[38;2;88;79;121m██[38;2;81;73;112m██[38;2;64;57;89m██[38;2;17;15;26m██[38;2;1;0;1m██[38;2;1;1;1m  [38;2;2;2;3m██[38;2;120;110;154m██[38;2;116;107;155m██[38;2;99;90;135m██[38;2;54;49;74m██[38;2;0;0;0m██    
[38;2;0;0;0m            [38;2;141;130;180m██[38;2;104;94;141m██[38;2;96;87;132m██[38;2;94;85;129m██[38;2;99;90;135m██[38;2;92;83;126m██[38;2;96;88;132m██[38;2;100;91;137m██[38;2;99;90;135m██[38;2;93;85;132m██[38;2;95;86;132m██[38;2;95;87;133m██[38;2;97;89;134m██[38;2;98;89;135m██[38;2;99;90;136m██[38;2;98;89;134m██[38;2;81;74;112m██[38;2;96;87;126m██[38;2;151;138;194m██[38;2;110;100;148m██[38;2;96;87;132m██[38;2;98;89;134m██[38;2;66;60;91m██[38;2;2;2;3m██[38;2;0;0;0m    
[38;2;0;0;0m            [38;2;66;61;86m██[38;2;118;108;155m██[38;2;71;63;98m██[38;2;97;88;134m██[38;2;95;87;132m██[38;2;19;17;78m██[38;2;51;49;105m██[38;2;31;32;80m██[38;2;88;82;131m██[38;2;121;98;76m██[38;2;90;73;77m██[38;2;93;78;79m██[38;2;45;40;79m██[38;2;81;76;126m██[38;2;89;82;128m██[38;2;98;89;134m████[38;2;100;91;137m████[38;2;97;88;133m██[38;2;97;89;133m██[38;2;100;91;136m██[38;2;37;33;51m██[38;2;0;0;0m██    
[38;2;0;0;0m              [38;2;36;32;49m██[38;2;93;84;128m██[38;2;94;86;129m██[38;2;70;60;79m██[38;2;238;183;81m██[38;2;144;110;65m██[38;2;201;155;71m██[38;2;82;63;75m██[38;2;232;179;80m██[38;2;198;152;73m██[38;2;215;166;77m██[38;2;206;159;75m██[38;2;135;104;62m██[38;2;128;97;53m██[38;2;80;73;123m██[38;2;98;89;134m██[38;2;97;88;133m████[38;2;97;89;134m██[38;2;99;90;135m██[38;2;57;50;80m██[38;2;0;0;0m        
[38;2;0;0;0m            [38;2;60;55;78m  [38;2;140;128;181m██[38;2;118;108;157m██[38;2;89;80;117m██[38;2;181;139;70m██[38;2;188;145;69m██[38;2;239;184;81m██[38;2;235;181;80m██[38;2;192;147;70m██[38;2;249;191;84m██[38;2;233;179;80m██[38;2;242;186;82m██[38;2;248;190;84m██[38;2;250;192;84m██[38;2;248;191;84m██[38;2;101;83;88m██[38;2;95;87;132m██[38;2;100;90;136m██[38;2;117;107;156m██[38;2;94;85;130m██[38;2;99;90;135m██[38;2;72;65;100m██[38;2;0;0;0m        
[38;2;0;0;0m          [38;2;39;36;50m██[38;2;154;142;197m██[38;2;177;163;225m██[38;2;119;109;158m██[38;2;94;86;132m██[38;2;31;29;62m██[38;2;60;60;111m██[38;2;86;72;70m██[38;2;16;13;82m██[38;2;80;72;93m██[38;2;211;163;75m██[38;2;60;46;63m██[38;2;127;99;76m██[38;2;211;163;78m██[38;2;86;68;61m██[38;2;210;162;76m██[38;2;75;62;76m██[38;2;96;88;133m██[38;2;112;102;151m██[38;2;178;165;227m██[38;2;143;131;186m██[38;2;89;81;125m██[38;2;100;90;136m██[38;2;41;37;57m██[38;2;0;0;0m      
[38;2;0;0;0m          [38;2;95;88;124m██[38;2;125;114;165m██[38;2;126;116;167m██[38;2;72;73;122m██[38;2;108;87;107m██[38;2;76;64;92m██[38;2;100;91;136m██[38;2;95;87;134m██[38;2;99;90;135m██[38;2;94;86;132m██[38;2;54;49;110m██[38;2;91;83;128m██[38;2;71;70;121m██[38;2;49;45;107m██[38;2;92;85;132m██[38;2;2;2;35m██[38;2;89;68;92m██[38;2;88;80;123m██[38;2;107;98;145m██[38;2;169;157;217m██[38;2;154;141;199m██[38;2;76;68;110m██[38;2;86;78;121m██[38;2;72;65;99m██[38;2;3;3;5m  [38;2;0;0;0m    
[38;2;0;0;0m        [38;2;57;52;74m  [38;2;130;119;171m██[38;2;96;87;132m██[38;2;76;70;123m██[38;2;110;85;108m██[38;2;207;190;186m██[38;2;67;60;102m██[38;2;98;89;134m██[38;2;97;89;134m████[38;2;98;89;134m██████████[38;2;99;90;135m██[38;2;3;11;55m██[38;2;200;159;151m██[38;2;45;35;67m██[38;2;91;83;129m██[38;2;103;94;141m██[38;2;100;90;136m██[38;2;97;88;133m██[38;2;26;23;67m██[38;2;98;89;133m██[38;2;8;8;12m  [38;2;0;0;0m    
[38;2;0;0;0m      [38;2;7;6;9m  [38;2;146;134;188m██[38;2;97;88;133m██[38;2;87;82;129m██[38;2;87;74;107m██[38;2;239;222;209m██[38;2;168;163;163m██[38;2;61;53;103m██[38;2;73;66;116m██[38;2;74;66;115m██[38;2;73;66;114m██[38;2;76;66;115m██[38;2;73;66;114m██[38;2;74;66;115m██[38;2;73;66;117m████[38;2;74;67;116m██[38;2;35;29;64m██[38;2;190;185;176m██[38;2;240;193;183m██[38;2;58;46;58m██[38;2;93;86;131m██[38;2;97;88;134m██[38;2;98;89;134m██[38;2;75;68;109m██[38;2;84;76;120m██[38;2;60;54;85m██[38;2;0;0;0m    
[38;2;0;0;0m      [38;2;56;51;72m██[38;2;113;103;151m██[38;2;93;85;131m██[38;2;87;63;89m██[38;2;233;207;195m██[38;2;255;246;232m██[38;2;220;207;198m██[38;2;169;138;146m██[38;2;170;138;150m██[38;2;171;139;149m██[38;2;171;140;149m██[38;2;174;140;149m██[38;2;171;136;146m██[38;2;171;133;145m██[38;2;169;131;145m██[38;2;169;133;147m██[38;2;171;140;150m██[38;2;171;148;140m██[38;2;232;224;213m██[38;2;255;244;230m██[38;2;156;126;139m██[38;2;75;69;120m██[38;2;97;89;134m████[38;2;97;88;133m██[38;2;66;60;102m██[38;2;91;82;124m██[38;2;0;0;0m    
[38;2;0;0;0m    ██[38;2;77;71;100m██[38;2;95;87;131m██[38;2;62;55;110m██[38;2;208;163;165m██[38;2;255;248;234m██[38;2;255;245;231m██[38;2;247;243;229m██[38;2;248;244;231m██[38;2;255;247;233m████[38;2;255;247;232m██[38;2;255;247;233m██████████[38;2;254;247;233m██[38;2;250;245;231m██[38;2;254;245;231m██[38;2;255;246;232m██[38;2;160;154;169m██[38;2;72;66;120m██[38;2;97;89;134m██[38;2;97;88;134m██[38;2;98;89;135m██[38;2;73;66;107m██[38;2;100;90;136m██[38;2;37;33;50m  [38;2;0;0;0m  
[38;2;0;0;0m    [38;2;10;9;13m██[38;2;106;96;141m██[38;2;97;88;134m██[38;2;102;82;112m██[38;2;234;203;193m██[38;2;255;246;232m██[38;2;246;239;226m██[38;2;83;80;76m██[38;2;149;144;137m██[38;2;255;247;233m██[38;2;255;245;231m████[38;2;255;244;230m██[38;2;255;244;231m██[38;2;255;244;230m██[38;2;255;245;231m████[38;2;184;179;169m██[38;2;104;100;94m██[38;2;173;167;158m██[38;2;254;248;233m██[38;2;147;140;151m██[38;2;87;78;126m██[38;2;97;88;134m██[38;2;96;87;134m██[38;2;98;89;134m██[38;2;63;57;102m██[38;2;93;85;130m██[38;2;64;59;84m  [38;2;0;0;0m  
[38;2;0;0;0m    [38;2;11;10;14m██[38;2;103;95;144m██[38;2;96;87;134m██[38;2;113;91;118m██[38;2;245;224;211m██[38;2;255;246;232m██[38;2;211;205;194m██[38;2;0;0;0m██[38;2;142;137;129m██[38;2;255;246;232m██[38;2;255;245;231m██[38;2;255;245;230m██[38;2;255;244;231m██[38;2;255;245;230m██[38;2;255;245;231m██[38;2;255;244;230m██[38;2;252;244;230m██[38;2;109;105;99m██[38;2;0;0;0m██[38;2;103;101;95m██[38;2;254;251;236m██[38;2;109;104;118m██[38;2;94;85;131m██[38;2;101;92;134m██[38;2;134;118;135m██[38;2;95;86;134m██[38;2;70;63;106m██[38;2;87;79;123m██[38;2;75;69;99m██[38;2;0;0;0m  
[38;2;0;0;0m████[38;2;61;55;85m██[38;2;146;129;137m██[38;2;145;128;137m██[38;2;90;79;117m██[38;2;250;235;222m██[38;2;255;246;232m██[38;2;177;162;172m██[38;2;94;44;125m██[38;2;199;179;198m██[38;2;255;245;231m██[38;2;255;244;231m████████[38;2;255;245;231m██[38;2;255;244;231m██[38;2;249;242;230m██[38;2;162;120;183m██[38;2;129;72;165m██[38;2;206;190;202m██[38;2;254;250;235m██[38;2;27;25;57m██[38;2;98;89;134m██[38;2;102;93;134m██[38;2;177;153;137m██[38;2;89;82;134m██[38;2;83;75;116m██[38;2;51;46;73m██[38;2;66;61;89m██[38;2;0;0;0m  
[38;2;0;0;0m  ██[38;2;75;69;109m██[38;2;157;141;138m██[38;2;120;101;133m██[38;2;97;77;114m██[38;2;252;239;225m██[38;2;254;245;231m██[38;2;132;137;187m██[38;2;97;112;175m██[38;2;223;218;218m██[38;2;255;245;231m██[38;2;255;244;231m████████████[38;2;243;240;229m██[38;2;113;119;176m██[38;2;92;90;168m██[38;2;233;224;221m██[38;2;242;232;218m██[38;2;28;25;59m██[38;2;98;89;134m██[38;2;102;93;134m██[38;2;185;160;137m██[38;2;86;81;134m██[38;2;87;80;122m██[38;2;83;61;59m██[38;2;61;46;48m██[38;2;0;0;0m  
[38;2;0;0;0m  [38;2;0;0;1m██[38;2;99;90;125m██[38;2;225;182;134m██[38;2;254;164;56m██[38;2;159;113;80m██[38;2;253;241;228m██[38;2;245;239;227m██[38;2;100;134;181m██[38;2;79;119;174m██[38;2;240;233;224m██[38;2;255;245;230m██████[38;2;255;245;231m██[38;2;255;244;231m████[38;2;255;245;231m██[38;2;234;234;227m██[38;2;67;107;169m██[38;2;47;99;167m██[38;2;252;245;231m██[38;2;219;212;201m██[38;2;29;27;88m██[38;2;97;90;134m██[38;2;96;94;129m██[38;2;209;174;133m██[38;2;108;90;125m██[38;2;85;81;126m██[38;2;133;97;93m██[38;2;238;182;172m██[38;2;45;33;31m██
[38;2;0;0;0m  [38;2;24;27;26m██[38;2;243;167;90m██[38;2;250;210;141m██[38;2;250;158;50m██[38;2;142;91;80m██[38;2;254;241;227m██[38;2;243;236;227m██[38;2;150;172;198m██[38;2;148;177;202m██[38;2;253;244;230m██[38;2;255;245;231m██[38;2;255;244;231m██[38;2;255;245;231m████[38;2;255;244;230m██[38;2;255;245;231m████[38;2;234;230;224m██[38;2;116;146;185m██[38;2;154;166;193m██[38;2;255;249;234m██[38;2;190;179;172m██[38;2;51;52;103m██[38;2;199;138;95m██[38;2;245;166;73m██[38;2;249;205;141m██[38;2;246;159;63m██[38;2;171;123;99m██[38;2;105;77;73m██[38;2;171;130;122m██[38;2;19;14;12m  
[38;2;0;0;0m  [38;2;70;74;60m██[38;2;250;169;84m██[38;2;248;211;145m██[38;2;251;158;51m██[38;2;134;84;79m██[38;2;254;241;228m██[38;2;254;245;231m██[38;2;253;244;231m██[38;2;254;245;230m██[38;2;255;245;231m████[38;2;255;245;230m██[38;2;255;245;231m██[38;2;255;245;230m██[38;2;255;245;231m████[38;2;255;245;230m██[38;2;254;244;230m██[38;2;250;243;230m██[38;2;251;244;230m██[38;2;255;247;233m██[38;2;151;112;117m██[38;2;161;112;92m██[38;2;245;161;70m██[38;2;244;166;69m██[38;2;247;204;136m██[38;2;244;158;68m██[38;2;240;169;91m██[38;2;28;22;16m██[38;2;9;7;6m██[38;2;0;0;0m  
[38;2;0;0;0m  [38;2;90;91;72m██[38;2;250;174;92m██[38;2;249;210;146m██[38;2;251;158;52m██[38;2;125;82;78m██[38;2;254;240;227m██[38;2;255;244;231m████[38;2;255;244;230m██[38;2;255;246;231m██[38;2;252;240;228m██[38;2;239;222;214m██[38;2;229;202;202m██[38;2;224;180;193m██[38;2;223;173;191m██[38;2;230;202;202m██[38;2;246;233;222m██[38;2;255;246;232m██[38;2;255;244;231m██[38;2;255;245;231m██[38;2;255;240;226m██[38;2;81;57;81m██[38;2;229;151;73m██[38;2;244;160;71m██[38;2;245;168;76m██[38;2;247;198;127m██[38;2;244;159;70m██[38;2;241;179;103m██[38;2;22;19;14m██[38;2;64;58;88m██[38;2;18;16;24m  
[38;2;0;0;0m  [38;2;94;96;76m██[38;2;251;179;101m██[38;2;248;200;129m██[38;2;251;160;58m██[38;2;128;80;76m██[38;2;254;241;227m██[38;2;255;244;231m████[38;2;255;245;231m██[38;2;233;210;205m██[38;2;178;62;127m██[38;2;188;103;135m██[38;2;204;124;143m██[38;2;212;120;145m██[38;2;214;119;147m██[38;2;203;122;143m██[38;2;181;76;129m██[38;2;225;197;195m██[38;2;255;247;232m██[38;2;255;244;231m██[38;2;255;233;220m██[38;2;39;33;37m██[38;2;245;161;72m██[38;2;244;160;71m██[38;2;244;163;75m██[38;2;244;172;87m██[38;2;244;159;71m██[38;2;234;178;104m██[38;2;20;19;45m██[38;2;90;82;123m██[38;2;15;13;20m  
[38;2;0;0;0m  [38;2;87;88;69m██[38;2;252;188;115m██[38;2;243;170;86m██[38;2;247;160;70m██[38;2;165;110;61m██[38;2;222;198;187m██[38;2;255;244;230m██[38;2;255;245;231m██[38;2;246;235;223m██[38;2;183;96;133m██[38;2;236;159;165m██[38;2;252;181;179m██[38;2;254;179;179m██[38;2;236;161;166m██[38;2;196;109;137m██[38;2;200;113;140m██[38;2;230;153;161m██[38;2;169;32;112m██[38;2;231;206;203m██[38;2;255;245;231m██[38;2;252;222;210m██[38;2;38;28;34m██[38;2;250;164;72m██[38;2;243;159;71m██[38;2;244;160;72m██[38;2;244;160;71m██[38;2;244;159;71m██[38;2;217;170;102m██[38;2;38;28;82m██[38;2;82;74;113m██[38;2;9;8;13m  
[38;2;0;0;0m  [38;2;29;30;24m  [38;2;253;204;136m██[38;2;243;157;67m██[38;2;243;158;69m██[38;2;216;139;59m██[38;2;148;96;51m██[38;2;147;123;116m██[38;2;247;222;209m██[38;2;249;239;227m██[38;2;209;158;167m██[38;2;204;131;148m██[38;2;202;121;143m██[38;2;201;96;136m██[38;2;181;75;125m██[38;2;231;211;220m██[38;2;247;242;244m██[38;2;203;114;154m██[38;2;188;68;125m██[38;2;224;188;193m██[38;2;255;245;231m██[38;2;248;215;203m██[38;2;49;26;47m██[38;2;249;163;72m██[38;2;243;157;67m██[38;2;247;197;134m██[38;2;246;182;103m██[38;2;244;159;68m██[38;2;163;130;84m██[38;2;75;67;105m██[38;2;77;70;107m██[38;2;6;6;10m  
[38;2;0;0;0m    [38;2;234;198;140m██[38;2;245;174;93m██[38;2;244;185;115m██[38;2;244;158;69m██[38;2;245;161;71m██[38;2;171;109;44m██[38;2;60;20;21m██[38;2;204;147;139m██[38;2;252;218;205m██[38;2;251;248;234m██[38;2;251;246;233m██[38;2;250;244;232m██[38;2;236;213;209m██[38;2;225;202;207m██[38;2;243;234;238m██[38;2;204;158;171m██[38;2;250;235;226m██[38;2;254;248;234m██[38;2;255;241;228m██[38;2;251;203;192m██[38;2;39;27;49m██[38;2;249;164;72m██[38;2;243;159;71m██[38;2;244;164;77m██[38;2;244;161;73m██[38;2;245;160;69m██[38;2;116;91;60m██[38;2;91;82;125m██[38;2;73;66;102m██[38;2;4;3;6m  
[38;2;0;0;0m    [38;2;163;153;114m██[38;2;248;171;89m██[38;2;247;188;119m██[38;2;243;158;68m██[38;2;243;160;72m██[38;2;247;162;73m██[38;2;92;59;21m██[38;2;0;0;0m██[38;2;55;37;35m██[38;2;141;100;95m██[38;2;181;148;140m██[38;2;218;184;173m██[38;2;230;179;177m██[38;2;231;208;215m██[38;2;246;240;242m██[38;2;200;145;159m██[38;2;232;195;182m██[38;2;208;161;151m██[38;2;161;115;108m██[38;2;114;82;78m██[38;2;12;9;16m██[38;2;246;162;72m██[38;2;244;160;72m██[38;2;243;160;71m██[38;2;243;159;71m██[38;2;244;164;79m██[38;2;70;68;73m██[38;2;94;85;131m██[38;2;68;61;94m██[38;2;0;0;2m██
[38;2;0;0;0m    [38;2;42;39;29m██[38;2;240;172;94m██[38;2;244;159;69m██[38;2;243;160;72m████[38;2;241;158;71m██[38;2;64;42;18m██[38;2;0;0;0m██████[38;2;11;7;6m██[38;2;35;24;23m██[38;2;207;130;139m██[38;2;229;198;210m██[38;2;244;235;238m██[38;2;171;105;126m██[38;2;45;32;30m██[38;2;29;20;19m██[38;2;0;0;0m██████[38;2;226;148;65m██[38;2;244;160;72m██[38;2;243;160;72m██[38;2;245;160;71m██[38;2;207;148;83m██[38;2;19;20;32m██[38;2;95;85;129m██[38;2;68;62;95m██[38;2;1;0;2m██
[38;2;0;0;0m    [38;2;11;10;8m  [38;2;190;141;81m██[38;2;244;160;71m██[38;2;243;160;72m██[38;2;244;160;72m██[38;2;219;143;63m██[38;2;40;25;10m██[38;2;0;0;0m████████[38;2;37;27;26m██[38;2;232;164;160m██[38;2;190;122;144m██[38;2;196;134;156m██[38;2;210;137;144m██[38;2;33;24;23m██[38;2;0;0;0m████████[38;2;165;108;47m██[38;2;245;160;72m██[38;2;244;160;72m██[38;2;245;161;72m██[38;2;80;54;24m██[38;2;12;10;18m██[38;2;94;85;129m██[38;2;74;66;102m██[38;2;4;4;7m██
[38;2;0;0;0m      [38;2;89;60;28m██[38;2;246;161;72m██[38;2;243;160;72m██[38;2;246;161;72m██[38;2;152;100;43m██[38;2;1;0;0m██[38;2;0;0;0m██████[38;2;65;48;45m██[38;2;239;176;166m██[38;2;255;186;175m██[38;2;239;169;165m██[38;2;237;166;163m██[38;2;254;187;175m██[38;2;227;168;158m██[38;2;58;43;40m██[38;2;0;0;0m██████[38;2;57;37;16m██[38;2;235;154;69m██[38;2;244;160;72m██[38;2;183;119;51m██[38;2;0;0;0m██[38;2;1;0;3m██[38;2;92;83;126m██[38;2;79;71;109m██[38;2;8;7;12m██
[38;2;0;0;0m      [38;2;1;0;0m  [38;2;224;147;65m██[38;2;246;161;72m██[38;2;219;143;63m██[38;2;2;1;0m██[38;2;0;0;0m██████[38;2;6;4;4m██[38;2;234;173;163m██[38;2;254;186;175m██[38;2;255;186;175m████████[38;2;254;186;175m██[38;2;222;165;155m██[38;2;6;4;4m██[38;2;0;0;0m██████[38;2;167;109;49m██[38;2;241;158;71m██[38;2;79;51;22m██[38;2;0;0;0m████[38;2;89;81;122m██[38;2;84;75;115m██[38;2;11;10;16m██
[38;2;0;0;0m        [38;2;71;52;55m██[38;2;181;120;59m██[38;2;21;14;6m██[38;2;0;0;0m██████[38;2;11;7;7m██[38;2;203;149;141m██[38;2;249;184;173m██[38;2;208;154;148m██[38;2;246;181;170m██[38;2;255;187;176m██[38;2;251;185;174m██[38;2;209;155;149m██[38;2;248;182;171m██[38;2;255;188;177m██[38;2;197;146;137m██[38;2;20;11;10m██[38;2;0;0;0m████[38;2;29;17;5m██[38;2;121;80;35m██[38;2;0;0;0m██████[38;2;78;70;108m██[38;2;88;79;120m██[38;2;13;12;19m██
[38;2;0;0;0m      [38;2;20;17;29m  [38;2;77;73;118m██[38;2;56;49;71m██[38;2;4;4;7m██[38;2;0;0;0m██████[38;2;106;76;71m██[38;2;254;218;206m██[38;2;156;127;142m██[38;2;90;79;120m██[38;2;77;60;98m██[38;2;197;145;138m██[38;2;93;74;99m██[38;2;89;81;122m██[38;2;66;49;79m██[38;2;249;213;201m██[38;2;255;237;223m██[38;2;126;110;103m██[38;2;0;0;0m██████████████[38;2;63;57;89m██[38;2;91;82;124m██[38;2;15;14;21m██[0m
