
[38;2;0;0;0m                  [38;2;104;104;104m  [38;2;14;14;14m  [38;2;154;132;109m  [38;2;216;208;197m  [38;2;246;236;222m  [38;2;241;230;213m  [38;2;220;206;192m  [38;2;234;220;205m  [38;2;240;229;212m  [38;2;246;235;216m  [38;2;233;220;195m  [38;2;102;86;73m  [38;2;78;78;39m  [38;2;111;55;55m  [38;2;139;67;67m  [38;2;4;0;4m  [38;2;0;0;0m              
[38;2;0;0;0m              [38;2;1;1;1m    [38;2;231;221;210m  [38;2;240;233;217m  [38;2;243;232;215m██[38;2;243;232;214m██[38;2;244;232;215m██[38;2;230;216;200m██[38;2;242;233;215m██[38;2;241;231;215m██[38;2;230;220;204m██[38;2;230;216;201m██[38;2;233;219;203m██[38;2;242;230;211m██[38;2;241;214;202m  [38;2;220;78;86m  [38;2;227;72;91m  [38;2;209;102;74m  [38;2;0;0;0m              
[38;2;0;0;0m            [38;2;54;36;6m  [38;2;169;131;100m  [38;2;240;232;221m  [38;2;244;232;215m██[38;2;242;230;214m██[38;2;243;231;214m██[38;2;239;227;210m██[38;2;243;234;216m██[38;2;243;231;217m██[38;2;236;225;209m██[38;2;241;232;215m██[38;2;243;232;216m██[38;2;242;232;215m██[38;2;236;213;201m██[38;2;241;229;213m██[38;2;224;142;150m██[38;2;224;73;91m██[38;2;225;72;88m  [38;2;222;126;95m  [38;2;0;0;0m              
[38;2;0;0;0m          [38;2;61;49;41m  [38;2;212;195;170m  [38;2;242;232;213m██[38;2;223;212;194m██[38;2;249;236;220m██[38;2;241;231;215m██[38;2;245;234;218m██[38;2;243;233;216m██[38;2;242;233;216m████[38;2;242;233;214m██[38;2;244;231;215m██[38;2;243;231;216m██[38;2;213;79;103m██[38;2;224;76;103m██[38;2;246;232;217m██[38;2;234;179;177m██[38;2;223;73;91m██[38;2;227;72;89m██[38;2;223;133;150m  [38;2;194;193;129m  [38;2;0;0;0m  [38;2;27;16;4m  [38;2;12;0;0m  [38;2;0;0;0m      
[38;2;0;0;0m        [38;2;48;43;30m  [38;2;229;212;195m  [38;2;243;232;212m██[38;2;206;195;179m██[38;2;242;233;216m████[38;2;242;232;215m██[38;2;237;224;208m██[38;2;242;232;216m██[38;2;242;233;216m████[38;2;241;233;216m██[38;2;243;232;216m██[38;2;242;234;216m██[38;2;228;75;99m██[38;2;225;72;95m██[38;2;218;87;105m██[38;2;244;223;210m██[38;2;223;73;91m██[38;2;226;72;88m██[38;2;225;72;90m██[38;2;249;230;219m  [38;2;210;109;82m  [38;2;217;83;73m  [38;2;55;32;23m  [38;2;0;0;0m      
[38;2;0;0;0m        [38;2;186;167;143m  [38;2;243;234;216m██[38;2;202;191;175m██[38;2;233;222;206m██[38;2;242;233;216m██████████[38;2;243;233;216m████[38;2;242;232;215m██[38;2;241;228;212m██[38;2;221;208;191m██[38;2;223;117;132m██[38;2;225;73;93m██[38;2;224;72;94m██[38;2;241;223;206m██[38;2;223;65;93m██[38;2;225;72;90m██[38;2;225;72;89m██[38;2;225;71;90m██[38;2;224;71;89m    [38;2;51;24;13m  [38;2;0;0;0m      
[38;2;0;0;0m      [38;2;56;46;36m  [38;2;219;210;201m  [38;2;241;232;215m██[38;2;242;233;216m████[38;2;245;235;218m██[38;2;216;206;189m██[38;2;242;232;215m██[38;2;242;233;216m██[38;2;242;232;216m██[38;2;243;233;216m██[38;2;245;232;217m██[38;2;242;232;216m████[38;2;241;230;213m██[38;2;233;179;173m██[38;2;226;72;92m██[38;2;226;71;94m██[38;2;242;225;208m██[38;2;243;226;209m██[38;2;225;72;98m██[38;2;226;72;92m██[38;2;225;72;92m██[38;2;225;72;96m██[38;2;225;72;90m  [38;2;101;0;0m  [38;2;0;0;0m      
[38;2;0;0;0m    [38;2;64;46;46m  [38;2;208;200;186m  [38;2;240;231;215m██[38;2;243;232;216m██[38;2;244;232;216m██[38;2;248;235;219m██[38;2;246;232;216m██[38;2;243;232;216m██[38;2;242;233;216m██████[38;2;241;232;216m██[38;2;244;232;216m██[38;2;242;233;216m████[38;2;246;230;215m██[38;2;221;69;91m██[38;2;224;72;91m██[38;2;226;71;94m██[38;2;242;224;206m██[38;2;244;230;211m██[38;2;245;228;210m██[38;2;243;214;200m██[38;2;237;192;183m██[38;2;248;232;229m██[38;2;179;153;121m  [38;2;0;0;0m        
[38;2;0;0;0m    [38;2;101;86;77m  [38;2;239;231;215m  [38;2;242;232;216m██[38;2;242;233;216m██[38;2;241;229;213m██[38;2;244;235;218m██[38;2;216;204;189m██[38;2;244;233;216m██[38;2;242;233;216m██[38;2;242;233;215m██[38;2;230;218;202m██[38;2;244;232;216m██[38;2;244;233;216m██[38;2;242;233;216m██[38;2;243;229;214m██[38;2;225;72;102m██[38;2;225;72;94m██[38;2;225;71;92m██[38;2;219;78;96m██[38;2;227;212;196m██[38;2;241;222;206m██[38;2;223;127;136m██[38;2;227;150;152m██[38;2;244;226;208m██[38;2;247;240;233m██[38;2;252;250;244m  [38;2;64;64;64m  [38;2;0;0;0m      
[38;2;0;0;0m  [38;2;31;0;0m  [38;2;223;210;193m  [38;2;249;246;241m██[38;2;242;236;223m██[38;2;242;233;216m██[38;2;224;209;194m██[38;2;241;232;215m██[38;2;248;236;221m██[38;2;241;233;215m██[38;2;242;232;216m██[38;2;242;232;215m██[38;2;241;228;212m██[38;2;243;232;216m██[38;2;244;233;217m██[38;2;242;233;215m██[38;2;244;229;216m██[38;2;214;71;98m██[38;2;228;74;96m██[38;2;226;71;93m██[38;2;247;227;207m██[38;2;221;139;144m██[38;2;229;73;95m██[38;2;229;71;93m██[38;2;227;71;93m██[38;2;226;73;100m██[38;2;222;68;99m██[38;2;215;128;148m  [38;2;183;183;159m  [38;2;0;0;0m      
[38;2;0;0;0m  [38;2;126;126;102m  [38;2;250;247;239m  [38;2;248;246;243m██[38;2;240;231;218m██[38;2;242;232;215m██[38;2;244;232;216m██[38;2;245;234;219m██[38;2;233;222;208m██[38;2;241;232;215m██[38;2;243;231;218m██[38;2;243;232;218m██[38;2;242;231;214m██[38;2;241;229;213m██[38;2;244;232;217m██[38;2;242;233;216m██[38;2;242;232;216m██[38;2;237;211;201m██[38;2;217;95;110m██[38;2;244;231;211m██[38;2;236;195;186m██[38;2;226;72;98m██[38;2;226;70;91m██████[38;2;227;71;92m██[38;2;227;72;92m██[38;2;249;233;226m  [38;2;51;43;33m  [38;2;0;0;0m      
[38;2;0;0;0m  [38;2;99;81;64m  [38;2;249;244;239m██[38;2;249;246;243m██[38;2;246;241;232m██[38;2;242;232;215m██[38;2;232;221;203m██[38;2;235;222;206m██[38;2;229;216;200m██[38;2;241;232;215m██[38;2;243;232;218m████[38;2;244;232;217m██[38;2;219;207;191m██[38;2;244;232;216m██[38;2;241;232;216m████[38;2;241;233;215m██[38;2;244;232;213m██[38;2;242;228;213m██[38;2;229;75;99m██[38;2;227;72;92m██[38;2;227;71;95m██[38;2;215;99;111m██[38;2;218;75;95m██[38;2;225;72;95m██[38;2;220;64;94m██[38;2;249;242;238m██[38;2;115;93;61m  [38;2;0;0;0m      
[38;2;19;0;0m  [38;2;225;217;197m  [38;2;246;238;229m██[38;2;248;241;234m██[38;2;242;234;219m██[38;2;215;200;189m██[38;2;214;202;186m██[38;2;235;227;217m██[38;2;234;225;211m██[38;2;243;231;215m██[38;2;242;231;218m██[38;2;243;231;217m██[38;2;244;232;217m██[38;2;241;229;214m██[38;2;240;229;211m██[38;2;242;232;215m██[38;2;241;233;219m██[38;2;244;236;222m██[38;2;247;239;229m██[38;2;222;125;139m██[38;2;229;74;101m██[38;2;225;72;93m██[38;2;230;168;167m██[38;2;234;220;205m██[38;2;241;228;209m██[38;2;236;219;206m██[38;2;244;221;214m██[38;2;248;246;242m██[38;2;209;190;164m  [38;2;0;0;0m      
[38;2;123;91;91m  [38;2;245;241;226m  [38;2;241;232;214m██[38;2;243;233;216m██[38;2;247;235;218m██[38;2;200;180;162m██[38;2;181;161;140m██[38;2;245;236;218m██[38;2;245;236;217m██[38;2;242;232;215m██[38;2;243;232;215m██[38;2;242;233;216m██[38;2;242;232;215m██[38;2;243;234;216m██[38;2;207;187;171m██[38;2;242;233;216m██[38;2;241;231;214m██[38;2;242;232;216m████[38;2;247;235;218m██[38;2;217;88;110m██[38;2;227;75;101m██[38;2;242;229;212m██[38;2;241;232;215m████[38;2;219;206;192m██[38;2;241;232;214m██[38;2;250;248;243m██[38;2;202;191;176m  [38;2;0;0;0m      
[38;2;96;96;96m  [38;2;235;225;209m  [38;2;240;229;212m██[38;2;239;226;209m██[38;2;241;232;210m██[38;2;195;175;153m██[38;2;183;161;140m██[38;2;196;181;155m██[38;2;247;236;215m██[38;2;244;235;216m██[38;2;242;232;215m██[38;2;243;232;214m██[38;2;221;206;187m██[38;2;224;209;189m██[38;2;199;176;159m██[38;2;242;231;214m██[38;2;203;179;165m██[38;2;242;232;215m██[38;2;243;232;214m████[38;2;243;231;217m██[38;2;246;240;221m██[38;2;242;233;215m██[38;2;242;232;215m██[38;2;245;233;216m██[38;2;248;235;220m██[38;2;242;233;216m██[38;2;247;244;237m██[38;2;216;205;192m  [38;2;75;0;0m  [38;2;0;0;0m    
[38;2;135;135;135m  [38;2;230;219;199m  [38;2;236;224;208m██[38;2;231;218;201m██[38;2;234;222;201m██[38;2;193;173;151m██[38;2;183;161;135m██[38;2;196;175;148m██[38;2;187;162;138m██[38;2;181;158;133m██[38;2;198;178;154m██[38;2;199;178;154m██[38;2;200;177;153m██[38;2;199;183;157m██[38;2;192;172;149m██[38;2;227;214;194m██[38;2;194;173;157m██[38;2;227;211;192m██[38;2;243;230;214m██[38;2;234;218;202m██[38;2;243;232;215m██[38;2;242;232;218m██[38;2;243;232;214m██[38;2;242;232;215m██[38;2;232;221;207m██[38;2;241;232;215m██[38;2;244;231;214m██[38;2;252;246;235m██[38;2;226;216;204m  [38;2;0;0;0m      
[38;2;28;37;0m  [38;2;210;199;167m  [38;2;234;219;202m  [38;2;231;219;201m██[38;2;236;222;202m██[38;2;196;172;149m██[38;2;195;174;149m██[38;2;195;171;143m██[38;2;195;172;144m██[38;2;160;132;108m██[38;2;197;172;146m██[38;2;197;173;147m██[38;2;197;172;146m██[38;2;198;173;149m██[38;2;183;151;134m██[38;2;206;187;163m██[38;2;190;165;148m██[38;2;202;182;161m██[38;2;243;233;215m██[38;2;207;184;169m██[38;2;244;233;215m██[38;2;243;232;218m██[38;2;242;232;217m██[38;2;243;232;214m██[38;2;231;215;201m██[38;2;242;233;216m██[38;2;220;203;188m██[38;2;244;230;216m██[38;2;207;196;180m  [38;2;4;4;4m  [38;2;0;0;0m    
[38;2;0;0;0m  [38;2;205;196;163m  [38;2;236;222;205m  [38;2;242;230;211m██[38;2;206;189;167m██[38;2;197;173;151m██[38;2;198;177;147m██[38;2;198;170;145m██[38;2;194;168;142m██[38;2;179;152;129m██[38;2;173;145;122m██[38;2;194;168;140m██[38;2;194;170;145m██[38;2;195;171;144m██[38;2;178;136;130m██[38;2;196;175;148m██[38;2;192;150;139m██[38;2;198;175;152m██[38;2;248;234;216m██[38;2;203;182;161m██[38;2;224;210;192m██[38;2;241;231;215m██[38;2;243;232;216m██[38;2;241;232;215m██[38;2;197;178;168m██[38;2;242;232;216m██[38;2;205;186;172m██[38;2;242;230;211m██[38;2;200;179;158m  [38;2;0;0;0m      
[38;2;55;55;55m  [38;2;214;207;172m  [38;2;246;236;215m  [38;2;200;181;161m██[38;2;190;167;144m██[38;2;194;173;144m██[38;2;181;153;133m██[38;2;181;133;121m██[38;2;194;168;141m██[38;2;181;153;129m██[38;2;194;167;140m██[38;2;193;166;140m██[38;2;193;167;143m██[38;2;192;164;141m██[38;2;183;139;144m██[38;2;196;171;147m██[38;2;209;151;146m██[38;2;198;173;148m██[38;2;237;223;199m██[38;2;199;177;153m██[38;2;204;186;164m██[38;2;241;229;212m██[38;2;244;232;216m██[38;2;242;233;216m██[38;2;203;179;167m██[38;2;243;232;215m██[38;2;236;228;211m██[38;2;236;221;202m██[38;2;170;137;105m  [38;2;0;0;0m      
[38;2;66;66;13m  [38;2;207;208;168m  [38;2;216;211;177m  [38;2;197;176;149m██[38;2;195;172;148m██[38;2;187;161;137m██[38;2;216;156;152m██[38;2;187;131;130m██[38;2;195;168;142m██[38;2;197;171;146m██[38;2;194;168;143m██[38;2;195;167;143m██[38;2;186;138;130m██[38;2;190;158;138m██[38;2;194;143;154m██[38;2;196;171;146m██[38;2;213;153;151m██[38;2;198;169;147m██[38;2;219;202;179m██[38;2;183;158;134m██[38;2;201;179;155m██[38;2;227;212;196m██[38;2;214;196;179m██[38;2;240;232;214m██[38;2;217;193;181m██[38;2;243;229;212m██[38;2;246;234;215m██[38;2;204;181;160m██[38;2;240;223;200m  [38;2;48;48;38m  [38;2;0;0;0m    
[38;2;0;0;0m  [38;2;86;94;54m  [38;2;50;52;34m  [38;2;197;179;154m██[38;2;172;145;124m██[38;2;208;152;143m██[38;2;196;138;135m██[38;2;163;107;107m██[38;2;155;113;118m██[38;2;193;166;142m██[38;2;195;168;144m██[38;2;198;169;146m██[38;2;189;138;147m██[38;2;186;147;133m██[38;2;171;123;132m██[38;2;186;149;132m██[38;2;211;151;150m██[38;2;192;160;140m██[38;2;193;155;143m██[38;2;188;160;138m██[38;2;200;177;154m██[38;2;194;176;159m██[38;2;205;185;165m██[38;2;249;235;219m██[38;2;211;179;176m██[38;2;199;179;162m██[38;2;240;229;207m██[38;2;200;177;154m██[38;2;239;226;200m  [38;2;74;74;70m  [38;2;0;0;0m    
[38;2;0;0;0m  [38;2;38;38;0m  [38;2;28;28;14m  [38;2;229;218;190m  [38;2;172;145;123m██[38;2;184;149;135m██[38;2;87;36;47m██[38;2;180;125;131m██[38;2;161;122;143m██[38;2;177;139;130m██[38;2;167;138;117m██[38;2;182;135;129m██[38;2;181;128;134m██[38;2;158;110;115m██[38;2;186;138;148m██[38;2;190;137;133m██[38;2;208;148;146m██[38;2;188;155;137m██[38;2;212;153;149m██[38;2;192;164;140m██[38;2;200;178;154m██[38;2;194;171;149m██[38;2;201;183;162m██[38;2;212;196;184m██[38;2;238;220;207m██[38;2;198;172;154m██[38;2;239;228;207m██[38;2;195;173;150m██[38;2;186;166;141m██[38;2;173;172;127m  [38;2;0;0;0m    
[38;2;0;0;0m    [38;2;32;32;0m  [38;2;246;235;213m  [38;2;205;183;160m██[38;2;194;167;144m██[38;2;213;159;156m██[38;2;210;156;157m██[38;2;209;153;151m██[38;2;160;131;160m██[38;2;179;145;144m██[38;2;189;148;159m██[38;2;213;152;154m██[38;2;94;50;68m██[38;2;113;72;86m██[38;2;130;85;93m██[38;2;113;69;78m██[38;2;101;57;67m██[38;2;213;153;150m██[38;2;192;167;143m██[38;2;216;203;177m██[38;2;195;173;147m██[38;2;225;211;193m██[38;2;233;212;203m██[38;2;190;162;146m██[38;2;194;168;145m██[38;2;210;190;167m██[38;2;187;162;141m██[38;2;202;182;158m██[38;2;243;231;206m  [38;2;168;105;138m  [38;2;0;0;0m  
[38;2;0;0;0m    [38;2;142;142;142m  [38;2;242;232;211m  [38;2;187;162;139m██[38;2;183;157;135m██[38;2;238;191;185m██[38;2;240;188;181m██[38;2;247;214;210m██[38;2;248;225;219m██[38;2;244;222;216m██[38;2;245;222;215m██[38;2;246;224;217m██[38;2;245;217;211m██[38;2;242;206;202m██[38;2;222;170;168m██[38;2;214;162;162m██[38;2;207;149;148m██[38;2;180;141;126m██[38;2;191;165;140m██[38;2;195;169;146m██[38;2;195;171;145m██[38;2;243;231;214m██[38;2;152;121;111m██[38;2;192;166;142m██[38;2;191;165;140m██[38;2;177;151;128m██[38;2;191;169;147m██[38;2;192;172;146m██[38;2;198;181;156m██[38;2;122;128;84m  [38;2;0;0;0m  
[38;2;0;0;0m    [38;2;167;167;111m  [38;2;235;223;199m  [38;2;193;168;145m██[38;2;194;169;144m██[38;2;251;227;221m██[38;2;245;217;210m██[38;2;252;244;237m██[38;2;247;224;217m██[38;2;246;224;216m██[38;2;247;224;218m██[38;2;245;224;218m██[38;2;246;223;218m██[38;2;245;217;208m██[38;2;241;196;191m██[38;2;241;192;187m██[38;2;235;195;189m██[38;2;233;205;197m██[38;2;185;151;139m██[38;2;192;166;141m██[38;2;179;147;128m██[38;2;174;150;130m██[38;2;190;164;139m██[38;2;193;164;141m██[38;2;189;163;138m██[38;2;188;159;136m██[38;2;188;161;138m██[38;2;189;164;141m██[38;2;214;195;172m██[38;2;241;230;203m  [38;2;221;221;113m  
[38;2;0;0;0m      [38;2;223;212;188m  [38;2;194;168;145m██[38;2;198;176;152m██[38;2;200;175;155m██[38;2;241;223;214m██[38;2;244;223;217m██[38;2;246;222;215m██[38;2;246;224;216m██[38;2;247;223;217m██[38;2;246;222;217m██[38;2;245;222;217m██[38;2;245;221;215m██[38;2;246;221;214m████[38;2;242;218;211m██[38;2;211;191;186m██[38;2;191;164;145m██[38;2;192;164;141m██[38;2;189;163;141m██[38;2;192;164;143m██[38;2;191;169;146m██[38;2;188;162;141m████[38;2;188;161;138m██[38;2;170;142;120m██[38;2;187;159;137m██[38;2;206;185;161m  [38;2;197;180;151m  [38;2;166;162;125m  
[38;2;0;0;0m  [38;2;2;2;2m  [38;2;97;99;2m  [38;2;211;196;170m  [38;2;192;167;138m██[38;2;222;208;187m██[38;2;200;181;160m██[38;2;170;142;135m██[38;2;246;225;219m██[38;2;245;222;214m██[38;2;238;216;208m██[38;2;179;145;145m██[38;2;202;164;168m██[38;2;245;221;216m██[38;2;246;222;218m██[38;2;246;221;214m████[38;2;245;220;213m██[38;2;235;209;209m██[38;2;180;136;128m██[38;2;196;168;147m██[38;2;197;174;149m██[38;2;221;204;187m██[38;2;149;143;135m██[38;2;173;183;181m██[38;2;142;138;138m██[38;2;187;166;149m██[38;2;186;157;135m██[38;2;186;158;136m██[38;2;189;161;139m██[38;2;142;128;101m  [38;2;235;224;199m  
[38;2;134;134;134m  [38;2;225;212;192m  [38;2;216;197;188m  [38;2;168;147;135m██[38;2;195;169;146m██[38;2;182;159;142m██[38;2;239;229;209m██[38;2;189;192;191m██[38;2;195;237;240m██[38;2;188;188;192m██[38;2;249;226;219m██[38;2;246;224;218m██[38;2;238;167;171m██[38;2;229;193;192m██[38;2;245;222;216m██[38;2;244;222;216m██[38;2;249;222;219m██[38;2;201;147;148m██[38;2;210;152;150m██[38;2;200;160;153m██[38;2;243;231;209m██[38;2;239;227;207m██[38;2;205;203;195m██[38;2;191;235;238m████[38;2;187;234;236m██[38;2;185;232;235m██[38;2;178;157;146m██[38;2;178;149;128m██[38;2;185;157;134m██[38;2;234;218;192m  [38;2;36;38;4m  
[38;2;186;171;147m  [38;2;205;181;175m██[38;2;242;217;212m██[38;2;183;156;149m██[38;2;193;167;144m██[38;2;192;167;152m██[38;2;240;228;210m██[38;2;188;204;207m██[38;2;195;240;242m██[38;2;196;240;243m██[38;2;193;240;242m██[38;2;195;225;226m██[38;2;212;192;192m██[38;2;236;204;202m██[38;2;213;185;181m██[38;2;115;57;75m██[38;2;210;152;152m██[38;2;211;152;152m██[38;2;223;186;185m██[38;2;201;167;159m██[38;2;245;231;215m██[38;2;237;226;208m██[38;2;188;211;212m██[38;2;188;234;237m██[38;2;190;237;240m██[38;2;190;235;238m██[38;2;188;233;236m██[38;2;178;214;215m██[38;2;183;157;135m██[38;2;174;146;124m██[38;2;193;168;143m  [38;2;64;62;45m  
[38;2;238;214;208m  [38;2;242;216;209m██[38;2;223;202;195m██[38;2;244;220;213m██[38;2;188;164;145m██[38;2;192;171;153m██[38;2;233;226;208m██[38;2;183;209;215m██[38;2;195;241;243m██[38;2;192;237;240m██[38;2;193;238;241m██[38;2;172;209;214m██[38;2;179;173;176m██[38;2;213;165;164m██[38;2;211;154;153m██[38;2;194;134;134m██[38;2;210;150;150m██[38;2;210;149;150m██[38;2;212;152;151m██[38;2;198;175;166m██[38;2;240;227;211m██[38;2;237;226;208m██[38;2;194;237;240m██[38;2;189;234;237m██[38;2;179;221;228m██[38;2;189;234;235m██[38;2;186;232;235m██[38;2;184;229;233m██[38;2;181;158;142m██[38;2;180;151;130m██[38;2;180;153;128m██[38;2;230;219;190m  
[38;2;234;214;201m  [38;2;235;210;203m██[38;2;239;214;208m██[38;2;239;213;208m██[38;2;247;221;215m██[38;2;187;215;218m██[38;2;239;229;213m██[38;2;185;218;227m██[38;2;193;238;240m██[38;2;161;196;202m██[38;2;192;236;239m██[38;2;194;238;241m██[38;2;193;239;239m██[38;2;216;195;193m██[38;2;233;197;192m██[38;2;207;155;155m██[38;2;208;157;156m██[38;2;228;187;186m██[38;2;205;180;174m██[38;2;196;177;170m██[38;2;229;218;204m██[38;2;235;225;207m██[38;2;189;237;240m██[38;2;194;240;245m██[38;2;185;232;234m██[38;2;185;233;235m██[38;2;184;232;235m██[38;2;184;228;233m██[38;2;166;150;143m██[38;2;177;151;129m██[38;2;160;131;109m██[38;2;209;190;168m██
[38;2;125;132;80m  [38;2;232;211;199m██[38;2;237;215;211m██[38;2;240;215;209m██[38;2;169;146;144m██[38;2;192;234;236m██[38;2;238;225;210m██[38;2;193;231;236m██[38;2;189;235;237m██[38;2;190;232;235m██[38;2;190;235;238m████[38;2;173;212;217m██[38;2;190;234;237m██[38;2;214;194;192m██[38;2;240;216;209m██[38;2;216;193;186m██[38;2;245;220;214m██[38;2;198;191;193m██[38;2;188;198;196m██[38;2;221;211;201m██[38;2;237;225;211m██[38;2;185;232;234m██[38;2;153;188;194m██[38;2;183;233;234m██[38;2;186;231;235m██[38;2;181;230;234m██[38;2;181;228;233m██[38;2;166;201;203m██[38;2;164;139;118m██[38;2;174;146;121m██[38;2;177;153;128m██[0m
