
[38;2;0;0;0m                                                  [38;2;224;224;224m  [38;2;254;254;254m██████[38;2;14;14;14m  
[38;2;0;0;0m                                                [38;2;5;5;5m  [38;2;252;252;252m██[38;2;251;251;251m██[38;2;254;254;254m██[38;2;65;65;66m██[38;2;249;249;249m██
[38;2;0;0;0m                                                [38;2;6;6;6m  [38;2;253;253;253m██[38;2;254;254;254m████[38;2;244;244;244m██[38;2;254;254;254m██
[38;2;0;0;0m                [38;2;32;31;33m  [38;2;135;88;92m  [38;2;195;119;123m  [38;2;209;126;131m██[38;2;213;128;132m██[38;2;207;125;129m██[38;2;191;117;121m  [38;2;120;82;84m  [38;2;30;30;30m  [38;2;0;0;0m                [38;2;151;151;151m  [38;2;254;254;254m████[38;2;83;83;85m██[38;2;253;253;253m██
[38;2;0;0;0m          [38;2;21;21;22m  [38;2;197;141;145m  [38;2;243;144;149m████[38;2;241;142;147m██[38;2;212;128;133m██[38;2;227;135;140m██[38;2;243;144;149m██[38;2;243;144;148m██[38;2;243;144;149m████[38;2;130;86;90m██[38;2;70;56;57m  [38;2;28;28;28m  [38;2;0;0;0m            [38;2;37;37;40m  [38;2;219;219;219m████[38;2;230;230;230m  [38;2;12;12;13m  
[38;2;0;0;0m      [38;2;2;2;2m  [38;2;127;85;89m  [38;2;250;204;208m██[38;2;243;144;149m████[38;2;212;128;132m██[38;2;243;144;149m████[38;2;210;126;131m██[38;2;243;143;148m██[38;2;243;144;149m██████████[38;2;243;143;149m██[38;2;148;96;99m  [38;2;6;6;7m  [38;2;0;0;0m        [38;2;41;41;43m  [38;2;254;254;254m████[38;2;0;0;0m    
[38;2;0;0;0m      [38;2;166;109;113m██[38;2;251;218;221m██[38;2;250;215;218m██[38;2;243;144;149m██[38;2;223;133;138m██[38;2;243;144;149m██[38;2;228;136;141m██[38;2;244;144;149m██[38;2;243;144;149m████[38;2;244;144;149m████[38;2;243;144;149m██[38;2;243;143;148m██[38;2;243;144;148m██[38;2;196;119;124m██[38;2;244;144;149m██[38;2;243;144;149m██[38;2;29;28;30m  [38;2;0;0;0m      [38;2;48;48;50m  [38;2;68;68;70m██[38;2;240;240;240m  [38;2;0;0;0m    
[38;2;0;0;0m    [38;2;80;62;65m  [38;2;252;223;226m██[38;2;252;222;225m██[38;2;244;144;149m██[38;2;167;105;109m██[38;2;243;144;149m██[38;2;184;113;118m██[38;2;243;144;149m██████[38;2;241;142;147m██[38;2;243;144;149m██████[38;2;155;99;103m██[38;2;243;144;149m████[38;2;139;91;95m██[38;2;243;144;149m██[38;2;243;143;148m██[38;2;26;26;27m  [38;2;0;0;0m      [38;2;140;140;141m  [38;2;20;20;20m  [38;2;0;0;0m    
[38;2;0;0;0m  [38;2;13;13;14m  [38;2;252;221;224m██[38;2;252;223;226m██[38;2;243;144;149m██[38;2;170;106;110m██[38;2;243;144;149m██[38;2;235;139;144m██[38;2;243;143;148m██[38;2;243;144;149m██[38;2;243;144;148m██[38;2;243;144;149m████████████[38;2;144;93;97m██[38;2;243;144;148m██[38;2;243;144;149m██[38;2;213;128;132m██[38;2;243;144;149m██[38;2;247;184;188m██[38;2;23;23;23m  [38;2;0;0;0m            
[38;2;0;0;0m  [38;2;144;104;107m  [38;2;250;211;214m██[38;2;249;199;202m██[38;2;243;144;149m██[38;2;240;189;193m██[38;2;243;144;149m██[38;2;203;128;132m██[38;2;243;144;149m██████[38;2;166;105;108m██[38;2;243;144;149m██[38;2;242;143;148m██[38;2;243;143;149m████[38;2;243;144;149m██[38;2;197;120;124m██[38;2;243;144;149m████[38;2;158;100;104m██[38;2;243;144;149m██[38;2;244;147;152m██[38;2;230;180;183m  [38;2;0;0;0m            
[38;2;4;4;4m  [38;2;249;195;199m██[38;2;247;177;181m██[38;2;243;144;149m██[38;2;232;138;143m██[38;2;245;161;166m██[38;2;193;118;122m██[38;2;247;175;179m██[38;2;243;144;148m██[38;2;243;144;149m██[38;2;243;143;148m██[38;2;243;144;149m██████[38;2;244;144;149m██[38;2;243;144;149m████[38;2;244;147;152m██[38;2;211;127;132m██[38;2;243;144;149m████[38;2;211;127;132m██[38;2;249;192;196m██[38;2;252;223;225m██[38;2;52;46;47m  [38;2;0;0;0m          
[38;2;47;44;44m  [38;2;245;157;161m██[38;2;247;172;177m██[38;2;243;144;149m██[38;2;72;57;59m██[38;2;243;144;149m██[38;2;178;111;115m██[38;2;249;191;194m██[38;2;243;144;149m██[38;2;244;144;149m██[38;2;145;94;97m██[38;2;245;159;164m██[38;2;243;144;149m██[38;2;244;146;151m██[38;2;243;144;149m██[38;2;243;144;148m██[38;2;243;144;149m████[38;2;130;85;89m██[38;2;244;144;149m██[38;2;243;144;149m██[38;2;120;82;85m██[38;2;244;144;149m██[38;2;248;190;194m██[38;2;249;218;221m██[38;2;0;0;0m          
[38;2;136;91;94m  [38;2;243;144;149m██████[38;2;234;139;144m██[38;2;243;144;149m██[38;2;248;210;213m██[38;2;243;144;149m██████[38;2;123;101;104m██[38;2;243;144;149m████[38;2;244;148;153m██[38;2;227;135;140m██[38;2;243;144;149m████[38;2;244;146;151m██[38;2;114;84;87m██[38;2;243;144;149m██[38;2;244;152;157m██[38;2;208;168;171m██[38;2;243;144;149m██[38;2;232;170;174m██[38;2;244;145;150m██[38;2;45;43;44m  [38;2;0;0;0m        
[38;2;213;141;145m██[38;2;243;144;149m██[38;2;243;144;148m██[38;2;217;130;134m██[38;2;243;144;149m██[38;2;226;135;140m██[38;2;246;167;171m██[38;2;243;144;149m██████[38;2;201;156;159m██[38;2;243;144;149m██[38;2;243;144;148m██[38;2;244;147;152m██[38;2;180;108;113m██[38;2;243;144;149m██████[38;2;168;119;122m██[38;2;243;143;148m██[38;2;243;144;149m██[38;2;250;207;210m██[38;2;240;142;147m██[38;2;245;158;162m██[38;2;243;144;149m██[38;2;176;111;115m██[38;2;0;0;0m        
[38;2;243;144;149m██████[38;2;211;127;131m██[38;2;214;129;134m██[38;2;107;75;78m██[38;2;244;146;151m██[38;2;243;144;149m██[38;2;243;144;148m██[38;2;241;141;146m██[38;2;246;169;173m██[38;2;243;144;148m██[38;2;243;144;149m██[38;2;244;146;150m██[38;2;177;100;105m██[38;2;243;144;149m██████[38;2;184;126;130m██[38;2;235;134;140m██[38;2;243;144;149m██[38;2;246;170;174m██[38;2;229;136;141m██[38;2;243;143;149m██[38;2;198;121;125m██[38;2;243;144;149m██[38;2;0;0;0m        
[38;2;243;144;149m██████[38;2;226;134;139m██[38;2;241;142;147m██[38;2;49;45;47m██[38;2;243;144;149m████[38;2;244;144;149m██[38;2;229;129;134m██[38;2;243;144;148m██[38;2;244;144;149m██[38;2;243;144;149m████[38;2;218;117;123m██[38;2;243;144;149m██████[38;2;160;101;105m██[38;2;229;128;134m██[38;2;243;144;148m██[38;2;244;147;152m██[38;2;243;144;149m██[38;2;244;144;149m██[38;2;55;48;50m██[38;2;243;144;149m██[38;2;0;0;0m        
[38;2;243;144;149m██[38;2;242;142;147m██[38;2;219;118;124m██[38;2;196;107;113m██[38;2;186;103;109m██[38;2;48;44;46m██[38;2;243;144;148m████[38;2;244;144;149m██[38;2;137;84;88m██[38;2;243;144;148m██[38;2;243;144;149m██[38;2;243;144;148m██[38;2;243;144;149m██[38;2;188;104;110m██[38;2;243;144;149m████[38;2;243;144;148m██[38;2;104;73;76m██[38;2;208;118;123m██[38;2;240;141;146m██[38;2;243;143;148m██[38;2;243;144;148m████[38;2;167;105;109m██[38;2;243;144;148m██[38;2;0;0;0m        
[38;2;224;124;130m██[38;2;218;116;122m██[38;2;218;116;123m██[38;2;190;105;110m██[38;2;218;116;123m██[38;2;49;45;47m██[38;2;243;144;149m██████[38;2;171;97;102m██[38;2;239;141;146m██[38;2;148;96;99m██[38;2;232;138;143m██[38;2;218;130;135m██[38;2;131;85;87m██[38;2;243;144;149m██████[38;2;143;122;118m██[38;2;97;67;70m██[38;2;243;143;148m██[38;2;195;119;123m██[38;2;243;144;149m██[38;2;218;117;123m██[38;2;234;139;144m██[38;2;243;144;149m██[38;2;0;0;0m        
[38;2;204;110;116m██[38;2;218;117;123m████[38;2;168;95;100m██[38;2;217;116;122m██[38;2;75;56;58m██[38;2;243;144;149m██████[38;2;121;76;79m██[38;2;234;139;144m██[38;2;243;144;149m████[38;2;71;66;66m██[38;2;111;87;86m██[38;2;243;144;149m██████[38;2;225;201;194m██[38;2;186;109;113m██[38;2;243;144;149m██[38;2;122;98;95m██[38;2;243;144;149m██[38;2;218;117;123m██[38;2;211;114;120m██[38;2;243;144;149m██[38;2;0;0;0m        
[38;2;189;104;109m██[38;2;218;117;123m██[38;2;218;116;123m██[38;2;144;85;90m██[38;2;141;84;88m██[38;2;173;98;102m██[38;2;243;144;149m██████[38;2;125;91;90m██[38;2;218;147;146m██[38;2;227;135;140m████[38;2;247;220;212m██[38;2;160;128;121m██[38;2;243;144;149m████[38;2;138;91;94m██[38;2;226;202;196m██[38;2;141;96;98m██[38;2;241;142;147m██[38;2;216;175;160m██[38;2;229;136;141m██[38;2;218;117;123m██[38;2;202;110;116m  [38;2;237;141;146m██[38;2;0;0;0m        
[38;2;174;98;103m██[38;2;218;117;123m██[38;2;102;74;76m██[38;2;251;201;184m██[38;2;102;69;72m██[38;2;217;116;122m██[38;2;243;143;148m██[38;2;244;144;149m██[38;2;243;144;148m██[38;2;124;101;97m██[38;2;198;170;166m  [38;2;183;113;117m██[38;2;139;96;99m██[38;2;101;94;93m██[38;2;173;140;130m██[38;2;244;144;149m██[38;2;155;98;103m██[38;2;247;221;213m██[38;2;79;74;74m██[38;2;156;64;70m██[38;2;238;80;89m██[38;2;216;174;160m██[38;2;174;106;110m██[38;2;218;117;123m██[38;2;73;55;58m  [38;2;101;72;75m  [38;2;0;0;0m        
[38;2;160;92;96m██[38;2;197;108;114m██[38;2;251;200;183m██[38;2;97;83;80m██[38;2;251;201;184m██[38;2;214;115;121m██[38;2;222;133;138m██[38;2;243;144;149m██[38;2;242;142;147m██[38;2;182;149;138m██[38;2;252;225;217m██[38;2;238;80;89m██[38;2;135;60;65m██[38;2;96;73;74m██[38;2;172;135;128m██[38;2;240;142;147m██[38;2;241;214;206m██[38;2;252;225;217m██[38;2;252;225;216m██[38;2;153;93;95m██[38;2;232;78;88m██[38;2;209;162;151m██[38;2;195;107;112m██[38;2;218;117;123m██[38;2;74;74;74m  [38;2;42;40;45m  [38;2;0;0;0m        
[38;2;146;86;90m██[38;2;218;117;123m██[38;2;251;201;183m██[38;2;168;138;128m██[38;2;246;197;181m██[38;2;182;123;121m██[38;2;134;114;113m██[38;2;217;130;135m██[38;2;239;139;144m██[38;2;228;194;184m██[38;2;252;225;216m██[38;2;218;168;166m  [38;2;160;98;100m██[38;2;252;225;217m██[38;2;195;133;130m██[38;2;250;221;213m  [38;2;252;225;217m████[38;2;252;225;216m██[38;2;252;225;217m██[38;2;251;224;216m██[38;2;178;125;123m██[38;2;183;102;107m██[38;2;205;111;117m██[38;2;2;2;2m  [38;2;0;0;0m          
[38;2;132;80;84m  [38;2;214;115;121m██[38;2;156;102;103m██[38;2;223;180;165m██[38;2;238;191;175m██[38;2;250;201;184m██[38;2;252;225;217m██[38;2;142;90;94m██[38;2;238;138;143m██[38;2;251;223;214m██[38;2;134;122;120m██[38;2;194;175;170m██[38;2;251;224;217m██[38;2;252;225;217m██[38;2;239;182;179m  [38;2;252;225;217m██[38;2;252;225;216m██[38;2;251;224;217m██[38;2;252;225;217m██[38;2;251;225;217m██[38;2;211;189;183m██[38;2;216;171;162m██[38;2;208;112;118m██[38;2;42;42;43m  [38;2;40;40;43m  [38;2;0;0;0m          
[38;2;119;75;78m  [38;2;205;111;117m██[38;2;217;117;123m██[38;2;237;190;174m██[38;2;135;113;106m██[38;2;250;200;183m██[38;2;252;224;216m██[38;2;207;176;172m  [38;2;238;138;143m██[38;2;252;225;217m████████████████████████[38;2;251;219;209m██[38;2;211;114;119m██[38;2;0;0;0m              
[38;2;108;69;74m  [38;2;199;108;114m██[38;2;218;117;122m██[38;2;167;137;127m██[38;2;251;201;184m██[38;2;249;200;183m██[38;2;251;219;210m██[38;2;252;225;217m██[38;2;220;130;135m██[38;2;252;225;216m██[38;2;234;209;202m██[38;2;252;225;217m██████████████[38;2;252;224;217m██[38;2;252;225;216m████[38;2;252;222;213m██[38;2;209;113;119m██[38;2;0;0;0m              
[38;2;98;65;68m  [38;2;199;109;114m██[38;2;218;117;123m██[38;2;195;107;112m██[38;2;132;102;98m██[38;2;137;105;101m██[38;2;121;82;84m██[38;2;252;225;217m██[38;2;245;217;209m██[38;2;251;225;216m██[38;2;249;223;215m██[38;2;251;225;217m██████[38;2;251;225;216m██[38;2;252;225;216m████[38;2;252;225;217m██[38;2;252;225;216m██[38;2;251;225;216m██[38;2;251;225;217m██[38;2;183;118;121m██[38;2;208;112;118m██[38;2;0;0;0m              
[38;2;88;61;64m  [38;2;199;109;114m██[38;2;218;117;123m████[38;2;216;116;122m██[38;2;217;117;122m██[38;2;218;117;123m██[38;2;136;86;89m██[38;2;250;223;215m██[38;2;252;225;216m██[38;2;251;225;217m██[38;2;252;225;217m██[38;2;251;225;217m██[38;2;252;225;217m██[38;2;200;179;174m██[38;2;226;202;195m██[38;2;252;225;217m██[38;2;251;225;217m████[38;2;251;224;216m██[38;2;186;109;113m██[38;2;218;117;123m██[38;2;206;112;117m██[38;2;0;0;0m              
[38;2;80;58;61m  [38;2;197;108;113m██[38;2;218;117;123m██[38;2;218;116;123m██[38;2;214;115;121m██[38;2;218;116;123m██[38;2;217;116;123m██[38;2;165;94;99m██[38;2;218;117;123m██[38;2;154;128;127m██[38;2;250;223;215m██[38;2;252;225;217m████[38;2;246;220;212m██[38;2;212;171;179m██[38;2;136;122;121m██[38;2;252;225;216m██[38;2;248;222;214m██[38;2;148;120;119m  [38;2;218;117;123m████[38;2;218;116;123m██[38;2;201;109;115m██[38;2;0;0;0m              
[38;2;73;55;58m  [38;2;193;106;112m██[38;2;218;117;123m██[38;2;218;116;123m██[38;2;187;103;109m██[38;2;218;117;123m██[38;2;218;117;122m██[38;2;198;108;114m██[38;2;199;109;114m██[38;2;185;103;108m██[38;2;251;225;216m██[38;2;221;192;183m██[38;2;101;91;89m██[38;2;117;107;105m██[38;2;111;101;100m██[38;2;86;61;64m██[38;2;186;103;108m██[38;2;218;117;123m██[38;2;185;103;107m██[38;2;218;117;123m██[38;2;184;102;107m██[38;2;217;117;123m██[38;2;186;103;108m██[38;2;0;0;0m              
[38;2;75;56;58m  [38;2;185;103;108m██[38;2;218;117;123m████[38;2;132;80;84m██[38;2;218;117;123m████[38;2;217;117;123m██[38;2;183;102;107m██[38;2;172;97;102m██[38;2;252;225;217m██[38;2;251;225;217m██[38;2;251;224;216m██[38;2;242;212;204m██[38;2;193;167;161m██[38;2;144;121;119m██[38;2;151;132;129m██[38;2;164;94;99m██[38;2;186;104;109m██[38;2;217;117;123m██[38;2;121;75;79m  [38;2;217;117;123m██[38;2;138;82;87m  [38;2;0;0;0m              
[38;2;101;67;70m  [38;2;169;96;100m██[38;2;218;117;123m██[38;2;214;115;121m██[38;2;53;46;49m██[38;2;217;117;122m██[38;2;218;117;123m██[38;2;217;117;123m██[38;2;168;95;100m██[38;2;164;94;98m██[38;2;252;225;217m████[38;2;246;219;212m██[38;2;239;213;206m██[38;2;252;225;217m████████[38;2;129;99;100m██[38;2;217;117;123m██[38;2;42;41;43m  [38;2;218;117;123m██[38;2;61;50;51m  [38;2;0;0;0m              [0m
