
[38;2;0;0;0m                        [38;2;144;126;125m  [38;2;155;113;112m██[38;2;233;219;219m██[38;2;248;244;246m██[38;2;212;193;194m██[38;2;182;156;155m██[38;2;188;160;158m██[38;2;254;253;252m██[38;2;195;173;169m██[38;2;166;129;128m██[38;2;119;91;88m  [38;2;0;0;0m                        
[38;2;0;0;0m                    [38;2;169;134;134m██[38;2;243;245;244m██[38;2;218;202;204m██[38;2;251;252;252m██[38;2;253;254;254m██[38;2;238;233;234m██[38;2;162;126;127m██[38;2;209;200;199m██[38;2;201;183;187m██[38;2;243;246;244m██[38;2;245;243;246m██[38;2;157;115;112m██[38;2;193;167;169m██[38;2;231;230;234m██[38;2;227;209;212m██[38;2;162;130;130m  [38;2;0;0;0m                  
[38;2;0;0;0m                [38;2;151;112;110m  [38;2;246;245;248m██[38;2;224;205;207m██[38;2;255;255;255m██[38;2;230;228;232m██[38;2;157;117;119m██[38;2;234;233;233m██[38;2;242;242;244m██[38;2;246;246;246m██[38;2;244;244;244m██[38;2;245;245;245m██████[38;2;243;243;243m██[38;2;240;240;240m██[38;2;243;243;240m██[38;2;239;239;241m██[38;2;158;117;117m██[38;2;190;159;163m██[38;2;0;0;0m                
[38;2;0;0;0m    [38;2;172;138;138m  [38;2;0;0;0m  [38;2;178;148;148m  [38;2;175;148;147m  [38;2;0;0;0m  [38;2;228;215;218m██[38;2;194;168;170m██[38;2;235;221;224m██[38;2;254;254;254m██[38;2;227;208;209m██[38;2;217;215;220m██[38;2;245;245;245m██[38;2;242;242;242m██[38;2;244;244;244m██[38;2;239;239;239m██[38;2;245;245;245m██[38;2;244;244;245m██[38;2;239;239;239m██[38;2;238;239;237m██[38;2;238;238;238m██[38;2;237;237;237m██[38;2;240;239;239m██[38;2;245;244;243m██[38;2;245;245;245m██[38;2;229;232;232m██[38;2;227;209;212m██[38;2;168;146;150m  [38;2;0;0;0m            
[38;2;0;0;0m  [38;2;176;140;141m  [38;2;161;131;134m██[38;2;188;160;157m██[38;2;230;226;234m██[38;2;172;121;122m██[38;2;202;169;167m██[38;2;193;181;187m██[38;2;254;255;255m██[38;2;244;240;241m██[38;2;214;214;218m██[38;2;244;244;244m████[38;2;245;244;242m██[38;2;235;234;238m██[38;2;242;242;242m██[38;2;237;237;237m██[38;2;243;244;243m██[38;2;245;245;244m██[38;2;245;245;245m██[38;2;238;238;238m██[38;2;234;234;237m██[38;2;241;241;241m██[38;2;241;235;239m██[38;2;216;195;198m██[38;2;207;184;182m██[38;2;244;244;247m██[38;2;245;245;246m██[38;2;155;112;112m██[38;2;174;168;168m  [38;2;0;0;0m          
[38;2;180;147;149m  [38;2;229;219;212m██[38;2;251;243;240m██[38;2;231;230;236m██[38;2;251;249;250m██[38;2;255;255;255m██[38;2;246;245;247m██[38;2;171;140;140m██[38;2;232;227;234m██[38;2;215;214;219m██[38;2;244;244;244m████[38;2;245;245;245m██[38;2;215;203;202m██[38;2;216;215;218m██[38;2;237;237;237m██[38;2;238;238;238m██[38;2;244;245;249m██[38;2;242;242;240m██[38;2;252;252;252m██[38;2;241;241;241m██[38;2;221;218;225m██[38;2;237;237;237m██[38;2;226;213;212m██[38;2;245;244;244m██[38;2;219;212;216m██[38;2;154;117;115m██[38;2;241;241;241m██[38;2;238;236;237m██[38;2;156;114;113m██[38;2;0;0;0m          
[38;2;180;148;147m██[38;2;237;237;232m██[38;2;158;124;125m██[38;2;238;235;238m██[38;2;171;138;137m██[38;2;255;255;254m██[38;2;255;255;255m██[38;2;231;229;234m██[38;2;179;155;156m██[38;2;245;245;245m████[38;2;244;244;244m██[38;2;242;244;246m██[38;2;244;242;245m██[38;2;238;238;238m██[38;2;236;236;237m██[38;2;243;243;242m██[38;2;241;244;246m██[38;2;239;241;241m██[38;2;252;252;252m██[38;2;237;237;237m██[38;2;239;237;238m██[38;2;236;236;236m██[38;2;234;234;237m██[38;2;244;241;242m██[38;2;212;191;188m██[38;2;246;245;244m██[38;2;205;186;183m██[38;2;247;247;247m██[38;2;207;207;218m██[38;2;155;155;155m  [38;2;0;0;0m        
[38;2;167;129;130m██[38;2;186;151;151m██[38;2;251;251;252m██[38;2;246;240;242m██[38;2;152;115;114m██[38;2;255;255;254m██[38;2;248;248;248m██[38;2;231;229;234m██[38;2;184;165;174m██[38;2;245;245;245m██[38;2;244;245;243m██[38;2;244;244;244m██[38;2;174;142;143m██[38;2;241;243;241m██[38;2;240;238;239m██[38;2;242;241;240m██[38;2;245;245;245m██[38;2;237;239;242m██[38;2;242;241;242m██[38;2;238;238;238m██[38;2;237;237;236m██[38;2;243;243;243m██[38;2;239;239;239m██[38;2;225;222;229m██[38;2;207;189;192m██[38;2;229;229;233m██[38;2;195;187;199m██[38;2;215;213;220m██[38;2;236;237;240m██[38;2;252;253;251m██[38;2;170;142;145m██[38;2;0;0;0m        
[38;2;185;155;157m██[38;2;255;253;255m██[38;2;230;215;215m██[38;2;244;237;239m██[38;2;244;239;240m██[38;2;255;255;255m██[38;2;231;229;234m██[38;2;231;228;234m██[38;2;203;202;209m██[38;2;245;245;245m██[38;2;237;237;241m██[38;2;244;244;244m██[38;2;162;126;131m██[38;2;242;243;244m██[38;2;242;240;241m██[38;2;239;223;223m██[38;2;166;131;131m██[38;2;239;236;240m██[38;2;238;243;240m██[38;2;239;241;242m██[38;2;240;239;241m██[38;2;245;245;245m████[38;2;245;244;243m██[38;2;167;131;128m██[38;2;159;112;111m██[38;2;171;148;151m██[38;2;199;191;202m██[38;2;157;110;107m██[38;2;238;238;238m██[38;2;216;214;219m██[38;2;0;0;0m        
[38;2;162;110;111m██[38;2;231;231;232m██[38;2;233;226;228m██[38;2;228;221;222m██[38;2;241;239;239m██[38;2;255;255;255m██[38;2;230;229;233m██[38;2;160;120;120m██[38;2;245;245;245m████[38;2;213;212;217m██[38;2;244;244;244m██[38;2;195;185;197m██[38;2;209;182;185m██[38;2;246;241;240m██[38;2;219;204;207m██[38;2;245;245;246m██[38;2;241;239;242m██[38;2;215;213;217m██[38;2;244;231;231m██[38;2;177;152;155m██[38;2;245;245;245m██[38;2;244;245;246m██[38;2;244;245;244m██[38;2;215;212;213m██[38;2;161;130;129m██[38;2;180;129;131m██[38;2;195;183;188m██[38;2;196;183;190m██[38;2;243;243;243m██[38;2;245;245;245m██[38;2;156;115;118m  [38;2;0;0;0m      
[38;2;128;111;110m  [38;2;251;252;253m██[38;2;255;255;255m██[38;2;254;255;255m██[38;2;183;149;153m██[38;2;231;228;233m██[38;2;233;229;235m██[38;2;196;185;198m██[38;2;241;241;242m██[38;2;245;245;245m██[38;2;235;234;236m██[38;2;245;243;244m██[38;2;155;112;112m██[38;2;165;131;136m██[38;2;244;244;246m██[38;2;215;198;204m██[38;2;246;245;244m██[38;2;244;241;245m██[38;2;163;129;127m██[38;2;154;112;110m██[38;2;216;203;205m██[38;2;245;245;245m██[38;2;222;219;222m██[38;2;244;244;244m██[38;2;225;224;228m██[38;2;199;173;177m██[38;2;167;116;116m██[38;2;252;207;209m██[38;2;193;186;202m██[38;2;245;247;245m██[38;2;252;250;247m██[38;2;204;181;181m██[38;2;0;0;0m      
[38;2;0;0;0m  [38;2;176;145;141m  [38;2;232;228;230m██[38;2;231;229;234m██[38;2;200;181;176m██[38;2;183;157;157m██[38;2;205;205;211m██[38;2;215;210;220m██[38;2;239;239;239m██[38;2;243;243;243m██[38;2;245;244;244m██[38;2;153;116;117m██[38;2;193;187;199m██[38;2;230;182;184m██[38;2;245;245;242m██[38;2;215;209;213m██[38;2;244;245;244m██[38;2;246;244;243m██[38;2;235;191;192m██[38;2;230;228;230m██[38;2;238;238;241m██[38;2;245;245;245m██[38;2;232;230;233m██[38;2;244;244;244m██[38;2;215;214;219m██[38;2;188;161;164m██[38;2;205;157;157m██[38;2;252;240;231m██[38;2;161;113;112m██[38;2;178;143;144m██[38;2;199;178;175m██[38;2;155;110;111m██[38;2;0;0;0m      
[38;2;0;0;0m      [38;2;209;180;227m██[38;2;185;115;227m██[38;2;185;129;191m██[38;2;242;246;240m██[38;2;214;213;219m██[38;2;236;236;236m██[38;2;241;241;241m██[38;2;244;244;244m██[38;2;217;215;218m██[38;2;196;185;198m██[38;2;250;207;208m██[38;2;225;223;226m██[38;2;216;215;222m██[38;2;217;213;219m██[38;2;242;240;243m██[38;2;230;183;182m██[38;2;215;214;220m██[38;2;219;221;225m██[38;2;213;215;219m██[38;2;244;244;244m██[38;2;244;245;241m██[38;2;215;213;218m██[38;2;161;123;126m██[38;2;254;207;209m██[38;2;251;240;231m██[38;2;253;236;229m██[38;2;169;136;139m██[38;2;244;244;244m██[38;2;232;228;234m██[38;2;171;131;132m  [38;2;0;0;0m    
[38;2;0;0;0m      [38;2;219;211;225m██[38;2;185;112;226m██[38;2;223;209;230m██[38;2;157;122;128m██[38;2;233;229;235m██[38;2;254;254;254m██[38;2;239;239;239m██[38;2;244;244;244m██[38;2;217;209;212m██[38;2;182;154;158m██[38;2;252;240;231m██[38;2;215;213;218m██[38;2;214;214;219m██[38;2;216;213;214m██[38;2;215;213;218m██[38;2;156;109;107m██[38;2;165;126;125m██[38;2;162;122;118m██[38;2;170;133;134m██[38;2;219;212;216m██[38;2;213;197;202m██[38;2;163;110;108m██[38;2;156;117;117m██[38;2;220;208;209m██[38;2;158;114;117m██[38;2;170;125;124m██[38;2;160;110;109m██[38;2;246;244;243m██[38;2;224;209;210m██[38;2;157;117;117m██[38;2;0;0;0m    
[38;2;0;0;0m    [38;2;183;114;227m██[38;2;225;223;227m██[38;2;185;113;223m██[38;2;172;129;134m██[38;2;244;243;248m██[38;2;239;238;240m██[38;2;252;252;252m██[38;2;240;240;240m██[38;2;245;245;245m██[38;2;214;200;205m██[38;2;250;204;204m██[38;2;228;204;197m██[38;2;161;110;110m██[38;2;169;131;134m██[38;2;182;155;156m██[38;2;159;108;109m██[38;2;252;207;205m██[38;2;254;237;230m██[38;2;253;239;230m██[38;2;253;235;228m██[38;2;253;237;229m██[38;2;254;240;231m██[38;2;238;241;243m██[38;2;241;241;242m██[38;2;196;121;246m██[38;2;159;109;119m██[38;2;242;240;242m██[38;2;166;112;110m██[38;2;244;245;245m██[38;2;248;254;254m██[38;2;155;114;114m  [38;2;0;0;0m    
[38;2;0;0;0m  [38;2;16;14;16m  [38;2;192;170;164m██[38;2;238;238;237m██[38;2;181;116;219m██[38;2;239;237;238m██[38;2;186;123;223m██[38;2;238;237;239m██[38;2;241;241;241m██[38;2;241;241;242m██[38;2;244;244;245m██[38;2;214;200;204m██[38;2;242;196;193m██[38;2;230;215;217m██[38;2;241;240;244m██[38;2;162;109;137m██[38;2;191;121;220m██[38;2;170;135;132m██[38;2;253;239;231m██[38;2;254;239;231m██[38;2;254;240;231m██████[38;2;254;239;231m██[38;2;220;206;207m██[38;2;180;118;183m██[38;2;195;121;243m██[38;2;195;123;239m██[38;2;242;238;244m██[38;2;160;119;121m██[38;2;227;223;228m██[38;2;244;245;245m██[38;2;134;101;101m  [38;2;0;0;0m    
[38;2;0;0;0m  [38;2;187;116;220m██[38;2;159;122;121m██[38;2;200;157;222m██[38;2;183;118;220m██[38;2;215;212;220m██[38;2;186;114;228m██[38;2;239;238;239m██[38;2;240;240;240m██[38;2;245;245;246m██[38;2;245;245;245m██[38;2;215;203;207m██[38;2;154;111;110m██[38;2;241;241;243m██[38;2;235;225;226m██[38;2;158;118;110m██[38;2;195;123;242m██[38;2;195;122;242m██[38;2;253;240;234m██[38;2;254;240;231m██[38;2;254;239;231m██[38;2;254;240;231m██████[38;2;193;159;155m██[38;2;162;107;115m██[38;2;46;206;246m██[38;2;181;132;156m██[38;2;161;116;112m██[38;2;251;254;254m██[38;2;214;214;220m██[38;2;243;244;246m██[38;2;157;109;108m██[38;2;0;0;0m    
[38;2;0;0;0m  [38;2;184;113;226m██[38;2;159;111;112m██[38;2;187;117;221m██[38;2;186;112;227m██[38;2;163;114;110m██[38;2;183;113;224m██[38;2;240;239;240m██[38;2;242;242;242m██[38;2;245;245;246m██[38;2;244;244;245m██[38;2;217;211;214m██[38;2;251;250;251m██[38;2;255;255;255m██[38;2;206;128;254m██[38;2;204;129;254m██[38;2;38;207;252m██[38;2;208;161;212m██[38;2;180;138;134m██[38;2;254;239;231m██[38;2;254;240;231m██████[38;2;254;239;231m██[38;2;254;240;231m██[38;2;223;179;235m██[38;2;223;177;242m██[38;2;224;181;253m██[38;2;158;120;119m██[38;2;252;255;255m██[38;2;158;117;119m██[38;2;245;245;245m██[38;2;157;113;110m██[38;2;0;0;0m    
[38;2;0;0;0m  [38;2;179;131;212m  [38;2;184;114;223m██[38;2;241;220;247m██[38;2;185;117;220m██[38;2;187;116;222m██[38;2;182;115;219m██[38;2;247;244;247m██[38;2;243;243;243m██[38;2;245;245;245m████[38;2;216;214;218m██[38;2;253;253;253m██[38;2;255;255;255m██[38;2;201;130;250m██[38;2;163;113;142m██[38;2;187;122;185m██[38;2;224;180;252m██[38;2;196;166;158m██[38;2;254;240;231m██[38;2;254;239;231m██[38;2;254;240;231m████[38;2;253;240;231m██[38;2;254;239;231m██[38;2;159;110;111m██[38;2;181;134;164m██[38;2;182;120;188m██[38;2;252;252;252m██[38;2;255;239;232m██[38;2;252;226;222m██[38;2;243;245;245m██[38;2;154;113;114m██[38;2;0;0;0m    
[38;2;0;0;0m    [38;2;251;253;250m██[38;2;214;216;222m██[38;2;186;112;227m██[38;2;251;240;231m██[38;2;254;233;228m██[38;2;239;240;243m██[38;2;245;245;245m████[38;2;244;244;244m██[38;2;215;214;219m██[38;2;252;225;217m██[38;2;255;255;252m██[38;2;167;137;134m██[38;2;225;181;250m██[38;2;224;180;253m██[38;2;221;182;252m██[38;2;253;239;229m██[38;2;254;239;231m██[38;2;254;240;231m██████[38;2;252;240;231m██[38;2;254;239;231m██[38;2;254;240;231m██[38;2;254;239;231m██[38;2;254;235;227m██[38;2;251;213;204m██[38;2;216;169;166m██[38;2;248;216;210m██[38;2;161;110;111m██[38;2;159;119;120m██[38;2;0;0;0m    
[38;2;0;0;0m    [38;2;213;184;227m██[38;2;206;186;190m██[38;2;184;112;227m██[38;2;181;127;128m██[38;2;253;240;230m██[38;2;227;221;225m██[38;2;244;244;246m██[38;2;245;245;245m████[38;2;215;214;218m██[38;2;246;209;209m██[38;2;253;240;231m██[38;2;255;235;226m██[38;2;254;225;218m██[38;2;251;218;211m██[38;2;252;238;230m██[38;2;253;240;231m██[38;2;254;240;231m██[38;2;254;239;231m██[38;2;254;240;231m██████[38;2;254;239;231m██[38;2;254;240;231m████[38;2;188;144;137m██[38;2;252;205;196m██[38;2;252;205;195m██[38;2;237;196;190m██[38;2;253;236;229m██[38;2;175;140;139m██[38;2;43;35;35m  [38;2;0;0;0m  
[38;2;0;0;0m  [38;2;160;128;126m  [38;2;184;114;225m██[38;2;161;109;106m██[38;2;184;115;219m██[38;2;213;207;217m██[38;2;249;200;201m██[38;2;177;145;146m██[38;2;245;245;245m████[38;2;244;244;244m██[38;2;215;212;218m██[38;2;254;204;208m██[38;2;253;228;221m██[38;2;253;207;199m██[38;2;245;197;192m██[38;2;167;118;114m██[38;2;254;224;216m██[38;2;253;239;231m██[38;2;254;239;231m██[38;2;254;240;231m████[38;2;252;238;229m██[38;2;253;239;231m██[38;2;254;239;231m██[38;2;254;240;231m██[38;2;254;239;231m██[38;2;246;228;221m██[38;2;244;210;204m██[38;2;182;148;142m██[38;2;254;237;229m██[38;2;255;239;229m██[38;2;185;154;158m██[38;2;154;115;110m██[38;2;0;0;0m  
[38;2;0;0;0m  [38;2;162;107;105m██[38;2;250;244;251m██[38;2;164;123;126m██[38;2;218;190;234m██[38;2;218;212;219m██[38;2;176;168;185m██[38;2;159;110;111m██[38;2;244;245;243m██[38;2;245;245;246m██[38;2;245;245;245m██[38;2;217;214;219m██[38;2;251;207;209m██[38;2;220;191;182m██[38;2;252;208;202m██[38;2;251;207;201m██[38;2;252;211;203m██[38;2;254;236;229m██[38;2;254;240;231m██[38;2;254;239;230m██[38;2;164;112;110m██[38;2;252;173;172m██[38;2;253;173;175m██[38;2;246;161;158m██[38;2;237;133;130m██[38;2;254;240;231m██████[38;2;254;239;231m██[38;2;254;240;231m██[38;2;254;239;231m██[38;2;250;234;226m██[38;2;197;170;174m██[38;2;160;119;119m██[38;2;0;0;0m  
[38;2;0;0;0m  [38;2;189;142;164m██[38;2;255;255;255m██[38;2;173;144;149m██[38;2;245;245;245m██[38;2;216;213;219m██[38;2;193;186;199m██[38;2;182;164;180m██[38;2;245;245;244m██[38;2;236;235;236m██[38;2;235;235;235m██[38;2;228;225;229m██[38;2;255;206;209m██[38;2;251;241;231m██[38;2;253;240;231m██[38;2;253;239;230m██[38;2;254;239;231m██[38;2;254;240;231m██[38;2;253;239;231m████[38;2;254;174;172m████[38;2;254;173;173m██[38;2;254;174;172m██[38;2;253;174;173m██[38;2;254;240;231m██[38;2;254;239;231m██[38;2;254;240;231m██████[38;2;253;239;231m██[38;2;156;114;114m██[38;2;200;180;186m██[38;2;246;241;238m██[38;2;0;0;0m  
[38;2;0;0;0m  [38;2;188;112;225m██[38;2;255;255;255m██[38;2;196;180;192m██[38;2;244;232;234m██[38;2;217;185;232m██[38;2;174;164;181m██[38;2;191;182;200m██[38;2;244;244;245m██[38;2;216;213;218m██[38;2;218;214;218m██[38;2;245;242;244m██[38;2;252;206;208m██[38;2;253;239;231m██[38;2;254;240;231m████[38;2;254;239;231m████[38;2;254;240;231m████[38;2;174;118;116m██[38;2;254;173;174m██[38;2;254;172;173m██[38;2;254;174;172m██[38;2;249;231;224m██[38;2;254;240;231m██████[38;2;254;239;231m██[38;2;253;239;231m██[38;2;173;141;137m██[38;2;193;186;200m██[38;2;207;190;193m██[38;2;253;255;252m██[38;2;0;0;0m  
[38;2;158;115;116m██[38;2;207;174;225m██[38;2;254;254;253m██[38;2;191;187;196m██[38;2;163;133;133m██[38;2;186;111;229m██[38;2;174;163;180m██[38;2;194;186;199m██[38;2;218;210;214m██[38;2;240;237;241m██[38;2;233;234;232m██[38;2;245;244;247m██[38;2;226;181;182m██[38;2;249;220;216m██[38;2;254;240;231m██[38;2;254;239;231m████[38;2;254;240;231m██[38;2;253;239;231m██[38;2;254;239;231m██[38;2;254;240;231m██████[38;2;254;239;231m████[38;2;254;240;231m██[38;2;254;239;231m██[38;2;254;240;231m████[38;2;159;122;117m██[38;2;193;186;203m██[38;2;216;213;220m██[38;2;203;185;190m██[38;2;255;255;255m██[38;2;178;140;141m  
[38;2;182;153;154m██[38;2;252;254;254m██[38;2;254;254;254m██[38;2;191;187;200m██[38;2;215;215;219m██[38;2;239;221;246m██[38;2;177;167;184m██[38;2;193;187;199m██[38;2;157;110;109m██[38;2;245;245;245m██[38;2;245;245;246m██[38;2;244;244;245m██[38;2;158;110;113m██[38;2;165;118;114m██[38;2;253;230;225m██[38;2;254;239;231m██████[38;2;254;240;231m████[38;2;254;239;231m██[38;2;254;240;231m██████[38;2;254;239;231m██[38;2;253;240;231m██[38;2;253;240;230m██[38;2;252;235;229m██[38;2;174;151;163m██[38;2;174;163;181m██[38;2;196;185;199m██[38;2;215;213;219m██[38;2;202;185;186m██[38;2;255;255;255m██[38;2;188;153;153m██
[38;2;209;182;211m██[38;2;255;255;251m██[38;2;252;253;253m██[38;2;216;213;218m████[38;2;218;209;213m██[38;2;180;167;187m██[38;2;193;187;199m██[38;2;176;164;179m██[38;2;245;243;246m██[38;2;216;213;219m██[38;2;245;243;245m██[38;2;156;111;110m██[38;2;174;163;180m██[38;2;173;164;181m██[38;2;162;119;124m██[38;2;244;195;197m██[38;2;252;229;223m██[38;2;253;239;230m██[38;2;252;239;230m██[38;2;253;240;231m██[38;2;252;240;231m██[38;2;254;239;230m██[38;2;254;236;229m██[38;2;249;217;214m██[38;2;163;114;115m██[38;2;181;159;173m██[38;2;193;187;199m██[38;2;177;166;182m██[38;2;173;163;179m██[38;2;190;178;186m██[38;2;215;214;217m██[38;2;194;166;170m██[38;2;255;255;255m██[38;2;165;127;128m██
[38;2;161;126;128m██[38;2;250;247;250m██[38;2;162;120;121m██[38;2;224;222;225m██[38;2;216;214;219m██[38;2;166;130;134m██[38;2;188;139;214m██[38;2;193;187;199m██[38;2;176;162;179m██[38;2;216;213;217m██[38;2;216;213;219m██[38;2;216;214;219m██[38;2;192;167;170m██[38;2;175;163;181m██[38;2;172;163;182m██[38;2;176;165;182m██[38;2;173;163;183m██[38;2;222;209;210m██[38;2;253;206;208m██[38;2;253;207;209m████[38;2;173;120;122m██[38;2;166;131;137m██[38;2;175;163;179m██[38;2;174;164;178m██[38;2;175;162;180m██[38;2;173;164;181m██[38;2;193;186;198m██[38;2;184;173;188m██[38;2;175;163;181m██[38;2;159;125;128m██[38;2;216;213;217m██[38;2;171;133;136m██[38;2;255;255;255m██[38;2;154;110;109m██
[38;2;197;176;180m██[38;2;183;120;228m██[38;2;182;154;156m██[38;2;245;245;245m██[38;2;217;215;220m██[38;2;159;116;123m██[38;2;182;131;213m██[38;2;193;187;199m██[38;2;191;185;197m██[38;2;158;118;115m██[38;2;227;225;228m██[38;2;215;214;219m██[38;2;218;213;220m██[38;2;175;163;181m██[38;2;174;165;182m██[38;2;175;162;182m██[38;2;163;136;146m██[38;2;231;213;216m██[38;2;245;245;245m██[38;2;252;244;253m██[38;2;220;196;232m██[38;2;213;167;167m██[38;2;217;198;200m██[38;2;178;155;166m██[38;2;175;163;180m██[38;2;180;174;188m██[38;2;172;163;182m██[38;2;193;187;199m██[38;2;189;181;194m██[38;2;175;163;181m██[38;2;164;128;134m██[38;2;197;192;203m██[38;2;156;110;113m██[38;2;255;255;255m██[38;2;157;112;112m██
[38;2;220;212;215m██[38;2;253;254;254m██[38;2;185;118;221m██[38;2;244;245;244m██[38;2;216;214;219m██[38;2;165;135;143m██[38;2;191;149;217m██[38;2;193;187;199m██[38;2;191;187;198m██[38;2;179;157;172m██[38;2;216;213;218m██[38;2;215;214;218m██[38;2;217;216;220m██[38;2;172;163;184m██[38;2;158;113;118m██[38;2;254;239;231m██[38;2;192;143;141m██[38;2;177;126;174m██[38;2;199;142;221m██[38;2;254;253;253m██[38;2;251;252;254m██[38;2;188;130;181m██[38;2;252;254;252m██[38;2;200;139;206m██[38;2;251;236;228m██[38;2;192;187;200m██[38;2;172;149;159m██[38;2;193;186;198m██[38;2;192;186;198m██[38;2;175;163;181m██[38;2;196;184;199m██[38;2;193;187;198m██[38;2;157;110;109m██[38;2;255;255;255m██[38;2;184;153;153m██
[38;2;158;109;109m██[38;2;253;250;250m██[38;2;218;218;220m██[38;2;245;245;245m██[38;2;216;213;218m██[38;2;172;152;162m██[38;2;175;163;183m██[38;2;193;187;199m██[38;2;194;186;199m██[38;2;175;163;181m██[38;2;216;212;218m██[38;2;215;214;219m██[38;2;216;214;217m██[38;2;178;162;175m██[38;2;252;207;207m██[38;2;254;207;210m██[38;2;229;220;219m██[38;2;201;154;154m██[38;2;174;127;129m██[38;2;251;204;204m██[38;2;251;205;211m██[38;2;167;124;117m██[38;2;254;206;209m██[38;2;231;184;182m██[38;2;165;125;146m██[38;2;158;119;124m██[38;2;169;143;151m██[38;2;183;175;190m██[38;2;192;186;198m██[38;2;171;165;183m██[38;2;195;188;201m██[38;2;193;186;200m██[38;2;158;114;115m██[38;2;255;255;255m██[38;2;220;214;217m██[0m
