
[38;2;1;1;1m  [38;2;0;0;0m          ██    ██                          [38;2;1;1;1m    [38;2;0;0;0m              
[38;2;1;1;1m  [38;2;0;0;0m                ██                      [38;2;1;1;1m  [38;2;0;0;0m  [38;2;1;1;1m    [38;2;0;0;0m              
[38;2;1;1;1m  [38;2;0;0;0m                                        [38;2;1;1;1m  [38;2;0;0;0m  [38;2;1;1;1m    [38;2;0;0;0m              
[38;2;0;0;0m        ██    ████      [38;2;4;5;2m  [38;2;16;17;8m  [38;2;24;23;12m    [38;2;14;15;8m  [38;2;1;2;2m  [38;2;0;0;0m      [38;2;1;1;1m  [38;2;0;0;0m  [38;2;1;1;1m    [38;2;0;0;0m              
[38;2;0;0;0m              ██[38;2;7;7;3m██[38;2;24;25;13m  [38;2;91;90;47m██[38;2;167;160;84m██[38;2;221;206;107m██[38;2;247;230;121m██[38;2;253;234;123m██[38;2;252;232;121m██[38;2;244;221;116m██[38;2;209;193;107m██[38;2;140;139;85m██[38;2;55;58;40m██[38;2;11;12;8m  [38;2;0;1;0m  [38;2;0;0;0m                    
[38;2;0;0;0m            [38;2;19;20;10m  [38;2;123;120;64m██[38;2;212;205;109m██[38;2;241;229;121m██[38;2;254;225;119m██[38;2;255;223;118m██[38;2;255;226;119m██[38;2;255;231;121m██[38;2;255;233;121m██[38;2;255;232;121m██[38;2;255;231;120m██[38;2;255;228;120m██[38;2;255;224;118m██[38;2;250;230;123m██[38;2;226;224;135m██[38;2;135;139;92m██[38;2;9;12;9m  [38;2;0;0;0m  [38;2;1;1;1m  [38;2;0;0;0m              
[38;2;1;1;1m  [38;2;0;0;0m      [38;2;13;13;6m  [38;2;127;125;66m██[38;2;228;218;115m██[38;2;255;233;125m██[38;2;255;221;116m██[38;2;255;219;115m██[38;2;255;225;118m██[38;2;255;238;124m██[38;2;255;242;125m██[38;2;255;244;126m████[38;2;255;246;144m██[38;2;246;239;144m██[38;2;255;246;123m██[38;2;255;235;122m██[38;2;255;225;118m██[38;2;255;220;113m██[38;2;255;233;126m██[38;2;199;199;124m██[38;2;49;54;38m  [38;2;0;1;1m  [38;2;0;0;0m              
[38;2;1;1;1m  [38;2;0;0;0m    [38;2;51;50;27m██[38;2;225;221;117m██[38;2;255;232;123m██[38;2;255;217;115m██[38;2;255;220;115m██[38;2;255;220;116m██[38;2;255;227;119m██[38;2;255;239;124m██[38;2;255;240;125m██[38;2;255;241;125m██[38;2;255;242;126m██[38;2;255;242;124m██[38;2;252;246;179m██[38;2;227;230;237m██[38;2;180;175;112m██[38;2;252;239;122m██[38;2;255;232;122m██[38;2;255;226;118m██[38;2;255;222;116m██[38;2;250;228;119m██[38;2;211;178;113m██[38;2;28;20;18m██[38;2;13;14;14m  [38;2;1;1;1m  [38;2;0;0;0m          
[38;2;1;1;1m  [38;2;0;0;0m  [38;2;93;92;48m  [38;2;242;232;127m██[38;2;255;220;116m██[38;2;255;219;115m██[38;2;255;224;118m██[38;2;255;237;125m██[38;2;255;244;129m██[38;2;255;246;129m██[38;2;255;240;125m██[38;2;255;238;124m██[38;2;255;240;125m██[38;2;255;241;126m██[38;2;255;242;125m██[38;2;217;210;147m██[38;2;246;247;254m██[38;2;209;213;233m██[38;2;202;194;114m██[38;2;255;237;122m██[38;2;255;229;120m██[38;2;251;228;116m██[38;2;163;74;42m██[38;2;187;156;161m██[38;2;223;227;229m██[38;2;218;225;227m██[38;2;147;154;157m  [38;2;8;8;8m  [38;2;0;0;0m        
[38;2;0;0;0m  [38;2;81;78;41m██[38;2;242;229;125m██[38;2;255;219;115m██[38;2;255;226;120m██[38;2;240;207;105m██[38;2;203;139;70m██[38;2;185;111;69m██[38;2;182;109;70m██[38;2;189;118;69m██[38;2;204;146;73m██[38;2;232;203;100m██[38;2;255;244;129m██[38;2;255;237;123m██[38;2;255;237;124m██[38;2;199;192;116m██[38;2;212;216;233m██[38;2;252;252;253m██[38;2;148;146;133m██[38;2;255;243;122m██[38;2;249;233;120m██[38;2;172;101;74m██[38;2;218;212;217m██[38;2;248;254;254m██[38;2;250;252;253m██[38;2;251;252;253m██[38;2;252;254;254m██[38;2;186;193;194m██[38;2;8;9;9m  [38;2;0;0;0m      
[38;2;48;46;24m██[38;2;255;247;136m██[38;2;255;219;116m██[38;2;254;227;119m██[38;2;225;180;90m██[38;2;154;71;62m██[38;2;196;178;188m██[38;2;224;241;246m██[38;2;226;244;248m██[38;2;220;233;240m██[38;2;200;185;197m██[38;2;167;108;109m██[38;2;198;138;71m██[38;2;249;236;125m██[38;2;255;233;122m██[38;2;237;224;115m██[38;2;125;129;147m██[38;2;217;221;230m██[38;2;148;134;117m██[38;2;254;245;123m██[38;2;194;125;61m██[38;2;228;225;227m██[38;2;254;255;255m██[38;2;255;255;255m██████████[38;2;56;59;60m██[38;2;0;0;0m      
[38;2;198;192;101m██[38;2;255;217;114m██[38;2;255;220;116m██[38;2;228;183;94m██[38;2;140;45;51m██[38;2;226;244;246m██[38;2;232;242;244m██[38;2;245;249;250m██[38;2;251;252;252m██[38;2;251;253;253m██[38;2;247;250;251m██[38;2;241;251;253m██[38;2;214;206;212m██[38;2;180;111;62m██[38;2;254;245;133m██[38;2;255;235;123m██[38;2;232;200;101m██[38;2;177;111;64m██[38;2;247;197;95m██[38;2;239;212;106m██[38;2;187;150;146m██[38;2;254;254;254m██[38;2;255;255;255m████████████[38;2;97;98;99m██[38;2;0;0;0m      
[38;2;255;239;128m██[38;2;255;219;115m██[38;2;255;236;125m██[38;2;173;85;46m██[38;2;220;228;232m██[38;2;244;249;251m██[38;2;254;254;254m██[38;2;255;255;255m██████████[38;2;254;255;255m██[38;2;220;205;205m██[38;2;208;151;65m██[38;2;255;234;123m██[38;2;255;232;121m██[38;2;255;214;105m██[38;2;255;226;117m██[38;2;228;190;96m██[38;2;222;208;215m██[38;2;255;255;255m████[38;2;252;252;252m██[38;2;121;121;121m██[38;2;75;75;75m██[38;2;181;181;181m██[38;2;254;254;254m██[38;2;104;104;104m██[38;2;0;0;0m      
[38;2;255;224;118m██[38;2;255;220;116m██[38;2;251;219;113m██[38;2;159;76;68m██[38;2;246;254;255m██[38;2;254;254;255m██[38;2;255;255;255m████████[38;2;246;246;246m██[38;2;225;225;225m██[38;2;254;254;254m██[38;2;251;251;252m██[38;2;172;105;77m██[38;2;246;221;111m██[38;2;255;226;118m██[38;2;255;227;119m████[38;2;226;181;91m██[38;2;227;210;214m██[38;2;255;255;255m████[38;2;249;249;249m██[38;2;64;64;64m██[38;2;43;43;43m██[38;2;134;134;134m██[38;2;254;254;254m██[38;2;83;83;83m██[38;2;0;0;0m      
[38;2;255;229;119m██[38;2;255;221;116m██[38;2;239;195;98m██[38;2;165;94;89m██[38;2;254;255;255m██[38;2;255;255;255m████████[38;2;247;247;247m██[38;2;54;54;54m██[38;2;85;85;85m██[38;2;207;207;207m██[38;2;255;255;255m██[38;2;209;173;171m██[38;2;229;193;95m██[38;2;255;225;118m██[38;2;255;224;118m████[38;2;229;193;94m██[38;2;198;152;147m██[38;2;255;255;255m████[38;2;254;254;254m██[38;2;251;251;251m██[38;2;207;207;207m██[38;2;253;253;253m██[38;2;255;255;255m██[38;2;50;51;51m  [38;2;0;0;0m      
[38;2;255;240;158m██[38;2;255;222;107m██[38;2;246;207;105m██[38;2;163;84;79m██[38;2;255;255;255m██████████[38;2;243;243;243m██[38;2;38;38;38m██[38;2;32;32;32m██[38;2;200;200;200m██[38;2;255;255;255m██[38;2;227;206;208m██[38;2;226;180;89m██[38;2;255;226;119m██[38;2;255;224;118m████[38;2;251;227;118m██[38;2;180;103;50m██[38;2;238;225;225m██[38;2;255;255;255m██████████[38;2;195;162;162m██[38;2;3;3;3m  [38;2;1;1;1m      
[38;2;251;239;213m██[38;2;215;196;138m██[38;2;251;233;120m██[38;2;163;68;46m██[38;2;253;252;253m██[38;2;255;255;255m██████████[38;2;233;233;233m██[38;2;201;201;201m██[38;2;255;255;255m██[38;2;254;254;254m██[38;2;192;143;133m██[38;2;234;201;98m██[38;2;255;224;118m████[38;2;255;229;121m██[38;2;255;231;122m██[38;2;249;232;120m██[38;2;184;114;64m██[38;2;216;182;175m██[38;2;240;228;229m██[38;2;247;241;244m██[38;2;241;229;232m██[38;2;210;169;169m██[38;2;184;91;46m██[38;2;81;81;61m██[38;2;0;0;0m      
[38;2;229;223;221m██[38;2;208;215;235m██[38;2;229;214;114m██[38;2;206;144;73m██[38;2;184;121;129m██[38;2;254;254;254m██[38;2;255;255;255m██████████████[38;2;237;223;222m██[38;2;175;93;31m██[38;2;254;230;121m██[38;2;254;228;121m██[38;2;252;235;124m██[38;2;220;166;76m██[38;2;193;123;49m██[38;2;179;102;37m██[38;2;202;144;61m██[38;2;219;168;72m██[38;2;203;141;66m██[38;2;187;115;65m██[38;2;175;91;43m██[38;2;210;151;67m██[38;2;254;246;126m██[38;2;235;233;151m██[38;2;18;16;15m  [38;2;0;0;0m    
[38;2;204;204;213m██[38;2;251;251;253m██[38;2;178;163;123m██[38;2;251;235;120m██[38;2;189;118;58m██[38;2;184;122;126m██[38;2;250;247;248m██[38;2;255;255;255m██████████[38;2;229;209;208m██[38;2;189;122;72m██[38;2;249;230;120m██[38;2;255;237;126m██[38;2;209;155;78m██[38;2;198;140;87m██[38;2;233;211;155m██[38;2;241;228;170m██[38;2;244;234;192m██[38;2;235;218;175m██[38;2;208;170;117m██[38;2;191;132;78m██[38;2;197;129;66m██[38;2;216;161;78m██[38;2;235;197;100m██[38;2;250;232;121m██[38;2;253;199;101m██[38;2;122;122;92m██[38;2;0;0;0m    
[38;2;178;182;198m██[38;2;253;253;254m██[38;2;153;153;150m██[38;2;255;232;116m██[38;2;254;234;125m██[38;2;213;162;78m██[38;2;189;122;78m██[38;2;203;156;134m██[38;2;214;177;163m██[38;2;215;179;165m██[38;2;212;173;156m██[38;2;199;146;114m██[38;2;210;160;82m██[38;2;250;232;120m██[38;2;239;216;112m██[38;2;191;121;54m██[38;2;212;134;81m██[38;2;252;240;192m██[38;2;216;177;125m██[38;2;242;223;160m██[38;2;255;245;179m██[38;2;255;247;184m██[38;2;255;251;195m██[38;2;254;250;191m██[38;2;236;225;171m██[38;2;213;180;145m██[38;2;191;138;106m██[38;2;170;89;63m██[38;2;158;49;32m██[38;2;97;39;28m██[38;2;13;15;14m  [38;2;0;0;0m  
[38;2;136;122;121m██[38;2;191;200;223m██[38;2;154;112;87m██[38;2;253;221;107m██[38;2;254;231;123m██[38;2;255;224;118m██[38;2;255;239;126m██[38;2;253;225;113m██[38;2;243;202;97m██[38;2;241;200;95m██[38;2;249;214;104m██[38;2;254;244;127m██[38;2;249;236;126m██[38;2;210;158;73m██[38;2;162;72;27m██[38;2;239;195;132m██[38;2;246;202;137m██[38;2;243;186;122m██[38;2;250;222;155m██[38;2;244;229;163m██[38;2;255;245;177m██[38;2;255;243;175m██[38;2;255;243;173m██[38;2;255;243;174m████[38;2;255;247;178m██[38;2;255;254;198m██[38;2;255;254;218m██[38;2;252;254;215m██[38;2;248;251;206m██[38;2;231;239;193m██[38;2;152;160;140m██
[38;2;238;170;81m██[38;2;217;151;77m██[38;2;239;160;73m██[38;2;240;154;68m██[38;2;251;190;90m██[38;2;253;226;117m██[38;2;255;236;125m██[38;2;255;230;121m██[38;2;255;225;118m████[38;2;253;237;125m██[38;2;204;146;64m██[38;2;187;123;70m██[38;2;228;202;145m██[38;2;252;245;180m██[38;2;255;245;177m██[38;2;254;244;176m██[38;2;254;245;176m██[38;2;254;244;175m██[38;2;255;245;177m██[38;2;255;244;175m██[38;2;255;244;176m████[38;2;255;244;175m████[38;2;255;243;174m██[38;2;255;244;174m██[38;2;255;243;175m██[38;2;255;246;181m██[38;2;255;251;194m██[38;2;255;254;210m██[38;2;255;255;210m██
[38;2;238;166;79m██[38;2;241;167;78m██[38;2;243;169;78m██[38;2;197;102;46m██[38;2;170;67;29m██[38;2;240;165;76m██[38;2;231;163;78m██[38;2;217;162;81m██[38;2;252;220;113m██[38;2;250;225;118m██[38;2;196;126;57m██[38;2;218;182;132m██[38;2;253;251;192m██[38;2;255;249;180m██[38;2;255;242;174m██[38;2;255;243;174m██[38;2;255;243;175m██[38;2;255;244;175m██[38;2;255;244;176m██[38;2;255;245;176m██[38;2;255;244;176m████████[38;2;255;245;176m██[38;2;255;244;176m██[38;2;255;244;175m████[38;2;255;243;174m██[38;2;255;242;171m██[38;2;255;243;175m██[38;2;255;252;199m██
[38;2;242;164;76m██[38;2;234;155;71m██[38;2;228;144;65m██[38;2;188;116;58m██[38;2;242;225;122m██[38;2;187;92;43m██[38;2;178;96;47m██[38;2;182;110;54m██[38;2;235;157;72m██[38;2;213;129;54m██[38;2;203;112;63m██[38;2;253;236;167m██[38;2;255;254;188m██[38;2;255;249;179m██[38;2;255;245;176m██████████████[38;2;255;246;176m██[38;2;255;246;177m████[38;2;255;246;176m██[38;2;255;245;176m████[38;2;255;244;176m██[38;2;255;244;175m██[38;2;255;243;175m██[38;2;255;243;174m██[38;2;255;245;182m██
[38;2;229;150;68m██[38;2;160;79;40m██[38;2;143;43;20m██[38;2;214;168;88m██[38;2;251;237;126m██[38;2;144;47;24m██[38;2;242;220;116m██[38;2;233;207;115m██[38;2;208;127;59m██[38;2;210;136;61m██[38;2;222;138;84m██[38;2;235;154;94m██[38;2;251;226;163m██[38;2;255;253;187m██[38;2;255;254;189m██[38;2;255;253;188m██[38;2;255;253;186m██[38;2;255;253;182m██[38;2;255;250;179m██[38;2;255;248;178m██[38;2;255;247;177m██[38;2;255;246;177m██[38;2;255;245;177m██[38;2;255;246;177m████[38;2;255;245;177m██[38;2;255;245;176m████[38;2;255;244;176m██[38;2;255;243;175m██[38;2;255;242;170m██[38;2;255;250;197m██
[38;2;45;23;10m██[38;2;226;187;97m██[38;2;221;177;97m██[38;2;228;189;99m██[38;2;253;237;124m██[38;2;233;192;99m██[38;2;255;231;119m██[38;2;241;227;135m██[38;2;185;94;42m██[38;2;228;169;79m██[38;2;184;97;47m██[38;2;245;180;115m██[38;2;244;170;107m██[38;2;242;178;115m██[38;2;241;185;121m██[38;2;242;194;129m██[38;2;244;202;138m██[38;2;247;215;149m██[38;2;250;230;166m██[38;2;253;247;181m██[38;2;255;253;188m██[38;2;255;252;183m██[38;2;255;250;180m██[38;2;255;249;178m██[38;2;255;248;178m██[38;2;255;247;177m██[38;2;255;246;177m████[38;2;255;245;176m██[38;2;255;246;177m██[38;2;255;249;193m██[38;2;253;238;179m██
[38;2;0;0;0m  [38;2;108;107;56m██[38;2;254;236;125m██[38;2;255;229;120m██[38;2;255;235;123m██[38;2;255;228;120m██[38;2;255;239;124m██[38;2;239;224;133m██[38;2;183;88;39m██[38;2;249;191;94m██[38;2;212;138;58m██[38;2;178;96;46m██[38;2;225;158;98m██[38;2;237;176;114m██[38;2;239;183;120m██[38;2;242;186;122m██[38;2;242;185;120m██[38;2;241;181;116m██[38;2;237;171;108m██[38;2;237;173;111m██[38;2;242;197;134m██[38;2;249;230;164m██[38;2;253;244;184m██[38;2;254;251;186m██[38;2;255;254;185m██[38;2;255;253;184m██[38;2;255;252;183m██[38;2;254;250;180m██[38;2;253;247;179m██[38;2;252;243;179m██[38;2;250;217;151m██[38;2;241;180;120m██
[38;2;0;0;0m  [38;2;6;6;3m  [38;2;225;214;113m██[38;2;255;226;118m██[38;2;255;227;120m██[38;2;255;226;119m██[38;2;255;228;120m██[38;2;234;215;126m██[38;2;173;71;29m██[38;2;244;179;85m██[38;2;239;166;77m██[38;2;242;167;77m██[38;2;214;128;52m██[38;2;195;104;40m██[38;2;181;86;33m██[38;2;168;66;31m██[38;2;168;71;43m██[38;2;198;120;80m██[38;2;241;183;120m██[38;2;247;192;124m██[38;2;238;172;108m██[38;2;233;160;98m██[38;2;233;158;97m██[38;2;238;175;112m██[38;2;247;204;139m██[38;2;247;211;146m██[38;2;243;203;137m██[38;2;241;191;126m██[38;2;247;183;117m██[38;2;254;194;125m██[38;2;226;182;133m██[38;2;60;56;48m██
[38;2;0;0;0m  [38;2;2;1;1m  [38;2;202;190;99m██[38;2;255;227;119m██[38;2;255;225;118m██████[38;2;242;228;131m██[38;2;143;32;14m██[38;2;240;167;77m██[38;2;242;165;74m██[38;2;238;156;70m██[38;2;239;159;72m██[38;2;241;166;76m██[38;2;242;171;79m██[38;2;242;173;80m██[38;2;232;162;75m██[38;2;213;139;65m██[38;2;186;98;48m██[38;2;176;82;47m██[38;2;193;106;67m██[38;2;209;130;84m██[38;2;221;147;94m██[38;2;229;160;102m██[38;2;234;169;108m██[38;2;232;169;108m██[38;2;226;161;103m██[38;2;184;149;98m██[38;2;135;114;81m██[38;2;66;58;44m  [38;2;9;12;12m  [38;2;0;0;0m  
[38;2;0;0;0m  [38;2;49;45;24m██[38;2;246;229;121m██[38;2;255;224;118m████[38;2;255;225;118m████[38;2;253;241;128m██[38;2;158;58;33m██[38;2;151;39;15m██[38;2;197;101;42m██[38;2;219;132;57m██[38;2;230;149;67m██[38;2;235;157;72m██[38;2;238;164;76m██[38;2;238;167;79m██[38;2;239;172;82m██[38;2;240;177;85m██[38;2;247;188;90m██[38;2;242;177;83m██[38;2;215;133;59m██[38;2;192;98;42m██[38;2;177;79;34m██[38;2;168;67;31m██[38;2;156;51;26m██[38;2;139;14;6m██[38;2;67;25;18m██[38;2;0;1;1m  [38;2;0;0;0m        
[38;2;11;6;2m  [38;2;243;219;111m██[38;2;255;229;121m██[38;2;255;231;121m██[38;2;255;241;125m██[38;2;255;226;118m██[38;2;255;226;119m██[38;2;254;233;119m██[38;2;208;141;84m██[38;2;203;105;42m██[38;2;237;153;67m██[38;2;220;137;61m██[38;2;220;140;63m██[38;2;225;148;68m██[38;2;238;165;77m██[38;2;239;170;81m██[38;2;240;173;83m██[38;2;240;174;84m██[38;2;240;173;83m██[38;2;238;166;77m██[38;2;236;154;69m██[38;2;236;150;66m██[38;2;239;158;71m██[38;2;243;169;79m██[38;2;249;189;91m██[38;2;196;131;79m██[38;2;178;98;67m██[38;2;130;136;102m  [38;2;3;5;6m  [38;2;0;0;0m      
[38;2;101;72;33m██[38;2;254;218;109m██[38;2;255;232;122m██[38;2;255;236;123m██[38;2;255;237;124m██[38;2;255;231;121m██[38;2;255;232;122m██[38;2;250;214;107m██[38;2;243;194;108m██[38;2;176;75;36m██[38;2;246;164;72m██[38;2;239;163;75m██[38;2;240;167;78m██[38;2;240;169;79m██[38;2;239;171;81m██[38;2;239;173;83m██[38;2;240;173;83m██[38;2;238;167;79m██[38;2;240;173;82m██[38;2;245;197;97m██[38;2;249;215;108m██[38;2;251;220;112m██[38;2;251;223;114m██[38;2;250;219;111m██[38;2;248;206;102m██[38;2;249;197;98m██[38;2;201;138;89m██[38;2;202;117;55m██[38;2;209;194;127m██[38;2;71;73;58m  [38;2;0;0;0m    [0m
