
[38;2;118;114;111m  [38;2;145;141;139m  [38;2;58;52;51m  [38;2;253;253;253m██[38;2;254;254;254m██[38;2;255;255;255m██[38;2;253;253;253m██[38;2;248;248;248m██[38;2;146;144;144m██[38;2;253;253;253m██[38;2;255;255;255m██████████[38;2;212;210;210m██[38;2;253;252;253m██[38;2;194;191;190m  [38;2;37;29;28m  [38;2;0;0;0m  [38;2;84;78;67m  [38;2;48;45;44m  [38;2;0;0;0m                    
[38;2;224;222;222m██[38;2;167;163;162m██[38;2;254;253;254m██[38;2;255;255;255m██[38;2;254;254;254m██[38;2;205;204;205m██[38;2;214;212;212m██[38;2;190;188;187m██[38;2;191;189;188m██[38;2;251;251;251m██[38;2;255;255;255m████████[38;2;253;253;253m██[38;2;85;79;79m██[38;2;73;67;64m██[38;2;85;80;79m██[38;2;253;253;253m██[38;2;79;72;70m  [38;2;252;252;252m██[38;2;32;25;22m  [38;2;27;20;16m  [38;2;0;0;0m                  
[38;2;242;241;240m██[38;2;254;254;255m██[38;2;254;254;254m██[38;2;238;237;237m██[38;2;254;254;254m██[38;2;219;217;218m██[38;2;138;133;131m██[38;2;135;129;128m██[38;2;254;254;254m████[38;2;255;255;255m████████[38;2;254;254;254m████[38;2;115;110;109m██[38;2;73;67;66m██[38;2;107;102;100m██[38;2;254;254;254m██[38;2;125;119;118m██[38;2;251;250;250m██[38;2;188;184;184m██[38;2;48;38;35m  [38;2;17;14;16m  [38;2;0;0;0m              
[38;2;255;255;255m████[38;2;247;246;246m██[38;2;253;252;252m██[38;2;79;74;74m██[38;2;254;254;254m██[38;2;238;236;236m██[38;2;216;215;215m██[38;2;136;134;132m██[38;2;157;153;154m██[38;2;254;254;254m██[38;2;255;255;255m████[38;2;254;254;254m██[38;2;117;112;113m██[38;2;82;75;74m██[38;2;183;180;180m██[38;2;253;253;253m██[38;2;67;61;61m██[38;2;254;254;254m██[38;2;253;253;253m██[38;2;60;54;50m██[38;2;241;240;239m██[38;2;189;187;186m██[38;2;138;134;131m  [38;2;23;19;19m  [38;2;0;0;0m            
[38;2;255;255;255m██[38;2;254;254;254m██[38;2;107;101;101m██[38;2;127;122;120m██[38;2;254;254;254m████[38;2;188;185;185m██[38;2;254;254;254m██[38;2;240;239;239m██[38;2;221;221;220m██[38;2;223;222;222m██[38;2;254;254;254m████[38;2;179;177;177m██[38;2;246;246;246m██[38;2;254;254;254m██[38;2;45;35;34m██[38;2;253;251;252m██[38;2;253;253;253m██[38;2;72;64;63m██[38;2;137;133;133m██[38;2;253;253;253m██[38;2;116;111;111m██[38;2;116;109;108m██[38;2;254;254;254m██[38;2;36;26;21m  [38;2;4;4;4m  [38;2;0;0;0m          
[38;2;255;255;255m██[38;2;253;253;253m██[38;2;168;163;164m██[38;2;255;255;255m██[38;2;253;253;253m██[38;2;76;71;69m██[38;2;26;23;23m██[38;2;30;21;19m██[38;2;247;246;246m██[38;2;255;255;255m██[38;2;254;254;254m██[38;2;70;66;66m██[38;2;119;117;117m██[38;2;253;253;253m██[38;2;250;249;249m██[38;2;62;54;52m██[38;2;22;11;9m██[38;2;49;41;38m██[38;2;253;253;253m██[38;2;254;253;253m██[38;2;133;127;126m██[38;2;255;255;255m██[38;2;203;201;202m██[38;2;28;18;15m██[38;2;253;253;253m██[38;2;254;254;254m██[38;2;32;24;19m  [38;2;0;0;0m          
[38;2;255;255;255m██[38;2;235;233;233m██[38;2;253;253;253m████[38;2;89;85;85m██[38;2;253;253;253m██[38;2;254;254;254m██[38;2;253;252;252m██[38;2;34;22;19m██[38;2;252;252;252m██[38;2;255;255;255m██████[38;2;248;248;247m██[38;2;127;123;121m██[38;2;254;254;254m██[38;2;253;253;253m██[38;2;254;254;254m██[38;2;52;45;42m██[38;2;254;253;254m██[38;2;228;227;227m██[38;2;254;254;254m██[38;2;253;253;253m██[38;2;37;27;24m██[38;2;253;253;253m██[38;2;255;255;255m██[38;2;171;167;167m  [38;2;30;29;29m  [38;2;0;0;0m        
[38;2;255;255;255m██[38;2;150;146;145m██[38;2;254;254;254m██[38;2;173;168;168m██[38;2;253;253;253m██[38;2;255;255;255m██████[38;2;207;205;205m██[38;2;253;254;254m██[38;2;255;255;255m██[38;2;254;254;254m██[38;2;254;253;253m██[38;2;99;91;90m██[38;2;254;254;254m██[38;2;255;255;255m████[38;2;255;255;254m██[38;2;245;244;245m██[38;2;242;241;241m██[38;2;244;243;243m██[38;2;254;254;254m██[38;2;255;254;255m██[38;2;25;16;12m██[38;2;252;252;252m██[38;2;255;255;255m██[38;2;254;254;254m██[38;2;31;21;18m  [38;2;0;0;0m        
[38;2;254;254;254m██[38;2;94;89;89m██[38;2;254;254;254m██[38;2;253;253;253m██[38;2;75;67;67m██[38;2;254;254;254m██████[38;2;42;36;36m██[38;2;255;255;255m██[38;2;98;94;92m██[38;2;84;75;74m██[38;2;254;254;254m██[38;2;247;247;247m██[38;2;202;201;202m██[38;2;255;255;255m████[38;2;225;225;225m██[38;2;216;214;214m██[38;2;209;206;206m██[38;2;247;247;246m██[38;2;254;254;254m████[38;2;47;37;34m██[38;2;250;250;250m██[38;2;255;255;255m████[38;2;107;99;98m  [38;2;0;0;0m        
[38;2;254;254;254m██[38;2;100;99;98m██[38;2;254;254;254m██[38;2;109;103;103m██[38;2;251;250;250m██[38;2;251;251;251m██[38;2;120;113;113m██[38;2;224;223;223m██[38;2;254;254;254m██[38;2;248;248;248m██[38;2;116;111;110m██[38;2;131;127;129m██[38;2;238;237;237m██[38;2;35;26;23m██[38;2;254;253;254m██[38;2;254;254;254m████[38;2;255;255;255m██[38;2;140;134;134m██[38;2;251;251;251m██[38;2;249;249;249m██[38;2;254;254;254m████[38;2;138;133;132m██[38;2;244;244;243m██[38;2;255;255;255m████[38;2;232;231;231m  [38;2;13;11;10m  [38;2;0;0;0m      
[38;2;254;254;254m██[38;2;133;133;131m██[38;2;253;253;253m██[38;2;71;64;59m██[38;2;254;254;254m██[38;2;33;20;18m██[38;2;30;19;16m██[38;2;148;144;143m██[38;2;254;254;254m██[38;2;242;242;242m██[38;2;105;99;100m██[38;2;96;89;89m██[38;2;123;121;123m██[38;2;109;104;103m██[38;2;254;254;254m██[38;2;38;28;25m██[38;2;75;69;67m██[38;2;254;254;254m██[38;2;224;222;222m██[38;2;250;250;250m██[38;2;222;220;220m██[38;2;255;255;255m████[38;2;200;196;197m██[38;2;251;251;251m██[38;2;255;255;255m██[38;2;254;254;254m████[38;2;137;135;148m  [38;2;0;0;0m      
[38;2;254;254;254m██[38;2;156;151;151m██[38;2;254;254;254m██[38;2;102;93;88m██[38;2;215;213;213m██[38;2;252;252;252m██[38;2;236;236;235m██[38;2;254;254;254m██[38;2;203;199;199m██[38;2;160;158;158m██[38;2;220;218;218m██[38;2;175;171;171m██[38;2;182;181;180m██[38;2;58;51;49m██[38;2;253;253;253m██[38;2;18;11;11m██[38;2;124;120;119m██[38;2;254;254;254m██[38;2;177;172;172m██[38;2;75;69;70m██[38;2;245;244;244m██[38;2;254;254;254m██[38;2;255;255;255m██[38;2;248;248;248m██[38;2;37;26;23m██[38;2;242;242;241m██[38;2;137;133;131m██[38;2;195;193;192m██[38;2;41;34;33m  [38;2;0;0;0m      
[38;2;254;254;254m██[38;2;66;58;57m██[38;2;199;198;197m██[38;2;95;93;92m██[38;2;182;180;178m██[38;2;255;255;254m██[38;2;255;255;255m██[38;2;254;254;254m██[38;2;226;224;224m██[38;2;254;254;254m██[38;2;255;255;255m██[38;2;254;254;254m████[38;2;84;77;78m██[38;2;82;77;78m██[38;2;254;253;254m██[38;2;254;254;254m██[38;2;253;253;253m██[38;2;38;29;29m██[38;2;234;233;233m██[38;2;249;248;248m██[38;2;254;254;254m██[38;2;255;255;255m██[38;2;249;248;249m██[38;2;37;27;24m  [38;2;48;40;36m  [38;2;32;23;20m  [38;2;40;29;29m  [38;2;52;50;14m  [38;2;0;0;0m      
[38;2;254;254;254m██[38;2;72;64;65m██[38;2;210;210;210m██[38;2;104;100;101m██[38;2;253;253;253m██[38;2;255;255;255m██████[38;2;253;253;253m██[38;2;216;213;214m██[38;2;222;220;220m██[38;2;245;245;245m██[38;2;254;254;254m██[38;2;220;219;219m██[38;2;254;254;254m██[38;2;255;255;255m████[38;2;252;252;252m██[38;2;253;252;252m██[38;2;221;220;219m██[38;2;105;99;96m██[38;2;254;254;254m██[38;2;255;255;255m██[38;2;250;250;250m██[38;2;33;24;22m  [38;2;0;0;0m              
[38;2;253;253;253m██[38;2;112;107;107m██[38;2;254;255;255m██[38;2;254;254;254m██[38;2;255;255;255m██████████[38;2;252;252;252m██[38;2;250;250;250m██[38;2;233;232;232m██[38;2;189;186;186m██[38;2;254;254;254m██[38;2;255;255;255m████████[38;2;143;140;139m██[38;2;82;74;73m██[38;2;75;66;66m██[38;2;79;73;72m██[38;2;237;236;236m██[38;2;236;235;235m  [38;2;37;30;28m  [38;2;0;0;0m              
[38;2;254;254;254m██[38;2;82;78;77m██[38;2;255;254;255m██[38;2;255;255;255m██████████████████████████████[38;2;254;254;254m██████[38;2;252;252;252m██[38;2;250;250;250m██[38;2;179;176;174m  [38;2;167;163;163m  [38;2;0;0;0m              
[38;2;255;255;255m██[38;2;129;124;124m██[38;2;254;254;254m████[38;2;251;251;251m██[38;2;254;254;254m██[38;2;255;255;255m██████████████████████████████[38;2;192;190;189m██[38;2;254;254;254m██[38;2;68;60;59m  [38;2;1;1;1m  [38;2;0;0;0m              
[38;2;255;255;255m██[38;2;233;231;231m██[38;2;185;183;182m██[38;2;185;183;183m██[38;2;253;254;254m██[38;2;191;189;188m██[38;2;98;93;93m██[38;2;254;254;254m████[38;2;255;255;255m████████████████████[38;2;255;254;254m██[38;2;248;248;247m██[38;2;34;26;25m██[38;2;253;252;253m██[38;2;22;11;9m  [38;2;33;0;0m  [38;2;0;0;0m              
[38;2;184;182;181m██[38;2;246;245;245m██[38;2;240;239;239m██[38;2;255;255;255m██████[38;2;254;253;254m██[38;2;161;158;157m██[38;2;78;71;71m██[38;2;252;252;252m██[38;2;254;254;254m██[38;2;255;255;255m██████[38;2;254;254;254m████████[38;2;253;253;253m██[38;2;144;139;139m██[38;2;32;22;19m██[38;2;103;98;95m██[38;2;250;250;250m██[38;2;32;24;20m  [38;2;0;0;0m                
[38;2;27;16;14m  [38;2;38;30;28m██[38;2;254;254;254m██[38;2;255;255;255m████████[38;2;254;254;254m██[38;2;158;152;152m██[38;2;201;198;197m██[38;2;153;151;150m██[38;2;254;254;254m████[38;2;240;239;238m██[38;2;53;46;44m██[38;2;29;19;17m██[38;2;59;51;50m██[38;2;115;110;111m██[38;2;32;22;19m██[38;2;254;254;254m██[38;2;122;115;114m██[38;2;226;225;225m██[38;2;127;120;119m  [38;2;0;0;0m                  
[38;2;20;15;15m  [38;2;81;73;71m  [38;2;255;255;255m██████[38;2;254;254;254m██[38;2;252;252;252m████[38;2;254;254;254m██[38;2;84;78;78m██[38;2;204;203;205m██[38;2;113;109;108m██[38;2;81;73;72m██[38;2;93;88;88m██[38;2;88;82;81m██[38;2;30;21;19m██[38;2;76;71;69m██[38;2;175;175;175m██[38;2;116;111;110m██[38;2;61;54;51m██[38;2;247;246;246m██[38;2;29;20;19m██[38;2;34;26;24m  [38;2;12;11;11m  [38;2;10;8;9m  [38;2;11;9;10m  [38;2;11;10;11m  [38;2;12;9;9m  [38;2;19;13;13m  [38;2;25;22;22m  [38;2;0;0;0m    
[38;2;23;19;19m  [38;2;155;151;150m██[38;2;255;255;255m██[38;2;253;253;253m██[38;2;203;201;200m██[38;2;70;66;66m██[38;2;213;211;211m██[38;2;201;197;197m██[38;2;79;73;72m██[38;2;247;247;246m██[38;2;145;141;141m██[38;2;102;98;97m██[38;2;157;154;154m██[38;2;254;254;254m██[38;2;221;220;219m██[38;2;93;87;86m██[38;2;204;201;200m██[38;2;52;44;43m██[38;2;192;189;188m██[38;2;153;148;146m██[38;2;120;114;112m██[38;2;134;128;127m██[38;2;155;149;146m██[38;2;159;154;150m  [38;2;153;148;145m  [38;2;172;167;166m  [38;2;172;166;166m  [38;2;171;167;167m  [38;2;163;161;159m  [38;2;171;169;168m  [38;2;82;73;70m  [38;2;26;15;12m  
[38;2;65;63;63m  [38;2;167;164;163m██[38;2;251;251;251m██[38;2;106;102;102m██[38;2;254;253;254m██[38;2;254;254;254m██[38;2;253;253;253m██[38;2;43;37;34m██[38;2;21;10;10m██[38;2;43;32;30m██[38;2;32;21;19m██[38;2;32;19;17m██[38;2;29;17;15m██[38;2;31;21;19m██[38;2;146;140;139m██[38;2;52;46;46m██[38;2;71;64;65m██[38;2;252;252;252m██[38;2;108;104;104m██[38;2;28;22;23m██[38;2;177;174;173m██[38;2;254;254;254m██[38;2;253;253;253m██[38;2;254;254;254m████[38;2;250;250;250m██[38;2;173;171;171m██[38;2;254;254;254m████[38;2;45;38;38m██[38;2;253;253;253m██[38;2;254;254;254m██
[38;2;18;16;16m  [38;2;186;184;183m██[38;2;255;255;255m████[38;2;254;254;254m██[38;2;76;70;70m██[38;2;67;61;61m██[38;2;254;254;254m██████[38;2;246;245;246m██[38;2;222;221;220m██[38;2;55;49;48m██[38;2;254;254;254m██[38;2;64;56;55m██[38;2;233;232;232m██[38;2;155;151;151m██[38;2;106;101;100m██[38;2;197;195;194m██[38;2;93;86;85m██[38;2;254;254;254m████████[38;2;200;198;198m██[38;2;252;251;251m██[38;2;255;254;254m██[38;2;253;253;253m██[38;2;33;30;29m██[38;2;254;254;254m██[38;2;130;125;125m██[38;2;95;90;90m██
[38;2;19;14;14m  [38;2;214;213;213m██[38;2;255;255;255m██[38;2;213;211;212m██[38;2;241;240;240m██[38;2;57;51;49m██[38;2;253;252;253m██[38;2;255;255;255m████[38;2;254;254;254m██[38;2;54;44;45m██[38;2;254;254;254m████[38;2;255;255;255m██[38;2;117;111;110m██[38;2;71;64;64m██[38;2;175;170;170m██[38;2;235;234;234m██[38;2;69;63;61m██[38;2;182;178;178m██[38;2;254;254;254m██[38;2;252;252;252m██[38;2;254;254;254m████[38;2;253;253;253m██[38;2;255;255;255m██[38;2;254;254;254m██[38;2;50;42;42m██[38;2;247;247;247m██[38;2;111;107;106m██[38;2;57;50;49m██[38;2;23;13;11m██
[38;2;63;48;47m  [38;2;253;253;253m██[38;2;194;192;192m██[38;2;253;253;253m██[38;2;147;145;143m██[38;2;240;241;240m██[38;2;255;254;255m██[38;2;254;254;254m██[38;2;201;198;200m██[38;2;255;255;255m██[38;2;254;254;254m██[38;2;255;255;255m██████[38;2;233;231;231m██[38;2;85;74;70m██[38;2;253;253;253m██[38;2;251;250;250m██[38;2;183;180;179m██[38;2;76;71;70m██[38;2;230;229;229m██[38;2;200;197;197m██[38;2;77;70;69m██[38;2;139;136;137m██[38;2;254;254;254m████[38;2;73;66;65m██[38;2;214;212;212m██[38;2;106;101;97m██[38;2;154;149;149m██[38;2;33;23;22m██[38;2;34;24;22m██
[38;2;24;15;13m  [38;2;253;253;253m██[38;2;245;244;244m██[38;2;91;86;86m██[38;2;254;254;254m██[38;2;138;134;132m██[38;2;253;252;252m██[38;2;209;207;208m██[38;2;252;252;252m██[38;2;253;253;253m██[38;2;105;99;99m██[38;2;218;217;217m██[38;2;254;254;254m██[38;2;255;255;255m██[38;2;254;254;254m██[38;2;53;45;42m██[38;2;245;245;245m██[38;2;254;254;254m██[38;2;255;255;255m██[38;2;254;254;254m██[38;2;253;253;253m██[38;2;244;244;244m██[38;2;194;191;190m██[38;2;95;92;91m██[38;2;229;228;228m██[38;2;61;55;56m██[38;2;191;188;187m██[38;2;118;114;112m██[38;2;140;136;135m██[38;2;135;130;130m██[38;2;33;23;21m██[38;2;25;14;14m██
[38;2;45;35;33m  [38;2;127;119;120m██[38;2;252;252;252m██[38;2;253;252;252m██[38;2;253;254;253m██[38;2;89;82;82m██[38;2;254;254;254m██[38;2;255;254;254m██[38;2;255;255;255m████[38;2;188;187;187m██[38;2;250;250;250m██[38;2;98;94;94m██[38;2;254;254;254m████[38;2;34;26;24m██[38;2;37;28;24m██[38;2;33;22;20m██[38;2;88;81;79m██[38;2;232;231;231m██[38;2;254;254;254m██████[38;2;154;151;151m██[38;2;148;143;142m██[38;2;249;249;248m██[38;2;94;86;86m██[38;2;250;250;250m██[38;2;119;113;112m██[38;2;252;252;252m██[38;2;201;199;197m██[38;2;206;204;204m██
[38;2;47;38;35m  [38;2;143;138;140m██[38;2;74;67;67m██[38;2;254;254;254m██[38;2;237;237;236m██[38;2;254;254;254m██[38;2;255;255;255m██[38;2;202;202;203m██[38;2;254;254;254m██[38;2;255;255;255m██[38;2;254;254;254m██[38;2;191;189;189m██[38;2;242;242;242m██[38;2;107;99;98m██[38;2;117;112;111m██[38;2;31;20;18m██[38;2;87;79;78m██[38;2;81;74;72m██[38;2;237;236;236m██[38;2;29;18;16m██[38;2;30;20;17m██[38;2;67;57;55m██[38;2;116;111;110m██[38;2;195;193;192m██[38;2;240;240;240m██[38;2;78;71;71m██[38;2;222;221;221m██[38;2;255;254;255m██[38;2;254;254;254m██[38;2;178;176;175m██[38;2;100;94;92m██[38;2;184;182;181m  
[38;2;23;13;9m  [38;2;110;105;103m██[38;2;161;155;155m██[38;2;245;245;245m██[38;2;255;255;255m██████[38;2;253;253;253m██[38;2;148;143;144m██[38;2;253;253;253m██[38;2;226;224;225m██[38;2;53;44;43m██[38;2;31;20;18m██[38;2;241;241;241m██[38;2;83;76;76m██[38;2;97;91;89m██[38;2;229;228;228m██[38;2;180;177;176m██[38;2;31;21;19m██[38;2;201;198;198m  [38;2;43;33;33m  [38;2;31;20;18m  [38;2;33;22;21m██[38;2;35;23;21m██[38;2;251;250;250m██[38;2;169;164;163m██[38;2;254;254;254m██[38;2;255;255;255m██[38;2;187;184;184m██[38;2;79;71;68m██[38;2;74;66;66m  [38;2;55;70;67m  
[38;2;40;31;31m  [38;2;95;88;87m██[38;2;78;71;68m██[38;2;244;243;243m██[38;2;254;254;254m██[38;2;111;107;107m██[38;2;254;254;254m██[38;2;253;253;253m██[38;2;210;209;209m██[38;2;154;151;151m██[38;2;247;246;246m██[38;2;133;130;129m██[38;2;253;253;253m██[38;2;209;207;206m██[38;2;102;98;95m██[38;2;244;244;243m██[38;2;38;31;27m██[38;2;210;209;208m██[38;2;254;254;254m████[38;2;50;40;39m  [38;2;0;0;0m  [38;2;17;12;11m  [38;2;30;19;16m  [38;2;34;23;19m  [38;2;182;180;179m██[38;2;174;172;172m██[38;2;139;135;135m██[38;2;96;91;90m██[38;2;63;59;59m  [38;2;14;12;11m  [38;2;0;0;0m  
[38;2;77;69;68m  [38;2;163;159;158m██[38;2;89;80;79m██[38;2;169;166;165m██[38;2;253;253;253m██[38;2;147;144;145m██[38;2;41;32;30m██[38;2;99;94;96m██[38;2;196;193;193m██[38;2;41;32;30m██[38;2;123;117;115m██[38;2;251;251;251m██[38;2;199;197;196m██[38;2;143;137;137m██[38;2;67;60;59m██[38;2;106;100;98m██[38;2;90;84;83m██[38;2;254;254;254m██[38;2;255;255;255m██[38;2;255;254;255m██[38;2;251;251;251m  [38;2;86;82;84m  [38;2;0;0;0m    [38;2;19;16;15m  [38;2;28;18;15m  [38;2;104;100;99m  [38;2;232;231;230m██[38;2;38;31;30m  [38;2;20;10;20m  [38;2;0;0;0m    [0m
