
[38;2;0;0;0m                        [38;2;0;0;21m  [38;2;12;14;40m  [38;2;65;90;139m  [38;2;19;32;105m  [38;2;4;0;21m  [38;2;0;0;0m                  [38;2;4;0;27m  [38;2;18;23;78m  [38;2;91;165;194m  [38;2;119;224;248m██[38;2;121;227;254m██[38;2;67;128;191m  
[38;2;0;0;0m                [38;2;35;49;127m  [38;2;56;90;142m  [38;2;18;23;89m  [38;2;35;37;93m  [38;2;191;230;245m██[38;2;103;178;233m██[38;2;20;36;104m  [38;2;0;0;0m                    [38;2;27;36;92m  [38;2;70;194;242m  [38;2;36;177;246m██[38;2;33;176;247m██[38;2;29;175;246m████[38;2;31;178;248m██
[38;2;0;0;0m              [38;2;13;4;66m  [38;2;30;174;246m██[38;2;30;170;244m██[38;2;41;104;168m██[38;2;171;229;255m██[38;2;103;177;233m██[38;2;36;87;164m██[38;2;0;0;10m  [38;2;0;0;0m                [38;2;20;11;72m  [38;2;38;137;225m  [38;2;32;162;242m██[38;2;66;188;248m██[38;2;31;172;246m██[38;2;30;173;245m██[38;2;30;174;246m██[38;2;30;176;246m██[38;2;30;178;247m██
[38;2;0;0;0m              [38;2;43;103;220m██[38;2;32;169;244m██[38;2;100;206;251m██[38;2;94;119;162m██[38;2;157;224;254m██[38;2;49;132;219m██[38;2;30;142;231m██[38;2;53;127;239m██[38;2;33;42;111m  [38;2;2;1;10m  [38;2;0;0;0m          [38;2;29;30;96m  [38;2;38;140;239m██[38;2;35;142;236m██[38;2;44;160;240m██[38;2;48;173;245m██[38;2;31;169;244m██[38;2;30;171;245m██[38;2;30;173;245m██[38;2;30;174;246m██[38;2;31;173;246m██
[38;2;0;0;0m            [38;2;1;1;8m  [38;2;32;166;245m██[38;2;32;163;243m██[38;2;32;158;241m██[38;2;27;120;203m██[38;2;83;159;225m██[38;2;29;68;138m██[38;2;32;125;232m██[38;2;32;119;231m██[38;2;37;110;226m██[38;2;19;70;178m██[38;2;14;10;55m  [38;2;0;0;0m      [38;2;23;33;110m  [38;2;39;119;233m██[38;2;38;121;231m██[38;2;37;130;233m██[38;2;36;140;236m██[38;2;34;151;239m██[38;2;32;161;242m██[38;2;32;167;243m██[38;2;31;170;245m██[38;2;31;172;245m██[38;2;39;138;236m██
[38;2;0;0;0m            [38;2;15;11;78m  [38;2;33;158;241m██[38;2;33;153;241m██[38;2;29;135;229m██[38;2;24;82;172m██[38;2;96;154;200m██[38;2;30;62;136m██[38;2;28;64;160m██[38;2;33;71;171m██[38;2;27;55;146m██[38;2;25;49;139m██[38;2;34;78;183m██[38;2;30;65;163m  [38;2;20;30;108m  [38;2;23;27;100m  [38;2;38;102;219m██[38;2;40;109;227m██[38;2;39;112;228m██[38;2;38;118;229m██[38;2;37;126;231m██[38;2;36;137;235m██[38;2;35;149;238m██[38;2;34;158;241m██[38;2;33;163;242m██[38;2;33;158;242m██[38;2;38;133;233m██
[38;2;0;0;0m            [38;2;19;32;112m  [38;2;25;45;121m██[38;2;93;167;228m██[38;2;132;183;211m██[38;2;158;229;255m██[38;2;128;201;246m██[38;2;152;220;255m██[38;2;151;221;255m██[38;2;154;224;252m██[38;2;52;103;198m██[38;2;46;120;210m██[38;2;49;127;214m██[38;2;67;132;170m██[38;2;51;125;203m██[38;2;50;130;215m██[38;2;45;114;197m██[38;2;38;95;209m██[38;2;40;108;227m██[38;2;40;110;227m██[38;2;40;115;229m██[38;2;40;119;229m██[38;2;39;127;232m██[38;2;37;138;235m██[38;2;36;145;237m██[38;2;38;138;235m██[38;2;21;83;187m██
[38;2;0;0;0m        [38;2;0;0;2m  [38;2;164;172;142m  [38;2;66;142;220m██[38;2;152;221;255m████[38;2;119;171;203m██[38;2;158;230;255m██[38;2;43;124;215m██[38;2;152;221;254m██[38;2;151;221;255m██[38;2;152;221;255m████[38;2;154;223;254m██[38;2;51;123;211m██[38;2;48;125;214m██[38;2;19;42;146m██[38;2;64;83;88m██[38;2;34;81;193m██[38;2;31;75;185m██[38;2;19;30;113m██[38;2;46;112;230m██[38;2;44;111;230m██[38;2;44;111;228m██[38;2;44;112;229m██[38;2;42;117;229m██[38;2;40;127;232m██[38;2;42;124;233m██[38;2;17;67;173m██
[38;2;0;0;0m      [38;2;15;15;75m  [38;2;159;191;181m██[38;2;189;236;220m██[38;2;152;221;255m████[38;2;40;74;148m██[38;2;68;120;207m██[38;2;152;221;255m██[38;2;31;84;167m██[38;2;44;124;212m██[38;2;153;222;255m██[38;2;151;221;255m████[38;2;151;220;255m██[38;2;151;219;254m██[38;2;83;147;223m██[38;2;92;167;176m██[38;2;64;85;100m██[38;2;123;147;83m██[38;2;144;215;252m██[38;2;148;218;253m██[38;2;9;22;110m██[38;2;17;62;165m██[38;2;16;43;132m██[38;2;15;36;123m██[38;2;37;89;195m██[38;2;42;117;230m██[38;2;39;110;223m██[38;2;17;66;173m██
[38;2;0;0;0m    [38;2;26;25;75m  [38;2;137;180;185m██[38;2;252;254;151m██[38;2;171;227;228m██[38;2;186;231;216m██[38;2;161;229;254m██[38;2;156;225;236m██[38;2;25;46;131m██[38;2;141;209;241m██[38;2;152;221;254m██[38;2;42;71;128m██[38;2;48;130;218m██[38;2;86;164;232m██[38;2;157;228;254m██[38;2;161;233;183m██[38;2;153;222;235m██[38;2;175;253;95m██[38;2;33;81;194m██[38;2;44;123;217m██[38;2;26;57;157m██[38;2;80;102;86m██[38;2;147;217;253m██[38;2;35;90;193m██[38;2;14;49;149m██[38;2;18;65;173m████[38;2;17;65;172m██[38;2;44;114;229m██[38;2;36;100;212m██[38;2;17;65;173m██
[38;2;0;0;0m  [38;2;6;6;65m  [38;2;183;205;172m██[38;2;174;227;223m██[38;2;247;252;156m██[38;2;149;219;253m██[38;2;253;254;150m██[38;2;73;150;224m██[38;2;150;222;250m██[38;2;150;221;253m██[38;2;21;42;131m██[38;2;32;76;183m██[38;2;36;94;198m██[38;2;44;121;210m██[38;2;30;70;148m██[38;2;133;202;236m██[38;2;151;220;254m██[38;2;158;230;208m██[38;2;151;220;254m██[38;2;153;222;248m██[38;2;45;111;205m██[38;2;48;127;215m██[38;2;38;100;204m██[38;2;73;120;195m██[38;2;38;106;194m██[38;2;107;179;229m██[38;2;18;66;173m██[38;2;17;65;171m██[38;2;40;103;219m██[38;2;44;111;227m██[38;2;38;99;214m██[38;2;28;77;180m██
[38;2;0;0;0m  [38;2;195;197;147m  [38;2;118;175;213m██[38;2;195;234;207m██[38;2;151;220;254m██[38;2;152;221;255m██[38;2;174;227;229m██[38;2;46;133;223m██[38;2;159;224;253m██[38;2;94;158;224m██[38;2;172;227;228m██[38;2;154;224;255m████[38;2;57;136;218m██[38;2;37;71;144m██[38;2;119;191;241m██[38;2;150;219;254m██[38;2;126;197;244m██[38;2;134;205;247m██[38;2;152;221;255m██[38;2;54;103;197m██[38;2;49;128;214m██[38;2;29;60;158m██[38;2;140;207;142m██[38;2;25;63;145m██[38;2;122;192;237m██[38;2;15;60;165m██[38;2;39;100;217m██[38;2;42;106;224m██[38;2;43;107;225m██[38;2;21;72;181m██[38;2;35;64;147m██
[38;2;15;14;37m  [38;2;100;159;221m██[38;2;68;132;215m██[38;2;149;217;252m██[38;2;145;214;251m██[38;2;151;220;255m██[38;2;150;220;254m██[38;2;47;133;223m██[38;2;196;242;254m██[38;2;51;97;194m██[38;2;156;223;252m██[38;2;153;220;252m██[38;2;154;220;252m██[38;2;49;126;211m██[38;2;200;122;121m██[38;2;65;142;220m██[38;2;141;210;249m██[38;2;146;215;250m██[38;2;72;149;223m██[38;2;79;155;225m██[38;2;155;225;253m██[38;2;47;113;205m██[38;2;39;92;173m██[38;2;50;131;216m██[38;2;67;111;171m██[38;2;40;120;211m██[38;2;25;55;138m██[38;2;19;68;176m██[38;2;25;79;189m██[38;2;32;89;203m██[38;2;69;127;207m██[38;2;16;69;175m██
[38;2;114;118;128m  [38;2;29;42;107m  [38;2;100;162;227m██[38;2;88;149;220m██[38;2;147;213;250m██[38;2;153;220;255m██[38;2;150;219;252m██[38;2;120;77;108m██[38;2;200;240;252m██[38;2;55;97;190m██[38;2;70;137;211m██[38;2;166;220;245m██[38;2;173;224;245m██[38;2;78;142;213m██[38;2;221;133;127m██[38;2;196;119;121m██[38;2;85;154;221m██[38;2;155;216;247m██[38;2;69;140;215m██[38;2;72;144;219m██[38;2;72;147;221m██[38;2;39;85;189m██[38;2;57;136;219m██[38;2;51;123;211m██[38;2;43;106;188m██[38;2;42;118;207m██[38;2;62;116;184m██[38;2;18;65;173m██[38;2;18;66;173m████[38;2;17;55;154m██[38;2;16;67;172m██
[38;2;33;53;130m  [38;2;36;83;178m  [38;2;99;159;224m██[38;2;52;109;202m██[38;2;154;216;249m██[38;2;164;226;255m██[38;2;49;123;209m██[38;2;221;143;136m██[38;2;185;207;223m██[38;2;100;125;180m██[38;2;99;147;203m██[38;2;173;207;226m██[38;2;136;172;209m██[38;2;94;127;170m██[38;2;234;176;163m██[38;2;233;182;167m██[38;2;174;108;120m██[38;2;122;170;217m██[38;2;163;209;234m██[38;2;102;161;217m██[38;2;91;157;221m██[38;2;78;152;223m██[38;2;69;147;223m██[38;2;54;122;213m██[38;2;59;139;222m██[38;2;39;95;175m██[38;2;70;140;211m██[38;2;18;66;173m██[38;2;16;63;171m██[38;2;25;53;141m██[38;2;16;63;170m██[38;2;42;114;229m██
[38;2;8;5;42m  [38;2;49;121;211m██[38;2;71;125;209m██[38;2;72;144;220m██[38;2;154;217;248m██[38;2;161;224;253m██[38;2;192;114;118m██[38;2;225;213;191m██[38;2;187;135;134m██[38;2;180;202;219m██[38;2;136;161;197m██[38;2;145;166;197m██[38;2;151;171;197m██[38;2;109;117;156m██[38;2;214;201;183m██[38;2;167;148;130m██[38;2;148;106;94m██[38;2;142;80;77m██[38;2;158;191;218m██[38;2;144;185;218m██[38;2;126;177;221m██[38;2;107;171;225m██[38;2;87;160;226m██[38;2;58;116;195m██[38;2;71;148;222m██[38;2;81;134;185m██[38;2;65;135;208m██[38;2;18;67;175m██[38;2;18;47;139m██[38;2;17;64;171m██[38;2;45;110;228m██[38;2;44;110;227m██
[38;2;0;0;23m  [38;2;64;140;221m██[38;2;42;92;193m██[38;2;76;153;225m██[38;2;143;208;245m██[38;2;94;162;223m██[38;2;234;183;170m██[38;2;229;221;199m██[38;2;218;210;191m██[38;2;143;138;163m██[38;2;161;168;194m██[38;2;170;185;203m██[38;2;109;112;148m██[38;2;129;102;131m██[38;2;255;237;213m████[38;2;244;233;213m██[38;2;99;78;73m██[38;2;211;129;119m██[38;2;120;123;156m██[38;2;162;200;225m██[38;2;136;188;227m██[38;2;112;177;231m██[38;2;49;84;151m██[38;2;146;216;250m██[38;2;53;114;190m██[38;2;44;95;172m██[38;2;18;67;174m██[38;2;21;72;180m██[38;2;45;110;228m██[38;2;44;110;227m████
[38;2;0;0;0m  [38;2;103;170;229m██[38;2;39;92;193m██[38;2;71;146;220m██[38;2;104;149;191m██[38;2;83;70;118m██[38;2;29;63;86m██[38;2;83;98;127m██[38;2;1;11;43m██[38;2;48;31;22m██[38;2;126;118;148m██[38;2;184;201;213m██[38;2;146;157;181m██[38;2;119;104;135m██[38;2;255;237;212m██[38;2;159;155;151m██[38;2;53;118;157m██[38;2;207;201;191m██[38;2;255;238;214m██[38;2;227;163;152m██[38;2;136;93;118m██[38;2;120;149;186m██[38;2;131;191;234m██[38;2;86;142;201m██[38;2;153;221;254m██[38;2;48;98;173m██[38;2;56;135;217m██[38;2;31;68;157m██[38;2;45;111;230m██[38;2;45;110;228m██[38;2;41;104;221m██[38;2;18;68;177m██
[38;2;5;51;69m  [38;2;120;159;200m  [38;2;61;131;213m██[38;2;81;151;221m██[38;2;70;103;161m██[38;2;187;135;132m██[38;2;173;166;189m██[38;2;98;145;184m██[38;2;10;17;52m██[38;2;3;11;51m██[38;2;253;238;213m██[38;2;243;227;206m██[38;2;149;152;172m██[38;2;252;239;214m██[38;2;218;203;183m██[38;2;32;25;24m██[38;2;99;103;103m██[38;2;81;74;67m██[38;2;201;169;147m██[38;2;255;222;196m██[38;2;177;169;165m██[38;2;192;227;238m██[38;2;149;207;242m██[38;2;78;122;180m██[38;2;155;224;253m██[38;2;47;99;178m██[38;2;55;133;217m██[38;2;155;223;251m██[38;2;142;212;240m██[38;2;45;74;147m██[38;2;20;23;94m  [38;2;17;15;85m  
[38;2;241;254;255m██[38;2;175;180;201m██[38;2;81;154;223m██[38;2;100;165;225m██[38;2;115;168;218m██[38;2;104;98;126m██[38;2;243;229;217m██[38;2;78;103;155m██[38;2;13;28;58m██[38;2;56;122;222m██[38;2;254;237;212m██[38;2;255;236;212m██████[38;2;255;240;216m██[38;2;255;244;225m██[38;2;255;244;224m██[38;2;247;227;201m██[38;2;245;211;182m██[38;2;255;225;206m██[38;2;182;146;142m██[38;2;193;228;238m██[38;2;134;189;230m██[38;2;105;173;230m██[38;2;151;219;255m██[38;2;41;100;199m██[38;2;132;202;246m██[38;2;51;125;208m██[38;2;78;145;212m██[38;2;149;218;245m██[38;2;121;177;209m  [38;2;2;2;33m  
[38;2;210;246;252m██[38;2;207;230;235m██[38;2;94;168;233m██[38;2;101;157;210m██[38;2;133;187;229m██[38;2;103;125;185m██[38;2;255;218;190m██[38;2;252;252;253m██[38;2;176;242;254m██[38;2;52;103;182m██[38;2;255;233;208m██[38;2;255;226;201m██[38;2;255;223;197m██[38;2;255;232;208m██[38;2;255;236;212m██[38;2;255;239;216m██[38;2;255;233;208m██[38;2;255;175;143m██[38;2;255;170;136m██[38;2;255;188;155m██[38;2;128;131;157m██[38;2;218;241;239m██[38;2;127;184;229m██[38;2;81;121;177m██[38;2;158;229;253m██[38;2;40;93;195m██[38;2;151;220;254m██[38;2;152;221;255m██[38;2;63;145;227m██[38;2;0;0;5m  [38;2;0;0;0m    
[38;2;70;189;238m██[38;2;88;118;139m██[38;2;83;84;135m██[38;2;46;72;147m██[38;2;131;196;237m██[38;2;114;150;191m██[38;2;223;185;163m██[38;2;255;210;180m██[38;2;215;210;188m██[38;2;255;228;201m██[38;2;255;227;201m██[38;2;255;221;193m██[38;2;255;221;195m██[38;2;255;231;206m██[38;2;172;121;104m██[38;2;253;198;174m██[38;2;238;222;199m██[38;2;255;217;189m██[38;2;255;206;175m██[38;2;255;204;173m██[38;2;189;205;219m██[38;2;149;195;228m██[38;2;113;179;231m██[38;2;75;104;154m██[38;2;42;60;122m██[38;2;35;85;190m██[38;2;153;222;254m██[38;2;152;221;254m██[38;2;152;221;255m██[38;2;14;26;100m  [38;2;0;0;0m    
[38;2;43;158;232m██[38;2;146;115;109m██[38;2;158;228;253m██[38;2;55;84;145m██[38;2;43;91;192m██[38;2;94;145;204m██[38;2;237;157;126m██[38;2;255;143;107m██[38;2;255;217;189m██[38;2;255;224;198m██[38;2;255;229;203m██[38;2;255;229;204m██[38;2;255;231;206m██[38;2;167;131;117m██[38;2;253;161;149m██[38;2;244;145;138m██[38;2;211;199;182m██[38;2;255;223;196m██[38;2;255;212;182m██[38;2;211;185;167m██[38;2;211;239;242m██[38;2;117;180;226m██[38;2;108;181;239m██[38;2;121;178;213m██[38;2;40;95;203m██[38;2;35;82;189m██[38;2;150;220;251m██[38;2;43;123;212m██[38;2;156;224;253m██[38;2;158;227;247m██[38;2;0;0;3m  [38;2;0;0;0m  
[38;2;99;213;243m██[38;2;84;133;188m██[38;2;55;88;153m██[38;2;106;180;239m██[38;2;127;196;242m██[38;2;60;91;181m██[38;2;255;216;185m██[38;2;255;213;184m██[38;2;255;219;191m██[38;2;255;224;198m██[38;2;255;230;204m██[38;2;255;234;210m██[38;2;254;238;215m██[38;2;186;118;108m██[38;2;181;162;149m██[38;2;249;245;224m██[38;2;255;235;211m██[38;2;255;233;210m██[38;2;255;234;208m██[38;2;95;104;145m██[38;2;121;160;202m██[38;2;160;224;251m██[38;2;135;205;246m██[38;2;159;227;253m██[38;2;35;83;191m██[38;2;27;55;147m██[38;2;111;181;234m██[38;2;153;223;250m██[38;2;25;49;123m  [38;2;42;123;213m  [38;2;60;119;192m  [38;2;7;5;39m  
[38;2;97;210;241m██[38;2;58;95;143m██[38;2;130;150;183m██[38;2;203;244;255m██[38;2;107;181;237m██[38;2;146;215;248m██[38;2;183;145;127m██[38;2;255;220;194m██[38;2;255;223;197m██[38;2;255;227;201m██[38;2;154;131;118m██[38;2;202;173;153m██[38;2;254;239;214m██[38;2;255;237;213m██████████[38;2;247;233;211m██[38;2;172;215;242m██[38;2;104;175;233m██[38;2;153;220;253m██[38;2;69;146;221m██[38;2;101;176;234m██[38;2;35;83;190m██[38;2;18;25;102m  [38;2;158;199;235m██[38;2;150;220;247m██[38;2;0;0;0m      [38;2;30;63;98m  
[38;2;140;210;238m  [38;2;110;217;243m██[38;2;212;242;247m██[38;2;94;169;232m██[38;2;151;220;252m██[38;2;153;222;241m██[38;2;72;133;218m██[38;2;194;174;163m██[38;2;255;229;204m██[38;2;255;231;206m██[38;2;255;234;209m██[38;2;255;236;212m████[38;2;255;237;212m████████[38;2;249;238;221m██[38;2;74;61;90m██[38;2;69;146;222m██[38;2;152;219;255m██[38;2;69;147;222m██[38;2;63;137;214m██[38;2;38;86;172m██[38;2;35;83;190m██[38;2;20;24;98m  [38;2;200;238;249m██[38;2;60;85;136m  [38;2;0;0;0m    [38;2;82;128;194m  [38;2;240;249;253m  
[38;2;50;60;99m  [38;2;12;17;28m  [38;2;200;230;247m██[38;2;133;207;244m██[38;2;80;115;157m██[38;2;115;120;143m██[38;2;74;102;147m██[38;2;122;133;185m██[38;2;106;102;138m██[38;2;194;178;166m██[38;2;255;243;224m██[38;2;255;237;212m██[38;2;255;237;213m██[38;2;255;237;212m██[38;2;255;243;223m██[38;2;208;194;180m██[38;2;107;95;122m██[38;2;136;148;195m██[38;2;125;133;175m██[38;2;125;196;243m██[38;2;89;163;229m██[38;2;56;117;188m██[38;2;36;83;188m██[38;2;36;85;194m██[38;2;20;24;95m  [38;2;15;31;115m  [38;2;169;181;203m  [38;2;0;0;2m  [38;2;0;0;0m  [38;2;71;117;180m  [38;2;245;253;254m██[38;2;139;235;249m██
[38;2;0;0;0m  [38;2;1;1;7m  [38;2;0;0;13m  [38;2;0;0;0m  [38;2;107;116;153m  [38;2;230;231;239m██[38;2;253;253;255m██[38;2;254;254;254m██[38;2;157;51;68m██[38;2;194;77;93m██[38;2;129;81;93m██[38;2;126;141;189m██[38;2;166;102;100m██[38;2;89;63;78m██[38;2;142;153;197m██[38;2;177;188;217m██[38;2;250;251;253m██[38;2;248;249;252m██[38;2;83;90;137m██[38;2;78;100;150m██[38;2;157;165;200m██[38;2;48;63;108m  [38;2;26;45;129m  [38;2;36;85;192m  [38;2;0;0;2m  [38;2;30;31;94m  [38;2;0;0;0m    [38;2;102;141;199m  [38;2;248;255;255m██[38;2;229;254;254m██[38;2;159;211;242m██
[38;2;23;29;58m  [38;2;62;71;126m  [38;2;0;0;0m    [38;2;48;54;81m  [38;2;249;250;253m██[38;2;249;251;252m██[38;2;250;250;251m██[38;2;232;81;107m██[38;2;230;81;107m██[38;2;233;80;106m██[38;2;229;83;108m██[38;2;131;45;56m██[38;2;230;119;124m██[38;2;228;114;121m██[38;2;206;81;97m██[38;2;173;159;161m██[38;2;75;82;112m██[38;2;188;197;222m██[38;2;253;253;254m██[38;2;252;252;254m██[38;2;205;212;230m██[38;2;28;34;57m  [38;2;34;52;124m  [38;2;0;0;0m      [38;2;140;169;213m  [38;2;245;255;255m██[38;2;177;210;242m██[38;2;77;191;236m██[38;2;95;220;244m██
[38;2;241;254;254m██[38;2;53;147;226m██[38;2;99;207;241m██[38;2;63;108;198m  [38;2;50;63;109m  [38;2;202;212;234m██[38;2;200;207;227m██[38;2;177;178;195m██[38;2;227;71;101m██[38;2;226;72;101m██[38;2;178;27;58m██[38;2;174;24;56m██[38;2;102;11;31m██[38;2;201;50;79m██[38;2;227;75;102m██[38;2;222;69;98m██[38;2;41;38;111m██[38;2;182;190;220m██[38;2;254;254;255m██[38;2;252;252;255m██[38;2;252;252;254m██[38;2;248;249;252m██[38;2;219;224;238m██[38;2;73;79;102m  [38;2;0;0;0m    [38;2;158;182;219m  [38;2;197;219;245m██[38;2;55;135;221m██[38;2;71;173;231m██[38;2;89;212;243m██[38;2;107;232;248m██
[38;2;66;145;226m██[38;2;106;199;238m██[38;2;105;198;238m██[38;2;86;192;236m██[38;2;90;193;237m██[38;2;59;118;213m  [38;2;63;85;137m  [38;2;69;16;30m  [38;2;161;14;46m██[38;2;164;14;47m██[38;2;90;8;26m██[38;2;99;91;121m██[38;2;140;9;38m██[38;2;228;69;100m██[38;2;225;66;98m██[38;2;105;12;51m██[38;2;35;29;141m██[38;2;254;254;254m██[38;2;254;254;255m██[38;2;252;252;254m██[38;2;248;248;251m██[38;2;237;240;246m██[38;2;199;207;228m██[38;2;239;240;245m  [38;2;0;0;0m  [38;2;137;171;218m  [38;2;47;110;215m██[38;2;51;123;218m██[38;2;62;150;226m██[38;2;80;191;237m██[38;2;115;226;246m██[38;2;138;239;250m██
[38;2;110;203;240m██[38;2;95;191;235m██[38;2;107;216;243m██[38;2;90;183;232m  [38;2;76;109;192m  [38;2;61;45;80m  [38;2;145;9;39m  [38;2;165;20;52m██[38;2;120;14;37m██[38;2;137;9;37m██[38;2;153;11;42m██[38;2;35;34;166m██[38;2;105;7;28m██[38;2;177;30;62m██[38;2;224;62;97m██[38;2;45;20;125m██[38;2;35;23;164m██[38;2;242;244;249m██[38;2;237;238;245m██[38;2;138;149;194m██[38;2;223;228;239m██[38;2;200;208;228m██[38;2;205;213;230m██[38;2;37;39;58m  [38;2;32;52;87m  [38;2;74;118;190m  [38;2;64;115;199m  [38;2;57;117;209m  [38;2;80;154;224m  [38;2;150;208;242m██[38;2;189;239;250m██[38;2;196;245;252m██[0m
