
[38;2;38;73;73m  [38;2;31;54;58m██[38;2;38;73;73m████[38;2;37;61;63m██[38;2;37;74;74m██[38;2;38;73;73m████[38;2;37;44;49m██[38;2;37;73;73m██[38;2;38;73;73m████[38;2;42;65;67m██[38;2;38;65;66m██[38;2;38;73;73m████[38;2;37;69;70m██[38;2;36;62;64m██[38;2;38;73;73m████[38;2;32;50;52m██[38;2;37;73;73m██[38;2;38;73;73m██[38;2;37;73;73m██[38;2;35;67;68m██[38;2;38;73;73m██████[38;2;33;60;61m██[38;2;38;73;73m████
[38;2;38;73;73m██[38;2;37;72;72m██[38;2;37;64;66m  [38;2;38;73;73m██[38;2;37;73;73m██[38;2;37;63;65m██[38;2;38;73;73m██████[38;2;36;60;62m██[38;2;38;73;73m██████[38;2;36;71;71m██[38;2;38;73;73m████[38;2;46;67;67m  [38;2;33;54;58m██[38;2;38;73;73m████[38;2;34;44;48m██[38;2;37;73;73m██[38;2;38;73;73m████[38;2;36;58;61m██[38;2;37;73;73m██[38;2;38;73;73m████[38;2;38;61;64m██[38;2;38;73;73m████
[38;2;38;73;73m████[38;2;31;38;42m██[38;2;38;73;73m████[38;2;26;30;31m██[38;2;38;73;73m██[38;2;38;74;74m██[38;2;38;73;73m██[38;2;30;37;45m██[38;2;38;74;74m██[38;2;38;73;73m████[38;2;103;89;74m██[38;2;37;52;57m██[38;2;41;65;67m██[38;2;218;127;65m  [38;2;23;31;39m██[38;2;42;62;65m██[38;2;38;73;73m██[38;2;37;73;73m██[38;2;37;70;70m██[38;2;38;73;73m████[38;2;37;66;67m████[38;2;38;73;73m████[38;2;25;42;49m██[38;2;37;73;73m██[38;2;38;73;73m██
[38;2;38;73;73m██[38;2;37;65;67m██[38;2;37;72;72m██[38;2;38;73;73m████[38;2;36;59;61m██[38;2;38;73;73m████[38;2;35;54;55m██[38;2;37;71;72m██[38;2;38;73;73m████[38;2;32;60;63m██[38;2;118;73;44m  [38;2;187;97;37m  [38;2;225;129;63m  [38;2;229;127;60m  [38;2;235;132;67m██[38;2;168;103;56m  [38;2;122;93;63m  [38;2;33;41;43m██[38;2;37;72;72m██[38;2;38;73;73m████[38;2;34;44;47m██[38;2;37;73;73m██[38;2;38;73;73m████[38;2;41;45;51m██[38;2;38;73;73m████
[38;2;37;73;73m██[38;2;37;59;61m██[38;2;37;73;73m████████████[38;2;36;48;53m██[38;2;37;72;72m██[38;2;38;73;73m██[38;2;160;97;52m██[38;2;229;129;64m  [38;2;238;134;65m  [38;2;200;114;55m  [38;2;237;132;64m  [38;2;230;132;61m  [38;2;238;135;65m  [38;2;218;123;54m  [38;2;231;131;65m  [38;2;58;66;62m  [38;2;38;73;73m██████[38;2;38;66;66m██[38;2;38;74;74m██[38;2;38;73;73m████[38;2;44;57;61m██[38;2;38;73;73m██[38;2;37;73;73m██
[38;2;38;73;73m██[38;2;37;73;73m██[38;2;34;49;51m██[38;2;40;76;75m██[38;2;38;73;73m██[38;2;37;44;49m██[38;2;38;73;73m██████[38;2;43;53;57m██[38;2;38;73;73m██[38;2;61;58;55m██[38;2;240;134;67m  [38;2;223;127;58m  [38;2;190;98;39m  [38;2;232;132;62m  [38;2;240;136;66m  [38;2;238;135;65m  [38;2;234;132;63m  [38;2;241;135;67m  [38;2;138;90;54m  [38;2;39;57;60m██[38;2;37;73;73m██[38;2;38;73;73m██[38;2;33;58;61m██[38;2;37;73;73m████[38;2;38;73;73m██[38;2;37;51;54m██[38;2;37;71;72m██[38;2;37;74;74m██
[38;2;38;73;73m████[38;2;38;74;74m██[38;2;32;54;56m██[38;2;38;73;73m██[38;2;37;73;73m██[38;2;40;49;54m██[38;2;37;73;73m██[38;2;38;73;73m██[38;2;37;73;73m██[38;2;133;95;59m  [38;2;227;127;60m  [38;2;201;114;54m  [38;2;219;124;61m  [38;2;203;112;50m  [38;2;211;116;51m██[38;2;166;96;53m  [38;2;234;130;63m  [38;2;230;129;61m  [38;2;198;112;52m  [38;2;227;128;63m  [38;2;45;74;71m██[38;2;37;67;68m██[38;2;37;73;73m██[38;2;38;73;73m██[38;2;42;62;64m██[38;2;37;72;72m██[38;2;38;73;73m████[38;2;37;60;63m██[38;2;38;73;73m██
[38;2;38;73;73m████[38;2;48;86;81m██[38;2;33;38;41m██[38;2;38;73;73m██[38;2;38;74;74m██[38;2;31;35;37m██[38;2;37;73;73m██[38;2;38;73;73m████[38;2;31;36;42m  [38;2;188;105;47m  [38;2;238;133;65m  [38;2;159;90;49m  [38;2;194;148;109m  [38;2;165;104;59m██[38;2;144;106;72m  [38;2;197;160;124m  [38;2;174;93;43m  [38;2;241;135;67m████[38;2;167;109;59m  [38;2;38;64;64m██[38;2;38;74;74m██[38;2;38;73;73m██[38;2;40;76;75m██[38;2;35;68;69m██[38;2;38;73;73m████[38;2;36;60;61m██[38;2;38;73;73m██
[38;2;43;80;78m██[38;2;43;81;78m██[38;2;32;37;39m██[38;2;43;81;77m██[38;2;40;77;75m██[38;2;35;54;55m██[38;2;43;79;77m██[38;2;41;79;76m██[38;2;38;74;74m██[38;2;38;64;64m██[38;2;48;74;72m██[38;2;191;108;49m  [38;2;182;96;42m  [38;2;204;162;127m  [38;2;222;177;138m██[38;2;214;167;126m  [38;2;202;153;112m  [38;2;217;165;122m██[38;2;206;163;123m  [38;2;211;117;54m  [38;2;233;130;62m  [38;2;87;66;58m  [38;2;42;80;77m██[38;2;39;76;75m██[38;2;40;73;71m██[38;2;41;74;72m██[38;2;38;74;74m██[38;2;42;79;77m██[38;2;40;78;76m██[38;2;35;60;59m██[38;2;39;75;74m██
[38;2;46;85;80m██[38;2;50;89;83m██[38;2;33;40;43m██[38;2;48;87;82m██[38;2;50;89;83m██[38;2;37;44;49m██[38;2;49;87;82m██[38;2;46;85;80m██[38;2;50;89;83m██[38;2;36;60;62m██[38;2;57;78;70m  [38;2;188;98;38m  [38;2;167;106;60m  [38;2;230;226;223m  [38;2;195;175;151m  [38;2;201;152;112m██[38;2;211;159;118m██[38;2;198;181;158m  [38;2;223;221;218m  [38;2;179;96;40m  [38;2;137;67;36m  [38;2;63;68;61m  [38;2;48;87;81m██[38;2;43;81;78m██[38;2;38;55;58m██[38;2;50;88;83m██[38;2;45;83;79m██[38;2;47;85;80m██[38;2;38;50;52m██[38;2;49;85;80m██[38;2;42;80;77m██
[38;2;50;88;83m██[38;2;51;89;84m██[38;2;31;58;60m██[38;2;50;89;83m██[38;2;48;87;81m██[38;2;46;73;71m██[38;2;47;77;74m██[38;2;48;86;81m██[38;2;49;88;82m██[38;2;37;50;53m██[38;2;51;89;83m  [38;2;85;83;68m  [38;2;178;137;106m██[38;2;216;199;178m  [38;2;205;187;165m  [38;2;240;206;173m██[38;2;243;212;179m██[38;2;214;191;166m  [38;2;218;193;168m  [38;2;143;75;41m  [38;2;171;124;89m  [38;2;41;57;59m██[38;2;50;89;83m██[38;2;48;87;82m██[38;2;43;67;67m██[38;2;50;89;83m██[38;2;48;86;81m██[38;2;50;89;83m██[38;2;41;77;75m██[38;2;49;85;80m██[38;2;50;89;83m██
[38;2;51;89;84m████[38;2;50;90;83m██[38;2;43;72;69m██[38;2;50;89;83m██[38;2;54;94;86m██[38;2;35;62;63m██[38;2;50;89;84m██[38;2;51;89;84m██[38;2;40;58;59m██[38;2;50;89;83m██[38;2;46;79;76m  [38;2;197;174;146m██[38;2;248;221;190m██[38;2;249;222;192m██[38;2;248;222;193m██[38;2;249;221;191m██[38;2;250;222;191m██[38;2;249;220;189m██[38;2;218;205;178m██[38;2;53;89;82m██[38;2;39;57;59m██[38;2;51;89;84m██[38;2;50;89;84m██[38;2;52;92;85m██[38;2;42;65;67m██[38;2;51;89;84m██[38;2;51;90;84m██[38;2;50;89;84m██[38;2;40;59;58m██[38;2;51;89;83m██
[38;2;60;102;91m██[38;2;51;89;83m██[38;2;48;85;80m██[38;2;55;96;87m████[38;2;29;35;35m██[38;2;54;96;87m██[38;2;57;100;89m██[38;2;60;104;92m██[38;2;48;70;69m██[38;2;51;90;83m██[38;2;51;89;84m██[38;2;65;79;76m██[38;2;243;222;192m██[38;2;125;122;112m██[38;2;160;161;157m██[38;2;147;148;146m██[38;2;59;58;56m██[38;2;248;231;199m██[38;2;52;55;56m██[38;2;47;69;67m██[38;2;55;94;85m██[38;2;59;102;91m██[38;2;56;98;88m██[38;2;58;93;84m██[38;2;44;75;71m██[38;2;51;91;84m██[38;2;57;100;89m██[38;2;46;85;80m██[38;2;52;88;81m██[38;2;52;92;85m██
[38;2;57;99;89m██[38;2;51;84;78m██[38;2;52;93;85m██[38;2;62;106;93m██[38;2;64;109;95m██[38;2;45;83;79m██[38;2;59;102;91m██[38;2;61;105;92m██[38;2;63;108;94m██[38;2;59;102;91m██[38;2;62;106;93m██[38;2;63;108;94m██[38;2;60;103;91m██[38;2;167;128;98m  [38;2;64;43;38m██[38;2;150;100;79m  [38;2;150;104;81m  [38;2;60;37;33m  [38;2;177;166;155m██[38;2;73;96;85m██[38;2;43;65;66m██[38;2;59;103;91m██[38;2;57;99;89m██[38;2;61;105;92m██[38;2;42;60;59m██[38;2;58;101;90m██[38;2;57;99;89m██[38;2;61;105;92m██[38;2;37;66;66m██[38;2;60;104;92m██[38;2;58;100;90m██
[38;2;64;109;94m██[38;2;53;94;86m██[38;2;61;105;93m██[38;2;64;108;95m██[38;2;64;109;95m██[38;2;34;39;41m██[38;2;64;109;95m██[38;2;64;109;94m████[38;2;64;109;95m████████[38;2;60;103;91m██[38;2;122;117;106m██[38;2;211;203;184m  [38;2;235;229;202m██[38;2;129;118;107m██[38;2;59;90;84m██[38;2;62;106;93m██[38;2;64;109;95m██[38;2;64;109;94m████[38;2;64;109;95m██[38;2;41;57;56m██[38;2;64;109;95m██[38;2;64;109;94m████[38;2;40;55;57m██[38;2;63;108;94m██[38;2;64;109;95m██
[38;2;64;109;95m██[38;2;66;111;96m██[38;2;33;38;40m██[38;2;66;112;97m██[38;2;64;109;95m██[38;2;60;103;91m██[38;2;64;109;95m██████[38;2;64;108;95m████[38;2;64;109;95m██[38;2;58;101;91m██[38;2;207;209;209m██[38;2;195;172;144m██[38;2;98;74;57m  [38;2;168;131;100m  [38;2;217;188;153m██[38;2;203;197;189m  [38;2;181;195;191m██[38;2;74;104;98m██[38;2;63;107;94m██[38;2;64;109;95m████[38;2;65;101;90m██[38;2;67;112;98m██[38;2;64;109;95m████[38;2;59;102;91m██[38;2;67;111;97m██[38;2;64;108;95m██
[38;2;72;119;103m██[38;2;71;118;102m██[38;2;60;100;88m██[38;2;75;122;105m██[38;2;72;118;102m██[38;2;78;126;108m██[38;2;72;118;102m██[38;2;70;116;100m██[38;2;73;120;104m██[38;2;70;116;100m██[38;2;76;105;100m██[38;2;202;204;203m  [38;2;228;228;229m  [38;2;213;215;216m██[38;2;235;213;186m  [38;2;231;191;153m██[38;2;230;187;147m██[38;2;245;222;193m██[38;2;188;190;188m  [38;2;219;220;221m██[38;2;223;226;226m██[38;2;182;193;188m  [38;2;65;107;96m██[38;2;73;120;104m██[38;2;70;116;100m██[38;2;39;70;71m██[38;2;71;118;102m██[38;2;67;113;98m██[38;2;74;121;104m██[38;2;58;83;77m██[38;2;72;118;102m██
[38;2;78;126;108m████[38;2;50;86;80m██[38;2;78;126;108m██[38;2;73;120;103m██[38;2;77;125;107m██[38;2;74;121;104m██[38;2;78;126;108m████[38;2;88;111;103m██[38;2;223;224;226m██[38;2;219;220;221m██[38;2;220;221;222m██[38;2;208;209;210m  [38;2;184;177;166m██[38;2;223;202;173m██[38;2;243;211;181m██[38;2;208;190;165m  [38;2;199;202;203m██[38;2;220;221;222m██████[38;2;225;229;229m  [38;2;91;114;108m  [38;2;75;122;105m██[38;2;73;119;103m██[38;2;79;127;109m██[38;2;74;121;104m██[38;2;69;116;99m  [38;2;50;87;81m██[38;2;77;125;107m██
[38;2;79;127;109m████[38;2;54;96;88m  [38;2;79;127;108m██[38;2;79;127;109m██████████[38;2;187;198;194m  [38;2;219;220;220m██[38;2;206;207;206m  [38;2;220;221;222m██[38;2;222;223;224m██[38;2;188;190;191m██[38;2;203;187;169m  [38;2;196;174;146m  [38;2;206;207;206m  [38;2;209;211;211m  [38;2;220;221;222m██████[38;2;219;220;221m██[38;2;219;220;220m  [38;2;76;124;107m██[38;2;79;127;109m██████[38;2;47;65;65m  [38;2;81;132;111m  [38;2;79;127;109m██
[38;2;78;126;109m██[38;2;83;134;113m  [38;2;52;63;64m  [38;2;79;128;109m  [38;2;79;127;109m          [38;2;216;219;219m  ██[38;2;223;224;226m██[38;2;220;221;222m██[38;2;221;223;224m██[38;2;171;173;173m██[38;2;206;207;206m██[38;2;223;224;226m██[38;2;206;208;207m  [38;2;215;216;217m██[38;2;220;220;222m██[38;2;220;221;222m████[38;2;223;224;225m██[38;2;222;223;222m  [38;2;77;117;104m  [38;2;79;128;109m  [38;2;79;127;109m    [38;2;51;92;85m  [38;2;83;136;114m  [38;2;81;128;110m  
[38;2;88;143;118m  [38;2;85;137;115m  [38;2;59;101;91m  [38;2;85;138;115m  [38;2;87;140;117m  [38;2;88;143;118m  [38;2;86;140;116m    [38;2;65;111;95m  [38;2;225;225;225m  [38;2;189;190;190m██[38;2;226;229;229m  [38;2;220;220;222m██[38;2;220;221;222m██[38;2;199;201;201m██[38;2;221;222;223m  [38;2;220;221;222m██[38;2;159;163;165m██[38;2;220;221;222m  [38;2;220;220;222m██[38;2;220;221;222m████[38;2;202;203;202m██[38;2;227;226;227m  [38;2;83;125;110m  [38;2;82;134;112m  [38;2;86;141;116m  [38;2;85;138;115m  [38;2;58;90;87m  [38;2;178;174;153m██[38;2;179;176;153m  
[38;2;89;144;119m  [38;2;88;144;119m  [38;2;88;142;118m  [38;2;89;144;119m  [38;2;89;143;119m  [38;2;88;144;119m  [38;2;89;144;119m    [38;2;79;128;109m  [38;2;228;231;231m██[38;2;161;164;164m  [38;2;225;227;227m  [38;2;220;221;222m████████[38;2;221;222;223m██[38;2;169;172;172m██[38;2;220;221;222m██████[38;2;221;223;224m██[38;2;143;144;142m  [38;2;217;218;218m  [38;2;96;140;122m  [38;2;89;144;119m    [38;2;87;141;117m  [38;2;199;192;169m  [38;2;144;147;130m██[38;2;138;143;131m██
[38;2;88;143;118m  [38;2;89;144;119m  [38;2;90;143;119m  [38;2;89;144;119m          [38;2;204;209;207m  [38;2;218;219;220m██[38;2;155;158;159m  [38;2;222;223;225m██[38;2;220;221;222m████████[38;2;223;224;225m██[38;2;213;214;215m  [38;2;220;221;222m██████[38;2;222;223;224m  [38;2;151;154;154m██[38;2;218;219;221m██[38;2;102;144;127m  [38;2;89;144;119m      [38;2;182;176;149m  [38;2;163;160;146m██[38;2;231;206;178m  
[38;2;104;146;122m  [38;2;92;147;121m  [38;2;214;208;186m  [38;2;91;146;121m  [38;2;94;150;123m  [38;2;94;149;123m  [38;2;92;148;121m  [38;2;85;139;115m  [38;2;230;231;231m  [38;2;192;195;196m██[38;2;212;214;213m██[38;2;220;224;224m██[38;2;220;221;222m████[38;2;219;221;222m██[38;2;220;221;222m██[38;2;219;220;221m██[38;2;218;219;220m██[38;2;220;221;222m██[38;2;220;220;222m██[38;2;220;221;222m██[38;2;218;220;221m██[38;2;179;182;181m██[38;2;220;221;222m██[38;2;183;196;191m  [38;2;92;148;121m  [38;2;94;150;123m  [38;2;94;141;118m  [38;2;234;212;184m██[38;2;249;220;188m██[38;2;229;207;180m██
[38;2;168;147;123m  [38;2;89;131;113m██[38;2;106;141;122m██[38;2;104;134;119m██[38;2;95;152;125m  [38;2;90;145;119m  [38;2;96;152;125m  [38;2;101;140;121m  [38;2;184;188;189m  [38;2;222;223;225m██[38;2;166;169;169m██[38;2;216;217;219m██[38;2;220;221;222m██████[38;2;220;220;222m██[38;2;220;221;222m██████████[38;2;217;218;218m  [38;2;194;195;195m  [38;2;219;220;221m  [38;2;186;191;190m  [38;2;97;153;125m  [38;2;99;156;127m  [38;2;194;188;164m  [38;2;249;220;188m██[38;2;247;229;197m██[38;2;127;121;103m  
[38;2;213;196;170m  [38;2;225;197;167m  [38;2;249;223;193m██[38;2;250;226;195m██[38;2;95;151;124m  [38;2;100;157;129m      [38;2;162;148;124m  [38;2;201;202;202m██[38;2;200;201;201m██[38;2;209;211;211m██[38;2;220;220;222m████[38;2;220;221;222m██████████[38;2;220;220;222m██[38;2;220;221;222m██[38;2;204;207;207m██[38;2;159;161;162m  [38;2;192;174;154m  [38;2;95;136;114m  [38;2;100;157;129m  [38;2;88;139;116m  [38;2;242;220;191m██[38;2;249;220;185m██[38;2;102;133;111m  [38;2;100;157;129m  
[38;2;131;136;123m  [38;2;194;183;161m  [38;2;249;221;191m██[38;2;204;192;169m  [38;2;138;147;134m██[38;2;94;149;122m  [38;2;99;156;127m  [38;2;98;155;127m  [38;2;232;207;178m  [38;2;180;154;126m██[38;2;177;172;166m██[38;2;198;201;201m  [38;2;220;221;221m██[38;2;220;221;222m████[38;2;219;221;222m██[38;2;219;221;221m██[38;2;220;221;222m██[38;2;220;221;221m██[38;2;219;221;222m██[38;2;220;221;222m██[38;2;188;189;188m██[38;2;169;142;115m██[38;2;240;209;173m██[38;2;97;139;119m  [38;2;105;143;121m  [38;2;235;216;188m██[38;2;238;207;173m██[38;2;99;132;108m  [38;2;100;157;129m    
[38;2;97;153;126m  [38;2;171;147;117m  [38;2;243;212;172m██[38;2;250;225;194m██[38;2;233;206;175m██[38;2;237;217;188m██[38;2;201;198;172m  [38;2;193;182;155m  [38;2;202;191;169m██[38;2;248;222;190m██[38;2;144;141;113m  [38;2;170;181;178m  [38;2;220;221;222m██████████[38;2;219;221;222m██[38;2;220;221;222m██████[38;2;171;184;180m██[38;2;236;199;160m██[38;2;220;201;175m  [38;2;230;211;185m  [38;2;251;220;185m  [38;2;238;205;171m██[38;2;102;132;107m  [38;2;99;156;128m  [38;2;100;157;129m  [38;2;99;157;129m  
[38;2;99;157;129m  [38;2;100;157;129m  [38;2;99;156;128m  [38;2;102;129;109m  [38;2;192;156;119m  [38;2;245;215;183m██[38;2;249;221;190m██[38;2;250;220;187m██[38;2;249;220;191m██[38;2;249;225;194m██[38;2;90;141;118m  [38;2;137;148;145m  [38;2;197;200;200m  [38;2;220;221;222m  ████[38;2;219;221;222m██[38;2;220;221;222m██████[38;2;215;217;217m██[38;2;167;185;178m  [38;2;211;181;141m  [38;2;243;218;190m██[38;2;250;220;187m██[38;2;246;218;181m██[38;2;110;134;108m  [38;2;100;157;129m  [38;2;99;157;129m  [38;2;100;157;129m    
[38;2;100;157;129m  [38;2;100;157;128m    [38;2;100;157;129m    [38;2;88;143;118m  [38;2;172;140;102m  [38;2;236;206;176m  [38;2;249;225;194m██[38;2;152;175;148m  [38;2;99;156;127m  [38;2;82;128;109m  [38;2;215;215;214m  [38;2;212;213;214m██[38;2;220;221;222m██[38;2;220;220;222m██[38;2;220;221;222m████████[38;2;195;198;199m  [38;2;143;162;154m  [38;2;84;134;113m  [38;2;248;221;192m  [38;2;241;207;175m  [38;2;102;132;108m  [38;2;100;157;128m  [38;2;100;156;129m  [38;2;100;157;129m  [38;2;100;157;128m  [38;2;100;157;129m  
[38;2;100;157;129m          [38;2;100;157;128m  [38;2;100;157;129m  [38;2;94;150;124m  [38;2;92;146;121m  [38;2;96;152;125m  [38;2;99;156;128m  [38;2;156;166;162m  [38;2;221;222;224m██[38;2;177;178;177m  [38;2;213;215;216m██[38;2;220;221;222m████████[38;2;222;225;225m██[38;2;191;193;194m  [38;2;132;150;142m  [38;2;99;156;128m  [38;2;162;138;108m  [38;2;109;144;118m  [38;2;99;156;128m  [38;2;100;157;129m  [38;2;100;156;129m  [38;2;100;157;129m    [38;2;100;156;129m  
[38;2;100;157;129m  [38;2;99;157;129m  [38;2;100;157;129m      [38;2;100;157;128m  [38;2;100;157;129m  [38;2;100;156;129m  [38;2;99;157;129m  [38;2;100;157;129m  [38;2;99;156;128m  [38;2;180;188;183m  [38;2;216;217;218m  [38;2;222;223;224m  [38;2;152;153;151m  [38;2;213;214;216m██[38;2;220;221;222m████[38;2;219;220;221m  [38;2;159;161;161m██[38;2;219;220;221m██[38;2;200;202;202m██[38;2;96;151;124m  [38;2;100;157;129m  [38;2;100;156;129m  [38;2;100;157;129m            [0m
