
[38;2;60;24;22m██[38;2;42;17;17m██[38;2;43;18;17m██[38;2;76;29;25m██[38;2;43;18;17m  [38;2;44;19;18m  [38;2;0;0;0m                                                            
[38;2;44;19;18m  [38;2;136;50;42m██[38;2;124;46;38m██[38;2;95;35;29m██[38;2;43;18;16m██[38;2;52;21;19m██[38;2;57;22;21m██[38;2;0;0;0m                                                          
[38;2;0;0;0m  [38;2;124;47;40m██[38;2;117;43;35m██[38;2;102;37;29m██[38;2;83;29;23m██[38;2;43;18;17m██[38;2;94;36;32m██[38;2;0;0;0m                  [38;2;36;26;26m  [38;2;45;20;19m  [38;2;44;19;18m  [38;2;42;17;16m  [38;2;44;19;18m    [38;2;82;62;60m  [38;2;0;0;0m                          
[38;2;0;0;0m  [38;2;62;25;21m██[38;2;121;45;37m██[38;2;105;38;30m██[38;2;68;25;21m██[38;2;42;17;16m██[38;2;53;22;20m  [38;2;0;0;0m            [38;2;44;19;18m  [38;2;99;74;61m██[38;2;247;220;179m██[38;2;251;224;182m██[38;2;250;224;182m████[38;2;251;224;182m██[38;2;250;224;182m██[38;2;251;224;182m██[38;2;250;224;182m██[38;2;251;224;182m██[38;2;107;81;67m██[38;2;44;19;18m  [38;2;0;0;0m                    
[38;2;0;0;0m  [38;2;50;20;19m██[38;2;129;48;40m██[38;2;82;31;26m██[38;2;43;18;17m████  [38;2;0;0;0m        [38;2;44;19;18m  [38;2;204;177;145m██[38;2;250;224;182m██[38;2;251;224;182m██[38;2;250;224;182m██[38;2;251;224;182m██[38;2;250;224;182m████[38;2;251;224;182m██[38;2;250;224;182m██[38;2;251;224;182m██[38;2;250;224;182m██[38;2;251;224;182m██[38;2;250;224;182m██[38;2;251;224;182m██[38;2;90;65;54m██[38;2;70;49;48m  [38;2;0;0;0m                
[38;2;1;0;0m  [38;2;114;43;37m██[38;2;42;17;16m████████  [38;2;0;0;0m    [38;2;12;5;5m  [38;2;102;76;63m██[38;2;250;224;182m██[38;2;251;224;182m██[38;2;250;224;182m██[38;2;251;224;182m██[38;2;250;224;182m██[38;2;251;224;182m██[38;2;250;224;182m████[38;2;251;224;182m██████[38;2;250;224;182m██[38;2;251;224;182m██████[38;2;250;224;182m██[38;2;251;224;182m██[38;2;228;201;163m██[38;2;43;19;18m  [38;2;0;0;0m          [38;2;44;19;18m  
[38;2;0;0;0m  [38;2;46;21;20m  [38;2;125;48;40m██[38;2;136;51;42m██[38;2;125;46;38m██[38;2;80;30;26m██[38;2;43;17;16m  [38;2;0;0;0m  [38;2;47;23;22m  [38;2;216;190;155m██[38;2;251;224;182m██████████[38;2;250;224;182m██[38;2;251;224;182m████████████[38;2;250;224;182m██[38;2;251;224;182m██████████████[38;2;60;34;30m██[38;2;15;13;13m  [38;2;0;0;0m        
[38;2;0;0;0m    [38;2;70;47;46m  [38;2;136;51;42m██[38;2;117;43;34m██[38;2;118;44;36m██[38;2;43;18;17m  [38;2;45;20;19m  [38;2;247;221;179m██[38;2;252;225;182m██[38;2;252;225;183m████████████████████████████████████████[38;2;252;225;182m██[38;2;53;28;25m  [38;2;0;0;0m        
[38;2;0;0;0m      [38;2;71;27;25m██[38;2;132;49;41m██[38;2;53;21;19m██[38;2;42;17;16m██[38;2;249;222;181m██[38;2;252;225;183m██[38;2;252;225;182m██[38;2;252;225;183m██[38;2;252;225;182m██[38;2;252;225;183m██[38;2;252;225;182m██[38;2;252;225;183m██[38;2;252;225;182m████[38;2;252;225;183m██[38;2;252;225;182m██[38;2;252;225;183m██████████████████████[38;2;252;225;182m██[38;2;252;225;183m██[38;2;44;19;18m  [38;2;0;0;0m      
[38;2;0;0;0m      [38;2;48;20;19m  [38;2;52;21;19m██[38;2;42;17;16m██[38;2;231;206;170m██[38;2;254;252;249m██[38;2;251;227;188m██[38;2;251;224;182m████[38;2;250;224;182m██[38;2;251;224;182m██[38;2;250;224;182m██[38;2;251;224;182m██[38;2;250;224;182m██[38;2;251;224;182m██[38;2;250;224;182m████[38;2;251;224;182m██[38;2;250;224;182m██[38;2;251;224;182m██[38;2;250;224;182m██[38;2;251;224;182m██[38;2;250;224;182m██[38;2;251;224;182m██[38;2;250;224;182m██[38;2;251;224;182m██████[38;2;172;146;120m██[38;2;251;224;182m██[38;2;164;138;113m██[38;2;3;1;1m  [38;2;0;0;0m  [38;2;65;43;42m  
[38;2;0;0;0m      [38;2;46;22;21m  [38;2;6;3;3m  [38;2;130;104;86m██[38;2;252;225;184m██[38;2;252;225;183m████[38;2;235;208;169m██[38;2;252;225;183m██████[38;2;224;197;160m██[38;2;252;225;183m██[38;2;252;228;192m██[38;2;252;225;183m████████[38;2;252;225;184m██[38;2;252;225;183m████[38;2;247;220;179m██[38;2;252;225;183m██████████[38;2;253;240;220m██[38;2;252;234;206m██[38;2;224;197;161m██[38;2;252;225;183m██[38;2;46;21;19m  [38;2;0;0;0m  [38;2;43;18;17m  
[38;2;0;0;0m        [38;2;53;28;25m  [38;2;252;225;183m██████[38;2;196;170;139m██[38;2;252;225;182m████████[38;2;130;104;86m██[38;2;252;225;182m██[38;2;252;230;197m██[38;2;252;225;182m████████[38;2;252;225;183m██████[38;2;224;197;160m██[38;2;252;225;183m██████[38;2;233;207;168m██[38;2;252;225;183m██[38;2;252;225;184m██[38;2;252;225;182m██[38;2;146;120;99m██[38;2;252;225;183m██[38;2;171;145;119m██[38;2;45;20;19m  [38;2;43;18;17m██
[38;2;0;0;0m      [38;2;162;151;150m  [38;2;251;224;182m██[38;2;251;225;183m██████[38;2;212;186;151m██[38;2;251;225;182m██[38;2;251;225;183m██[38;2;250;225;183m██[38;2;172;147;120m██[38;2;144;118;97m██[38;2;251;225;183m██[38;2;250;225;183m██[38;2;251;225;183m██[38;2;250;225;183m████[38;2;251;225;183m██[38;2;250;225;183m██[38;2;251;225;183m██[38;2;250;225;183m██[38;2;251;224;182m██[38;2;250;225;183m██[38;2;251;225;183m██[38;2;250;225;183m██[38;2;128;102;85m██[38;2;251;225;183m████[38;2;251;225;182m██[38;2;251;225;183m██[38;2;193;166;135m██[38;2;45;20;18m██[38;2;42;18;17m██[38;2;119;43;35m██
[38;2;0;0;0m      [38;2;60;35;30m██[38;2;251;224;182m██[38;2;251;224;183m██[38;2;251;224;182m██[38;2;223;197;159m██[38;2;251;224;181m██[38;2;251;224;182m████[38;2;248;221;180m██[38;2;210;170;153m██[38;2;168;142;116m██[38;2;251;224;182m██[38;2;250;224;182m██[38;2;251;224;182m████████████[38;2;151;120;98m██[38;2;251;224;182m████████[38;2;219;193;157m██[38;2;250;223;181m██[38;2;251;224;182m██████[38;2;53;28;26m██[38;2;42;17;17m██[38;2;42;17;16m██[38;2;125;47;39m██
[38;2;0;0;0m    [38;2;3;1;1m  [38;2;251;224;182m██[38;2;252;224;182m██████[38;2;162;136;111m██[38;2;252;224;181m██[38;2;252;224;182m████[38;2;113;86;74m██[38;2;248;205;184m██[38;2;178;152;124m██[38;2;252;224;182m████[38;2;251;224;182m██[38;2;252;224;182m██[38;2;219;188;153m██[38;2;252;224;182m██████[38;2;63;35;30m██[38;2;251;224;182m██[38;2;252;224;182m██[38;2;251;224;182m██[38;2;252;224;182m████[38;2;231;203;165m██[38;2;252;224;182m██[38;2;251;224;182m██[38;2;252;224;182m██[38;2;111;85;70m██[38;2;42;17;16m████[38;2;112;43;36m██
[38;2;0;0;0m    [38;2;49;24;22m  [38;2;251;224;182m████████[38;2;105;79;66m██[38;2;251;224;181m██[38;2;251;224;182m██[38;2;231;205;166m██[38;2;241;199;179m██[38;2;253;243;232m██[38;2;167;142;116m██[38;2;251;224;182m██[38;2;250;224;182m██[38;2;251;224;182m██[38;2;250;224;182m██[38;2;180;145;118m██[38;2;251;224;182m██[38;2;250;224;182m██[38;2;219;176;142m██[38;2;72;44;41m██[38;2;251;224;182m██[38;2;250;224;182m██[38;2;251;224;182m██[38;2;248;221;179m██[38;2;251;224;182m██[38;2;219;192;156m██[38;2;251;224;182m██████[38;2;194;168;136m██[38;2;247;221;179m██[38;2;251;224;182m██[38;2;45;21;20m  
[38;2;0;0;0m    [38;2;130;104;87m██[38;2;251;224;182m██[38;2;234;207;169m██[38;2;251;224;182m████[38;2;84;58;49m██[38;2;232;206;168m██[38;2;160;134;110m██[38;2;99;71;62m██[38;2;249;214;196m██[38;2;254;250;241m██[38;2;133;107;88m██[38;2;251;224;182m██[38;2;250;224;182m██[38;2;251;224;182m██[38;2;250;224;182m██[38;2;152;114;92m██[38;2;251;224;182m██[38;2;250;224;182m██[38;2;125;86;70m██[38;2;143;109;98m██[38;2;251;224;182m██[38;2;250;224;182m██[38;2;251;224;182m██[38;2;223;197;160m██[38;2;245;216;175m██[38;2;215;189;154m██[38;2;251;224;182m██████[38;2;238;211;172m██[38;2;244;217;176m██[38;2;251;224;182m██[38;2;45;20;19m  
[38;2;0;0;0m  [38;2;1;0;0m  [38;2;252;224;183m██[38;2;248;221;180m██[38;2;249;222;181m██[38;2;252;225;183m██[38;2;244;214;173m██[38;2;88;61;50m██[38;2;252;225;183m██[38;2;236;210;171m██[38;2;233;192;172m██[38;2;118;101;97m██[38;2;255;251;242m██[38;2;110;86;75m██[38;2;252;225;183m████████[38;2;133;93;75m██[38;2;252;225;183m██[38;2;211;164;131m██[38;2;127;94;85m██[38;2;219;193;179m██[38;2;234;207;169m██[38;2;252;225;183m████[38;2;193;166;136m██[38;2;233;197;160m██[38;2;219;193;157m██[38;2;252;225;183m██[38;2;252;225;182m██[38;2;252;225;183m██[38;2;248;221;180m██[38;2;244;217;177m██[38;2;252;225;183m██[38;2;44;19;18m  
[38;2;0;0;0m  [38;2;57;34;33m  [38;2;252;224;182m██[38;2;56;31;28m██[38;2;252;225;183m████[38;2;200;149;119m██[38;2;97;68;61m██[38;2;252;225;183m██[38;2;127;99;83m██[38;2;251;228;212m██[38;2;255;250;242m██[38;2;236;230;222m██[38;2;156;143;137m██[38;2;252;225;182m████████[38;2;139;97;78m██[38;2;237;202;164m██[38;2;176;128;103m██[38;2;214;175;157m██[38;2;132;116;112m██[38;2;150;125;102m██[38;2;252;225;183m████[38;2;127;101;83m██[38;2;215;171;137m██[38;2;227;200;163m██[38;2;252;225;183m██[38;2;252;225;182m██[38;2;252;225;183m██[38;2;227;200;163m██[38;2;246;219;178m██[38;2;252;225;183m██[38;2;44;19;18m  
[38;2;0;0;0m  [38;2;45;21;20m  [38;2;241;215;175m██[38;2;49;24;22m  [38;2;251;225;183m██[38;2;244;214;173m██[38;2;180;130;105m██[38;2;220;182;164m██[38;2;251;225;183m██[38;2;187;149;135m██[38;2;254;251;241m██[38;2;254;250;241m██[38;2;254;251;241m██[38;2;244;239;231m██[38;2;228;201;164m██[38;2;250;225;183m██[38;2;251;225;183m██[38;2;250;225;183m██[38;2;141;98;80m██[38;2;201;148;119m██[38;2;101;68;60m██[38;2;251;226;211m██[38;2;254;250;241m██[38;2;116;99;95m██[38;2;250;225;183m██[38;2;251;225;183m██[38;2;124;99;82m██[38;2;192;145;116m██[38;2;238;212;172m██[38;2;251;225;183m██[38;2;251;225;182m██[38;2;251;225;183m██[38;2;178;152;125m██[38;2;248;222;181m██[38;2;251;225;183m██[38;2;45;20;19m  
[38;2;0;0;0m  [38;2;48;23;21m  [38;2;55;30;26m  [38;2;45;20;19m  [38;2;251;224;182m██[38;2;206;156;125m██[38;2;129;90;74m██[38;2;254;250;241m██[38;2;63;38;34m██[38;2;252;234;221m██[38;2;255;250;242m██[38;2;254;250;241m██[38;2;254;250;242m██[38;2;254;250;241m██[38;2;105;84;75m██[38;2;250;224;182m██[38;2;251;224;182m████[38;2;137;96;77m██[38;2;185;136;108m██[38;2;229;188;169m██[38;2;254;250;241m██[38;2;255;249;241m██[38;2;254;250;241m██[38;2;105;80;66m██[38;2;251;224;182m██[38;2;242;216;176m██[38;2;100;66;54m██[38;2;251;224;182m████████[38;2;105;80;67m██[38;2;251;224;182m██[38;2;214;169;136m██[38;2;68;46;45m  
[38;2;0;0;0m  [38;2;48;23;21m  [38;2;41;18;17m  [38;2;4;1;1m  [38;2;252;224;182m██[38;2;200;149;118m██[38;2;81;53;46m██[38;2;247;241;233m██[38;2;41;17;16m██[38;2;105;85;83m██[38;2;255;250;241m██[38;2;252;247;238m██[38;2;194;185;178m██[38;2;255;249;241m██[38;2;252;247;238m██[38;2;162;135;111m██[38;2;251;224;182m██[38;2;252;224;182m██[38;2;129;90;72m██[38;2;101;69;61m██[38;2;253;240;229m██[38;2;255;249;241m████[38;2;255;250;241m██[38;2;254;250;241m██[38;2;100;74;62m██[38;2;252;224;182m██[38;2;48;23;20m██[38;2;252;224;182m████████[38;2;56;31;27m██[38;2;252;224;182m██[38;2;200;149;118m██[38;2;0;0;0m  
[38;2;0;0;0m  [38;2;43;18;17m  [38;2;0;0;0m    [38;2;85;58;49m██[38;2;200;148;118m██[38;2;54;29;27m██[38;2;254;250;241m██[38;2;157;143;138m██[38;2;42;17;16m████[38;2;42;17;17m██[38;2;214;206;199m██[38;2;254;250;241m████[38;2;232;225;217m██[38;2;166;140;115m██[38;2;250;224;182m██[38;2;69;39;34m██[38;2;247;222;206m██[38;2;151;137;131m██[38;2;249;244;236m██[38;2;254;249;241m██[38;2;246;240;232m██[38;2;195;185;178m██[38;2;173;161;155m██[38;2;127;110;105m██[38;2;43;18;17m██[38;2;251;224;182m████████[38;2;95;61;50m██[38;2;251;224;182m██[38;2;116;79;64m██[38;2;0;0;0m  
[38;2;0;0;0m  [38;2;47;22;21m  [38;2;0;0;0m    [38;2;43;18;17m  [38;2;196;145;116m██[38;2;63;35;30m██[38;2;254;250;241m████[38;2;249;245;236m██[38;2;87;66;64m██[38;2;42;17;16m████[38;2;171;159;153m██[38;2;254;250;241m██████[38;2;65;41;39m██[38;2;119;92;83m██[38;2;218;210;203m██[38;2;42;17;16m██████████[38;2;74;52;50m██[38;2;232;225;217m██[38;2;118;94;80m██[38;2;251;224;182m████████[38;2;184;135;107m██[38;2;206;157;126m██[38;2;47;21;19m  [38;2;0;0;0m  
[38;2;0;0;0m        [38;2;51;26;24m  [38;2;183;157;128m██[38;2;108;72;59m██[38;2;231;224;216m██[38;2;43;18;17m██[38;2;48;23;22m██[38;2;198;189;182m██[38;2;255;250;242m██[38;2;255;251;242m██[38;2;255;250;242m██[38;2;255;251;242m██[38;2;255;250;242m██[38;2;255;251;242m██[38;2;255;250;242m████[38;2;239;234;225m██[38;2;43;18;17m██[38;2;70;47;46m██[38;2;251;246;238m██[38;2;255;251;242m██[38;2;255;250;242m██[38;2;255;251;242m██[38;2;255;250;242m██[38;2;196;169;138m██[38;2;252;225;183m████[38;2;252;225;182m██[38;2;187;161;131m██[38;2;94;74;71m██[38;2;44;19;17m██[38;2;44;19;18m  [38;2;0;0;0m  
[38;2;0;0;0m        [38;2;51;26;23m  [38;2;252;225;183m██[38;2;208;170;137m██[38;2;250;219;211m██[38;2;250;195;188m██[38;2;252;226;219m██[38;2;255;251;241m██[38;2;255;250;242m██████[38;2;255;251;241m██[38;2;255;250;242m██[38;2;255;251;242m██[38;2;255;250;241m██[38;2;255;250;242m██[38;2;255;251;242m██[38;2;255;250;241m██[38;2;253;249;239m██[38;2;62;39;37m██[38;2;43;18;17m██[38;2;235;230;221m██[38;2;255;251;241m██[38;2;247;242;233m██[38;2;231;204;166m██[38;2;252;225;183m████[38;2;252;225;182m██[38;2;62;38;32m██[38;2;249;205;184m██[38;2;250;224;208m██[38;2;45;20;19m  [38;2;0;0;0m  
[38;2;0;0;0m        [38;2;50;25;23m  [38;2;251;225;183m██[38;2;240;209;169m██[38;2;167;124;119m██[38;2;237;183;176m██[38;2;250;195;188m██[38;2;254;251;241m██[38;2;254;250;241m██[38;2;254;251;241m██[38;2;254;250;241m██[38;2;254;251;241m██[38;2;254;250;241m██[38;2;254;251;242m██[38;2;254;250;241m████[38;2;254;251;241m██[38;2;254;250;241m██[38;2;254;251;241m██[38;2;254;250;241m██[38;2;254;251;241m██[38;2;182;171;165m██[38;2;248;244;235m██[38;2;140;125;120m██[38;2;251;225;183m██████[38;2;251;225;182m██[38;2;169;132;119m██[38;2;211;193;183m██[38;2;86;53;45m██[38;2;3;2;2m  [38;2;0;0;0m  
[38;2;0;0;0m    [38;2;48;23;22m  [38;2;47;23;21m  [38;2;46;22;20m  [38;2;251;224;182m██[38;2;245;216;176m██[38;2;127;110;107m██[38;2;254;246;237m██[38;2;254;250;242m██[38;2;254;250;241m██[38;2;254;250;242m████[38;2;146;130;126m██[38;2;162;84;85m██[38;2;176;92;93m██[38;2;207;136;133m██[38;2;189;143;137m██[38;2;86;60;57m██[38;2;232;226;218m██[38;2;254;250;241m██[38;2;254;249;241m████[38;2;250;196;189m██[38;2;237;184;177m██[38;2;246;191;184m██[38;2;73;50;48m██[38;2;251;224;182m██████[38;2;182;156;127m██[38;2;44;19;18m██[38;2;197;146;116m██[38;2;70;41;35m██[38;2;0;0;0m    
[38;2;0;0;0m  [38;2;1;0;0m  [38;2;150;136;131m  [38;2;234;227;219m██[38;2;185;174;168m██[38;2;252;224;182m██[38;2;73;48;41m██[38;2;255;250;241m██[38;2;255;250;242m██[38;2;255;250;241m████[38;2;255;250;242m████[38;2;162;140;136m██[38;2;176;92;93m██[38;2;227;163;159m██[38;2;248;194;187m██[38;2;249;194;187m██[38;2;248;193;186m██[38;2;175;131;125m██[38;2;154;139;134m██[38;2;255;249;241m████[38;2;251;219;211m██[38;2;230;178;172m██[38;2;248;194;187m██[38;2;151;125;103m██[38;2;251;224;182m██[38;2;252;224;182m██[38;2;251;224;182m██[38;2;68;39;32m██[38;2;194;142;113m██[38;2;200;149;118m██[38;2;51;25;21m██[38;2;0;0;0m    
[38;2;0;0;0m  [38;2;237;232;223m██[38;2;253;249;240m██[38;2;254;250;241m██[38;2;203;194;186m██[38;2;251;224;182m██[38;2;58;35;34m██[38;2;254;250;241m████████████[38;2;230;224;216m██[38;2;180;98;99m██[38;2;249;194;187m██[38;2;248;194;187m██[38;2;249;194;187m██████[38;2;213;206;198m██[38;2;254;249;241m████[38;2;254;250;241m████[38;2;241;236;227m██[38;2;223;197;160m██[38;2;251;224;182m████[38;2;215;188;154m██[38;2;108;67;51m██[38;2;59;32;28m██[38;2;85;53;45m██[38;2;159;146;141m██[38;2;2;1;1m  [38;2;0;0;0m  
[38;2;0;0;0m  [38;2;45;20;19m  [38;2;104;74;67m  [38;2;221;180;161m██[38;2;124;109;108m██[38;2;251;224;182m██[38;2;241;214;174m██[38;2;64;40;39m██[38;2;254;250;241m██████████[38;2;254;249;241m██[38;2;149;105;102m██[38;2;249;194;187m██[38;2;248;194;187m██[38;2;249;194;187m████[38;2;180;134;130m██[38;2;254;250;241m██[38;2;254;249;241m████[38;2;254;250;241m████[38;2;116;98;94m██[38;2;250;224;182m██[38;2;251;224;182m████[38;2;89;68;67m██[38;2;254;254;254m████[38;2;203;194;187m██[38;2;254;249;241m██[38;2;235;228;220m██[38;2;44;20;19m  
[38;2;0;0;0m        [38;2;50;26;25m  [38;2;167;140;115m██[38;2;252;225;183m██[38;2;71;46;43m██[38;2;184;160;158m██[38;2;44;19;18m██[38;2;138;122;118m██[38;2;254;250;241m██[38;2;255;251;242m██[38;2;255;250;242m██[38;2;246;241;232m██[38;2;250;195;188m████[38;2;249;195;188m██[38;2;250;195;188m██[38;2;210;195;188m██[38;2;255;250;242m██[38;2;255;251;242m██[38;2;239;233;225m██[38;2;78;56;54m██[38;2;56;27;25m██[38;2;80;55;48m██[38;2;252;225;183m████[38;2;167;141;115m██[38;2;250;249;249m██[38;2;238;236;236m██[38;2;255;255;255m██[38;2;107;89;88m██[38;2;250;217;199m██[38;2;251;231;216m██[38;2;252;241;229m██[0m
