
[38;2;0;0;0m                  [38;2;80;18;19m  [38;2;83;60;66m  [38;2;255;175;200m██[38;2;255;172;197m██[38;2;253;177;201m██[38;2;253;111;156m██[38;2;190;86;119m  [38;2;6;3;3m  [38;2;162;118;133m██[38;2;242;139;171m██[38;2;229;87;126m██[38;2;255;172;196m██[38;2;222;161;183m██[38;2;8;2;2m  [38;2;0;0;0m    [38;2;255;228;131m  [38;2;0;0;0m  [38;2;35;32;18m  [38;2;0;0;0m        
[38;2;0;0;0m                [38;2;41;7;7m  [38;2;228;164;187m██[38;2;255;173;197m████[38;2;229;93;131m██[38;2;253;107;151m██[38;2;229;75;119m██[38;2;237;123;155m██[38;2;255;175;198m██[38;2;255;173;197m██[38;2;249;162;189m██[38;2;229;92;132m██[38;2;235;73;119m██[38;2;254;174;198m██[38;2;255;172;196m██[38;2;19;14;16m  [38;2;0;0;0m  [38;2;147;132;75m  [38;2;255;227;128m  [38;2;255;228;131m  [38;2;0;0;0m        
[38;2;0;0;0m      [38;2;6;1;1m  [38;2;4;3;3m  [38;2;20;2;2m  [38;2;0;0;0m  [38;2;10;2;3m  [38;2;234;168;191m██[38;2;255;173;197m████[38;2;248;158;185m██[38;2;245;148;178m██[38;2;255;174;197m██[38;2;230;100;137m██[38;2;246;162;183m██[38;2;249;187;197m██[38;2;255;175;197m██[38;2;255;173;197m██[38;2;255;173;196m██[38;2;255;173;197m██[38;2;249;163;189m██[38;2;255;173;197m████[38;2;4;2;2m  [38;2;0;0;0m  [38;2;14;3;4m  [38;2;4;0;0m  [38;2;1;0;0m  [38;2;0;0;0m      
[38;2;0;0;0m      [38;2;22;19;18m  [38;2;254;154;182m██[38;2;237;106;147m  [38;2;66;1;0m  [38;2;193;142;160m██[38;2;255;173;197m██████[38;2;255;174;197m██[38;2;254;200;207m██[38;2;252;195;204m██[38;2;255;207;210m████████[38;2;255;184;201m██[38;2;255;173;197m████[38;2;255;208;210m██[38;2;255;178;198m██[38;2;255;173;197m██[38;2;254;176;200m██[38;2;92;1;0m  [38;2;78;36;47m  [38;2;255;106;150m██[38;2;255;207;210m██[38;2;30;25;25m  [38;2;0;0;0m    
[38;2;0;0;0m    [38;2;8;1;1m  [38;2;255;207;210m██[38;2;255;210;212m██[38;2;248;106;150m██[38;2;70;30;32m██[38;2;255;172;197m████[38;2;255;185;201m██[38;2;255;208;210m██[38;2;247;170;185m██[38;2;255;201;208m██[38;2;255;207;210m██████████[38;2;255;181;200m██[38;2;97;46;58m██[38;2;255;173;197m██[38;2;255;181;199m██[38;2;255;207;210m██[38;2;252;196;204m██[38;2;255;176;198m██[38;2;159;114;129m██[38;2;244;106;148m██[38;2;239;100;140m██[38;2;255;207;210m████[38;2;9;1;2m  [38;2;0;0;0m  
[38;2;0;0;0m  [38;2;19;3;4m  [38;2;252;215;216m██[38;2;253;196;205m██[38;2;251;105;151m██[38;2;192;38;34m  [38;2;255;174;199m██[38;2;255;172;196m██[38;2;255;208;210m██[38;2;255;207;210m██[38;2;203;124;130m  [38;2;201;114;124m██[38;2;255;181;200m██[38;2;255;173;197m████[38;2;255;172;196m██[38;2;255;172;197m████[38;2;255;172;196m██[38;2;189;110;90m██[38;2;253;176;200m██[38;2;174;111;129m██[38;2;255;203;208m██[38;2;255;208;210m██[38;2;239;125;158m██[38;2;255;199;207m██[38;2;139;22;21m  [38;2;239;82;128m██[38;2;240;131;164m██[38;2;255;183;201m██[38;2;55;48;48m  [38;2;0;0;0m  
[38;2;0;0;0m  [38;2;48;36;40m  [38;2;255;172;196m██[38;2;229;98;137m██[38;2;255;174;199m██[38;2;140;96;110m██[38;2;255;176;198m██[38;2;255;209;210m██[38;2;255;176;198m██[38;2;248;159;187m██[38;2;243;171;196m██[38;2;219;136;157m██[38;2;201;117;138m██[38;2;255;173;196m██[38;2;255;173;197m████████[38;2;127;94;106m██[38;2;253;145;114m██[38;2;122;89;101m██[38;2;177;130;147m██[38;2;126;63;62m██[38;2;255;172;197m██[38;2;242;91;135m██[38;2;255;199;207m██[38;2;218;158;179m██[38;2;255;175;199m██[38;2;255;173;197m████[38;2;212;151;172m██[38;2;4;0;0m  
[38;2;26;4;4m  [38;2;252;175;200m██[38;2;255;172;197m████[38;2;228;165;186m██[38;2;255;171;196m██[38;2;255;172;197m██[38;2;255;173;197m██[38;2;196;103;111m  [38;2;220;137;157m  [38;2;249;178;202m██[38;2;227;150;174m██[38;2;182;75;89m██[38;2;251;175;200m██[38;2;255;172;196m██[38;2;255;172;197m██[38;2;255;172;196m██[38;2;153;110;124m██[38;2;251;169;145m██[38;2;240;230;221m██[38;2;109;56;55m██[38;2;135;68;86m██[38;2;240;232;222m██[38;2;111;72;81m██[38;2;255;130;169m██[38;2;255;174;198m██[38;2;255;172;197m██[38;2;168;108;125m██[38;2;255;173;197m██[38;2;255;172;197m██[38;2;255;175;199m██[38;2;4;0;0m  
[38;2;69;51;57m  [38;2;255;165;192m██[38;2;255;173;197m██[38;2;255;172;197m██[38;2;125;57;77m██[38;2;254;136;172m██[38;2;254;143;176m██[38;2;229;84;126m██[38;2;229;152;175m██[38;2;228;156;178m  [38;2;197;100;117m  [38;2;191;36;31m  [38;2;201;103;120m  [38;2;192;38;33m██[38;2;255;172;197m██[38;2;253;176;200m██[38;2;94;53;52m██[38;2;241;231;221m██[38;2;240;231;222m██[38;2;239;230;222m██[38;2;134;118;116m  [38;2;102;96;95m██[38;2;240;231;222m██[38;2;241;234;224m██[38;2;241;144;174m██[38;2;253;173;198m██[38;2;255;173;197m██[38;2;142;101;114m██[38;2;255;105;150m██[38;2;254;188;203m██[38;2;255;173;197m██[38;2;21;14;15m  
[38;2;80;36;48m  [38;2;254;174;198m██[38;2;255;178;203m██[38;2;231;168;190m██[38;2;230;70;116m██[38;2;241;133;165m██[38;2;255;174;198m██[38;2;255;173;196m██[38;2;255;172;197m██[38;2;196;37;32m  [38;2;235;160;182m██[38;2;246;171;195m██[38;2;252;176;200m██[38;2;197;44;42m██[38;2;109;60;65m██[38;2;242;225;214m██[38;2;240;231;221m██[38;2;240;231;222m████[38;2;240;230;222m██[38;2;111;106;104m██[38;2;240;231;222m████[38;2;240;230;222m██[38;2;189;187;184m██[38;2;249;159;186m██[38;2;255;173;196m██[38;2;231;166;188m██[38;2;255;173;197m██[38;2;254;210;211m██[38;2;255;172;196m██[38;2;248;175;200m██
[38;2;242;173;196m██[38;2;255;173;196m██[38;2;88;67;73m██[38;2;255;184;199m██[38;2;254;103;148m██[38;2;255;104;149m██[38;2;255;106;151m██[38;2;255;117;159m██[38;2;255;126;164m██[38;2;228;118;146m██[38;2;190;74;88m  [38;2;215;108;142m██[38;2;138;120;122m██[38;2;241;232;223m██[38;2;240;230;222m██[38;2;240;231;222m████████[38;2;240;233;223m██[38;2;230;154;169m██[38;2;225;91;129m██[38;2;220;66;109m██[38;2;232;184;190m██[38;2;242;236;229m██[38;2;249;164;190m██[38;2;255;173;196m██[38;2;249;176;200m██[38;2;255;174;198m██[38;2;255;194;204m██[38;2;255;172;196m██[38;2;255;173;197m██
[38;2;255;173;197m██████[38;2;221;161;183m██[38;2;234;123;148m██[38;2;251;200;206m██[38;2;246;208;211m██[38;2;215;102;135m██[38;2;151;114;126m██[38;2;111;93;94m██[38;2;198;85;97m  [38;2;234;115;150m██[38;2;238;203;207m██[38;2;240;231;222m████[38;2;240;231;221m████[38;2;240;231;222m██[38;2;241;233;223m██[38;2;221;111;142m██[38;2;241;235;227m██[38;2;240;231;222m██[38;2;240;231;221m████[38;2;249;241;233m██[38;2;255;173;199m██[38;2;255;172;197m██[38;2;254;176;200m██[38;2;255;175;200m██[38;2;255;172;197m██[38;2;255;173;197m██[38;2;255;172;197m██
[38;2;255;178;199m██[38;2;255;173;197m████[38;2;234;162;185m██[38;2;255;107;151m██[38;2;255;106;150m██[38;2;115;60;76m██[38;2;240;231;222m██████[38;2;240;230;222m██[38;2;240;231;222m██[38;2;240;232;223m██[38;2;240;231;222m██████[38;2;240;230;222m████[38;2;240;231;222m██████[38;2;240;230;222m██[38;2;240;231;222m██[38;2;240;230;222m██[38;2;246;237;227m██[38;2;255;177;202m██[38;2;255;173;197m██[38;2;254;176;200m██[38;2;255;176;200m██[38;2;255;173;197m████[38;2;255;113;156m██
[38;2;255;201;207m██[38;2;255;174;197m██[38;2;255;173;197m██[38;2;181;42;42m  [38;2;255;174;198m██[38;2;255;173;197m██[38;2;88;74;77m██[38;2;240;231;222m██████[38;2;233;193;186m██[38;2;236;209;201m██[38;2;242;224;214m██[38;2;245;220;208m██[38;2;246;217;205m██[38;2;246;215;202m████[38;2;246;217;204m██[38;2;245;219;207m██[38;2;239;181;167m██[38;2;241;133;105m██[38;2;114;70;68m██[38;2;242;234;225m██[38;2;240;231;222m██[38;2;245;237;227m██[38;2;255;177;202m██[38;2;255;173;196m██[38;2;251;175;200m██[38;2;255;176;199m██[38;2;255;173;196m████[38;2;234;111;146m██
[38;2;150;121;126m  [38;2;255;203;208m██[38;2;254;174;199m██[38;2;183;69;76m  [38;2;255;173;197m████[38;2;107;91;95m██[38;2;240;231;222m████[38;2;71;68;66m██[38;2;25;8;10m██[38;2;90;10;11m██[38;2;246;213;200m██[38;2;246;216;203m██[38;2;247;215;201m██[38;2;246;214;201m████[38;2;247;215;202m██[38;2;246;216;204m██[38;2;174;45;43m  [38;2;133;68;78m██[38;2;11;8;9m██[38;2;1;0;0m██[38;2;205;201;196m██[38;2;245;239;229m██[38;2;255;176;200m██[38;2;255;173;197m██[38;2;244;174;199m██[38;2;238;161;186m██[38;2;255;172;196m██[38;2;255;172;197m██[38;2;9;5;6m  
[38;2;11;4;5m  [38;2;254;167;189m██[38;2;174;41;38m██[38;2;237;170;193m██[38;2;255;173;197m████[38;2;117;102;105m██[38;2;34;31;31m██[38;2;1;0;0m██[38;2;95;88;87m██[38;2;248;229;219m██[38;2;247;222;210m██[38;2;244;217;207m██[38;2;246;215;202m██[38;2;246;214;202m██[38;2;246;215;202m██[38;2;247;215;202m██[38;2;246;215;202m██[38;2;246;215;201m██[38;2;246;217;205m██[38;2;244;220;210m██[38;2;243;225;215m██[38;2;245;236;226m██[38;2;15;12;12m██[38;2;90;81;82m██[38;2;255;175;199m██[38;2;255;173;196m██[38;2;235;168;190m██[38;2;184;48;52m  [38;2;255;172;196m██[38;2;28;18;20m  [38;2;4;0;0m  
[38;2;46;6;5m  [38;2;157;67;90m  [38;2;227;89;125m██[38;2;231;164;187m██[38;2;255;173;197m██[38;2;255;173;196m██[38;2;122;62;78m██[38;2;142;138;135m██[38;2;243;236;228m██[38;2;241;229;220m██[38;2;243;223;213m██[38;2;244;220;209m██[38;2;246;217;205m██[38;2;246;216;203m██[38;2;228;187;178m██[38;2;182;116;110m██[38;2;185;127;121m██[38;2;185;119;113m██[38;2;213;166;156m██[38;2;247;219;207m██[38;2;244;221;210m██[38;2;243;225;215m██[38;2;242;218;210m██[38;2;247;164;165m██[38;2;246;242;235m██[38;2;255;173;197m████[38;2;236;169;192m██[38;2;198;63;82m  [38;2;84;67;71m  [38;2;168;25;21m  [38;2;91;6;6m  
[38;2;11;2;2m  [38;2;159;24;21m  [38;2;124;60;75m██[38;2;190;85;117m██[38;2;255;172;197m██[38;2;255;173;196m██[38;2;215;87;125m██[38;2;248;134;142m██[38;2;244;182;182m██[38;2;240;230;220m██[38;2;242;226;216m██[38;2;244;221;210m██[38;2;208;158;151m██[38;2;253;251;251m██[38;2;255;255;255m██████████[38;2;229;207;204m██[38;2;245;229;218m██[38;2;242;226;216m██[38;2;240;231;222m██[38;2;242;230;221m██[38;2;227;220;212m██[38;2;255;172;197m██[38;2;255;173;197m██[38;2;254;174;198m██[38;2;248;108;152m██[38;2;204;45;40m██[38;2;111;2;2m  [38;2;20;1;1m  
[38;2;159;21;18m  [38;2;54;0;0m  [38;2;121;52;69m██[38;2;122;81;93m██[38;2;255;173;196m██[38;2;255;173;197m██[38;2;253;102;148m██[38;2;243;236;227m██[38;2;240;231;222m████[38;2;240;229;220m██[38;2;241;227;217m██[38;2;141;40;38m██[38;2;255;255;255m████████████[38;2;247;243;242m██[38;2;242;236;228m██[38;2;240;231;221m██[38;2;240;231;222m████[38;2;152;145;143m██[38;2;255;173;196m██[38;2;255;172;196m██[38;2;255;167;193m██[38;2;46;29;32m  [38;2;77;35;45m  [38;2;158;22;20m  [38;2;172;0;0m  
[38;2;25;4;4m  [38;2;153;39;36m  [38;2;42;20;26m  [38;2;254;176;201m██[38;2;255;181;201m██[38;2;255;173;197m██[38;2;255;108;152m██[38;2;227;220;214m██[38;2;240;231;222m████████[38;2;238;229;221m██[38;2;255;255;255m████████████[38;2;163;80;75m██[38;2;240;231;222m██[38;2;240;230;222m██[38;2;240;231;222m████[38;2;76;60;64m██[38;2;255;173;197m██[38;2;255;172;196m██[38;2;254;142;175m██[38;2;237;178;196m██[38;2;10;1;1m  [38;2;0;0;0m    
[38;2;119;6;5m  [38;2;24;2;3m  [38;2;9;7;7m  [38;2;254;112;155m██[38;2;255;180;200m██[38;2;255;173;197m██[38;2;132;119;120m██[38;2;124;58;77m██[38;2;240;231;222m██[38;2;240;231;221m████[38;2;240;231;222m██[38;2;240;231;221m██[38;2;223;197;191m██[38;2;245;238;237m██[38;2;255;255;255m██████[38;2;189;127;123m██[38;2;240;231;221m██[38;2;240;231;222m██████[38;2;241;232;223m██[38;2;74;63;65m██[38;2;139;102;113m██[38;2;255;172;196m██[38;2;255;186;200m██[38;2;48;34;38m  [38;2;6;0;0m  [38;2;0;0;0m    
[38;2;255;228;131m  [38;2;255;223;118m  [38;2;116;96;100m  [38;2;181;101;125m  [38;2;255;203;209m██[38;2;255;172;197m██[38;2;100;88;89m██[38;2;246;240;231m██[38;2;165;159;154m██[38;2;240;231;222m██[38;2;240;230;222m██[38;2;240;231;222m████[38;2;240;230;222m██[38;2;240;231;222m██[38;2;239;231;222m████[38;2;240;231;222m████████[38;2;240;230;222m██[38;2;240;231;221m██[38;2;60;52;54m██[38;2;242;234;224m██[38;2;255;178;203m██[38;2;104;78;87m██[38;2;90;80;81m██[38;2;9;2;2m  [38;2;89;78;79m  [38;2;0;0;0m    
[38;2;255;227;127m  [38;2;255;229;132m  [38;2;165;142;145m  [38;2;6;0;0m  [38;2;249;210;211m██[38;2;158;116;130m██[38;2;231;110;148m██[38;2;236;229;222m██[38;2;122;108;109m██[38;2;169;161;158m██[38;2;240;231;222m████████[38;2;240;230;222m██[38;2;240;231;222m████[38;2;240;230;222m██[38;2;240;231;222m██████[38;2;242;234;225m██[38;2;91;49;60m██[38;2;205;189;186m██[38;2;120;113;111m██[38;2;88;79;79m██[38;2;242;233;224m██[38;2;9;1;1m  [38;2;2;1;1m  [38;2;129;110;112m██[38;2;0;0;0m    
[38;2;254;231;143m  [38;2;255;227;128m  [38;2;22;16;16m  [38;2;10;2;2m  [38;2;11;4;5m  [38;2;218;212;206m██[38;2;240;231;222m██[38;2;219;213;206m██[38;2;250;167;142m██[38;2;119;44;48m  [38;2;107;98;98m██[38;2;159;139;141m██[38;2;239;233;225m██[38;2;241;232;223m██[38;2;240;231;222m██[38;2;240;232;222m██[38;2;240;231;222m██[38;2;240;231;221m██[38;2;243;234;225m██[38;2;214;208;201m██[38;2;84;62;67m██[38;2;106;48;64m██[38;2;233;226;218m██[38;2;251;151;123m██[38;2;242;236;227m██[38;2;241;232;223m██[38;2;176;156;157m██[38;2;18;4;5m  [38;2;12;2;2m  [38;2;45;4;4m  [38;2;0;0;0m    
[38;2;255;255;255m██[38;2;255;252;245m██[38;2;255;228;131m  [38;2;147;132;75m  [38;2;0;0;0m  [38;2;15;10;10m  [38;2;22;16;17m  [38;2;232;192;183m██[38;2;233;133;117m██[38;2;240;231;221m██[38;2;189;169;165m██[38;2;131;84;92m██[38;2;123;76;85m██[38;2;102;78;98m██[38;2;174;168;174m██[38;2;180;59;56m██[38;2;166;28;22m██[38;2;190;36;31m  [38;2;176;225;240m██[38;2;128;82;91m██[38;2;109;61;72m██[38;2;68;39;47m██[38;2;240;234;225m██[38;2;210;97;89m██[38;2;240;236;226m██[38;2;206;198;193m  [38;2;1;0;0m  [38;2;4;1;1m  [38;2;0;0;0m        
[38;2;255;242;199m  [38;2;255;228;131m  [38;2;211;189;108m  [38;2;0;0;0m    [38;2;21;2;2m  [38;2;77;73;72m  [38;2;240;233;224m██[38;2;235;107;83m██[38;2;248;133;104m██[38;2;104;57;55m██[38;2;128;81;91m██[38;2;126;80;89m██[38;2;173;145;149m██[38;2;70;77;113m██[38;2;194;37;32m██[38;2;179;76;74m  [38;2;191;38;32m██[38;2;141;125;132m██[38;2;174;145;150m██[38;2;148;111;119m██[38;2;58;34;39m██[38;2;254;142;111m██[38;2;229;97;75m██[38;2;210;100;91m██[38;2;235;210;201m██[38;2;4;0;0m  [38;2;0;0;0m      [38;2;255;228;130m  [38;2;0;0;0m  
[38;2;255;227;128m  [38;2;255;228;131m  [38;2;0;0;0m        [38;2;7;4;4m  [38;2;241;235;227m██[38;2;219;75;59m██[38;2;243;228;219m██[38;2;164;199;212m██[38;2;59;39;44m██[38;2;174;146;150m██[38;2;142;105;114m██[38;2;173;145;150m██[38;2;198;42;36m██[38;2;177;56;55m  [38;2;193;39;35m  [38;2;133;94;103m██[38;2;120;74;86m██[38;2;173;144;149m██[38;2;29;21;23m██[38;2;254;143;113m██[38;2;240;233;225m██[38;2;230;187;181m██[38;2;246;215;202m██[38;2;27;2;1m  [38;2;0;0;0m    [38;2;251;225;128m  [38;2;255;228;131m  [38;2;0;0;0m  
[38;2;255;227;127m  [38;2;255;227;129m  [38;2;0;0;0m        [38;2;21;2;2m  [38;2;81;74;75m  [38;2;244;236;226m██[38;2;117;110;108m██[38;2;118;87;95m██[38;2;130;83;92m██[38;2;173;144;149m██[38;2;172;143;148m██[38;2;174;144;149m██[38;2;158;123;130m██[38;2;235;134;100m██[38;2;160;130;137m██[38;2;159;112;116m██[38;2;172;143;148m██[38;2;174;146;151m██[38;2;127;79;88m██[38;2;195;237;248m██[38;2;244;237;228m██[38;2;245;237;230m██[38;2;10;5;5m  [38;2;1;0;0m  [38;2;0;0;0m    [38;2;255;233;140m  [38;2;254;236;169m  [38;2;38;34;19m  
[38;2;0;0;0m      [38;2;255;227;130m  [38;2;0;0;0m      [38;2;18;12;13m  [38;2;213;195;196m██[38;2;119;77;87m██[38;2;172;143;148m██[38;2;147;110;118m██[38;2;122;104;106m██[38;2;172;143;147m██[38;2;173;144;148m██[38;2;172;143;148m██[38;2;135;93;102m██[38;2;172;143;147m██[38;2;120;77;87m██[38;2;172;143;147m██[38;2;139;115;120m██[38;2;137;96;103m██[38;2;145;107;115m██[38;2;232;224;224m██[38;2;212;200;200m██[38;2;22;1;1m  [38;2;0;0;0m  [38;2;43;39;22m  [38;2;255;228;128m  [38;2;254;235;161m  [38;2;255;255;255m██[38;2;255;226;123m  
[38;2;0;0;0m    [38;2;255;228;130m  [38;2;255;227;130m  [38;2;255;172;97m  [38;2;195;174;100m  [38;2;0;0;0m  [38;2;26;4;5m  [38;2;167;142;146m██[38;2;172;143;147m████[38;2;170;140;146m██[38;2;54;40;43m██[38;2;172;143;147m████[38;2;113;66;77m██[38;2;137;99;106m██[38;2;162;129;135m██[38;2;172;144;149m██[38;2;172;143;147m██[38;2;96;79;82m██[38;2;160;126;133m██[38;2;172;143;147m████[38;2;178;150;154m██[38;2;13;2;2m  [38;2;0;0;0m  [38;2;30;27;15m  [38;2;255;228;129m    [38;2;255;253;250m██[38;2;255;228;129m  
[38;2;0;0;0m    [38;2;107;96;55m  [38;2;0;0;0m  [38;2;255;228;129m  [38;2;195;175;100m  [38;2;0;0;0m    [38;2;8;1;1m  [38;2;173;145;149m██[38;2;172;143;147m██[38;2;169;139;144m██[38;2;117;77;84m██[38;2;172;143;147m████[38;2;172;143;148m██[38;2;110;63;75m██[38;2;133;90;100m██[38;2;172;143;147m████[38;2;86;73;75m██[38;2;164;132;138m██[38;2;172;143;147m████[38;2;21;16;17m  [38;2;0;0;0m        [38;2;255;228;130m  [38;2;255;233;155m  [38;2;21;19;11m  
[38;2;0;0;0m        [38;2;35;32;18m  [38;2;0;0;0m        [38;2;7;0;0m  [38;2;168;141;146m██[38;2;137;93;101m██[38;2;52;41;43m██[38;2;172;143;147m██████[38;2;172;143;148m██[38;2;173;144;149m██[38;2;172;143;147m████[38;2;139;120;123m██[38;2;136;93;103m██[38;2;172;143;147m██[38;2;141;116;121m██[38;2;33;6;7m  [38;2;0;0;0m        [38;2;251;225;128m  [38;2;255;228;130m  [38;2;0;0;0m  [0m
