
[38;2;0;0;0m              [38;2;139;139;138m  [38;2;249;214;219m  [38;2;251;195;202m██[38;2;250;189;196m██[38;2;251;190;196m██[38;2;250;192;198m████████[38;2;249;192;198m██████[38;2;250;192;198m██[38;2;252;194;200m██[38;2;251;191;198m██[38;2;249;191;197m██[38;2;222;162;169m██[38;2;250;190;197m██[38;2;249;189;196m████[38;2;219;159;166m██[38;2;227;167;173m██[38;2;239;179;187m  [38;2;75;51;51m  [38;2;0;0;0m  
[38;2;0;0;0m            [38;2;9;9;9m  [38;2;254;247;248m  [38;2;254;202;213m██[38;2;250;191;198m██[38;2;250;188;195m██[38;2;221;163;171m██[38;2;249;193;201m██[38;2;251;190;197m██[38;2;232;172;179m██[38;2;249;192;198m████[38;2;250;192;198m██[38;2;251;190;197m██[38;2;249;189;196m██[38;2;246;186;193m██[38;2;250;188;196m██[38;2;251;188;196m██[38;2;248;185;193m██[38;2;251;188;196m██[38;2;251;187;195m██[38;2;250;185;193m██[38;2;251;187;195m██[38;2;223;159;167m██[38;2;252;176;186m  [38;2;61;48;49m  [38;2;0;0;0m  
[38;2;0;0;0m            [38;2;231;231;231m  [38;2;251;238;240m  [38;2;251;215;221m██[38;2;252;193;200m██[38;2;250;186;194m██[38;2;240;208;213m██[38;2;252;204;209m██[38;2;251;191;198m██[38;2;229;174;182m██[38;2;251;213;218m██[38;2;252;198;206m██[38;2;251;217;221m██[38;2;252;195;202m██[38;2;251;187;196m██[38;2;216;152;160m██[38;2;250;187;194m██[38;2;250;186;194m██[38;2;252;188;196m██[38;2;249;184;192m██[38;2;250;184;193m██[38;2;251;183;191m██[38;2;248;181;190m██[38;2;243;175;183m██[38;2;254;176;186m██[38;2;177;124;128m  [38;2;0;0;0m  
[38;2;0;0;0m            [38;2;88;86;87m  [38;2;254;246;246m██[38;2;255;247;245m██[38;2;252;194;200m██[38;2;250;185;193m██[38;2;252;217;224m██[38;2;254;198;206m██[38;2;250;187;195m██[38;2;231;176;185m██[38;2;252;225;228m██[38;2;252;197;205m██[38;2;248;203;209m██[38;2;250;193;200m██[38;2;253;184;193m██[38;2;198;127;137m██[38;2;249;185;192m████[38;2;249;183;191m██[38;2;253;183;193m██[38;2;250;181;190m██[38;2;251;180;188m██[38;2;251;177;187m██[38;2;192;111;116m██[38;2;212;124;130m██[38;2;211;119;130m  [38;2;16;16;16m  
[38;2;0;0;0m          [38;2;39;39;39m  [38;2;254;246;245m  [38;2;251;224;227m██[38;2;251;197;205m██[38;2;252;182;190m██[38;2;249;182;189m██[38;2;251;187;195m██[38;2;252;184;194m██[38;2;243;171;178m██[38;2;236;173;181m██[38;2;252;187;195m██[38;2;250;183;192m██[38;2;250;183;191m██[38;2;250;182;191m██[38;2;250;178;185m██[38;2;197;139;143m██[38;2;249;182;191m██[38;2;248;182;190m██[38;2;249;180;189m██[38;2;214;133;145m██[38;2;248;178;186m██[38;2;252;174;186m██[38;2;211;120;126m██[38;2;195;108;114m██[38;2;205;113;119m██[38;2;214;117;125m  [38;2;119;46;46m  
[38;2;0;0;0m          [38;2;215;215;215m  [38;2;253;217;227m  [38;2;252;186;195m██[38;2;250;178;186m██[38;2;225;155;162m██[38;2;248;178;186m██[38;2;250;179;187m██[38;2;249;179;187m██[38;2;192;119;128m██[38;2;240;174;180m██[38;2;249;178;186m██[38;2;250;177;186m████[38;2;248;178;186m██[38;2;238;153;165m██[38;2;230;182;182m██[38;2;248;184;190m██[38;2;249;179;187m██[38;2;252;176;185m██[38;2;195;113;121m██[38;2;224;134;140m██[38;2;211;117;124m██[38;2;209;115;121m██[38;2;201;108;117m██[38;2;203;108;115m██[38;2;212;112;120m  [38;2;124;124;124m  
[38;2;0;0;0m          [38;2;234;234;234m  [38;2;248;188;200m  [38;2;250;174;184m██[38;2;248;171;181m██[38;2;244;167;178m██[38;2;250;174;184m██[38;2;247;176;185m██[38;2;253;176;185m██[38;2;222;170;172m██[38;2;242;171;179m██[38;2;249;175;185m██[38;2;248;174;184m██[38;2;247;173;183m██[38;2;249;173;184m██[38;2;211;120;130m██[38;2;235;193;192m██[38;2;210;147;152m██[38;2;218;128;136m██[38;2;213;119;129m██[38;2;174;104;107m██[38;2;209;113;120m██[38;2;209;111;117m██[38;2;208;109;117m██[38;2;201;106;115m██[38;2;205;106;115m██[38;2;208;108;115m  [38;2;67;67;67m  
[38;2;0;0;0m          [38;2;39;34;34m  [38;2;253;181;192m██[38;2;250;168;180m██[38;2;248;167;179m██[38;2;249;170;181m██[38;2;234;156;167m██[38;2;233;166;174m██[38;2;214;134;143m██[38;2;233;188;188m██[38;2;236;165;173m██[38;2;247;170;180m██[38;2;248;170;180m████[38;2;251;169;181m██[38;2;208;115;125m██[38;2;230;189;187m██[38;2;236;183;185m██[38;2;205;114;121m██[38;2;209;119;127m██[38;2;232;173;174m██[38;2;206;108;116m██[38;2;205;107;113m██[38;2;204;105;114m██[38;2;199;103;113m██[38;2;204;105;112m██[38;2;207;105;112m  [38;2;67;67;67m  
[38;2;0;0;0m          [38;2;33;20;21m  [38;2;201;108;117m██[38;2;208;109;119m██[38;2;226;128;140m██[38;2;240;151;158m██[38;2;213;145;150m██[38;2;208;148;150m██[38;2;187;109;116m██[38;2;224;185;182m██[38;2;197;123;129m██[38;2;202;112;121m██[38;2;210;113;121m██[38;2;205;107;116m██[38;2;201;105;114m██[38;2;197;109;119m██[38;2;229;188;184m██[38;2;194;151;149m██[38;2;200;109;115m██[38;2;174;106;110m██[38;2;241;189;189m██[38;2;205;104;111m██[38;2;203;103;110m██[38;2;203;102;109m██[38;2;187;91;96m██[38;2;202;101;108m██[38;2;208;104;111m  [38;2;119;0;0m  
[38;2;0;0;0m          [38;2;32;16;17m  [38;2;181;81;87m██[38;2;204;100;108m██[38;2;203;99;109m██[38;2;203;101;107m██[38;2;201;131;137m██[38;2;234;200;194m██[38;2;180;122;125m██[38;2;236;193;191m██[38;2;165;102;105m██[38;2;179;101;104m██[38;2;205;103;110m██[38;2;204;103;110m██[38;2;190;104;107m██[38;2;180;102;107m██[38;2;206;165;164m██[38;2;234;195;195m██[38;2;165;131;133m██[38;2;131;105;103m██[38;2;167;128;129m██[38;2;201;99;106m██[38;2;201;100;107m██[38;2;201;99;106m██[38;2;189;85;93m██[38;2;202;99;106m██[38;2;204;101;109m  [38;2;79;39;39m  
[38;2;0;0;0m          [38;2;30;14;17m  [38;2;185;90;99m  [38;2;200;96;102m██[38;2;200;96;106m██[38;2;203;97;104m██[38;2;121;71;75m██[38;2;249;248;248m██[38;2;132;27;57m██[38;2;157;38;73m██[38;2;117;43;61m██[38;2;185;115;118m██[38;2;199;99;107m██[38;2;202;98;106m██[38;2;193;121;126m██[38;2;224;193;194m██[38;2;151;97;111m██[38;2;171;42;82m██[38;2;168;43;83m██[38;2;167;111;127m██[38;2;84;71;67m██[38;2;200;97;105m██[38;2;199;96;103m██[38;2;199;97;104m██[38;2;194;88;97m██[38;2;201;96;104m██[38;2;204;97;108m  [38;2;0;0;0m  
[38;2;0;0;0m          [38;2;174;71;71m  [38;2;179;90;98m  [38;2;204;98;111m  [38;2;201;97;104m██[38;2;198;95;102m██[38;2;162;103;111m██[38;2;253;250;253m██[38;2;135;42;68m██[38;2;117;37;62m██[38;2;146;29;65m██[38;2;183;126;130m██[38;2;203;136;141m██[38;2;200;97;105m██[38;2;201;143;146m██[38;2;253;248;242m██[38;2;189;164;169m██[38;2;137;35;63m██[38;2;131;32;63m██[38;2;122;38;62m██[38;2;142;132;127m██[38;2;197;92;100m██[38;2;198;93;102m██[38;2;198;95;102m██[38;2;197;93;101m██[38;2;196;93;101m██[38;2;193;101;107m  [38;2;0;0;0m  
[38;2;0;0;0m          [38;2;34;19;19m  [38;2;185;92;101m  [38;2;108;65;70m  [38;2;166;70;75m  [38;2;175;73;80m██[38;2;175;98;104m██[38;2;251;248;246m██[38;2;209;92;94m██[38;2;211;141;100m██[38;2;154;53;75m██[38;2;250;244;238m██[38;2;235;202;198m██[38;2;192;95;104m██[38;2;209;169;170m██[38;2;255;247;242m██[38;2;189;141;156m██[38;2;244;166;135m██[38;2;224;165;127m██[38;2;184;150;155m██[38;2;254;249;244m██[38;2;197;91;100m██[38;2;201;90;100m██[38;2;187;89;94m██[38;2;197;92;100m██[38;2;188;87;96m██[38;2;66;36;39m  [38;2;0;0;0m  
[38;2;0;0;0m            [38;2;144;91;92m  [38;2;59;30;30m  [38;2;183;97;102m  [38;2;191;93;101m██[38;2;184;92;100m██[38;2;254;245;243m██[38;2;244;237;238m██[38;2;173;126;137m██[38;2;250;244;241m██[38;2;255;246;240m██[38;2;253;244;238m██[38;2;233;215;211m██[38;2;223;195;194m██[38;2;253;246;240m██[38;2;254;246;241m██[38;2;194;156;167m██[38;2;180;139;151m██[38;2;254;245;241m██[38;2;244;217;218m██[38;2;199;90;100m██[38;2;179;103;108m██[38;2;168;98;96m██[38;2;194;89;98m██[38;2;184;84;97m  [38;2;134;17;17m  [38;2;0;0;0m  
[38;2;0;0;0m                [38;2;152;97;96m  [38;2;239;192;189m██[38;2;188;91;102m██[38;2;248;243;236m██[38;2;254;246;240m██[38;2;254;248;241m██[38;2;253;246;240m██[38;2;254;246;240m██[38;2;254;245;241m██[38;2;249;242;239m██[38;2;253;246;240m██[38;2;253;247;240m██[38;2;255;246;240m██[38;2;255;247;241m██[38;2;255;246;243m██[38;2;254;247;240m██[38;2;198;141;146m██[38;2;182;91;98m██[38;2;207;167;162m██[38;2;187;108;113m██[38;2;195;88;96m██[38;2;161;89;94m  [38;2;0;0;0m    
[38;2;0;0;0m                [38;2;158;90;93m  [38;2;173;86;93m██[38;2;222;178;173m██[38;2;253;246;240m██[38;2;254;246;240m██[38;2;255;246;240m██████████[38;2;253;247;240m██[38;2;253;246;240m██[38;2;255;246;240m██[38;2;255;247;240m████[38;2;254;246;239m██[38;2;178;89;97m██[38;2;233;190;190m██[38;2;221;181;184m██[38;2;195;87;96m██[38;2;193;85;95m██[38;2;149;89;93m  [38;2;0;0;0m    
[38;2;0;0;0m              [38;2;3;3;3m  [38;2;170;95;100m  [38;2;197;89;97m██[38;2;181;76;89m██[38;2;241;228;225m██[38;2;253;247;240m██[38;2;255;247;240m██[38;2;255;246;240m██████[38;2;252;247;240m██[38;2;254;246;240m██[38;2;255;246;240m██[38;2;255;247;240m████[38;2;253;247;240m██[38;2;253;246;242m██[38;2;173;105;110m██[38;2;180;83;91m██[38;2;193;81;90m██[38;2;194;83;93m██[38;2;193;84;91m██[38;2;157;112;112m  [38;2;0;0;0m    
[38;2;0;0;0m              [38;2;5;2;2m  [38;2;182;94;99m  [38;2;195;88;97m██[38;2;176;74;81m██[38;2;178;93;99m██[38;2;253;244;238m██[38;2;253;246;240m██[38;2;255;246;240m██[38;2;253;246;240m██[38;2;255;247;240m██[38;2;254;247;240m████[38;2;255;247;240m████[38;2;255;247;239m██[38;2;253;246;240m██[38;2;253;243;240m██[38;2;188;82;92m██[38;2;190;80;87m████[38;2;191;81;89m██[38;2;193;81;92m██[38;2;54;33;33m  [38;2;0;0;0m    
[38;2;0;0;0m              [38;2;5;0;0m  [38;2;195;96;104m  [38;2;195;87;96m██[38;2;171;72;78m██[38;2;198;87;98m██[38;2;183;102;111m██[38;2;254;246;240m██[38;2;253;247;238m██[38;2;253;247;240m██[38;2;255;246;240m██[38;2;254;248;241m██[38;2;249;241;235m██[38;2;254;247;240m████[38;2;254;246;239m██[38;2;230;197;195m██[38;2;192;82;92m██[38;2;188;79;88m██[38;2;190;78;86m██[38;2;190;79;86m██[38;2;189;79;88m██[38;2;192;80;90m  [38;2;51;34;33m  [38;2;0;0;0m    
[38;2;0;0;0m              [38;2;123;123;123m  [38;2;199;94;105m  [38;2;195;86;96m██[38;2;176;77;83m██[38;2;194;86;93m████[38;2;195;86;99m██[38;2;214;177;181m██[38;2;252;246;240m██[38;2;255;246;240m████[38;2;255;247;240m██[38;2;254;246;240m██[38;2;253;246;241m██[38;2;195;169;164m██[38;2;192;82;91m██[38;2;190;75;87m██[38;2;169;66;74m██[38;2;189;75;85m██[38;2;189;76;85m██[38;2;183;75;84m██[38;2;190;76;87m  [38;2;84;33;76m  [38;2;0;0;0m    
[38;2;0;0;0m              [38;2;164;82;82m  [38;2;200;86;97m  [38;2;194;86;94m██[38;2;179;81;87m██[38;2;194;85;92m██[38;2;195;83;92m██[38;2;196;85;93m██[38;2;182;78;86m██[38;2;184;83;94m██[38;2;245;233;231m██[38;2;253;246;239m██[38;2;253;247;241m██[38;2;214;182;181m██[38;2;234;191;189m██[38;2;231;186;183m██[38;2;192;80;89m██[38;2;188;77;85m██[38;2;169;60;70m██[38;2;188;75;84m██[38;2;188;75;83m██[38;2;179;71;80m██[38;2;191;76;85m  [38;2;111;55;55m  [38;2;0;0;0m    
[38;2;0;0;0m          [38;2;39;39;39m  [38;2;0;0;0m  [38;2;247;0;0m  [38;2;199;85;94m  [38;2;194;87;95m██[38;2;176;78;84m██[38;2;193;83;92m██[38;2;194;84;92m██[38;2;192;85;92m██[38;2;177;74;82m██[38;2;192;86;100m██[38;2;232;191;186m██[38;2;215;174;170m██[38;2;232;192;188m██[38;2;228;189;185m████[38;2;233;187;185m██[38;2;189;76;85m██[38;2;189;79;87m██[38;2;175;65;73m██[38;2;187;75;84m██[38;2;187;73;83m██[38;2;178;68;78m██[38;2;189;75;85m  [38;2;111;55;55m  [38;2;0;0;0m    
[38;2;0;0;0m        [38;2;221;220;217m  [38;2;251;250;243m  [38;2;21;21;20m  [38;2;22;18;18m  [38;2;193;91;106m  [38;2;188;146;152m██[38;2;172;132;136m██[38;2;189;87;100m██[38;2;196;85;94m██[38;2;193;84;92m██[38;2;178;79;87m██[38;2;180;115;120m██[38;2;251;238;231m██[38;2;231;190;188m██[38;2;228;189;185m██[38;2;229;189;185m████[38;2;233;186;184m██[38;2;189;77;86m██[38;2;184;74;83m██[38;2;186;75;84m██[38;2;187;73;82m██[38;2;188;72;82m██[38;2;175;64;74m██[38;2;188;76;87m  [38;2;159;75;83m  [38;2;0;0;0m    
[38;2;0;0;0m    [38;2;247;247;247m  [38;2;59;57;53m  [38;2;231;216;208m  [38;2;251;227;223m██[38;2;227;217;210m██[38;2;253;242;238m  [38;2;248;245;245m██[38;2;229;228;234m██[38;2;245;245;249m██[38;2;238;232;240m██[38;2;244;242;246m██[38;2;223;217;212m██[38;2;253;243;238m██[38;2;255;247;240m██[38;2;254;247;240m██[38;2;254;246;238m██[38;2;240;221;212m██[38;2;231;190;186m██[38;2;229;189;185m██[38;2;230;189;185m██[38;2;251;229;225m██[38;2;172;74;83m██[38;2;186;75;86m██[38;2;187;72;81m██[38;2;186;72;80m██[38;2;174;59;70m██[38;2;192;76;89m  [38;2;83;83;83m  [38;2;0;0;0m    
[38;2;0;0;0m  [38;2;149;149;74m  [38;2;253;252;245m  [38;2;243;236;228m  [38;2;251;245;236m██[38;2;230;190;190m██[38;2;242;210;212m██[38;2;254;248;239m██[38;2;196;187;192m██[38;2;236;236;238m██[38;2;224;227;229m██[38;2;237;239;241m██[38;2;214;214;219m██[38;2;239;238;246m██[38;2;233;228;231m██[38;2;217;210;204m██[38;2;255;248;242m██[38;2;255;247;240m████[38;2;254;245;240m██[38;2;241;225;220m██[38;2;250;240;229m██[38;2;255;246;240m██[38;2;253;246;241m██[38;2;252;245;240m██[38;2;165;68;79m██[38;2;186;71;81m██[38;2;176;65;75m██[38;2;194;79;89m  [38;2;90;0;84m  [38;2;0;0;0m    
[38;2;49;42;42m  [38;2;252;251;245m  [38;2;254;249;241m██[38;2;230;223;216m██[38;2;254;247;238m██[38;2;239;224;219m██[38;2;199;158;156m██[38;2;216;177;172m██[38;2;253;242;242m██[38;2;204;201;205m██[38;2;240;240;243m██[38;2;238;238;240m██[38;2;240;240;243m██[38;2;238;237;240m██[38;2;240;240;243m██[38;2;215;209;209m██[38;2;253;248;242m██[38;2;216;209;203m██[38;2;251;245;238m██[38;2;254;246;239m██[38;2;255;247;240m██[38;2;255;246;240m██[38;2;255;247;240m██████[38;2;254;246;239m██[38;2;252;248;245m██[38;2;159;98;102m██[38;2;192;82;94m  [38;2;83;83;83m  [38;2;0;0;0m    
[38;2;254;251;243m  [38;2;229;223;215m██[38;2;254;246;240m██[38;2;216;204;197m██[38;2;245;221;217m██[38;2;218;186;181m██[38;2;229;189;185m██[38;2;231;189;184m██[38;2;250;229;226m██[38;2;219;218;220m██[38;2;240;240;242m██[38;2;235;235;237m██[38;2;241;241;244m██[38;2;215;215;217m██[38;2;242;242;245m██[38;2;242;241;244m██[38;2;230;221;222m██[38;2;254;245;240m██[38;2;254;247;240m██[38;2;249;245;239m██[38;2;222;216;210m██[38;2;255;247;240m██[38;2;254;246;239m██[38;2;247;240;233m██[38;2;215;207;202m██[38;2;226;218;213m██[38;2;224;219;221m██[38;2;237;239;243m██[38;2;239;237;242m  [38;2;204;203;199m  [38;2;143;143;143m  [38;2;0;0;0m  
[38;2;248;226;220m  [38;2;222;190;186m██[38;2;228;191;189m██[38;2;224;184;181m██[38;2;229;189;185m██[38;2;228;187;183m██[38;2;205;164;160m██[38;2;229;189;185m██[38;2;242;214;209m██[38;2;253;247;243m██[38;2;239;241;243m██[38;2;240;241;243m██[38;2;237;236;239m██[38;2;243;243;245m██[38;2;243;243;244m████[38;2;244;243;244m██[38;2;234;227;227m██[38;2;255;246;243m██[38;2;255;247;240m██[38;2;254;247;241m██[38;2;254;247;240m██[38;2;232;224;217m██[38;2;254;247;241m██[38;2;254;246;239m██[38;2;254;247;239m██[38;2;246;241;244m██[38;2;241;243;245m████[38;2;237;239;243m██[38;2;234;235;238m  [38;2;77;77;73m  
[38;2;213;181;175m  [38;2;230;188;184m██[38;2;231;190;186m██[38;2;229;189;185m██[38;2;230;190;186m██[38;2;229;189;185m██[38;2;230;191;186m██[38;2;229;189;185m██[38;2;234;198;196m██[38;2;235;225;224m██[38;2;230;233;233m██[38;2;239;238;243m██[38;2;216;216;219m██[38;2;234;233;236m██[38;2;243;243;244m██[38;2;244;244;244m██████[38;2;236;233;234m██[38;2;254;247;242m██[38;2;255;246;240m██[38;2;255;247;240m████[38;2;255;246;240m████[38;2;209;206;206m██[38;2;244;242;243m██[38;2;245;245;245m██[38;2;244;243;246m██[38;2;242;243;248m██[38;2;237;239;246m██[38;2;231;228;236m  
[38;2;142;64;64m  [38;2;177;151;142m  [38;2;220;180;176m  [38;2;228;188;184m██[38;2;215;174;170m██[38;2;228;188;184m██[38;2;224;180;177m██[38;2;228;186;185m██[38;2;231;190;186m██[38;2;231;190;188m██[38;2;253;237;235m██[38;2;248;243;244m██[38;2;227;226;230m██[38;2;214;214;216m██[38;2;243;243;244m██[38;2;244;244;244m██[38;2;245;245;245m██[38;2;244;244;244m████[38;2;245;240;241m██[38;2;252;246;241m██[38;2;255;246;240m████[38;2;255;245;242m██[38;2;227;223;221m██[38;2;244;243;243m██[38;2;244;244;244m██████[38;2;244;244;245m██[38;2;242;242;245m██[38;2;235;235;240m  
[38;2;0;0;0m  [38;2;42;42;42m  [38;2;57;49;45m  [38;2;187;176;171m  [38;2;203;168;165m██[38;2;228;187;183m██[38;2;178;147;143m██[38;2;187;187;189m██[38;2;206;219;217m██[38;2;204;191;190m██[38;2;213;206;205m██[38;2;228;225;227m██[38;2;241;240;246m██[38;2;241;241;243m██[38;2;244;244;244m████████████[38;2;245;244;243m██[38;2;231;227;221m██[38;2;254;250;244m██[38;2;222;215;214m██[38;2;244;243;243m██[38;2;244;244;244m████[38;2;245;245;245m██[38;2;244;244;244m████[38;2;243;244;244m██[38;2;238;237;244m██
[38;2;0;0;0m      [38;2;82;85;81m  [38;2;195;214;214m  [38;2;201;175;178m██[38;2;200;217;211m██[38;2;187;203;200m██[38;2;196;215;209m██[38;2;210;225;223m██[38;2;232;236;237m██[38;2;225;225;227m██[38;2;217;217;219m██[38;2;243;242;245m██[38;2;244;244;244m██████████[38;2;245;245;245m████[38;2;244;244;244m██[38;2;245;245;245m██[38;2;244;244;244m██████████[38;2;245;245;245m██[38;2;229;229;229m██[38;2;243;243;245m██[38;2;238;239;242m██[0m
