
[38;2;70;70;70m  [38;2;139;139;139m  [38;2;174;174;175m  [38;2;22;22;22m  [38;2;4;4;4m██[38;2;57;56;58m██[38;2;48;46;57m██[38;2;13;11;14m██[38;2;97;84;96m██[38;2;103;89;101m██[38;2;115;97;111m██[38;2;130;108;122m██[38;2;139;114;129m██[38;2;141;116;131m██[38;2;139;114;130m██[38;2;130;109;122m██[38;2;118;101;113m██[38;2;27;24;27m██[38;2;207;211;207m██[38;2;231;221;236m██[38;2;175;220;193m██[38;2;11;3;11m██[38;2;57;56;57m  [38;2;56;55;56m                  
[38;2;26;26;26m  [38;2;0;0;0m██[38;2;1;0;1m██[38;2;6;6;6m██[38;2;84;76;88m██[38;2;110;96;110m██[38;2;36;33;40m██[38;2;87;76;87m██[38;2;93;80;91m██[38;2;86;78;89m██[38;2;108;91;104m██[38;2;131;108;121m██[38;2;139;114;129m██[38;2;140;116;131m██[38;2;139;115;130m██[38;2;129;107;122m██[38;2;97;84;96m██[38;2;104;90;103m██[38;2;24;25;32m██[38;2;98;86;101m██[38;2;183;180;201m██[38;2;16;10;17m██[38;2;44;43;44m  [38;2;43;42;43m              [38;2;147;145;147m  [38;2;116;111;119m  
[38;2;0;0;0m██[38;2;127;110;126m██[38;2;96;86;99m██[38;2;51;50;61m██[38;2;50;49;60m██[38;2;57;55;67m██[38;2;61;59;71m██[38;2;64;61;73m██[38;2;105;90;103m██[38;2;116;96;109m██[38;2;101;86;99m██[38;2;138;112;127m██[38;2;140;116;130m██[38;2;137;114;129m██[38;2;137;115;130m██[38;2;133;111;127m██[38;2;117;99;112m██[38;2;40;42;52m██[38;2;102;90;104m██[38;2;78;71;85m██[38;2;24;16;26m██[38;2;6;4;6m██[38;2;56;56;56m  [38;2;55;55;55m            [38;2;56;55;56m  [38;2;180;179;181m  [38;2;116;111;119m  
[38;2;43;37;42m██[38;2;135;114;129m██[38;2;66;61;73m██[38;2;88;78;91m██[38;2;105;89;101m██[38;2;34;27;31m██[38;2;65;61;72m██[38;2;114;99;113m██[38;2;62;49;56m██[38;2;111;92;103m██[38;2;139;115;129m██[38;2;143;116;131m██[38;2;82;67;75m██[38;2;95;83;96m██[38;2;69;65;77m██[38;2;111;96;111m██[38;2;126;109;124m██[38;2;116;101;118m██[38;2;45;45;58m██[38;2;95;83;105m██[38;2;121;105;131m██[38;2;2;2;2m██[38;2;208;208;209m  [38;2;82;82;82m  [38;2;180;180;180m  [38;2;166;166;166m  [38;2;195;195;195m      [38;2;126;119;129m  [38;2;180;179;181m  [38;2;116;111;119m  
[38;2;131;110;125m██[38;2;141;116;131m██[38;2;134;111;124m██[38;2;144;117;131m██[38;2;139;116;130m██[38;2;134;113;128m██[38;2;81;74;85m██[38;2;116;101;113m██[38;2;43;40;45m██[38;2;45;39;44m██[38;2;118;96;106m██[38;2;146;119;133m██[38;2;121;99;110m██[38;2;135;113;126m██[38;2;56;54;66m██[38;2;59;56;68m██[38;2;65;60;72m██[38;2;73;67;81m██[38;2;58;56;72m██[38;2;65;60;84m██[38;2;85;75;106m██[38;2;121;104;137m██[38;2;1;1;2m  [38;2;89;89;89m  [38;2;180;180;180m  [38;2;166;166;166m  [38;2;195;195;195m      [38;2;126;119;129m  [38;2;180;179;181m  [38;2;116;111;119m  
[38;2;138;115;130m██[38;2;143;117;131m██[38;2;146;118;132m██[38;2;146;118;131m██[38;2;83;66;73m██[38;2;50;35;39m██[38;2;113;95;105m██[38;2;105;87;94m██[38;2;76;69;74m██[38;2;64;53;56m██[38;2;66;53;58m██[38;2;153;125;137m██[38;2;153;126;138m██[38;2;68;59;66m██[38;2;107;92;104m██[38;2;22;21;24m██[38;2;26;23;25m██[38;2;27;23;28m██[38;2;69;59;76m██[38;2;125;105;148m██[38;2;89;77;115m██[38;2;113;96;139m██[38;2;120;103;142m██[38;2;7;7;11m██[38;2;155;155;155m  [38;2;166;166;166m  [38;2;195;195;195m      [38;2;126;119;129m  [38;2;180;179;181m  [38;2;116;111;119m  
[38;2;139;116;130m██[38;2;144;118;131m██[38;2;121;100;113m██[38;2;139;113;126m██[38;2;56;39;43m██[38;2;90;80;87m██[38;2;99;88;92m██[38;2;76;56;58m██[38;2;164;120;113m██[38;2;222;152;138m██[38;2;124;100;103m██[38;2;173;142;148m██[38;2;34;27;29m██[38;2;17;14;14m██[38;2;54;47;49m██[38;2;101;87;95m██[38;2;87;77;88m██[38;2;143;121;147m██[38;2;111;92;122m██[38;2;142;118;170m██[38;2;142;116;179m██[38;2;118;99;152m██[38;2;140;116;174m██[38;2;100;86;128m██[38;2;20;17;26m██[38;2;138;138;138m  [38;2;195;195;195m      [38;2;126;119;129m  [38;2;180;179;181m  [38;2;116;111;119m  
[38;2;137;115;130m██[38;2;141;117;131m██[38;2;71;66;77m██[38;2;102;89;100m██[38;2;70;50;53m██[38;2;109;98;100m██[38;2;128;111;110m██[38;2;242;191;175m██[38;2;248;217;201m██[38;2;237;177;162m██[38;2;180;137;132m██[38;2;199;163;161m██[38;2;113;92;94m██[38;2;236;159;144m██[38;2;91;72;71m██[38;2;123;103;103m██[38;2;117;100;105m██[38;2;119;100;117m██[38;2;156;128;168m██[38;2;151;123;179m██[38;2;141;115;180m██[38;2;145;119;192m██[38;2;144;118;188m██[38;2;142;117;178m██[38;2;84;72;112m██[38;2;10;10;13m  [38;2;198;198;198m  [38;2;219;219;219m    [38;2;125;119;129m  [38;2;180;179;181m  [38;2;116;111;119m  
[38;2;132;113;128m██[38;2;130;110;125m██[38;2;70;65;76m██[38;2;90;81;89m██[38;2;87;65;67m██[38;2;124;86;83m██[38;2;241;186;170m██[38;2;255;247;232m████[38;2;248;219;203m██[38;2;216;155;143m██[38;2;216;177;170m██[38;2;119;96;95m██[38;2;237;170;154m██[38;2;236;158;142m██[38;2;137;98;91m██[38;2;116;90;85m██[38;2;136;114;118m██[38;2;130;109;123m██[38;2;145;116;163m██[38;2;69;53;81m██[38;2;150;121;199m██[38;2;111;93;150m██[38;2;146;118;192m██[38;2;142;116;180m██[38;2;53;50;73m██[38;2;52;52;52m  [38;2;189;189;189m  [38;2;188;188;189m  [38;2;126;119;129m  [38;2;180;179;181m  [38;2;116;111;119m  
[38;2;127;112;127m██[38;2;82;75;87m██[38;2;112;97;109m██[38;2;107;94;100m██[38;2;114;89;90m██[38;2;134;93;84m██[38;2;21;19;18m██[38;2;255;249;233m██[38;2;255;247;232m██[38;2;252;239;223m██[38;2;237;168;153m██[38;2;215;178;168m██[38;2;163;139;133m██[38;2;253;244;228m██[38;2;238;168;152m██[38;2;236;158;142m██[38;2;235;158;142m██[38;2;199;145;138m██[38;2;44;30;30m██[38;2;24;7;6m██[38;2;56;41;60m██[38;2;145;116;188m██[38;2;80;67;111m██[38;2;148;120;201m██[38;2;146;119;192m██[38;2;127;106;161m██[38;2;22;17;25m  [38;2;161;160;162m  [38;2;165;158;168m  [38;2;126;119;129m  [38;2;180;179;181m  [38;2;116;111;119m  
[38;2;123;108;125m██[38;2;68;63;74m██[38;2;138;117;130m██[38;2;141;119;126m██[38;2;20;17;17m██[38;2;144;103;94m██[38;2;254;248;232m██[38;2;255;247;232m████[38;2;254;246;231m██[38;2;240;170;154m██[38;2;214;176;166m██[38;2;222;202;190m██[38;2;251;237;221m██[38;2;237;163;147m██[38;2;246;208;192m██[38;2;155;101;91m██[38;2;9;1;1m██[38;2;24;7;5m██[38;2;42;10;7m██[38;2;73;31;27m██[38;2;33;27;44m██[38;2;81;62;112m██[38;2;105;83;148m██[38;2;52;34;66m██[38;2;48;25;59m██[38;2;35;19;43m██[38;2;107;94;114m  [38;2;187;180;191m  [38;2;56;40;63m  [38;2;33;18;40m  [38;2;95;89;98m  
[38;2;69;63;80m██[38;2;66;59;74m██[38;2;145;123;137m██[38;2;38;32;34m██[38;2;150;126;126m██[38;2;230;166;151m██[38;2;255;247;232m██████[38;2;254;246;230m██[38;2;239;171;155m██[38;2;176;139;132m██[38;2;244;229;214m██[38;2;219;158;143m██[38;2;246;193;177m██[38;2;247;243;228m██[38;2;27;4;3m██[38;2;20;5;4m██[38;2;102;86;80m██[38;2;77;45;40m██[38;2;49;7;4m██[38;2;76;64;67m██[38;2;83;63;114m██[38;2;51;32;68m██[38;2;151;127;162m██[38;2;251;242;255m██[38;2;238;214;247m██[38;2;78;39;95m  [38;2;97;60;114m  [38;2;160;127;174m██[38;2;245;226;254m██[38;2;48;25;58m██
[38;2;62;56;76m██[38;2;69;59;79m██[38;2;141;118;136m██[38;2;62;51;54m██[38;2;158;128;125m██[38;2;235;174;159m██[38;2;255;248;232m██[38;2;255;247;232m████[38;2;254;246;230m██[38;2;240;182;166m██[38;2;133;90;85m██[38;2;254;245;229m██[38;2;139;61;52m██[38;2;252;237;221m██[38;2;142;92;84m██[38;2;61;14;11m██[38;2;185;172;161m██[38;2;255;246;230m██[38;2;247;224;211m██[38;2;104;70;66m██[38;2;125;101;104m██[38;2;82;61;112m██[38;2;61;32;74m██[38;2;251;239;254m██[38;2;250;241;255m██[38;2;236;210;248m██[38;2;174;127;196m██[38;2;160;108;184m██[38;2;242;216;252m██[38;2;243;222;253m██[38;2;84;59;96m██
[38;2;60;52;79m██[38;2;95;78;106m██[38;2;31;25;31m██[38;2;167;135;149m██[38;2;138;108;106m██[38;2;236;167;151m██[38;2;254;247;231m██[38;2;255;248;232m██[38;2;253;241;225m██[38;2;254;247;231m██[38;2;253;244;229m██[38;2;174;141;130m██[38;2;253;244;228m██[38;2;244;201;185m██[38;2;255;251;236m██[38;2;127;33;26m██[38;2;135;85;76m██[38;2;254;242;227m██[38;2;252;219;206m██[38;2;251;189;180m██[38;2;250;173;165m██[38;2;180;120;117m██[38;2;75;54;104m██[38;2;74;40;96m██[38;2;229;199;238m██[38;2;239;212;250m██[38;2;220;183;237m██[38;2;202;157;224m██[38;2;215;173;232m██[38;2;232;199;246m██[38;2;232;201;245m██[38;2;47;24;58m██
[38;2;62;50;86m██[38;2;127;104;141m██[38;2;6;5;6m██[38;2;174;137;158m██[38;2;124;95;94m██[38;2;236;159;143m██[38;2;247;214;198m██[38;2;247;208;192m██[38;2;184;105;92m██[38;2;210;139;125m██[38;2;254;244;228m██[38;2;254;246;230m██[38;2;254;247;231m██[38;2;255;247;232m██[38;2;255;250;238m██[38;2;129;24;17m██[38;2;254;249;234m██[38;2;253;217;205m██[38;2;250;179;171m██[38;2;249;152;146m██[38;2;248;154;148m██[38;2;225;146;138m██[38;2;64;46;93m██[38;2;83;43;105m██[38;2;159;107;183m██[38;2;149;90;178m██[38;2;178;126;202m██[38;2;195;149;217m██[38;2;183;132;206m██[38;2;152;93;182m██[38;2;141;93;163m██[38;2;73;51;84m  
[38;2;64;47;96m██[38;2;146;118;165m██[38;2;145;115;153m██[38;2;175;136;163m██[38;2;106;80;81m██[38;2;237;159;142m██[38;2;254;245;229m██[38;2;254;244;228m██[38;2;253;241;225m██[38;2;252;234;218m██[38;2;254;246;230m██[38;2;255;248;232m████[38;2;255;247;232m██[38;2;255;248;233m██[38;2;240;226;211m██[38;2;254;232;217m██[38;2;252;194;184m██[38;2;249;156;150m██[38;2;248;151;145m██[38;2;249;175;167m██[38;2;229;157;147m██[38;2;43;20;54m██[38;2;242;217;248m██[38;2;244;223;252m██[38;2;241;213;253m██[38;2;197;152;219m██[38;2;244;222;253m██[38;2;245;232;251m██[38;2;234;212;246m██[38;2;195;156;214m██[38;2;81;52;95m  
[38;2;68;46;108m██[38;2;151;121;178m██[38;2;162;127;177m██[38;2;175;134;171m██[38;2;91;68;71m██[38;2;237;159;142m██[38;2;228;208;193m██[38;2;192;178;166m██[38;2;158;126;117m██[38;2;219;196;183m██[38;2;252;244;228m██[38;2;255;248;232m██[38;2;255;247;232m██[38;2;255;248;232m██[38;2;255;247;232m██[38;2;253;249;235m██[38;2;225;193;182m██[38;2;251;196;187m██[38;2;250;172;163m██[38;2;250;184;174m██[38;2;252;214;201m██[38;2;154;117;113m██[38;2;164;138;177m██[38;2;249;239;255m██[38;2;249;236;255m██[38;2;224;194;238m██[38;2;209;180;225m██[38;2;251;246;254m██[38;2;252;246;254m██[38;2;250;240;254m██[38;2;153;108;173m██[38;2;61;40;73m  
[38;2;79;53;122m██[38;2;153;122;189m██[38;2;163;126;187m██[38;2;173;132;180m██[38;2;109;83;85m██[38;2;30;17;14m██[38;2;11;3;3m██[38;2;24;6;5m██[38;2;47;12;10m██[38;2;78;19;15m██[38;2;103;26;21m██[38;2;236;222;207m██[38;2;255;247;232m██[38;2;254;247;231m██[38;2;251;245;230m██[38;2;128;25;33m██[38;2;140;26;39m██[38;2;254;226;212m██[38;2;252;213;201m██[38;2;253;224;211m██[38;2;254;243;227m██[38;2;160;110;104m██[38;2;137;112;148m██[38;2;249;237;255m██[38;2;246;228;255m██[38;2;137;92;159m██[38;2;241;220;250m██[38;2;250;242;254m██[38;2;234;221;239m██[38;2;100;66;120m██[38;2;57;39;74m██[38;2;34;38;43m██
[38;2;108;81;155m██[38;2;153;122;197m██[38;2;161;125;193m██[38;2;170;130;188m██[38;2;37;15;13m██[38;2;24;5;4m██[38;2;18;6;5m██[38;2;30;17;15m██[38;2;175;163;151m██[38;2;247;237;222m██[38;2;252;241;226m██[38;2;255;246;230m██[38;2;255;249;233m██[38;2;172;111;109m██[38;2;132;8;21m██[38;2;233;100;109m██[38;2;223;84;97m██[38;2;234;223;211m██[38;2;254;240;225m██[38;2;254;245;229m██[38;2;255;249;233m██[38;2;236;154;138m██[38;2;59;34;56m██[38;2;60;28;75m██[38;2;57;27;71m██[38;2;130;101;172m██[38;2;71;39;92m██[38;2;80;60;100m██[38;2;70;71;86m██[38;2;37;40;56m██[38;2;147;182;55m██[38;2;152;187;55m██
[38;2;141;113;193m██[38;2;153;122;202m██[38;2;154;121;194m██[38;2;52;13;10m██[38;2;59;14;11m██[38;2;44;11;9m██[38;2;112;97;91m██[38;2;255;248;232m██[38;2;254;241;226m██[38;2;253;228;214m██[38;2;253;221;208m██[38;2;254;228;214m██[38;2;134;71;72m██[38;2;203;43;67m██[38;2;246;123;128m██[38;2;253;135;138m██[38;2;253;137;139m██[38;2;150;97;96m██[38;2;255;248;231m██[38;2;255;247;232m██[38;2;254;246;230m██[38;2;238;159;143m██[38;2;15;9;17m██[38;2;85;56;137m██[38;2;102;75;153m██[38;2;146;119;195m██[38;2;143;117;185m██[38;2;38;51;48m██[38;2;42;64;50m██[38;2;127;161;53m██[38;2;148;185;56m██[38;2;34;74;53m██
[38;2;100;80;136m██[38;2;152;122;205m██[38;2;139;107;185m██[38;2;160;125;199m██[38;2;82;32;37m██[38;2;62;15;12m██[38;2;210;197;185m██[38;2;254;233;218m██[38;2;252;210;198m██[38;2;251;187;178m██[38;2;251;180;172m██[38;2;252;201;191m██[38;2;254;234;219m██[38;2;141;64;68m██[38;2;252;137;138m██[38;2;253;135;138m████[38;2;157;61;65m██[38;2;255;248;232m██[38;2;255;247;232m██[38;2;245;201;185m██[38;2;165;109;98m██[38;2;19;11;27m██[38;2;87;60;137m██[38;2;147;119;198m██[38;2;144;117;190m██[38;2;128;106;162m██[38;2;27;43;29m██[38;2;37;58;40m██[38;2;51;131;107m██[38;2;39;91;72m██[38;2;30;49;44m  
[38;2;113;90;153m██[38;2;142;113;196m██[38;2;121;91;169m██[38;2;152;120;198m██[38;2;111;86;137m██[38;2;204;133;119m██[38;2;241;178;162m██[38;2;252;209;198m██[38;2;250;176;168m██[38;2;249;156;150m██[38;2;249;162;155m██[38;2;252;195;184m██[38;2;254;231;217m██[38;2;255;246;230m██[38;2;130;57;61m██[38;2;247;133;135m██[38;2;253;136;138m██[38;2;176;67;69m██[38;2;255;248;232m██[38;2;255;249;233m██[38;2;239;158;141m██[38;2;43;16;13m██[38;2;74;49;123m██[38;2;124;96;173m██[38;2;88;36;37m██[38;2;82;28;21m██[38;2;117;96;87m██[38;2;24;19;14m██[38;2;37;29;23m██[38;2;41;35;25m██[38;2;54;49;45m  [38;2;121;129;127m  
[38;2;139;112;189m██[38;2;52;33;89m██[38;2;149;119;204m██[38;2;91;64;139m██[38;2;150;118;198m██[38;2;63;30;39m██[38;2;228;144;130m██[38;2;248;185;175m██[38;2;250;173;165m██[38;2;250;166;159m██[38;2;251;185;176m██[38;2;253;216;204m██[38;2;254;240;225m██[38;2;255;247;232m██[38;2;255;248;232m██[38;2;196;161;153m██[38;2;138;63;61m██[38;2;216;187;174m██[38;2;255;248;232m██[38;2;246;218;202m██[38;2;101;36;30m██[38;2;74;40;45m██[38;2;93;67;142m██[38;2;101;43;50m██[38;2;150;86;75m██[38;2;253;243;227m██[38;2;164;106;94m██[38;2;196;181;168m██[38;2;255;248;232m██[38;2;103;69;61m██[38;2;61;32;28m  [38;2;199;196;197m  
[38;2;146;119;195m██[38;2;3;3;4m██[38;2;67;43;113m██[38;2;84;56;134m██[38;2;86;59;135m██[38;2;80;50;104m██[38;2;177;103;91m██[38;2;239;153;140m██[38;2;252;205;194m██[38;2;252;208;197m██[38;2;253;224;210m██[38;2;254;241;225m██[38;2;255;247;231m██[38;2;255;247;232m██[38;2;255;248;232m████████[38;2;248;216;200m██[38;2;126;51;46m██[38;2;220;146;132m██[38;2;81;58;107m██[38;2;147;120;196m██[38;2;98;27;16m██[38;2;242;179;163m██[38;2;217;135;119m██[38;2;144;51;40m██[38;2;237;159;143m██[38;2;246;208;192m██[38;2;255;248;232m██[38;2;108;75;68m██[38;2;85;72;71m  
[38;2;14;12;18m  [38;2;2;2;3m██[38;2;29;29;29m  [38;2;3;1;2m  [38;2;64;40;103m██[38;2;70;42;106m██[38;2;74;16;12m██[38;2;235;154;139m██[38;2;236;153;138m██[38;2;248;211;196m██[38;2;254;241;225m██[38;2;254;247;231m██[38;2;255;247;231m██[38;2;254;247;231m██[38;2;254;245;229m██[38;2;252;240;224m██[38;2;220;189;176m██[38;2;114;61;57m██[38;2;145;80;77m██[38;2;240;160;143m██[38;2;53;31;44m██[38;2;60;49;71m██[38;2;99;78;124m██[38;2;89;36;40m██[38;2;220;140;125m██[38;2;158;71;59m██[38;2;255;249;233m██[38;2;186;117;104m██[38;2;204;122;108m██[38;2;238;170;154m██[38;2;253;246;230m██[38;2;24;7;5m  
[38;2;92;92;92m  [38;2;2;2;2m██[38;2;47;47;47m  [38;2;151;151;151m  [38;2;7;1;0m  [38;2;69;46;79m██[38;2;58;22;36m██[38;2;68;18;13m██[38;2;125;66;57m██[38;2;141;82;72m██[38;2;134;79;70m██[38;2;124;73;65m██[38;2;111;63;55m██[38;2;74;35;32m██[38;2;53;21;24m██[38;2;71;41;53m██[38;2;72;42;52m██[38;2;237;159;142m██[38;2;168;112;110m██[38;2;145;136;163m██[38;2;65;57;79m██[38;2;184;179;210m██[38;2;54;44;62m██[38;2;145;118;191m██[38;2;112;35;24m██[38;2;255;253;238m██[38;2;255;247;232m████[38;2;243;225;209m██[38;2;211;134;119m██[38;2;255;246;230m██[38;2;22;10;8m██
[38;2;154;154;154m  [38;2;28;28;28m  [38;2;140;140;140m  [38;2;107;107;107m  [38;2;15;11;17m██[38;2;133;110;164m██[38;2;82;55;134m██[38;2;70;42;108m██[38;2;42;19;36m██[38;2;30;8;6m██[38;2;26;9;8m██[38;2;68;58;70m██[38;2;80;74;102m██[38;2;83;78;109m██[38;2;61;51;76m██[38;2;187;182;213m██[38;2;86;75;113m██[38;2;86;76;111m██[38;2;201;197;215m██[38;2;208;205;225m██[38;2;184;178;210m██[38;2;184;179;210m██[38;2;46;41;48m██[38;2;133;107;167m██[38;2;104;38;31m██[38;2;236;159;143m██[38;2;250;227;211m██[38;2;255;248;232m████[38;2;252;244;228m██[38;2;252;245;229m██[38;2;11;4;3m  
[38;2;154;154;154m  [38;2;136;136;136m  [38;2;203;203;203m  [38;2;127;127;127m  [38;2;112;95;136m██[38;2;112;88;150m██[38;2;83;55;135m██[38;2;74;48;124m██[38;2;23;13;27m██[38;2;10;4;4m██[38;2;63;58;87m██[38;2;78;73;105m██[38;2;82;77;109m████[38;2;71;66;99m██[38;2;168;163;196m██[38;2;202;197;221m██[38;2;219;217;232m██[38;2;212;209;228m██[38;2;186;182;211m██[38;2;184;179;210m████[38;2;84;79;108m██[38;2;51;31;45m██[38;2;93;40;32m██[38;2;163;84;72m██[38;2;227;148;132m██[38;2;236;162;146m██[38;2;255;248;232m██[38;2;255;248;231m██[38;2;106;92;85m██[38;2;51;48;47m  
[38;2;154;154;154m  [38;2;134;134;134m  [38;2;221;221;221m  [38;2;135;135;135m  [38;2;124;104;151m██[38;2;50;37;72m██[38;2;67;42;112m██[38;2;59;58;61m  [38;2;110;110;110m  [38;2;9;9;11m██[38;2;66;61;93m██[38;2;69;65;97m██[38;2;73;68;100m████[38;2;68;63;95m██[38;2;79;71;116m██[38;2;171;165;198m██[38;2;184;179;210m████[38;2;181;164;190m██[38;2;239;190;90m██[38;2;170;132;127m██[38;2;40;35;67m██[38;2;26;11;10m██[38;2;215;204;197m██[38;2;255;247;232m██[38;2;248;234;218m██[38;2;202;126;112m██[38;2;250;225;209m██[38;2;251;243;227m██[38;2;16;7;5m██[38;2;18;15;17m  
[38;2;130;130;130m      [38;2;135;135;135m  [38;2;117;98;143m  [38;2;8;7;10m  [38;2;146;146;146m  [38;2;96;96;96m  [38;2;76;76;76m  [38;2;64;61;79m██[38;2;122;117;150m██[38;2;59;54;85m██[38;2;62;57;88m████[38;2;58;53;85m██[38;2;55;50;81m██[38;2;59;54;88m██[38;2;78;70;114m██[38;2;76;63;93m██[38;2;217;209;213m██[38;2;254;211;87m██[38;2;196;154;104m██[38;2;49;44;75m██[38;2;46;37;42m██[38;2;119;86;78m██[38;2;255;248;232m████████[38;2;45;28;25m██[38;2;72;67;86m██[38;2;17;15;16m  
[38;2;64;63;65m        [38;2;56;47;69m  [38;2;161;160;161m  [38;2;140;140;140m  [38;2;124;124;124m  [38;2;28;28;28m  [38;2;106;102;129m██[38;2;120;114;147m██[38;2;120;115;148m██[38;2;84;79;111m██[38;2;51;46;78m██[38;2;51;46;77m██[38;2;49;44;75m██[38;2;50;45;76m████[38;2;52;47;78m██[38;2;80;75;102m██[38;2;232;222;220m██[38;2;246;244;244m██[38;2;202;201;209m██[38;2;54;58;67m██[38;2;45;67;54m██[38;2;71;26;19m██[38;2;143;108;98m██[38;2;205;189;176m██[38;2;114;98;90m██[38;2;17;8;8m██[38;2;90;86;111m██[38;2;100;100;100m  
[38;2;115;115;115m        [38;2;17;17;17m  [38;2;206;206;206m  [38;2;194;194;194m  [38;2;188;188;188m  [38;2;16;16;16m  [38;2;112;107;137m██[38;2;120;115;147m████████[38;2;120;115;148m██[38;2;116;111;144m██[38;2;115;110;143m██[38;2;119;114;147m██[38;2;118;113;146m██[38;2;117;112;146m██[38;2;252;252;253m██[38;2;255;255;255m██[38;2;208;213;212m██[38;2;21;44;36m██[38;2;47;116;94m██[38;2;30;23;26m██[38;2;39;30;56m██[38;2;37;23;36m██[38;2;25;17;28m██[38;2;29;25;45m██[38;2;32;31;31m  [38;2;197;197;197m  [0m
