
[38;2;71;69;68m  [38;2;171;195;153m  [38;2;154;163;126m  [38;2;28;28;28m  [38;2;0;0;0m                                                      
[38;2;112;116;92m  [38;2;165;193;148m██[38;2;165;194;147m██[38;2;158;167;130m  [38;2;26;26;26m  [38;2;0;0;0m                                                    
[38;2;154;166;133m  [38;2;166;193;147m██[38;2;165;193;147m██[38;2;165;192;148m██[38;2;126;132;105m  [38;2;45;45;45m  [38;2;0;0;0m                                                  
[38;2;58;54;47m  [38;2;165;193;147m██[38;2;166;192;147m██[38;2;166;193;147m██[38;2;177;198;154m██[38;2;114;114;95m  [38;2;10;10;10m  [38;2;0;0;0m                                                
[38;2;45;45;45m  [38;2;173;199;154m  [38;2;166;192;148m██[38;2;166;193;148m██[38;2;165;193;147m██[38;2;166;192;147m██[38;2;92;87;74m  [38;2;4;4;4m  [38;2;0;0;0m                                              
[38;2;0;0;0m  [38;2;107;112;90m  [38;2;165;193;149m██[38;2;166;193;147m██████[38;2;163;190;145m  [38;2;73;70;64m  [38;2;0;0;0m                                              
[38;2;0;0;0m  [38;2;30;26;24m  [38;2;166;193;149m██[38;2;166;193;147m████████[38;2;165;190;144m  [38;2;62;60;54m  [38;2;0;0;0m                                            
[38;2;0;0;0m  [38;2;30;30;40m  [38;2;155;172;134m  [38;2;164;192;147m██[38;2;166;193;147m██████[38;2;166;192;147m██[38;2;166;192;148m  [38;2;36;31;30m  [38;2;50;50;42m  [38;2;0;0;0m                                        
[38;2;0;0;0m    [38;2;73;70;63m  [38;2;160;185;139m██[38;2;166;193;147m██[38;2;166;192;147m██[38;2;166;193;147m████[38;2;166;192;149m██[38;2;166;190;146m  [38;2;158;170;133m  [38;2;151;165;130m  [38;2;107;111;92m  [38;2;39;35;30m  [38;2;1;1;1m  [38;2;0;0;0m                                
[38;2;0;0;0m    [38;2;51;51;51m  [38;2;157;185;137m  [38;2;166;193;147m████████[38;2;165;193;147m██[38;2;166;193;147m██████[38;2;166;192;147m██[38;2;163;190;144m██[38;2;166;190;144m  [38;2;77;77;67m  [38;2;5;5;5m  [38;2;0;0;0m                            
[38;2;0;0;0m    [38;2;17;17;0m  [38;2;96;102;79m  [38;2;166;192;149m██[38;2;166;193;147m██████████████████[38;2;166;193;148m██[38;2;164;193;146m██[38;2;145;155;124m  [38;2;82;82;82m  [38;2;0;0;0m                          
[38;2;0;0;0m      [38;2;18;18;16m  [38;2;163;191;143m  [38;2;166;193;147m██[38;2;165;193;147m██[38;2;166;193;147m████████[38;2;166;192;147m██[38;2;166;193;147m██[38;2;166;192;147m██[38;2;165;193;147m██[38;2;166;193;147m████[38;2;168;191;149m  [38;2;45;45;45m  [38;2;0;0;0m                        
[38;2;0;0;0m      [38;2;82;82;74m  [38;2;138;155;116m  [38;2;166;193;147m██████[38;2;165;193;147m██[38;2;166;193;147m████[38;2;165;193;147m██[38;2;166;193;147m██████████[38;2;165;193;148m██[38;2;169;197;152m  [38;2;52;52;52m  [38;2;0;0;0m                      
[38;2;0;0;0m      [38;2;47;47;47m  [38;2;130;141;111m  [38;2;165;193;146m██[38;2;166;193;147m██████[38;2;166;193;148m██[38;2;165;192;148m██[38;2;162;189;145m██[38;2;158;185;141m██[38;2;166;193;147m██[38;2;166;192;148m██[38;2;166;193;147m██[38;2;165;193;147m██[38;2;165;192;146m██[38;2;165;194;150m██[38;2;90;99;79m  [38;2;0;0;0m                      
[38;2;0;0;0m      [38;2;77;77;69m  [38;2;161;187;142m██[38;2;167;193;147m██[38;2;166;193;147m██████[38;2;160;187;144m██[38;2;158;185;142m████[38;2;166;193;147m██[38;2;166;192;147m██[38;2;165;192;148m██[38;2;163;190;146m██[38;2;167;194;149m██[38;2;10;11;10m██[38;2;3;4;2m██[38;2;93;108;85m██[38;2;7;9;7m  [38;2;14;14;14m  [38;2;0;0;0m                  
[38;2;0;0;0m    [38;2;2;2;2m  [38;2;103;109;87m  [38;2;158;184;142m████[38;2;166;193;148m██[38;2;166;193;147m████[38;2;165;192;147m██[38;2;158;185;142m██[38;2;158;185;141m██[38;2;166;192;147m██[38;2;20;18;11m██[38;2;136;157;124m██[38;2;0;0;0m██[38;2;4;5;4m██[38;2;170;197;151m██[38;2;164;191;147m██[38;2;165;193;146m██[38;2;162;192;145m██[38;2;119;123;103m  [38;2;28;28;28m  [38;2;0;0;0m                
[38;2;0;0;0m    [38;2;104;106;104m  [38;2;140;158;122m  [38;2;165;192;148m██[38;2;164;191;147m██[38;2;166;193;147m████████[38;2;166;192;150m██[38;2;166;194;147m██[38;2;38;43;34m██[38;2;0;1;0m██[38;2;36;36;36m██[38;2;0;0;0m██[38;2;172;198;156m██[38;2;166;193;148m██[38;2;165;193;147m██[38;2;166;192;147m██[38;2;166;193;147m██[38;2;163;193;147m██[38;2;55;55;44m  [38;2;0;0;0m    [38;2;39;39;39m  [38;2;0;0;0m          
[38;2;0;0;0m    [38;2;36;36;36m  [38;2;154;180;137m  [38;2;166;193;147m██[38;2;165;192;147m██[38;2;166;193;147m████[38;2;165;190;146m██[38;2;162;185;145m██[38;2;9;11;8m██[38;2;0;0;0m██[38;2;5;5;5m██[38;2;78;78;78m██[38;2;88;88;88m██[38;2;2;2;2m██[38;2;164;191;147m██[38;2;166;193;147m██████████[38;2;166;195;147m  [38;2;87;86;74m  [38;2;151;171;130m  [38;2;90;96;76m  [38;2;0;0;0m          
[38;2;0;0;0m    [38;2;36;36;36m  [38;2;159;183;142m  [38;2;158;185;141m██[38;2;158;185;140m██[38;2;160;188;142m██[38;2;85;97;76m██[38;2;2;2;1m██[38;2;0;0;0m██████[38;2;84;84;84m██[38;2;0;0;0m██[38;2;75;75;75m██[38;2;78;87;73m██[38;2;159;186;142m██[38;2;166;193;147m████████[38;2;163;192;147m██[38;2;110;118;89m██[38;2;165;192;148m██[38;2;166;193;147m██[38;2;143;158;122m  [38;2;21;0;0m  [38;2;0;0;0m        
[38;2;0;0;0m    [38;2;36;36;36m  [38;2;156;181;142m  [38;2;161;187;145m██[38;2;32;36;29m██[38;2;0;0;0m██[38;2;88;98;81m██[38;2;0;0;0m████████[38;2;94;94;94m██[38;2;39;39;39m██[38;2;3;4;4m██[38;2;167;193;148m██[38;2;157;185;142m██[38;2;158;185;141m████[38;2;166;193;148m██[38;2;163;190;145m██[38;2;114;121;92m██[38;2;180;202;159m██[38;2;166;193;147m████[38;2;130;146;109m  [38;2;26;12;12m  [38;2;0;0;0m        
[38;2;0;0;0m    [38;2;62;62;62m  [38;2;4;4;4m  [38;2;1;1;1m██[38;2;97;96;96m██[38;2;0;0;0m██[38;2;98;114;89m██[38;2;56;66;52m██[38;2;0;1;1m██[38;2;0;0;1m██[38;2;0;0;0m██[38;2;33;33;33m██[38;2;0;0;2m██[38;2;77;88;71m██[38;2;157;185;142m██[38;2;157;185;141m██[38;2;158;185;142m████[38;2;165;192;148m██[38;2;121;127;99m██[38;2;166;192;147m██[38;2;166;193;147m██████[38;2;110;118;89m  [38;2;22;22;22m  [38;2;0;0;0m        
[38;2;0;0;0m      ██[38;2;115;115;115m██[38;2;90;90;90m██[38;2;1;1;1m██[38;2;163;190;148m██[38;2;158;185;141m██[38;2;139;161;125m██[38;2;7;6;6m██[38;2;3;3;3m██[38;2;129;149;117m██[38;2;4;3;3m██[38;2;167;195;148m██[38;2;158;185;142m████████[38;2;163;191;145m██[38;2;157;185;142m██[38;2;158;185;142m██[38;2;166;193;148m██[38;2;161;188;143m██[38;2;166;192;148m██[38;2;84;83;61m  [38;2;26;26;26m  [38;2;0;0;0m        
[38;2;0;0;0m  ████[38;2;16;16;16m██[38;2;63;63;63m██[38;2;21;21;21m██[38;2;2;2;3m██[38;2;156;183;140m██[38;2;157;185;142m██[38;2;159;184;140m██[38;2;158;185;141m██[38;2;157;183;143m██[38;2;158;185;142m██[38;2;135;157;123m██[38;2;162;190;143m██[38;2;158;185;142m██████████[38;2;157;185;142m██[38;2;166;193;148m██[38;2;166;193;147m██[38;2;160;188;140m██[38;2;164;191;146m██[38;2;146;171;126m██[38;2;17;16;12m  [38;2;62;62;62m  [38;2;54;53;46m  [38;2;36;36;36m  [38;2;0;0;0m  
[38;2;0;0;0m        [38;2;15;17;14m██[38;2;147;169;132m██[38;2;156;183;138m██[38;2;158;185;142m██[38;2;157;185;142m██[38;2;158;185;142m████████████[38;2;157;185;140m██[38;2;146;169;131m██[38;2;157;185;142m██[38;2;158;185;142m██████████[38;2;163;190;146m██[38;2;163;191;148m██[38;2;142;145;113m██[38;2;96;96;75m  [38;2;157;172;135m  [38;2;167;192;149m██[38;2;162;182;140m  [38;2;53;52;51m  
[38;2;0;0;0m      [38;2;6;6;6m  [38;2;127;141;106m  [38;2;158;184;142m██[38;2;158;185;142m██████[38;2;157;185;140m██[38;2;122;133;100m██[38;2;104;111;84m██[38;2;155;185;142m██[38;2;158;185;142m██[38;2;158;184;142m██[38;2;99;108;80m██[38;2;157;184;142m██[38;2;158;185;142m██████████[38;2;158;185;141m██[38;2;158;184;142m██[38;2;117;129;96m██[38;2;44;46;37m██[38;2;66;64;47m██[38;2;166;192;149m██[38;2;166;193;147m██[38;2;166;193;148m██[38;2;165;189;146m  
[38;2;0;0;0m        [38;2;60;61;51m  [38;2;159;187;144m  [38;2;158;184;142m██[38;2;157;185;141m██[38;2;151;175;135m██[38;2;133;147;116m██[38;2;157;184;142m████[38;2;164;191;146m██[38;2;149;171;135m██[38;2;138;158;122m██[38;2;158;185;142m████████████████[38;2;159;187;143m██[38;2;156;182;139m██[38;2;13;14;13m██[38;2;15;17;14m██[38;2;166;191;147m██[38;2;166;193;147m████[38;2;135;149;114m  
[38;2;0;0;0m          [38;2;59;55;47m  [38;2;126;142;106m  [38;2;106;108;86m██[38;2;163;192;148m██[38;2;158;185;142m████[38;2;158;184;140m██[38;2;137;153;117m██[38;2;156;184;141m██[38;2;158;185;142m██████████████[38;2;158;184;142m██[38;2;158;185;142m██████[38;2;130;133;104m██[38;2;120;122;97m██[38;2;121;131;99m██[38;2;164;191;145m██[38;2;98;101;76m  [38;2;44;44;43m  
[38;2;0;0;0m            [38;2;101;100;15m  [38;2;156;177;139m  [38;2;158;185;142m██████[38;2;158;186;143m██[38;2;159;187;145m██[38;2;158;185;142m██████████[38;2;157;185;142m██[38;2;158;185;142m████[38;2;157;185;142m██[38;2;158;185;142m██████[38;2;158;186;140m██[38;2;123;128;99m██[38;2;157;184;141m██[38;2;105;104;80m██[38;2;168;197;151m██[38;2;165;192;146m  
[38;2;0;0;0m            [38;2;73;77;57m  [38;2;158;184;143m██[38;2;158;185;142m████[38;2;157;184;142m██[38;2;81;80;57m██[38;2;155;185;142m██[38;2;158;185;142m████████[38;2;158;185;141m██[38;2;157;184;141m██[38;2;157;185;142m██[38;2;158;185;142m████████████[38;2;158;184;141m██[38;2;157;185;141m██[38;2;150;174;134m██[38;2;166;194;148m██[38;2;165;193;147m██
[38;2;0;0;0m            [38;2;27;25;22m  [38;2;158;184;141m██[38;2;158;185;142m██[38;2;158;184;141m██[38;2;151;176;135m██[38;2;122;143;109m██[38;2;157;184;141m██[38;2;158;185;141m██[38;2;157;184;142m██[38;2;158;184;142m██[38;2;157;184;141m██[38;2;159;184;142m██[38;2;143;165;130m██[38;2;112;122;93m██[38;2;157;187;143m██[38;2;158;185;142m██[38;2;158;184;142m████████████[38;2;156;183;140m██[38;2;140;158;120m██[38;2;166;193;147m██
[38;2;0;0;0m            [38;2;6;6;6m  [38;2;70;72;58m  [38;2;161;188;144m  [38;2;122;136;102m██[38;2;148;172;128m██[38;2;251;27;29m██[38;2;182;55;48m██[38;2;161;179;141m██[38;2;158;185;141m██[38;2;158;185;142m██[38;2;161;190;146m██[38;2;109;113;88m██[38;2;3;3;5m██[38;2;25;22;20m██[38;2;147;165;127m██[38;2;159;185;141m██[38;2;158;185;142m██████████████[38;2;103;109;82m██[38;2;114;120;91m  
[38;2;0;0;0m              [38;2;9;9;9m  [38;2;55;52;43m  [38;2;102;106;75m  [38;2;71;62;36m██[38;2;251;28;28m████[38;2;249;28;31m██[38;2;126;139;107m██[38;2;158;185;142m██[38;2;147;167;127m██[38;2;53;50;40m██[38;2;4;3;4m██[38;2;3;4;4m██[38;2;79;65;56m██[38;2;115;118;91m██[38;2;157;184;141m██[38;2;158;185;142m████████████[38;2;140;159;121m██[38;2;69;65;53m  [0m
