
[38;2;0;0;0m                    [38;2;9;8;7m  [38;2;141;130;113m  [38;2;240;225;196m██[38;2;208;192;167m██[38;2;19;17;14m  [38;2;72;59;53m  [38;2;94;72;66m██[38;2;241;228;197m██[38;2;250;225;196m██[38;2;253;228;198m██[38;2;215;200;172m██[38;2;21;20;17m  [38;2;0;0;0m                      
[38;2;0;0;0m                  [38;2;184;171;147m██[38;2;251;227;196m██[38;2;246;221;191m██[38;2;247;221;191m██[38;2;231;202;175m██[38;2;208;180;156m██[38;2;205;178;153m██[38;2;240;217;188m██[38;2;226;197;170m██[38;2;246;220;190m██[38;2;247;221;191m██[38;2;246;221;191m██[38;2;249;223;194m██[38;2;232;215;187m██[38;2;135;119;103m██[38;2;17;16;14m  [38;2;0;0;0m                
[38;2;0;0;0m              [38;2;58;53;46m  [38;2;251;228;197m██[38;2;247;220;190m██[38;2;246;221;191m██[38;2;247;221;190m██[38;2;250;230;199m██[38;2;190;157;137m██[38;2;247;226;196m██[38;2;200;160;139m██[38;2;237;209;182m██[38;2;193;159;139m██[38;2;191;158;138m██[38;2;221;201;172m██[38;2;252;230;200m██[38;2;247;221;191m██[38;2;246;220;191m██[38;2;250;224;194m██[38;2;184;161;140m██[38;2;171;163;141m██[38;2;0;0;0m              
[38;2;0;0;0m            [38;2;124;114;97m  [38;2;249;221;192m██[38;2;247;221;191m████[38;2;246;220;191m██[38;2;216;192;165m██[38;2;205;148;140m██[38;2;212;160;146m██[38;2;188;140;125m██[38;2;247;221;192m██[38;2;243;218;188m██[38;2;222;167;155m██[38;2;215;159;149m██[38;2;213;155;147m██[38;2;186;132;125m██[38;2;196;172;149m██[38;2;247;221;191m████[38;2;246;220;190m██[38;2;195;173;151m██[38;2;249;243;209m██[38;2;0;0;0m            
[38;2;0;0;0m          [38;2;147;136;116m██[38;2;246;219;189m██[38;2;247;221;191m██[38;2;246;221;191m██[38;2;247;221;191m██[38;2;196;165;144m██[38;2;214;159;149m██[38;2;185;133;125m██[38;2;164;117;110m██[38;2;179;150;131m██[38;2;247;221;191m██[38;2;249;224;195m██[38;2;176;123;119m██[38;2;224;205;175m██[38;2;209;186;161m██[38;2;186;155;135m██[38;2;198;158;137m██[38;2;172;140;122m██[38;2;248;223;193m██[38;2;247;221;191m██[38;2;246;220;190m██[38;2;194;170;150m██[38;2;233;201;174m██[38;2;32;31;27m  [38;2;0;0;0m        
[38;2;0;0;0m        [38;2;118;108;92m██[38;2;247;220;191m██[38;2;246;221;191m████[38;2;247;220;190m██[38;2;193;161;140m██[38;2;203;160;141m██[38;2;225;204;176m██[38;2;250;227;197m██[38;2;233;207;180m██[38;2;249;223;193m██[38;2;246;221;190m██[38;2;246;221;191m██[38;2;247;233;203m██[38;2;248;219;190m██[38;2;246;221;191m██[38;2;246;220;190m██[38;2;249;224;194m██[38;2;231;208;180m██[38;2;138;107;93m██[38;2;247;221;192m██[38;2;246;221;191m██[38;2;246;220;190m██[38;2;175;149;130m██[38;2;187;155;134m██[38;2;55;52;44m  [38;2;0;0;0m      
[38;2;0;0;0m      [38;2;32;29;24m  [38;2;248;221;191m██[38;2;247;221;191m████[38;2;246;221;191m██[38;2;212;193;169m██[38;2;182;145;126m██[38;2;249;224;194m██[38;2;246;220;190m██[38;2;247;221;191m██[38;2;198;169;147m██[38;2;247;221;191m████[38;2;246;221;191m██[38;2;231;203;174m██[38;2;204;183;165m██[38;2;247;221;191m██[38;2;247;221;190m██[38;2;247;221;191m██[38;2;246;221;191m██[38;2;249;221;191m██[38;2;183;156;136m██[38;2;246;221;191m██[38;2;247;221;190m██[38;2;248;223;193m██[38;2;186;146;127m██[38;2;251;239;204m██[38;2;0;0;0m      
[38;2;0;0;0m      [38;2;253;232;201m██[38;2;247;220;191m██[38;2;247;221;191m██[38;2;246;221;191m██[38;2;248;225;196m██[38;2;174;137;119m██[38;2;247;222;192m██[38;2;247;220;191m██[38;2;247;221;191m██[38;2;248;222;192m██[38;2;230;203;176m██[38;2;247;221;191m████[38;2;247;220;191m██[38;2;247;221;191m██[38;2;241;216;187m██[38;2;234;202;177m██[38;2;247;221;191m████[38;2;247;220;190m██[38;2;240;212;184m██[38;2;236;200;173m██[38;2;250;226;196m██[38;2;247;220;190m██[38;2;247;220;188m██[38;2;232;216;190m██[38;2;192;149;128m██[38;2;0;0;0m      
[38;2;0;0;0m    [38;2;170;155;131m  [38;2;246;221;191m██[38;2;247;221;191m██[38;2;246;221;191m██[38;2;247;221;191m██[38;2;169;138;120m██[38;2;247;221;191m██[38;2;246;221;191m██[38;2;247;221;191m██[38;2;246;221;191m██[38;2;246;220;191m██[38;2;251;225;195m██[38;2;246;221;191m████[38;2;247;221;191m██[38;2;246;221;190m██[38;2;217;198;174m██[38;2;216;194;174m██[38;2;247;221;191m██[38;2;246;220;190m██[38;2;249;227;198m██[38;2;247;221;191m██[38;2;244;214;186m██[38;2;188;159;139m██[38;2;248;223;194m██[38;2;247;219;188m██[38;2;251;232;204m██[38;2;114;80;71m██[38;2;16;15;13m  [38;2;0;0;0m    
[38;2;0;0;0m  [38;2;2;1;1m  [38;2;249;223;192m██[38;2;246;221;191m██[38;2;246;220;191m██[38;2;247;221;191m██[38;2;247;223;194m██[38;2;231;192;168m██[38;2;248;222;192m██[38;2;247;221;191m██[38;2;246;220;191m██[38;2;247;221;191m██[38;2;228;192;168m██[38;2;247;221;191m████[38;2;247;220;191m██[38;2;246;220;188m██[38;2;247;220;189m██[38;2;245;226;199m██[38;2;254;246;220m██[38;2;246;231;204m██[38;2;247;218;188m██[38;2;249;227;199m██[38;2;248;223;193m██[38;2;208;180;155m██[38;2;208;177;158m██[38;2;248;222;192m██[38;2;250;231;204m██[38;2;251;233;207m██[38;2;201;187;167m██[38;2;218;204;173m██[38;2;0;0;0m    
[38;2;0;0;0m  [38;2;167;156;131m██[38;2;244;215;186m██[38;2;247;221;191m██[38;2;246;221;191m██[38;2;247;220;191m██[38;2;164;140;125m██[38;2;247;222;192m██[38;2;201;169;146m██[38;2;247;221;191m██[38;2;246;221;190m██[38;2;247;221;191m██[38;2;99;75;66m██[38;2;247;221;192m██[38;2;247;220;191m██[38;2;246;221;191m██[38;2;246;219;188m██[38;2;247;219;188m██[38;2;247;225;195m██[38;2;253;227;197m██[38;2;189;166;141m██[38;2;254;243;215m██[38;2;252;237;210m██[38;2;253;239;212m██[38;2;241;227;201m██[38;2;247;224;199m██[38;2;246;220;191m██[38;2;252;234;208m██[38;2;252;236;210m██[38;2;254;250;222m██[38;2;48;34;28m  [38;2;0;0;0m    
[38;2;0;0;0m  [38;2;240;202;175m██[38;2;246;219;189m██[38;2;246;220;190m██[38;2;247;220;190m██[38;2;251;227;197m██[38;2;225;177;157m██[38;2;249;223;194m██[38;2;243;217;188m██[38;2;246;220;190m██[38;2;244;219;191m██[38;2;248;230;200m██[38;2;186;157;128m██[38;2;245;219;191m██[38;2;247;221;191m██[38;2;247;220;190m██[38;2;247;220;189m██[38;2;245;218;187m██[38;2;248;225;193m██[38;2;247;219;190m██[38;2;240;208;181m██[38;2;248;224;194m██[38;2;252;232;204m██[38;2;241;210;181m██[38;2;253;242;216m██[38;2;221;178;163m██[38;2;219;193;167m██[38;2;254;239;211m██[38;2;253;239;212m██[38;2;254;242;215m██[38;2;163;139;120m██[38;2;0;0;0m    
[38;2;39;33;27m██[38;2;201;182;157m██[38;2;244;215;186m██[38;2;248;223;193m██[38;2;247;220;189m██[38;2;209;198;177m██[38;2;245;216;188m██[38;2;218;186;162m██[38;2;248;222;192m██[38;2;248;225;195m██[38;2;235;211;183m██[38;2;168;136;106m██[38;2;181;152;123m██[38;2;248;223;194m██[38;2;247;221;191m██[38;2;247;220;189m██[38;2;249;227;197m██[38;2;221;197;170m██[38;2;248;226;196m██[38;2;243;215;186m██[38;2;251;240;227m██[38;2;216;195;169m██[38;2;227;199;172m██[38;2;249;224;193m████[38;2;208;176;154m██[38;2;169;135;120m██[38;2;253;241;215m██[38;2;248;225;195m██[38;2;254;242;216m██[38;2;163;129;112m██[38;2;0;0;0m    
[38;2;152;114;102m██[38;2;253;232;201m██[38;2;245;219;189m██[38;2;244;215;185m██[38;2;246;220;189m██[38;2;121;93;82m██[38;2;250;225;196m██[38;2;193;159;139m██[38;2;247;220;190m██[38;2;116;105;91m██[38;2;208;196;170m██[38;2;254;237;218m██[38;2;191;161;131m██[38;2;241;218;189m██[38;2;236;207;179m██[38;2;247;220;190m██[38;2;238;217;188m██[38;2;248;235;208m██[38;2;251;229;199m██[38;2;226;195;168m██[38;2;254;242;227m██[38;2;216;178;146m██[38;2;220;195;170m██[38;2;248;223;193m██[38;2;225;185;167m██[38;2;202;176;151m██[38;2;155;109;105m██[38;2;250;232;203m██[38;2;246;219;188m██[38;2;254;245;218m██[38;2;180;154;136m██[38;2;0;0;0m    
[38;2;68;52;45m██[38;2;239;205;179m██[38;2;249;225;196m██[38;2;244;216;186m██[38;2;247;220;190m██[38;2;144;103;93m██[38;2;252;226;195m██[38;2;218;197;170m██[38;2;207;198;176m██[38;2;161;143;123m██[38;2;132;116;101m██[38;2;146;140;129m██[38;2;127;106;87m██[38;2;147;128;109m██[38;2;176;158;138m██[38;2;247;220;190m██[38;2;251;227;197m██[38;2;248;225;196m██[38;2;169;137;122m██[38;2;136;118;107m██[38;2;144;138;131m██[38;2;135;128;121m██[38;2;168;146;126m██[38;2;204;171;152m██[38;2;115;84;80m██[38;2;213;191;164m██[38;2;165;110;107m██[38;2;246;219;187m██[38;2;247;220;190m██[38;2;249;228;198m██[38;2;202;183;160m██[38;2;0;0;0m    
[38;2;29;26;22m██[38;2;195;156;140m██[38;2;232;218;193m██[38;2;246;219;190m██[38;2;249;225;195m██[38;2;161;121;109m██[38;2;231;196;171m██[38;2;239;225;194m██[38;2;176;162;148m██[38;2;187;174;158m██[38;2;248;230;214m██[38;2;240;218;198m██[38;2;208;177;154m██[38;2;193;172;150m██[38;2;168;151;133m██[38;2;246;220;190m██[38;2;248;223;193m██[38;2;169;149;129m██[38;2;128;114;106m██[38;2;244;230;216m██[38;2;240;218;201m██[38;2;250;234;219m██[38;2;236;209;183m██[38;2;215;194;168m██[38;2;170;152;130m██[38;2;217;199;173m██[38;2;181;125;122m██[38;2;246;220;191m██[38;2;247;221;191m██[38;2;246;220;189m██[38;2;210;188;165m██[38;2;6;4;3m  [38;2;0;0;0m  
[38;2;20;18;15m  [38;2;157;123;111m██[38;2;203;180;159m██[38;2;248;221;192m██[38;2;250;227;196m██[38;2;165;134;116m██[38;2;214;174;154m██[38;2;155;137;121m██[38;2;30;28;24m██[38;2;16;15;14m██[38;2;9;9;8m██[38;2;45;42;38m██[38;2;137;130;120m██[38;2;193;162;141m██[38;2;219;201;179m██[38;2;248;221;191m██[38;2;239;214;190m██[38;2;182;173;162m██[38;2;155;140;127m██[38;2;112;109;104m██[38;2;35;33;30m██[38;2;7;7;7m██[38;2;22;19;17m██[38;2;63;58;53m██[38;2;75;57;50m██[38;2;162;137;122m██[38;2;178;128;120m██[38;2;247;221;192m██[38;2;243;216;186m██[38;2;246;221;191m██[38;2;209;182;158m██[38;2;11;8;6m  [38;2;0;0;0m  
[38;2;0;0;0m  [38;2;151;121;108m██[38;2;155;125;112m██[38;2;244;215;187m██[38;2;250;224;194m██[38;2;179;155;125m██[38;2;49;35;34m██[38;2;1;1;3m██[38;2;14;16;18m██[38;2;0;7;14m██[38;2;0;8;17m██[38;2;0;15;33m██[38;2;15;30;42m██[38;2;26;52;98m██[38;2;249;222;188m██[38;2;252;222;191m██[38;2;227;212;190m██[38;2;237;234;210m██[38;2;7;38;98m██[38;2;9;23;37m██[38;2;0;7;13m██[38;2;0;6;11m██[38;2;1;4;7m██[38;2;3;3;4m██[38;2;0;9;17m██[38;2;10;13;29m██[38;2;117;93;79m██[38;2;248;221;192m██[38;2;241;215;186m██[38;2;247;221;191m██[38;2;163;145;123m██[38;2;0;0;0m    
[38;2;0;0;0m    [38;2;184;144;130m██[38;2;226;183;165m██[38;2;247;220;190m██[38;2;175;171;161m██[38;2;9;43;80m██[38;2;191;218;241m██[38;2;190;195;201m██[38;2;3;143;240m██[38;2;2;125;199m██[38;2;1;108;216m██[38;2;7;31;113m██[38;2;241;241;236m██[38;2;229;226;215m██[38;2;187;186;179m██[38;2;251;229;196m██[38;2;204;196;179m██[38;2;215;229;247m██[38;2;0;137;217m██[38;2;2;164;217m██[38;2;3;100;183m██[38;2;4;25;64m██[38;2;230;235;241m██[38;2;184;215;240m██[38;2;0;42;89m██[38;2;153;146;136m██[38;2;247;220;191m██[38;2;236;210;183m██[38;2;247;221;191m██[38;2;106;84;71m  [38;2;0;0;0m    
[38;2;0;0;0m  [38;2;10;6;6m  [38;2;149;117;105m██[38;2;154;107;100m██[38;2;250;226;196m██[38;2;160;162;165m██[38;2;91;131;175m██[38;2;250;251;253m██[38;2;205;215;220m██[38;2;5;124;241m██[38;2;6;111;215m██[38;2;1;92;229m██[38;2;2;149;245m██[38;2;253;244;233m██[38;2;250;235;219m██[38;2;249;235;221m██[38;2;206;188;166m██[38;2;214;209;199m██[38;2;252;253;253m██[38;2;0;193;248m██[38;2;2;40;216m██[38;2;1;172;218m██[38;2;0;124;245m██[38;2;240;244;248m██[38;2;249;251;253m██[38;2;155;172;184m██[38;2;227;208;184m██[38;2;240;214;187m██[38;2;221;194;169m██[38;2;247;221;192m██[38;2;72;40;36m  [38;2;0;0;0m    
[38;2;0;0;0m  [38;2;39;34;28m  [38;2;250;225;195m██[38;2;239;209;182m██[38;2;189;139;130m██[38;2;129;145;160m██[38;2;252;233;217m██[38;2;252;241;229m██[38;2;255;255;255m██[38;2;0;221;249m██[38;2;30;247;254m██[38;2;77;248;254m██[38;2;38;207;239m██[38;2;252;235;220m██[38;2;251;235;219m██[38;2;251;234;219m██[38;2;253;236;221m██[38;2;220;212;202m██[38;2;253;238;223m██[38;2;1;194;237m██[38;2;37;241;253m██[38;2;104;247;255m██[38;2;88;191;238m██[38;2;255;255;254m██[38;2;251;230;214m██[38;2;241;209;184m██[38;2;250;220;191m██[38;2;194;175;154m██[38;2;215;191;167m██[38;2;248;223;194m██[38;2;110;27;30m██[38;2;2;0;0m  [38;2;0;0;0m  
[38;2;0;0;0m  [38;2;68;59;49m  [38;2;247;221;191m██[38;2;245;216;188m██[38;2;251;226;194m██[38;2;145;136;128m██[38;2;252;226;212m██[38;2;252;226;211m██[38;2;251;232;215m██[38;2;153;177;205m██[38;2;20;185;213m██[38;2;64;181;213m██[38;2;254;241;222m██[38;2;251;234;222m██[38;2;251;236;222m██[38;2;248;226;208m██[38;2;251;236;223m████[38;2;251;234;221m██[38;2;236;228;219m██[38;2;56;195;216m██[38;2;24;187;216m██[38;2;201;207;215m██[38;2;251;222;203m██[38;2;252;223;208m██[38;2;173;135;111m██[38;2;249;216;189m██[38;2;204;170;148m██[38;2;230;214;189m██[38;2;238;206;179m██[38;2;169;42;48m██[38;2;148;40;44m██[38;2;0;0;0m  
[38;2;0;0;0m  [38;2;95;85;71m██[38;2;246;221;191m██[38;2;248;220;191m██[38;2;233;204;178m██[38;2;254;228;200m██[38;2;238;223;206m██[38;2;246;223;209m██[38;2;252;221;208m██[38;2;252;222;209m██[38;2;253;226;213m██[38;2;252;228;215m██[38;2;252;232;218m██[38;2;252;235;221m██[38;2;252;236;223m██[38;2;243;208;180m██[38;2;253;239;226m██[38;2;252;236;222m██[38;2;252;234;221m██[38;2;252;232;217m██[38;2;252;227;215m██[38;2;253;223;209m██[38;2;253;222;207m██[38;2;242;217;203m██[38;2;144;124;114m██[38;2;129;106;94m██[38;2;234;216;190m██[38;2;253;224;196m██[38;2;250;234;204m██[38;2;230;182;163m██[38;2;192;56;62m██[38;2;145;41;43m██[38;2;13;3;4m  
[38;2;0;0;0m  [38;2;134;120;100m██[38;2;247;221;191m██[38;2;247;219;190m██[38;2;209;184;160m██[38;2;120;99;88m██[38;2;133;100;88m██[38;2;133;99;88m██[38;2;137;109;99m██[38;2;199;176;164m██[38;2;252;223;209m██[38;2;252;227;214m██[38;2;251;230;218m██[38;2;252;234;220m██[38;2;252;236;222m██[38;2;252;237;224m████[38;2;252;236;223m██[38;2;252;234;221m██[38;2;252;231;216m██[38;2;252;226;212m██[38;2;252;221;207m██[38;2;120;98;90m██[38;2;138;102;90m██[38;2;124;91;80m██[38;2;127;95;84m██[38;2;124;92;81m██[38;2;109;90;80m██[38;2;252;229;200m██[38;2;200;156;146m██[38;2;179;53;57m██[38;2;187;61;66m██[38;2;181;52;56m██
[38;2;0;0;0m  [38;2;175;159;134m██[38;2;247;220;191m██[38;2;227;206;179m██[38;2;112;84;75m██[38;2;119;89;79m██[38;2;64;47;42m██[38;2;161;128;111m██[38;2;91;67;58m██[38;2;231;205;193m██[38;2;251;222;208m██[38;2;252;226;212m██[38;2;251;230;217m██[38;2;251;233;221m██[38;2;252;236;221m██[38;2;251;237;222m██[38;2;251;237;223m██[38;2;252;236;222m██[38;2;251;233;219m██[38;2;251;230;218m██[38;2;251;226;212m██[38;2;251;220;207m██[38;2;251;220;206m██[38;2;239;207;186m██[38;2;91;75;67m██[38;2;124;93;81m██[38;2;116;86;76m██[38;2;113;83;73m██[38;2;92;73;65m██[38;2;90;57;53m██[38;2;163;45;48m██[38;2;185;56;60m██[38;2;27;8;8m██
[38;2;0;0;0m  [38;2;214;194;164m██[38;2;249;219;189m██[38;2;89;68;62m██[38;2;101;76;66m██[38;2;112;84;74m██[38;2;111;82;73m██[38;2;119;89;79m██[38;2;216;191;180m██[38;2;252;220;206m██[38;2;252;223;210m██[38;2;253;230;215m██[38;2;216;188;171m██[38;2;241;221;207m██[38;2;249;233;219m██[38;2;251;236;222m██[38;2;251;235;221m██[38;2;245;229;215m██[38;2;228;206;191m██[38;2;216;189;172m██[38;2;252;226;212m██[38;2;251;223;209m██[38;2;252;221;206m██[38;2;182;157;145m██[38;2;67;50;44m██[38;2;104;78;68m██[38;2;103;77;67m██[38;2;102;75;66m██[38;2;101;74;65m██[38;2;15;32;51m██[38;2;158;39;42m██[38;2;185;56;61m██[38;2;116;49;53m██
[38;2;0;0;0m  [38;2;239;220;187m██[38;2;16;29;55m██[38;2;84;62;54m██[38;2;94;70;61m██[38;2;104;77;68m██[38;2;104;78;68m██[38;2;117;87;76m██[38;2;117;100;91m██[38;2;253;224;211m██[38;2;252;226;212m██[38;2;252;229;214m██[38;2;252;232;219m██[38;2;252;236;222m██[38;2;252;237;223m██████[38;2;252;237;224m██[38;2;252;235;222m██[38;2;251;232;218m██[38;2;250;229;214m██[38;2;252;225;212m██[38;2;253;232;216m██[38;2;89;71;60m██[38;2;71;53;47m██[38;2;70;52;46m██[38;2;87;65;57m██[38;2;88;66;58m██[38;2;81;60;52m██[38;2;58;103;162m██[38;2;115;27;26m██[38;2;178;53;56m██[38;2;196;75;81m██
[38;2;0;0;0m  [38;2;190;174;148m██[38;2;44;83;152m██[38;2;63;43;33m██[38;2;81;60;52m██[38;2;100;74;65m██[38;2;104;77;68m██[38;2;96;71;63m██[38;2;126;31;33m██[38;2;72;53;50m██[38;2;237;228;214m██[38;2;254;239;225m██[38;2;252;234;220m██[38;2;252;236;222m██[38;2;252;237;223m████████[38;2;251;235;220m██[38;2;251;234;219m██[38;2;254;239;223m██[38;2;203;197;184m██[38;2;64;63;61m██[38;2;217;204;175m██[38;2;79;59;52m██[38;2;54;39;35m██[38;2;30;21;20m██[38;2;57;42;37m██[38;2;44;65;99m██[38;2;60;106;171m██[38;2;50;84;133m██[38;2;172;47;49m██[38;2;0;0;0m  
[38;2;0;0;0m  [38;2;59;69;97m██[38;2;43;78;146m██[38;2;52;95;163m██[38;2;54;37;30m██[38;2;112;102;85m██[38;2;70;55;49m██[38;2;78;66;57m██[38;2;95;56;52m██[38;2;114;23;24m██[38;2;108;107;107m██[38;2;73;70;70m██[38;2;70;66;63m██[38;2;164;162;155m██[38;2;242;228;214m██[38;2;254;251;239m██[38;2;254;253;241m██[38;2;253;250;236m██[38;2;203;201;191m██[38;2;80;76;71m██[38;2;58;56;56m██[38;2;110;108;109m██[38;2;95;94;95m██[38;2;251;224;194m██[38;2;173;136;124m██[38;2;254;240;213m██[38;2;22;22;26m██[38;2;35;64;118m██[38;2;48;86;151m██[38;2;55;97;163m██[38;2;58;106;173m██[38;2;163;40;41m██[38;2;4;1;1m  
[38;2;0;0;0m  [38;2;29;54;114m██[38;2;41;75;141m██[38;2;50;91;155m██[38;2;52;95;162m██[38;2;25;37;58m██[38;2;155;118;110m██[38;2;251;225;195m██[38;2;220;205;179m██[38;2;142;29;31m██[38;2;109;108;108m██[38;2;53;53;53m██[38;2;2;5;14m██[38;2;239;225;203m██[38;2;166;151;135m██[38;2;230;191;157m██[38;2;212;174;142m██[38;2;151;132;115m██[38;2;234;228;220m██[38;2;6;13;25m██[38;2;70;69;69m██[38;2;107;108;108m██[38;2;67;66;67m██[38;2;250;224;195m██[38;2;113;99;86m██[38;2;251;238;209m██[38;2;60;44;43m██[38;2;29;55;101m██[38;2;42;78;139m██[38;2;49;89;153m██[38;2;43;79;137m██[38;2;76;35;48m██[38;2;22;7;8m  
[38;2;0;1;2m  [38;2;28;52;114m██[38;2;34;62;118m██[38;2;49;87;151m██[38;2;37;68;130m██[38;2;56;56;57m██[38;2;68;44;44m██[38;2;251;225;195m██[38;2;196;150;140m██[38;2;108;23;25m██[38;2;9;24;44m██[38;2;23;43;78m██[38;2;25;50;93m██[38;2;157;150;138m██[38;2;252;244;226m██[38;2;181;156;124m██[38;2;211;181;152m██[38;2;255;254;239m██[38;2;165;157;139m██[38;2;24;50;94m██[38;2;21;39;71m██[38;2;11;24;45m██[38;2;38;36;34m██[38;2;249;222;193m██[38;2;71;63;54m██[38;2;251;236;205m██[38;2;27;21;19m██[38;2;10;24;52m██[38;2;29;53;101m██[38;2;27;47;97m██[38;2;48;88;151m██[38;2;40;80;135m██[38;2;79;30;33m██
[38;2;6;11;27m██[38;2;27;49;106m██[38;2;33;60;117m██[38;2;23;43;87m██[38;2;29;55;101m██[38;2;88;88;88m██[38;2;57;44;43m██[38;2;251;226;195m██[38;2;16;18;45m██[38;2;4;14;38m██[38;2;35;67;119m██[38;2;43;81;142m██[38;2;46;86;150m██[38;2;32;66;122m██[38;2;202;190;173m██[38;2;151;241;231m██[38;2;48;185;97m██[38;2;211;209;206m██[38;2;34;66;119m██[38;2;45;83;146m██[38;2;41;77;136m██[38;2;38;72;128m██[38;2;19;27;41m██[38;2;206;187;161m██[38;2;28;25;21m██[38;2;250;225;194m██[38;2;84;85;85m██[38;2;168;132;115m██[38;2;22;42;82m██[38;2;38;71;127m██[38;2;43;78;139m██[38;2;47;86;149m██[38;2;126;52;56m██[0m
