
[38;2;255;255;255m██████[38;2;70;61;197m██[38;2;255;255;255m██[38;2;231;230;247m██[38;2;255;255;255m████[38;2;226;133;134m██[38;2;211;125;138m██[38;2;223;124;124m██[38;2;232;153;153m██[38;2;226;134;134m██[38;2;226;135;135m██[38;2;222;139;137m██[38;2;229;213;204m████[38;2;228;213;204m██[38;2;229;213;204m██[38;2;229;212;204m██[38;2;229;213;204m████[38;2;228;213;204m██[38;2;229;213;204m██[38;2;229;212;204m██[38;2;229;213;204m██████████████
[38;2;255;255;255m████[38;2;253;253;255m██[38;2;70;61;199m██[38;2;255;255;255m██[38;2;74;64;199m██[38;2;254;254;254m██[38;2;254;254;255m██[38;2;226;133;134m██[38;2;93;74;192m██[38;2;175;107;151m██[38;2;233;153;152m██[38;2;153;99;164m██[38;2;226;135;135m██[38;2;223;140;138m██[38;2;229;212;204m████[38;2;228;213;204m██[38;2;229;213;204m██[38;2;229;212;204m██[38;2;229;213;204m██[38;2;228;212;204m██[38;2;229;213;204m██[38;2;229;212;204m██[38;2;228;213;204m██[38;2;229;212;204m██[38;2;229;213;204m██[38;2;229;212;204m██[38;2;228;213;204m██[38;2;229;213;204m████[38;2;229;212;204m██
[38;2;255;255;255m████[38;2;252;252;254m██[38;2;72;63;198m██[38;2;255;255;255m██[38;2;74;64;199m██[38;2;249;249;253m██[38;2;94;85;205m██[38;2;222;136;141m██[38;2;98;77;191m██[38;2;141;94;168m██[38;2;234;153;152m██[38;2;76;65;200m██[38;2;226;135;136m██[38;2;230;142;133m██[38;2;229;213;204m██████[38;2;228;213;204m██[38;2;229;213;204m██████████████████████████
[38;2;255;255;255m████[38;2;251;251;254m██[38;2;72;63;198m██[38;2;255;255;255m██[38;2;74;64;199m██[38;2;242;241;251m██[38;2;73;64;199m██[38;2;213;132;144m██[38;2;107;82;189m██[38;2;119;87;182m██[38;2;234;153;152m██[38;2;76;65;200m██[38;2;229;139;137m██[38;2;74;65;200m██[38;2;229;213;204m████[38;2;231;215;206m██[38;2;234;219;210m██[38;2;232;215;205m██[38;2;235;219;209m██[38;2;231;215;206m██[38;2;229;212;204m██[38;2;228;212;203m██[38;2;228;214;205m██[38;2;155;146;138m██[38;2;130;116;112m██[38;2;195;185;179m██[38;2;229;213;204m██[38;2;228;213;204m██[38;2;229;213;204m████
[38;2;255;255;255m████[38;2;251;251;254m██[38;2;71;61;199m██[38;2;255;255;255m██[38;2;73;63;199m██[38;2;234;233;248m██[38;2;71;61;198m██[38;2;201;132;155m██[38;2;116;86;185m██[38;2;109;81;184m██[38;2;234;153;152m██[38;2;76;65;200m██[38;2;229;140;138m██[38;2;76;66;201m██[38;2;114;99;92m██[38;2;204;104;113m██[38;2;222;120;123m██[38;2;218;114;120m██[38;2;215;106;115m██[38;2;214;104;114m██[38;2;217;106;116m██[38;2;134;64;73m██[38;2;140;55;74m██[38;2;137;56;79m██[38;2;211;48;44m████[38;2;218;50;44m██[38;2;231;214;205m██[38;2;229;213;204m██[38;2;229;212;204m████
[38;2;255;255;255m████[38;2;253;253;255m██[38;2;71;61;199m██[38;2;255;255;255m██[38;2;73;63;199m██[38;2;230;229;247m██[38;2;71;61;198m██[38;2;202;132;155m██[38;2;120;85;180m██[38;2;98;75;187m██[38;2;234;153;152m██[38;2;78;68;209m██[38;2;117;84;77m██[38;2;243;171;154m██[38;2;241;168;151m██[38;2;241;168;152m██████████[38;2;217;154;139m██[38;2;215;49;44m██[38;2;211;48;44m██████[38;2;212;49;44m██[38;2;212;48;44m██[38;2;230;217;208m██[38;2;229;213;204m██[38;2;229;212;204m██[38;2;229;213;204m██
[38;2;255;255;255m██████[38;2;70;61;197m██[38;2;255;255;255m██[38;2;73;63;199m██[38;2;230;229;247m██[38;2;69;60;198m██[38;2;203;134;157m██[38;2;125;88;176m██[38;2;98;75;188m██[38;2;97;70;65m██[38;2;241;168;152m████████████[38;2;241;167;152m██[38;2;241;168;152m██████[38;2;231;165;149m██[38;2;216;49;44m██[38;2;211;48;44m██[38;2;213;49;43m██[38;2;139;57;79m██[38;2;207;47;42m██[38;2;203;192;185m██[38;2;229;213;203m██[38;2;229;213;204m██[38;2;228;213;204m██
[38;2;255;255;255m██████[38;2;71;62;199m██[38;2;255;255;255m██[38;2;74;64;199m██[38;2;231;229;247m██[38;2;69;60;198m██[38;2;203;134;157m██[38;2;125;89;177m██[38;2;188;171;145m██[38;2;241;167;151m██[38;2;240;169;153m██[38;2;207;97;107m██[38;2;241;168;152m██[38;2;241;167;152m██[38;2;241;168;152m██████████████[38;2;243;172;155m██[38;2;203;45;41m██[38;2;189;42;40m██[38;2;140;57;80m██[38;2;173;40;48m██[38;2;149;73;82m██[38;2;229;213;204m██████
[38;2;255;255;255m██████[38;2;105;97;209m██[38;2;255;255;255m██[38;2;74;64;199m██[38;2;239;238;250m██[38;2;71;62;199m██[38;2;203;134;157m██[38;2;148;136;120m██[38;2;237;157;146m██[38;2;239;212;179m██[38;2;239;212;178m██[38;2;185;53;78m██[38;2;239;212;178m██[38;2;240;194;168m██[38;2;241;175;157m██[38;2;242;170;153m██[38;2;240;167;151m██[38;2;241;168;153m██[38;2;241;176;157m██[38;2;240;192;167m██[38;2;240;205;175m██[38;2;240;211;179m██[38;2;239;211;178m██[38;2;112;95;86m██[38;2;145;39;49m██[38;2;212;48;44m██[38;2;74;27;29m██[38;2;119;107;105m██[38;2;229;213;204m██[38;2;228;213;204m██
[38;2;255;255;255m██████████[38;2;74;64;200m██[38;2;140;74;81m██[38;2;68;49;62m██[38;2;232;166;150m██[38;2;242;165;151m██[38;2;240;213;180m██[38;2;239;211;178m██[38;2;242;168;152m██[38;2;210;135;128m██[38;2;239;211;178m████████[38;2;241;167;151m██[38;2;241;175;156m██[38;2;239;211;178m██████[38;2;222;124;126m██[38;2;239;211;178m██[38;2;239;210;177m██[38;2;89;37;43m██[38;2;101;16;43m██[38;2;148;54;73m██[38;2;171;39;37m██[38;2;229;213;204m████
[38;2;255;255;255m██████████[38;2;75;65;199m██[38;2;246;246;248m██[38;2;129;64;78m██[38;2;173;86;92m██[38;2;243;169;154m██[38;2;241;176;157m██[38;2;238;211;178m██[38;2;221;119;123m██[38;2;215;180;157m██[38;2;239;211;178m████████[38;2;241;167;152m██[38;2;240;163;150m██[38;2;239;211;178m██████[38;2;240;202;173m██[38;2;239;206;175m██[38;2;239;211;178m██[38;2;85;36;42m██[38;2;130;24;38m██[38;2;138;57;79m██[38;2;214;49;43m██[38;2;107;24;27m██[38;2;229;212;203m██
[38;2;255;255;255m██████████[38;2;75;65;199m██[38;2;255;255;255m██[38;2;69;60;198m██[38;2;39;28;36m██[38;2;241;168;152m████[38;2;241;168;151m██[38;2;57;36;30m██[38;2;213;197;167m██[38;2;239;211;178m████████[38;2;243;169;153m██[38;2;224;117;123m██[38;2;239;211;178m████████[38;2;206;94;106m██[38;2;241;169;153m██[38;2;98;42;54m██[38;2;211;48;44m██[38;2;211;48;43m██[38;2;211;49;44m████[38;2;167;158;152m██
[38;2;255;255;255m██████████████[38;2;72;63;200m██[38;2;237;160;147m██[38;2;240;165;150m██[38;2;241;168;152m██[38;2;116;82;71m██[38;2;243;232;230m██[38;2;185;109;107m██[38;2;241;167;151m████[38;2;241;181;160m██[38;2;240;195;169m██[38;2;243;170;154m██[38;2;108;67;53m  [38;2;242;187;164m██[38;2;242;175;156m██[38;2;241;166;150m██[38;2;241;167;151m██[38;2;230;141;136m██[38;2;241;168;152m██[38;2;93;32;27m██[38;2;212;48;44m██[38;2;211;48;44m████[38;2;211;49;44m██[38;2;210;47;41m██
[38;2;255;255;255m██████████████[38;2;188;185;235m██[38;2;227;133;134m██[38;2;230;145;140m██[38;2;244;172;155m██[38;2;245;235;225m██[38;2;240;231;222m██[38;2;91;54;55m██[38;2;236;156;145m██[38;2;241;168;152m██████[38;2;234;165;150m██[38;2;244;208;191m██[38;2;202;146;131m██[38;2;241;168;152m██[38;2;241;167;152m██[38;2;241;168;152m██[38;2;230;142;138m██[38;2;241;169;152m██[38;2;62;33;31m██[38;2;211;48;44m████[38;2;172;52;63m██[38;2;145;55;75m██[38;2;136;31;30m██
[38;2;255;255;255m██████████████[38;2;166;163;163m██[38;2;190;67;86m██[38;2;133;78;59m██[38;2;128;81;79m██[38;2;240;232;221m██[38;2;240;232;222m██[38;2;201;195;189m██[38;2;213;105;115m██[38;2;228;137;133m██[38;2;241;168;152m████[38;2;194;141;127m██[38;2;239;232;222m██[38;2;242;217;205m██[38;2;242;171;154m██[38;2;240;168;152m██[38;2;241;168;152m██[38;2;214;105;115m██[38;2;241;172;155m██[38;2;207;147;135m██[38;2;213;49;44m██[38;2;174;51;61m██[38;2;93;42;48m██[38;2;207;99;110m██[38;2;225;211;202m██
[38;2;255;255;255m██████████████[38;2;201;144;130m██[38;2;105;78;68m██[38;2;240;232;222m██[38;2;216;202;194m██[38;2;206;117;129m██[38;2;193;74;96m██[38;2;240;232;221m██[38;2;124;108;96m██[38;2;142;118;106m██[38;2;213;102;113m██[38;2;227;135;133m██[38;2;124;87;78m  [38;2;240;232;222m████[38;2;240;234;226m██[38;2;241;171;154m██[38;2;242;169;153m██[38;2;215;105;115m██[38;2;242;168;152m██[38;2;241;168;151m██[38;2;246;172;156m██[38;2;240;168;152m██[38;2;240;168;151m██[38;2;215;105;115m██[38;2;86;64;60m██
[38;2;255;255;255m████████████[38;2;120;115;113m██[38;2;233;166;150m██[38;2;240;232;223m██[38;2;240;233;223m██[38;2;240;235;227m██[38;2;243;230;220m██[38;2;245;223;209m██[38;2;247;224;205m██[38;2;243;224;211m██[38;2;241;232;221m██[38;2;92;86;78m██[38;2;241;207;177m██[38;2;85;71;68m██[38;2;235;216;212m██[38;2;197;79;97m██[38;2;181;54;82m██[38;2;240;232;222m██[38;2;99;79;80m██[38;2;221;107;118m██[38;2;242;168;152m██[38;2;241;168;152m████[38;2;241;168;151m██[38;2;239;163;149m██[38;2;215;105;115m██[38;2;177;172;166m██
[38;2;255;255;255m██████[38;2;255;254;254m██[38;2;103;95;88m██[38;2;107;94;88m██[38;2;243;170;154m██[38;2;192;189;184m██[38;2;240;231;221m██[38;2;117;110;105m██[38;2;142;141;139m██[38;2;89;83;80m██[38;2;249;222;201m██[38;2;249;221;197m██[38;2;250;220;197m██[38;2;250;220;195m████[38;2;252;222;198m██[38;2;249;220;198m██[38;2;250;171;147m██[38;2;240;230;220m██[38;2;240;231;222m██[38;2;240;232;222m████[38;2;255;139;109m██[38;2;246;174;157m██[38;2;241;168;151m██[38;2;241;168;152m████[38;2;236;155;144m██[38;2;215;105;115m██[38;2;157;147;140m██
[38;2;236;224;216m██[38;2;235;221;213m██[38;2;233;218;209m██[38;2;231;216;207m██[38;2;233;218;209m██[38;2;158;146;130m██[38;2;115;98;87m██[38;2;240;231;222m██[38;2;240;232;223m██[38;2;79;85;84m██[38;2;123;138;138m██[38;2;196;239;238m██[38;2;248;223;202m██[38;2;250;221;198m██[38;2;251;220;195m██[38;2;251;220;196m██[38;2;251;220;195m████[38;2;251;222;198m██[38;2;236;235;234m██[38;2;254;253;254m██[38;2;103;98;95m██[38;2;239;231;221m██[38;2;240;231;222m██[38;2;231;132;102m██[38;2;241;168;152m████████[38;2;236;155;144m██[38;2;214;104;114m██[38;2;195;183;173m██
[38;2;227;209;199m██[38;2;228;209;199m██[38;2;227;209;199m████[38;2;228;209;198m██[38;2;227;208;198m██[38;2;191;186;181m██[38;2;240;232;222m██[38;2;198;234;232m██[38;2;192;234;233m██[38;2;190;234;233m██[38;2;231;224;213m██[38;2;249;223;202m██[38;2;250;221;198m██[38;2;205;147;132m██[38;2;181;60;52m██[38;2;251;220;196m████[38;2;250;221;198m██[38;2;191;234;233m██[38;2;177;213;213m██[38;2;99;96;94m██[38;2;243;232;223m██[38;2;240;231;222m██[38;2;127;59;65m██[38;2;240;168;152m██[38;2;241;168;152m██[38;2;214;103;114m██[38;2;241;169;152m██[38;2;221;128;126m██[38;2;216;105;115m██[38;2;198;187;180m  
[38;2;226;202;193m██████████[38;2;226;203;194m██[38;2;242;235;226m██[38;2;240;232;222m██[38;2;238;231;221m██[38;2;184;231;233m██[38;2;183;231;233m██[38;2;185;231;233m██[38;2;240;231;222m████[38;2;181;56;47m██[38;2;198;73;62m██[38;2;244;232;221m██[38;2;247;221;203m██[38;2;249;221;200m██[38;2;194;235;233m██[38;2;192;235;233m████[38;2;241;232;222m██[38;2;92;46;53m██[38;2;216;108;117m██[38;2;246;174;157m██[38;2;220;106;117m██[38;2;216;105;115m██[38;2;208;96;108m██[38;2;241;168;152m██[38;2;100;44;47m██[38;2;112;62;40m  
[38;2;224;197;186m████[38;2;227;201;190m██[38;2;171;147;140m██[38;2;156;110;88m██[38;2;65;49;41m  [38;2;233;226;218m██[38;2;240;232;222m██[38;2;241;231;221m██[38;2;171;227;235m██[38;2;170;226;234m██[38;2;175;227;235m██[38;2;240;232;222m██[38;2;240;231;222m██[38;2;240;232;222m██[38;2;239;232;222m████[38;2;240;232;222m██[38;2;229;230;224m██[38;2;183;231;233m██[38;2;181;230;233m██[38;2;180;230;234m██[38;2;210;203;196m██[38;2;28;20;20m██[38;2;129;83;91m██[38;2;166;133;138m██[38;2;105;56;65m██[38;2;150;111;118m██[38;2;96;74;76m██[38;2;121;55;67m██[38;2;228;152;143m██[38;2;190;118;77m  
[38;2;142;95;76m██[38;2;231;157;117m██[38;2;222;151;113m██[38;2;150;123;127m██[38;2;172;143;147m████[38;2;107;70;75m██[38;2;253;145;117m██[38;2;167;225;235m██[38;2;163;224;235m██[38;2;163;223;235m██[38;2;196;231;231m██[38;2;240;232;222m██[38;2;239;232;222m██[38;2;240;232;222m████████[38;2;232;231;223m██[38;2;169;225;235m██[38;2;164;224;235m██[38;2;163;214;222m██[38;2;45;25;26m██[38;2;115;68;77m██[38;2;131;89;94m██[38;2;157;124;130m██[38;2;170;140;145m██[38;2;135;95;99m██[38;2;171;142;147m██[38;2;171;142;146m██[38;2;204;133;84m██[38;2;202;131;82m██
[38;2;222;151;112m██[38;2;96;84;77m  [38;2;243;236;227m██[38;2;211;177;161m██[38;2;213;203;203m██[38;2;126;81;89m██[38;2;129;83;90m██[38;2;129;83;91m██[38;2;94;63;67m██[38;2;98;124;132m██[38;2;134;214;239m██[38;2;135;216;241m██[38;2;254;136;106m██[38;2;254;137;108m██[38;2;254;139;109m██[38;2;254;140;110m██[38;2;254;142;113m██[38;2;254;146;116m██[38;2;133;93;84m██[38;2;101;68;69m██[38;2;171;143;148m██[38;2;172;143;147m██████████████[38;2;172;143;148m██[38;2;158;124;126m██[38;2;130;85;92m██[38;2;181;94;48m██
[38;2;192;152;140m██[38;2;228;193;182m██[38;2;240;231;221m██[38;2;240;232;222m██[38;2;168;116;109m██[38;2;126;81;89m██[38;2;122;80;86m██[38;2;108;57;34m██[38;2;203;125;83m██[38;2;222;152;113m██[38;2;222;150;112m██[38;2;224;153;114m██[38;2;219;146;106m██[38;2;191;116;77m██[38;2;165;89;49m██[38;2;146;78;46m██[38;2;58;37;38m██[38;2;129;83;91m██[38;2;172;144;149m██[38;2;172;143;147m██████████████████[38;2;152;116;121m██[38;2;129;83;91m████[38;2;73;43;38m██
[38;2;163;65;51m██[38;2;162;156;152m██[38;2;224;151;126m██[38;2;197;191;186m██[38;2;94;62;49m██[38;2;149;99;77m██[38;2;222;151;112m██[38;2;222;150;112m██[38;2;222;152;114m██[38;2;224;157;117m██[38;2;227;166;123m██[38;2;229;173;127m██[38;2;232;178;131m██[38;2;230;179;131m██[38;2;100;76;63m██[38;2;117;79;86m██[38;2;122;76;85m██[38;2;172;143;148m██[38;2;172;143;147m██████████████[38;2;172;143;148m██[38;2;168;138;143m██[38;2;118;78;84m██[38;2;97;63;63m██[38;2;118;77;83m██[38;2;122;74;82m██[38;2;130;84;92m██
[38;2;229;173;127m██[38;2;232;183;134m██[38;2;236;191;139m██[38;2;236;193;141m██████[38;2;236;192;141m██[38;2;236;193;141m██████[38;2;235;191;139m██[38;2;235;190;139m██[38;2;238;193;141m██[38;2;135;83;64m██[38;2;251;168;141m██[38;2;217;139;111m██[38;2;223;236;241m██[38;2;167;140;141m██[38;2;172;143;147m████████[38;2;172;143;148m██[38;2;154;135;137m██[38;2;67;39;29m██[38;2;181;93;47m██[38;2;212;138;96m██[38;2;223;153;115m██[38;2;222;152;113m██[38;2;222;151;113m████[38;2;224;153;114m██
[38;2;235;190;138m██[38;2;235;191;139m██[38;2;236;193;141m████[38;2;237;194;141m██[38;2;236;193;141m██████████[38;2;235;191;139m████[38;2;244;181;163m██[38;2;240;231;222m██[38;2;240;232;222m██[38;2;240;231;222m██[38;2;245;212;199m██[38;2;240;246;246m██[38;2;175;147;151m██[38;2;173;145;149m██[38;2;116;98;101m██[38;2;131;68;37m██[38;2;196;111;65m██[38;2;220;150;111m██[38;2;222;151;113m████[38;2;222;151;112m██[38;2;221;151;112m██[38;2;222;151;113m██[38;2;221;150;112m██[38;2;221;151;113m██[38;2;222;151;113m██
[38;2;235;192;140m██[38;2;236;193;140m██[38;2;236;193;141m████████████████[38;2;235;191;139m██[38;2;120;91;76m██[38;2;228;203;189m██[38;2;219;174;160m██[38;2;211;150;130m██[38;2;240;231;221m██[38;2;229;222;213m██[38;2;135;132;133m██[38;2;93;54;36m██[38;2;202;122;77m██[38;2;223;152;114m██[38;2;222;151;113m██████████[38;2;222;150;113m██[38;2;222;150;112m████[38;2;222;151;113m██[38;2;223;156;116m██[38;2;225;162;120m██
[38;2;228;183;133m██[38;2;235;191;139m████[38;2;236;192;140m██[38;2;235;190;139m██[38;2;232;183;134m██[38;2;228;169;124m██[38;2;224;156;116m██[38;2;221;150;112m██[38;2;222;150;112m████[38;2;223;152;113m██[38;2;96;62;48m██[38;2;92;52;37m██[38;2;91;65;54m  [38;2;192;109;63m██[38;2;221;149;111m██[38;2;222;151;113m██[38;2;223;153;114m██[38;2;224;158;118m██[38;2;226;162;121m██[38;2;228;169;125m██[38;2;230;175;128m██[38;2;231;177;130m██[38;2;231;178;131m██[38;2;231;178;130m██[38;2;231;179;131m████████[38;2;231;178;131m██[38;2;231;182;133m██
[38;2;202;131;83m██[38;2;199;124;77m  [38;2;149;81;52m  [38;2;226;154;115m██[38;2;222;150;112m████[38;2;222;152;114m██[38;2;225;157;117m██[38;2;226;165;123m██[38;2;228;172;126m██[38;2;229;174;128m████[38;2;230;174;129m██[38;2;230;175;129m██[38;2;230;176;129m██[38;2;231;177;130m████[38;2;231;178;131m████████[38;2;231;177;131m██[38;2;231;176;129m██[38;2;229;172;127m██[38;2;228;168;124m██[38;2;225;159;118m██[38;2;223;153;114m██[38;2;222;150;112m██[38;2;227;154;115m██[38;2;148;87;61m██[38;2;182;94;47m██[38;2;180;93;47m██
[38;2;64;47;37m  [38;2;70;48;40m  [38;2;183;97;52m██[38;2;179;93;47m██[38;2;187;103;59m██[38;2;164;103;75m██[38;2;227;175;129m██[38;2;230;174;128m██[38;2;230;174;129m██[38;2;229;173;128m██[38;2;228;170;126m██[38;2;227;166;122m██[38;2;225;159;119m██[38;2;223;155;116m██[38;2;223;152;113m██[38;2;222;150;112m██████[38;2;222;150;113m██[38;2;222;151;113m██[38;2;222;150;113m██[38;2;222;151;113m██[38;2;221;151;112m██[38;2;222;150;113m██[38;2;222;151;113m██[38;2;225;154;115m██[38;2;153;88;58m██[38;2;178;91;46m██[38;2;180;93;47m██[38;2;182;95;48m██[38;2;129;68;39m  [38;2;55;40;32m  [0m
