
[38;2;0;0;0m        [38;2;38;38;38m  [38;2;255;255;255m  [38;2;0;0;0m          [38;2;11;11;0m  [38;2;123;103;114m  [38;2;105;81;101m  [38;2;104;76;103m██[38;2;110;80;109m██[38;2;110;81;110m██[38;2;112;85;109m██[38;2;115;91;111m██[38;2;119;96;115m██[38;2;135;120;125m  [38;2;17;16;16m  [38;2;0;0;0m              
[38;2;0;0;0m      [38;2;146;146;146m  [38;2;255;255;255m  [38;2;0;0;0m        [38;2;13;13;13m  [38;2;103;86;99m  [38;2;94;70;93m██[38;2;94;70;95m██[38;2;101;73;101m██[38;2;102;74;103m██[38;2;108;79;108m██[38;2;110;80;109m██[38;2;111;82;111m██[38;2;112;83;112m██[38;2;115;85;112m██[38;2;115;87;113m██[38;2;117;88;111m██[38;2;130;111;118m  [38;2;0;0;0m            
[38;2;0;0;0m      [38;2;128;128;128m  [38;2;0;0;0m        [38;2;40;37;35m  [38;2;91;65;88m██[38;2;89;62;86m██[38;2;93;66;92m██[38;2;95;68;93m██[38;2;94;70;94m██[38;2;101;73;102m██[38;2;102;73;103m██[38;2;104;76;105m██[38;2;110;80;109m██[38;2;112;82;111m████[38;2;119;84;111m██[38;2;113;84;111m██[38;2;112;83;111m██[38;2;113;84;111m██[38;2;32;28;29m  [38;2;0;0;0m        
[38;2;0;0;0m              [38;2;155;152;131m  [38;2;94;71;92m██[38;2;86;60;83m██[38;2;89;62;87m██[38;2;90;63;88m██[38;2;91;64;90m██[38;2;94;67;92m██[38;2;94;67;93m██[38;2;95;68;94m██[38;2;99;72;100m██[38;2;101;73;102m██[38;2;105;76;105m██[38;2;109;79;108m██[38;2;111;80;109m██[38;2;115;82;110m██[38;2;110;81;110m██[38;2;111;81;110m██[38;2;110;81;109m██[38;2;62;62;57m  [38;2;0;0;0m      
[38;2;0;0;0m            [38;2;30;26;30m  [38;2;115;85;108m██[38;2;85;61;83m██[38;2;86;60;83m██[38;2;85;61;83m██[38;2;87;61;86m██[38;2;86;61;85m██[38;2;86;62;87m██[38;2;90;63;88m██[38;2;90;63;89m██[38;2;92;65;91m██[38;2;95;68;93m██[38;2;96;70;95m██[38;2;99;72;100m██[38;2;102;74;103m██[38;2;104;75;104m██[38;2;105;76;105m██[38;2;104;75;104m██[38;2;104;76;105m██[38;2;103;76;102m██[38;2;98;98;98m  [38;2;0;0;0m    
[38;2;0;0;0m            [38;2;99;77;96m  [38;2;108;82;105m██[38;2;93;66;89m██[38;2;104;78;101m██[38;2;85;60;82m██[38;2;79;58;79m██[38;2;81;59;80m██[38;2;80;59;80m██[38;2;82;59;81m██[38;2;78;56;77m██[38;2;86;61;84m██[38;2;88;61;86m██[38;2;89;63;88m██[38;2;92;65;91m██[38;2;94;68;93m██[38;2;95;68;93m██[38;2;96;69;96m██[38;2;100;72;100m██[38;2;99;72;100m██[38;2;98;71;97m██[38;2;105;83;100m  [38;2;0;0;0m    
[38;2;0;0;0m          [38;2;111;101;97m  [38;2;79;58;79m██[38;2;76;55;76m██[38;2;97;70;93m██[38;2;103;79;101m██[38;2;77;56;77m██[38;2;76;55;76m██████[38;2;75;54;75m██[38;2;77;56;77m████[38;2;79;58;79m██[38;2;83;59;81m██[38;2;84;60;82m██[38;2;88;62;86m██[38;2;90;63;89m██[38;2;91;64;90m██[38;2;94;66;92m██[38;2;94;67;93m████[38;2;93;66;92m██[38;2;128;115;119m  [38;2;0;0;0m  
[38;2;0;0;0m        [38;2;0;49;0m  [38;2;79;57;78m██[38;2;77;56;75m██[38;2;75;54;75m██[38;2;76;55;76m████[38;2;75;54;75m██[38;2;72;51;72m██[38;2;90;66;88m██[38;2;76;55;76m██[38;2;72;51;72m██[38;2;74;53;74m██[38;2;76;55;76m██████[38;2;78;57;78m██[38;2;79;58;79m██[38;2;81;58;79m██[38;2;85;60;83m████[38;2;87;61;85m██[38;2;87;61;86m██[38;2;88;63;87m██[38;2;90;65;88m██[38;2;0;0;0m  
[38;2;0;0;0m        [38;2;101;86;83m  [38;2;76;55;76m██[38;2;71;50;71m██[38;2;75;54;75m██[38;2;73;52;73m██[38;2;69;48;68m██[38;2;69;48;69m██[38;2;75;54;75m██[38;2;82;60;82m██[38;2;72;51;72m██[38;2;101;76;96m██[38;2;76;55;76m██[38;2;74;53;74m██[38;2;75;54;75m████[38;2;76;55;76m████[38;2;77;56;77m██[38;2;76;55;76m██[38;2;79;57;79m██[38;2;80;58;80m██[38;2;81;58;80m██[38;2;79;57;78m██[38;2;80;58;80m██[38;2;158;147;150m  
[38;2;0;0;0m        [38;2;78;58;75m██[38;2;73;52;73m██[38;2;70;49;70m██[38;2;73;52;73m██[38;2;69;48;69m██[38;2;62;40;60m██[38;2;72;46;67m██[38;2;70;50;70m██[38;2;71;50;71m██[38;2;70;48;70m██[38;2;88;63;85m██[38;2;90;69;88m██[38;2;73;52;73m██[38;2;72;51;72m████[38;2;73;52;73m██[38;2;74;53;74m██[38;2;75;54;75m██[38;2;76;55;76m████████[38;2;72;51;72m██[38;2;76;55;76m██[38;2;89;73;84m  
[38;2;0;0;0m      [38;2;46;46;38m  [38;2;73;52;73m██[38;2;71;50;71m██[38;2;72;51;71m██[38;2;70;49;69m██[38;2;51;31;48m██[38;2;90;56;77m██[38;2;75;47;68m██[38;2;70;48;70m██[38;2;80;50;71m██[38;2;72;46;68m██[38;2;71;50;71m██[38;2;70;49;70m██[38;2;71;50;71m██[38;2;64;43;63m██[38;2;71;50;71m██[38;2;72;50;72m██[38;2;71;50;71m██[38;2;73;52;73m██[38;2;80;57;79m██[38;2;74;53;74m████[38;2;75;54;75m██[38;2;71;50;71m██[38;2;75;54;75m██[38;2;79;57;78m██
[38;2;0;0;0m      [38;2;99;83;85m  [38;2;71;50;71m██[38;2;71;46;67m██[38;2;70;48;70m██[38;2;59;39;56m██[38;2;91;57;77m██[38;2;172;101;119m██[38;2;71;49;70m██[38;2;71;50;71m██[38;2;156;93;110m██[38;2;72;45;65m██[38;2;70;48;70m████[38;2;61;39;58m██[38;2;55;34;53m██[38;2;70;48;70m████[38;2;69;48;69m██[38;2;87;63;85m██[38;2;89;62;87m██[38;2;72;51;72m██[38;2;73;52;73m██[38;2;82;59;81m██[38;2;69;48;69m██[38;2;73;52;73m██[38;2;75;53;75m██
[38;2;0;0;0m      [38;2;81;65;74m  [38;2;73;52;73m██[38;2;70;49;70m██[38;2;69;48;69m██[38;2;77;45;62m██[38;2;159;89;104m██[38;2;94;55;75m██[38;2;70;48;70m██[38;2;84;50;71m██[38;2;121;64;81m██[38;2;83;52;72m██[38;2;70;48;70m██[38;2;70;48;69m██[38;2;57;37;56m██[38;2;84;50;70m██[38;2;70;48;69m██[38;2;70;48;70m██[38;2;68;47;68m██[38;2;70;49;70m██[38;2;70;49;69m██[38;2;70;49;70m██[38;2;84;61;81m██[38;2;90;66;88m██[38;2;68;47;68m██[38;2;74;52;73m██[38;2;90;68;88m██
[38;2;0;0;0m      [38;2;75;55;73m██[38;2;73;52;73m██[38;2;73;46;67m██[38;2;95;55;74m██[38;2;191;122;132m██[38;2;233;149;158m██[38;2;76;50;71m██[38;2;72;51;72m██[38;2;210;133;146m██[38;2;113;62;81m██[38;2;76;49;70m██[38;2;70;48;70m██[38;2;61;41;60m██[38;2;47;31;43m██[38;2;91;49;69m██[38;2;70;48;69m████[38;2;69;48;69m██[38;2;70;49;70m██[38;2;68;46;67m██[38;2;70;49;70m██[38;2;70;48;70m██[38;2;77;54;76m██[38;2;68;47;67m██[38;2;85;62;84m██[38;2;93;69;91m██
[38;2;0;0;0m    [38;2;41;37;35m  [38;2;73;52;73m██[38;2;72;51;72m██[38;2;96;59;76m██[38;2;243;159;162m██[38;2;215;154;166m██[38;2;199;139;151m██[38;2;107;66;86m██[38;2;91;56;77m██[38;2;242;160;163m██[38;2;197;129;144m██[38;2;76;51;72m██[38;2;70;48;70m██[38;2;46;30;46m██[38;2;70;40;59m██[38;2;81;46;66m██[38;2;70;48;69m██[38;2;69;48;68m██[38;2;74;48;68m██[38;2;70;48;69m██[38;2;66;44;65m██[38;2;70;48;69m██[38;2;70;48;67m██[38;2;69;48;67m████[38;2;70;48;67m██[38;2;87;63;84m██
[38;2;0;0;0m    [38;2;80;63;75m  [38;2;73;52;73m██[38;2;101;63;80m██[38;2;195;126;138m██[38;2;209;168;177m██[38;2;233;231;233m██[38;2;238;235;238m██[38;2;187;155;162m██[38;2;245;165;166m██[38;2;244;163;166m██[38;2;239;164;169m██[38;2;79;54;75m██[38;2;70;49;70m██[38;2;42;28;42m██[38;2;160;99;115m██[38;2;73;48;69m██[38;2;70;48;70m██[38;2;85;51;72m██[38;2;116;67;87m██[38;2;70;48;70m██[38;2;61;40;59m██[38;2;70;48;67m████[38;2;68;47;66m██[38;2;69;48;67m██[38;2;70;48;67m██[38;2;82;66;77m  
[38;2;0;0;0m  [38;2;63;55;55m  [38;2;71;50;71m██[38;2;61;41;60m██[38;2;204;135;143m██[38;2;201;175;179m██[38;2;240;237;240m██[38;2;228;224;227m██[38;2;214;214;215m██[38;2;212;202;208m██[38;2;244;165;169m██[38;2;244;161;163m██[38;2;244;163;164m██[38;2;240;162;164m██[38;2;173;110;124m██[38;2;72;42;61m██[38;2;197;124;134m██[38;2;73;52;72m██[38;2;71;50;71m██[38;2;119;73;93m██[38;2;148;80;98m██[38;2;69;47;66m██[38;2;63;43;62m██[38;2;70;48;67m████[38;2;65;43;64m██[38;2;68;47;65m██[38;2;70;48;67m██[38;2;48;40;43m  
[38;2;0;0;0m  [38;2;73;52;73m██[38;2;65;44;64m██[38;2;46;28;44m██[38;2;213;141;147m██[38;2;228;223;225m██[38;2;218;216;219m██[38;2;230;229;232m██[38;2;238;238;240m██[38;2;237;236;237m██[38;2;242;164;168m██[38;2;243;158;165m██[38;2;244;161;164m██[38;2;244;162;164m██[38;2;243;160;163m██[38;2;245;162;165m██[38;2;175;139;154m██[38;2;202;197;202m██[38;2;123;107;122m██[38;2;155;98;115m██[38;2;133;73;93m██[38;2;59;39;57m██[38;2;67;46;66m██[38;2;70;48;67m██[38;2;68;47;67m██[38;2;64;42;63m██[38;2;67;46;66m██[38;2;71;50;71m██[38;2;0;0;0m  
[38;2;50;45;44m  [38;2;70;49;70m██[38;2;43;27;43m██[38;2;44;29;43m██[38;2;130;95;112m██[38;2;238;237;238m██[38;2;241;241;241m██[38;2;235;233;235m██[38;2;214;211;213m██[38;2;212;186;190m██[38;2;243;163;165m██[38;2;243;158;168m██[38;2;243;158;160m██[38;2;244;163;167m██[38;2;243;159;166m██[38;2;221;191;196m██[38;2;239;237;240m██[38;2;239;239;241m██[38;2;230;226;228m██[38;2;218;143;150m██[38;2;148;88;105m██[38;2;53;32;51m██[38;2;68;47;67m██[38;2;70;49;67m██[38;2;67;46;65m██[38;2;65;44;64m██[38;2;67;46;66m██[38;2;96;79;91m  [38;2;0;0;0m  
[38;2;0;0;0m  [38;2;71;50;71m██[38;2;42;27;41m██[38;2;45;31;45m██[38;2;147;139;147m██[38;2;239;239;239m██[38;2;241;241;241m██[38;2;240;240;240m████[38;2;231;163;168m██[38;2;243;160;163m██[38;2;245;165;168m██[38;2;243;160;163m██[38;2;244;161;164m██[38;2;244;162;163m██[38;2;237;231;232m██[38;2;232;231;233m██[38;2;226;225;227m██[38;2;220;218;220m██[38;2;236;164;170m██[38;2;242;162;165m██[38;2;237;159;161m██[38;2;71;49;70m██[38;2;69;48;67m██[38;2;66;45;65m████[38;2;67;46;66m██[38;2;56;54;47m  [38;2;0;0;0m  
[38;2;0;0;0m  [38;2;80;64;74m  [38;2;49;30;46m██[38;2;60;44;58m██[38;2;206;202;210m██[38;2;240;240;240m██[38;2;241;241;241m████[38;2;235;222;224m██[38;2;242;167;171m██[38;2;243;157;159m██[38;2;245;164;167m██[38;2;244;162;166m██[38;2;243;160;163m██[38;2;245;163;165m██[38;2;241;240;239m██[38;2;225;224;228m██[38;2;216;214;218m██[38;2;210;206;208m██[38;2;187;161;169m██[38;2;224;166;172m██[38;2;238;159;162m██[38;2;71;48;67m██[38;2;67;46;65m██[38;2;65;44;64m██[38;2;67;46;65m██[38;2;69;48;68m██[38;2;0;0;0m    
[38;2;0;0;0m  [38;2;75;74;64m  [38;2;68;46;67m██[38;2;57;53;50m  [38;2;234;234;238m██[38;2;239;239;239m██[38;2;241;241;241m██[38;2;240;240;240m██[38;2;225;167;174m██[38;2;243;166;170m██[38;2;244;166;169m████[38;2;243;166;170m██[38;2;243;166;171m██[38;2;244;161;167m██[38;2;241;240;243m██[38;2;230;228;231m██[38;2;228;226;229m██[38;2;238;236;239m██[38;2;232;232;233m██[38;2;229;161;170m██[38;2;236;156;161m██[38;2;71;48;69m██[38;2;67;46;65m██[38;2;64;43;63m██[38;2;67;44;64m██[38;2;69;49;67m██[38;2;0;0;0m    
[38;2;0;0;0m    [38;2;127;142;121m  [38;2;221;217;221m██[38;2;237;237;239m██[38;2;240;240;240m██[38;2;240;241;241m██[38;2;214;178;186m██[38;2;245;166;170m██[38;2;245;165;167m██[38;2;232;154;160m██[38;2;243;166;169m██[38;2;244;166;169m██[38;2;244;166;170m██[38;2;237;164;172m██[38;2;241;240;241m██[38;2;242;242;242m██[38;2;241;241;241m████[38;2;239;239;239m██[38;2;234;163;167m██[38;2;216;137;145m██[38;2;69;47;67m██[38;2;66;43;64m██[38;2;63;41;61m██[38;2;66;44;65m██[38;2;68;47;67m██[38;2;0;0;0m    
[38;2;0;0;0m  [38;2;37;35;35m  [38;2;227;226;225m  [38;2;222;222;228m██[38;2;223;223;229m██[38;2;231;231;231m██[38;2;217;215;217m██[38;2;243;167;173m██[38;2;245;164;165m██[38;2;232;152;156m██[38;2;232;142;139m██[38;2;236;145;142m██[38;2;224;137;137m██[38;2;231;153;157m██[38;2;230;163;174m██[38;2;240;240;241m██[38;2;241;241;241m██████[38;2;237;237;238m██[38;2;217;142;150m██[38;2;240;156;160m██[38;2;70;46;66m██[38;2;65;44;64m██[38;2;62;40;60m██[38;2;66;43;63m██[38;2;68;47;67m██[38;2;0;0;0m    
[38;2;0;0;0m  [38;2;163;157;160m  [38;2;239;239;239m██[38;2;237;236;238m██[38;2;234;234;237m██[38;2;240;240;240m██[38;2;209;210;218m██[38;2;209;138;150m██[38;2;244;160;163m██[38;2;221;138;147m██[38;2;240;148;143m██[38;2;240;147;143m████[38;2;209;125;133m██[38;2;235;169;174m██[38;2;240;240;241m██[38;2;241;241;241m████[38;2;240;240;239m██[38;2;215;198;203m██[38;2;220;139;151m██[38;2;224;146;153m██[38;2;67;44;64m██[38;2;65;42;63m██[38;2;62;40;60m██[38;2;67;48;66m██[38;2;79;62;73m  [38;2;50;50;25m  [38;2;0;0;0m  
[38;2;0;0;0m  [38;2;157;144;157m██[38;2;237;237;237m██[38;2;239;239;239m████[38;2;239;238;239m██[38;2;187;176;187m██[38;2;212;132;150m██[38;2;202;144;157m██[38;2;243;160;163m██[38;2;240;154;153m██[38;2;236;146;142m██[38;2;235;144;140m██[38;2;227;144;145m██[38;2;238;163;170m██[38;2;240;239;240m██[38;2;241;241;241m████[38;2;239;239;239m██[38;2;97;63;82m██[38;2;103;62;77m██[38;2;79;47;66m██[38;2;66;42;63m██[38;2;64;42;62m██[38;2;63;41;61m██[38;2;108;99;97m  [38;2;85;67;77m  [38;2;0;0;0m    
[38;2;0;0;0m  [38;2;227;224;227m  [38;2;211;212;216m██[38;2;236;236;236m██[38;2;238;238;238m██[38;2;235;234;235m██[38;2;181;118;138m██[38;2;229;144;164m██[38;2;164;142;155m██[38;2;185;175;191m██[38;2;192;128;141m██[38;2;237;156;158m██[38;2;242;160;163m██[38;2;245;163;165m██[38;2;244;164;168m██[38;2;234;232;234m██[38;2;241;241;241m██[38;2;240;240;240m██[38;2;183;180;187m██[38;2;157;156;171m██[38;2;67;46;67m██[38;2;67;46;65m██[38;2;64;42;62m██[38;2;62;40;60m██[38;2;73;57;67m██[38;2;105;94;93m  [38;2;116;97;95m  [38;2;0;0;0m    
[38;2;238;218;208m  [38;2;222;201;199m██[38;2;204;200;205m██[38;2;151;146;148m██[38;2;143;126;142m██[38;2;192;191;200m██[38;2;174;110;127m██[38;2;213;130;149m██[38;2;171;151;163m██[38;2;183;193;207m██[38;2;180;153;160m██[38;2;201;157;153m██[38;2;182;178;187m██[38;2;190;194;208m██[38;2;191;194;207m██[38;2;240;237;241m██[38;2;241;241;241m██[38;2;201;208;216m██[38;2;228;229;230m██[38;2;190;199;210m██[38;2;71;50;71m██[38;2;64;43;63m██[38;2;66;44;64m██[38;2;65;44;63m██[38;2;72;51;68m██[38;2;37;33;33m  [38;2;0;0;0m      
[38;2;247;222;210m██[38;2;244;222;209m██[38;2;225;181;188m██[38;2;196;153;159m██[38;2;165;146;157m██[38;2;207;200;207m██[38;2;202;131;147m██[38;2;240;152;170m██[38;2;174;152;167m██[38;2;165;137;153m██[38;2;173;98;120m██[38;2;182;187;201m██[38;2;193;199;213m██[38;2;218;219;226m██[38;2;195;186;195m██[38;2;239;237;240m██[38;2;241;241;241m██[38;2;239;239;241m██[38;2;238;238;238m██[38;2;187;195;208m██[38;2;222;149;167m██[38;2;111;95;99m  [38;2;84;68;76m  [38;2;94;82;80m  [38;2;2;2;2m  [38;2;0;0;0m        
[38;2;246;221;209m██████[38;2;225;202;188m██[38;2;196;173;175m██[38;2;145;128;141m██[38;2;201;123;142m██[38;2;240;152;170m██[38;2;204;148;163m██[38;2;215;133;148m██[38;2;170;95;114m██[38;2;193;140;157m██[38;2;160;151;162m██[38;2;216;208;214m██[38;2;230;157;170m██[38;2;240;237;240m██[38;2;240;240;240m████[38;2;239;239;239m██[38;2;227;226;228m██[38;2;239;152;171m██[38;2;39;32;30m  [38;2;0;0;0m              
[38;2;245;221;209m████[38;2;248;222;210m██[38;2;171;146;145m  [38;2;58;54;55m  [38;2;96;76;83m  [38;2;224;140;158m██[38;2;241;153;170m██[38;2;220;135;154m██[38;2;234;147;166m██[38;2;240;152;170m██[38;2;204;128;147m██[38;2;202;162;175m██[38;2;241;157;174m██[38;2;202;146;161m██[38;2;237;237;237m██[38;2;239;239;239m████[38;2;238;237;239m██[38;2;153;142;152m██[38;2;223;148;164m██[38;2;196;130;140m  [38;2;0;0;0m              
[38;2;240;214;202m  [38;2;243;220;207m  [38;2;0;0;0m      [38;2;97;60;80m██[38;2;239;150;169m██[38;2;241;153;170m██[38;2;205;124;142m██[38;2;241;153;171m██[38;2;238;150;168m██[38;2;215;132;151m██[38;2;241;153;171m████[38;2;194;164;174m██[38;2;152;144;153m██[38;2;227;225;227m██[38;2;233;232;234m██[38;2;159;147;157m██[38;2;208;197;205m██[38;2;204;122;142m██[38;2;237;151;168m██[38;2;43;36;36m  [38;2;0;0;0m            [0m
