
[38;2;0;0;0m                      [38;2;119;119;119m  [38;2;86;86;86m  [38;2;84;75;111m  [38;2;82;77;117m  [38;2;84;78;111m  [38;2;81;74;98m  [38;2;80;73;101m  [38;2;82;73;117m  [38;2;80;71;115m  [38;2;68;64;70m  [38;2;76;76;76m  [38;2;0;0;0m                    
[38;2;0;0;0m                  [38;2;151;151;146m  [38;2;227;223;212m  [38;2;132;122;137m  [38;2;177;169;183m  [38;2;183;172;189m██[38;2;131;123;150m██[38;2;229;221;238m██[38;2;241;235;251m██[38;2;240;235;247m██[38;2;245;241;251m██[38;2;218;212;227m██[38;2;243;236;249m  [38;2;184;174;175m  [38;2;227;222;212m  [38;2;146;146;146m  [38;2;3;3;3m  [38;2;0;0;0m              
[38;2;0;0;0m              [38;2;164;123;123m  [38;2;246;238;239m  [38;2;175;162;176m  [38;2;247;239;253m██[38;2;240;235;251m██[38;2;241;236;252m████[38;2;242;236;252m██[38;2;241;237;252m██[38;2;241;236;252m██[38;2;241;236;251m████[38;2;242;237;252m██[38;2;244;239;252m██[38;2;241;236;252m██[38;2;240;235;251m██[38;2;237;229;241m  [38;2;243;238;233m  [38;2;87;87;87m  [38;2;0;0;0m            
[38;2;0;0;0m          [38;2;11;11;11m  [38;2;83;79;72m  [38;2;241;231;245m  [38;2;248;240;253m██[38;2;243;237;252m██[38;2;241;236;252m████[38;2;241;236;251m██[38;2;241;236;252m██[38;2;242;237;253m██[38;2;241;236;252m████████[38;2;241;236;251m██[38;2;206;197;211m██[38;2;240;236;252m██[38;2;241;236;251m██[38;2;241;236;252m████[38;2;248;242;247m  [38;2;89;89;89m  [38;2;0;0;0m          
[38;2;0;0;0m        [38;2;12;12;12m  [38;2;85;82;79m  [38;2;243;234;251m██[38;2;242;235;251m████[38;2;202;191;204m██[38;2;242;235;252m██[38;2;240;236;251m██[38;2;240;235;252m██[38;2;240;236;252m██[38;2;238;233;249m██[38;2;241;235;252m████[38;2;241;236;252m██[38;2;240;236;252m██[38;2;240;235;252m██[38;2;240;233;245m██[38;2;240;235;251m██[38;2;241;235;251m██[38;2;244;237;253m██[38;2;241;236;252m██[38;2;245;239;253m██[38;2;247;240;242m  [38;2;99;99;77m  [38;2;0;0;0m        
[38;2;0;0;0m        [38;2;220;50;213m  [38;2;241;234;250m  [38;2;214;204;219m██[38;2;242;236;250m██[38;2;230;220;232m██[38;2;248;238;251m██[38;2;241;235;252m██[38;2;241;236;252m██[38;2;235;228;243m██[38;2;241;236;252m██[38;2;220;210;223m██[38;2;239;236;253m██[38;2;241;235;252m██[38;2;240;235;252m██[38;2;241;235;252m██[38;2;241;236;251m██[38;2;243;236;251m██[38;2;247;240;254m██[38;2;240;235;251m██[38;2;218;211;224m██[38;2;241;236;252m████[38;2;200;194;205m██[38;2;244;238;236m  [38;2;11;11;11m  [38;2;0;0;0m      
[38;2;0;0;0m      [38;2;248;248;248m  [38;2;250;241;254m  [38;2;244;235;251m██[38;2;242;235;251m████[38;2;201;187;202m██[38;2;241;235;251m██[38;2;240;235;252m██[38;2;240;235;251m██[38;2;241;234;251m██[38;2;240;235;252m██[38;2;200;182;195m██[38;2;242;234;250m██[38;2;241;236;252m██[38;2;241;236;251m██[38;2;240;235;252m██[38;2;235;230;244m██[38;2;239;235;248m██[38;2;211;203;216m██[38;2;241;236;252m██[38;2;215;205;222m██[38;2;240;235;251m██[38;2;241;236;252m██[38;2;244;238;251m██[38;2;243;233;247m  [38;2;227;224;217m  [38;2;0;0;0m      
[38;2;0;0;0m      [38;2;245;226;206m  [38;2;243;236;251m██[38;2;213;201;217m██[38;2;241;236;252m██[38;2;240;235;251m██[38;2;219;208;224m██[38;2;241;236;252m████[38;2;246;240;253m██[38;2;240;235;251m██[38;2;242;235;252m██[38;2;203;179;187m██[38;2;242;238;251m██[38;2;243;238;253m██[38;2;241;236;252m██[38;2;241;235;252m██[38;2;241;236;251m██[38;2;246;241;254m██[38;2;176;163;173m██[38;2;240;235;251m██[38;2;251;242;253m██[38;2;239;234;250m██[38;2;241;236;252m██[38;2;243;236;252m██[38;2;226;215;231m██[38;2;242;234;235m  [38;2;45;45;45m  [38;2;0;0;0m    
[38;2;0;0;0m    [38;2;164;164;164m  [38;2;247;237;252m  [38;2;242;235;251m██[38;2;242;233;247m██[38;2;241;236;252m██[38;2;243;236;252m██[38;2;245;239;254m██[38;2;241;236;252m██[38;2;244;236;252m██[38;2;159;143;157m██[38;2;247;240;254m██[38;2;241;235;245m██[38;2;215;185;193m██[38;2;244;237;253m██[38;2;244;239;253m██[38;2;241;236;252m██████[38;2;244;235;248m██[38;2;211;195;206m██[38;2;249;240;253m██[38;2;197;188;202m██[38;2;252;243;252m██[38;2;241;236;252m██[38;2;242;234;248m██[38;2;217;207;221m██[38;2;215;203;212m  [38;2;243;240;235m  [38;2;0;0;0m    
[38;2;0;0;0m    [38;2;75;71;70m  [38;2;241;235;252m  [38;2;243;236;250m██[38;2;242;234;250m██[38;2;241;236;252m██[38;2;245;236;250m██[38;2;229;223;238m██[38;2;240;235;251m██[38;2;241;236;252m██[38;2;194;177;187m██[38;2;241;236;252m██[38;2;243;234;246m██[38;2;220;192;194m██[38;2;245;237;253m██[38;2;246;239;253m██[38;2;241;236;252m████[38;2;240;235;251m██[38;2;201;187;196m██[38;2;241;227;242m██[38;2;249;237;247m██[38;2;240;235;251m██[38;2;190;172;179m██[38;2;240;235;251m██[38;2;212;202;214m██[38;2;249;240;253m██[38;2;221;212;223m██[38;2;250;242;247m  [38;2;70;70;70m  [38;2;0;0;0m  
[38;2;0;0;0m    [38;2;254;241;251m  [38;2;241;236;251m██[38;2;234;224;239m██[38;2;241;236;252m████[38;2;207;196;210m██[38;2;201;196;210m██[38;2;240;235;251m██[38;2;242;236;252m██[38;2;227;212;223m██[38;2;241;236;252m██[38;2;220;201;211m██[38;2;229;207;208m██[38;2;242;237;253m██[38;2;241;232;245m██[38;2;241;236;252m████[38;2;240;235;251m██[38;2;182;161;171m██[38;2;246;235;248m██[38;2;195;172;179m██[38;2;240;235;251m██[38;2;185;165;172m██[38;2;241;235;251m██[38;2;220;212;224m██[38;2;241;232;248m██[38;2;245;233;246m██[38;2;240;231;245m  [38;2;121;114;111m  [38;2;0;0;0m  
[38;2;0;0;0m  [38;2;103;97;103m  [38;2;250;244;253m  [38;2;240;236;252m██[38;2;207;197;211m██[38;2;240;236;252m██[38;2;240;235;252m██[38;2;213;204;217m██[38;2;201;191;208m██[38;2;241;236;252m██[38;2;246;234;248m██[38;2;244;230;243m██[38;2;241;235;252m██[38;2;204;179;184m██[38;2;227;207;206m██[38;2;245;237;252m██[38;2;233;221;230m██[38;2;243;236;252m██[38;2;242;236;252m██[38;2;240;235;253m██[38;2;213;197;198m██[38;2;242;236;251m██[38;2;216;182;182m██[38;2;240;236;252m██[38;2;195;177;181m██[38;2;243;234;249m██[38;2;247;240;254m██[38;2;242;236;251m██[38;2;234;223;235m██[38;2;223;213;213m  [38;2;250;240;249m  [38;2;119;119;110m  
[38;2;0;0;0m  [38;2;100;86;100m  [38;2;242;237;252m  [38;2;240;235;251m██[38;2;226;220;233m██[38;2;241;236;252m██[38;2;240;235;251m██[38;2;239;229;245m██[38;2;220;211;225m██[38;2;243;236;252m██[38;2;210;193;203m██[38;2;244;234;248m██[38;2;241;235;251m██[38;2;233;214;208m██[38;2;218;204;197m██[38;2;247;237;250m██[38;2;224;213;215m██[38;2;242;236;252m████[38;2;243;236;252m██[38;2;211;196;193m██[38;2;244;235;251m██[38;2;249;224;219m██[38;2;239;236;250m██[38;2;210;196;204m██[38;2;246;231;243m██[38;2;244;237;252m██[38;2;243;236;251m██[38;2;218;207;222m██[38;2;247;239;244m  [38;2;156;145;131m  [38;2;202;189;180m  
[38;2;0;0;0m  [38;2;52;52;52m  [38;2;240;235;251m  [38;2;241;236;252m██[38;2;245;240;254m██[38;2;242;235;251m████[38;2;248;241;254m██[38;2;237;230;244m██[38;2;243;235;253m██[38;2;205;182;189m██[38;2;243;236;250m██[38;2;245;236;252m██[38;2;253;236;228m██[38;2;219;203;202m██[38;2;239;233;242m██[38;2;219;205;211m██[38;2;243;236;252m██████[38;2;215;204;199m██[38;2;243;235;252m██[38;2;254;238;227m██[38;2;249;243;251m██[38;2;238;225;237m██[38;2;200;181;188m██[38;2;241;234;251m██[38;2;239;232;244m██[38;2;211;201;215m██[38;2;237;223;235m  [38;2;100;100;100m  [38;2;244;231;226m  
[38;2;0;0;0m  [38;2;51;41;49m  [38;2;240;234;250m  [38;2;242;236;251m██[38;2;248;236;254m██[38;2;242;233;253m██[38;2;242;233;249m██[38;2;246;236;251m██[38;2;245;236;249m██[38;2;242;236;252m██[38;2;242;224;218m██[38;2;244;235;249m██[38;2;242;231;242m██[38;2;254;236;226m██[38;2;221;205;206m██[38;2;230;223;231m██[38;2;218;205;207m██[38;2;243;234;250m██[38;2;242;234;250m██[38;2;243;234;250m██[38;2;216;204;200m██[38;2;249;241;254m██[38;2;254;240;226m██[38;2;226;214;217m██[38;2;248;236;251m██[38;2;228;209;207m██[38;2;242;235;251m██[38;2;229;219;232m██[38;2;215;203;216m██[38;2;232;216;230m  [38;2;151;151;151m  [38;2;159;159;135m  
[38;2;0;0;0m  [38;2;139;54;54m  [38;2;241;235;250m██[38;2;241;234;250m██[38;2;244;232;251m██[38;2;244;230;250m██[38;2;244;231;251m██[38;2;244;231;249m██[38;2;249;237;248m██[38;2;233;224;233m██[38;2;249;238;225m██[38;2;238;224;218m██[38;2;250;236;229m██[38;2;254;237;227m██[38;2;245;231;221m██[38;2;250;238;223m██[38;2;253;236;226m██[38;2;250;234;226m████[38;2;249;232;224m██[38;2;251;236;228m██[38;2;253;235;224m██[38;2;253;236;228m██[38;2;243;230;217m██[38;2;229;212;206m██[38;2;254;240;232m██[38;2;217;202;206m██[38;2;212;200;214m██[38;2;216;203;215m██[38;2;229;209;224m  [38;2;47;43;40m  [38;2;0;0;0m  
[38;2;0;0;0m  [38;2;150;123;112m  [38;2;240;235;251m  [38;2;243;235;249m██[38;2;242;223;247m██[38;2;244;224;248m██[38;2;244;225;248m██[38;2;245;227;242m██[38;2;238;225;216m██[38;2;253;234;225m██[38;2;253;235;226m██[38;2;253;237;224m██[38;2;227;205;194m██[38;2;220;198;187m██[38;2;216;199;184m██[38;2;253;238;219m██[38;2;253;237;227m██[38;2;252;237;227m████[38;2;253;237;226m██[38;2;205;178;156m██[38;2;184;161;157m██[38;2;174;150;150m██[38;2;198;182;176m██[38;2;223;211;205m██[38;2;253;234;218m██[38;2;249;228;220m██[38;2;190;170;194m██[38;2;219;203;216m██[38;2;221;201;216m██[38;2;102;95;93m  [38;2;0;0;0m  
[38;2;0;0;0m  [38;2;60;50;48m  [38;2;240;235;251m██[38;2;243;234;249m██[38;2;243;216;243m██[38;2;244;216;247m██[38;2;242;215;246m██[38;2;243;210;207m██[38;2;251;236;225m██[38;2;117;87;71m██[38;2;99;63;90m██[38;2;102;73;105m██[38;2;105;69;104m██[38;2;102;69;97m██[38;2;100;51;36m██[38;2;253;238;223m██[38;2;252;237;226m██[38;2;254;237;227m██[38;2;252;238;225m████[38;2;117;79;59m██[38;2;134;101;114m██[38;2;132;100;116m██[38;2;131;100;110m██[38;2;124;87;100m██[38;2;122;81;70m██[38;2;254;234;228m██[38;2;213;181;225m██[38;2;245;212;245m██[38;2;222;196;218m  [38;2;157;153;135m  [38;2;0;0;0m  
[38;2;0;0;0m  [38;2;175;166;65m  [38;2;241;236;252m██[38;2;243;233;249m██[38;2;244;207;244m██[38;2;245;206;243m██[38;2;243;205;243m██[38;2;254;232;224m██[38;2;251;232;222m██[38;2;223;197;186m██[38;2;253;229;225m██[38;2;253;225;220m██[38;2;248;223;219m██[38;2;247;227;218m██[38;2;252;227;220m██[38;2;254;237;225m██[38;2;252;238;225m██[38;2;252;238;224m██[38;2;252;238;225m████[38;2;253;235;224m██[38;2;252;228;220m██[38;2;252;226;220m██[38;2;249;222;219m██[38;2;250;220;218m██[38;2;250;222;219m██[38;2;254;230;228m██[38;2;213;178;218m██[38;2;244;200;241m██[38;2;167;133;115m  [38;2;0;0;0m    
[38;2;16;16;16m  [38;2;227;211;215m  [38;2;243;238;253m██[38;2;244;234;250m██[38;2;244;194;240m██[38;2;246;196;241m██[38;2;248;194;243m██[38;2;254;237;231m██[38;2;252;226;223m██[38;2;251;220;220m██[38;2;244;219;218m██[38;2;244;202;207m██[38;2;253;214;218m██[38;2;253;219;218m██[38;2;253;229;221m██[38;2;252;235;224m██[38;2;252;238;225m██████[38;2;252;237;224m██[38;2;252;231;222m██[38;2;252;226;222m██[38;2;252;211;217m██[38;2;243;199;204m██[38;2;253;239;235m██[38;2;249;218;217m██[38;2;254;222;222m██[38;2;209;169;200m██[38;2;245;192;238m██[38;2;173;148;133m  [38;2;0;0;0m    
[38;2;131;105;102m  [38;2;242;234;250m  [38;2;244;237;250m██[38;2;242;230;244m██[38;2;247;188;239m██[38;2;246;185;240m██[38;2;248;186;241m██[38;2;254;232;228m██[38;2;251;225;222m██[38;2;242;206;211m██[38;2;250;212;215m██[38;2;252;209;213m██[38;2;245;201;207m██[38;2;246;211;211m██[38;2;254;229;222m██[38;2;253;234;224m██[38;2;252;238;225m████[38;2;252;237;225m██[38;2;252;237;224m██[38;2;253;232;223m██[38;2;252;225;221m██[38;2;241;205;206m██[38;2;254;214;216m██[38;2;244;199;205m██[38;2;254;216;222m██[38;2;253;221;220m██[38;2;220;182;189m██[38;2;246;186;235m██[38;2;170;119;115m  [38;2;0;0;0m    
[38;2;247;243;245m  [38;2;244;235;252m██[38;2;242;236;252m██[38;2;246;235;250m██[38;2;252;187;241m██[38;2;245;179;237m██[38;2;239;172;229m██[38;2;250;221;222m██[38;2;253;226;222m██[38;2;254;220;221m██[38;2;249;214;213m██[38;2;247;208;210m██[38;2;251;216;218m██[38;2;250;222;218m██[38;2;253;228;222m██[38;2;253;234;224m██[38;2;252;238;225m██[38;2;252;237;225m████[38;2;252;237;224m██[38;2;252;234;223m██[38;2;252;231;222m██[38;2;252;225;220m██[38;2;253;221;219m██[38;2;250;221;219m██[38;2;253;223;221m██[38;2;252;229;223m██[38;2;217;174;190m██[38;2;245;179;235m██[38;2;155;102;97m  [38;2;0;0;0m    
[38;2;241;233;250m  [38;2;232;223;237m██[38;2;240;235;251m██[38;2;242;235;251m██[38;2;228;169;216m██[38;2;245;177;236m██[38;2;220;152;207m██[38;2;232;201;207m██[38;2;252;233;224m██[38;2;253;226;222m██[38;2;254;224;220m██[38;2;253;224;220m██[38;2;252;224;220m██[38;2;253;229;221m██[38;2;253;232;224m██[38;2;252;236;225m██[38;2;252;238;225m██[38;2;251;238;224m██[38;2;252;237;225m██[38;2;251;238;225m██[38;2;252;238;224m██[38;2;253;233;224m██[38;2;253;232;223m██[38;2;252;231;222m██[38;2;253;231;222m██[38;2;253;233;223m██[38;2;252;233;223m██[38;2;240;179;227m██[38;2;245;181;235m██[38;2;164;113;102m  [38;2;0;0;0m    
[38;2;245;240;249m  [38;2;222;214;225m██[38;2;241;236;251m██[38;2;243;235;252m██[38;2;194;147;188m██[38;2;242;173;236m██[38;2;208;141;194m██[38;2;212;166;187m██[38;2;252;235;224m██[38;2;253;234;225m██[38;2;253;232;224m████[38;2;253;233;223m██[38;2;253;234;224m██[38;2;253;237;226m██[38;2;252;238;225m██████████[38;2;252;238;224m██[38;2;252;238;225m██[38;2;252;237;224m██[38;2;252;237;223m██[38;2;252;236;224m██[38;2;252;235;224m██[38;2;191;144;169m██[38;2;241;172;234m██[38;2;213;145;202m██[38;2;236;202;218m  [38;2;103;102;102m  [38;2;0;0;0m  
[38;2;99;100;99m  [38;2;190;178;201m  [38;2;234;221;244m██[38;2;243;236;253m██[38;2;200;174;210m██[38;2;237;170;237m██[38;2;229;161;220m██[38;2;199;146;190m██[38;2;218;201;203m██[38;2;251;234;225m██[38;2;252;236;223m██████[38;2;253;237;225m██[38;2;252;238;225m██████[38;2;249;235;222m██[38;2;252;238;225m██████████[38;2;252;237;225m██[38;2;254;244;234m██[38;2;187;164;192m██[38;2;206;129;206m██[38;2;238;170;237m██[38;2;208;142;198m██[38;2;233;207;230m██[38;2;175;151;102m  [38;2;0;0;0m  
[38;2;0;0;0m  [38;2;70;70;69m  [38;2;167;158;170m  [38;2;197;180;209m██[38;2;229;212;239m██[38;2;224;157;235m██[38;2;227;160;235m██[38;2;232;169;229m██[38;2;196;173;213m██[38;2;201;177;211m██[38;2;196;176;181m██[38;2;254;243;233m██[38;2;252;237;223m██[38;2;252;238;224m██[38;2;252;238;225m██[38;2;253;237;225m██[38;2;254;237;225m██[38;2;254;237;224m██[38;2;253;237;225m██[38;2;252;238;224m██[38;2;251;236;224m██[38;2;254;241;228m██[38;2;224;208;207m██[38;2;192;170;195m██[38;2;196;173;216m██[38;2;201;178;220m██[38;2;198;125;203m██[38;2;229;160;235m██[38;2;201;136;201m██[38;2;237;212;235m  [38;2;190;182;157m  [38;2;0;0;0m  
[38;2;0;0;0m    [38;2;13;13;13m  [38;2;22;29;16m  [38;2;144;138;141m  [38;2;208;151;229m██[38;2;216;150;235m██[38;2;229;167;234m██[38;2;192;174;213m██[38;2;195;173;214m██[38;2;161;137;172m██[38;2;192;168;200m██[38;2;236;230;220m██[38;2;198;177;171m██[38;2;205;171;163m██[38;2;213;190;175m██[38;2;218;194;180m██[38;2;205;182;173m██[38;2;179;159;152m██[38;2;191;168;180m██[38;2;199;175;209m██[38;2;196;175;212m██[38;2;194;173;215m██[38;2;198;176;218m██[38;2;194;174;213m██[38;2;190;167;204m██[38;2;196;128;210m██[38;2;215;152;227m██[38;2;201;136;214m  [38;2;56;40;21m  [38;2;0;0;0m    
[38;2;0;0;0m    [38;2;0;68;0m  [38;2;67;78;67m  [38;2;81;78;111m  [38;2;133;100;151m██[38;2;196;137;233m██[38;2;168;114;167m██[38;2;207;176;221m  [38;2;194;172;211m██[38;2;164;141;175m██[38;2;189;169;198m██[38;2;247;246;247m██[38;2;253;246;247m██[38;2;208;174;166m██[38;2;231;191;185m██[38;2;231;190;186m██[38;2;193;174;180m██[38;2;246;245;246m██[38;2;194;173;200m██[38;2;192;173;209m██[38;2;196;173;217m██[38;2;194;171;212m██[38;2;197;177;218m██[38;2;194;174;214m██[38;2;167;133;172m██[38;2;196;130;224m██[38;2;210;146;242m  [38;2;204;140;240m  [38;2;101;83;101m  [38;2;0;0;0m    
[38;2;0;0;0m    [38;2;65;71;43m  [38;2;107;107;145m██[38;2;83;80;113m██[38;2;88;78;109m██[38;2;191;132;229m██[38;2;110;73;108m██[38;2;108;74;50m  [38;2;153;124;130m  [38;2;197;159;174m██[38;2;250;198;209m██[38;2;214;188;191m██[38;2;248;246;246m██[38;2;250;246;242m██[38;2;228;190;185m██[38;2;229;193;190m██[38;2;247;249;246m██[38;2;251;249;247m██[38;2;249;200;208m██[38;2;198;170;200m██[38;2;180;154;193m██[38;2;199;176;213m██[38;2;113;95;120m██[38;2;111;95;125m██[38;2;126;94;133m██[38;2;192;129;229m██[38;2;190;137;200m  [38;2;198;136;231m  [38;2;60;33;66m  [38;2;0;0;0m    
[38;2;0;0;0m    [38;2;81;77;89m  [38;2;109;109;147m██[38;2;85;83;116m██[38;2;88;81;111m██[38;2;112;80;127m██[38;2;160;119;196m██[38;2;155;106;181m  [38;2;232;186;176m  [38;2;251;196;206m██[38;2;250;196;208m██[38;2;250;196;207m██[38;2;230;186;193m██[38;2;252;249;248m██[38;2;240;226;217m██[38;2;226;212;203m██[38;2;249;251;250m██[38;2;243;197;206m██[38;2;250;196;207m██[38;2;249;196;209m██[38;2;96;72;94m██[38;2;91;78;112m██[38;2;88;79;112m██[38;2;88;81;112m██[38;2;140;107;168m██[38;2;185;127;231m  [38;2;170;29;37m  [38;2;171;117;166m  [38;2;0;0;0m      
[38;2;0;0;0m  [38;2;51;51;51m  [38;2;66;56;85m  [38;2;82;82;112m██[38;2;85;81;112m██[38;2;87;82;110m██[38;2;89;80;110m██[38;2;93;78;107m██[38;2;172;126;147m██[38;2;249;194;205m██[38;2;250;196;205m██[38;2;251;197;208m██[38;2;250;197;208m████[38;2;250;198;208m██[38;2;222;201;189m██[38;2;227;209;199m██[38;2;242;192;201m██[38;2;251;197;207m██[38;2;250;197;208m██[38;2;251;197;208m██[38;2;248;194;206m██[38;2;95;78;109m██[38;2;93;81;113m████[38;2;92;80;111m██[38;2;121;92;131m  [38;2;145;100;128m  [38;2;128;67;124m  [38;2;0;0;0m      
[38;2;0;0;0m    [38;2;75;52;32m  [38;2;66;62;95m██[38;2;87;81;113m██[38;2;89;81;111m██[38;2;90;80;112m██[38;2;99;75;100m██[38;2;251;196;203m██[38;2;249;195;205m██[38;2;250;196;207m██[38;2;250;197;208m██[38;2;250;197;206m██[38;2;250;196;208m██[38;2;251;196;207m██[38;2;217;170;167m██[38;2;207;168;155m██[38;2;251;196;207m██[38;2;250;197;207m██[38;2;250;197;208m████[38;2;252;195;206m██[38;2;186;143;156m██[38;2;94;79;112m██[38;2;93;81;113m██[38;2;92;80;111m██[38;2;78;61;99m  [38;2;42;42;42m  [38;2;0;0;0m        [0m
