
[38;2;0;0;0m                          [38;2;3;0;1m  [38;2;70;19;26m  [38;2;148;48;61m  [38;2;37;10;13m  [38;2;0;0;0m                [38;2;21;23;25m  [38;2;22;23;25m  [38;2;2;2;2m  [38;2;0;0;0m          
[38;2;0;0;0m          [38;2;95;102;109m  [38;2;125;133;141m  [38;2;86;91;99m  [38;2;0;0;0m          [38;2;32;9;12m  [38;2;163;53;68m  [38;2;116;36;47m  [38;2;0;0;0m                [38;2;65;69;75m  [38;2;179;191;202m  [38;2;148;158;167m  [38;2;14;15;16m  [38;2;0;0;0m          
[38;2;0;0;0m          [38;2;112;121;130m  [38;2;222;238;254m  [38;2;222;236;250m  [38;2;123;132;142m  [38;2;0;0;0m        [38;2;19;4;6m  [38;2;152;49;62m  [38;2;160;52;67m  [38;2;107;32;42m  [38;2;117;36;48m  [38;2;117;36;46m  [38;2;112;33;42m  [38;2;22;2;3m  [38;2;0;0;0m      [38;2;145;156;164m  [38;2;14;15;15m  [38;2;10;11;11m  [38;2;0;1;1m  [38;2;0;0;0m          
[38;2;0;0;0m      [38;2;22;7;9m  [38;2;3;1;1m  [38;2;0;0;0m    [38;2;145;155;167m  [38;2;100;107;114m  [38;2;20;5;7m  [38;2;49;16;20m  [38;2;100;32;41m  [38;2;154;50;63m  [38;2;176;59;74m██[38;2;170;57;71m██[38;2;172;57;72m██[38;2;169;56;71m██[38;2;180;60;76m██[38;2;184;61;78m██[38;2;186;62;78m██[38;2;185;63;78m██[38;2;169;56;71m██[38;2;145;46;59m  [38;2;54;18;23m  [38;2;25;6;8m  [38;2;0;0;0m      [38;2;3;0;1m  [38;2;16;2;4m  [38;2;0;0;0m      
[38;2;0;0;0m  [38;2;3;0;0m  [38;2;66;25;31m  [38;2;70;25;31m  [38;2;3;1;1m  [38;2;0;0;0m      [38;2;36;11;15m  [38;2;144;47;59m  [38;2;173;57;72m██[38;2;184;61;78m██[38;2;184;62;78m██████[38;2;181;61;76m██[38;2;176;59;74m██[38;2;178;59;75m██[38;2;182;61;77m██[38;2;184;61;78m██[38;2;184;62;78m██████[38;2;181;61;76m██[38;2;153;50;63m  [38;2;80;24;32m  [38;2;0;0;0m    [38;2;3;0;1m  [38;2;86;26;34m  [38;2;96;30;39m  [38;2;21;3;5m  [38;2;0;0;0m  
[38;2;9;2;3m  [38;2;65;22;29m██[38;2;111;42;52m██[38;2;72;26;33m  [38;2;0;0;0m    [38;2;3;1;1m  [38;2;84;25;32m  [38;2;182;60;77m██[38;2;172;57;72m██[38;2;179;60;76m██[38;2;184;62;78m██████████████████[38;2;184;61;78m██[38;2;184;62;78m████[38;2;184;61;77m██[38;2;183;61;77m██[38;2;187;63;79m██[38;2;95;32;40m  [38;2;2;1;0m  [38;2;0;0;0m  [38;2;64;19;25m  [38;2;189;63;80m██[38;2;166;55;69m██[38;2;35;11;14m  
[38;2;73;28;35m██[38;2;88;34;42m██[38;2;114;42;53m██[38;2;97;34;43m  [38;2;8;2;3m  [38;2;6;2;2m  [38;2;107;49;48m  [38;2;229;108;108m██[38;2;200;85;90m██[38;2;186;67;80m██[38;2;182;60;77m██[38;2;183;62;78m██[38;2;183;61;78m██[38;2;184;62;78m██[38;2;180;60;76m██[38;2;184;61;78m██[38;2;184;62;78m██[38;2;184;61;78m██████[38;2;184;62;78m██[38;2;184;61;78m████[38;2;182;61;77m██[38;2;175;58;74m██[38;2;184;61;78m██[38;2;208;88;94m██[38;2;114;54;53m  [38;2;0;0;0m    [38;2;186;62;78m██[38;2;184;62;78m██[38;2;181;61;76m██
[38;2;76;31;39m██[38;2;88;34;42m██[38;2;116;43;53m██[38;2;131;46;58m  [38;2;27;9;11m  [38;2;27;11;12m  [38;2;203;92;94m  [38;2;219;103;103m██[38;2;219;104;103m██[38;2;224;104;105m██[38;2;203;83;91m██[38;2;182;60;77m██[38;2;183;61;77m██[38;2;181;61;77m██[38;2;174;58;74m██[38;2;184;62;77m██[38;2;184;61;78m██[38;2;184;62;78m██████████[38;2;184;61;78m██[38;2;183;61;77m██[38;2;186;65;80m██[38;2;201;90;93m██[38;2;229;108;108m██[38;2;226;106;106m██[38;2;98;32;40m  [38;2;54;16;21m  [38;2;187;62;79m██[38;2;184;62;78m██[38;2;182;62;77m██
[38;2;68;28;35m██[38;2;86;33;42m██[38;2;113;42;53m██[38;2;144;51;64m██[38;2;115;36;47m  [38;2;126;40;52m██[38;2;187;67;81m██[38;2;199;91;92m██[38;2;229;109;108m██[38;2;228;108;108m████[38;2;220;100;102m██[38;2;194;73;84m██[38;2;180;63;77m██[38;2;178;60;76m██[38;2;182;61;77m██[38;2;183;61;77m██████████[38;2;178;59;75m██[38;2;186;64;79m██[38;2;198;77;87m██[38;2;225;105;106m██[38;2;225;107;106m██[38;2;216;101;102m██[38;2;193;72;85m██[38;2;175;58;74m██[38;2;165;54;69m██[38;2;184;62;78m████[38;2;181;61;77m██
[38;2;61;26;32m██[38;2;60;21;27m  [38;2;58;19;25m  [38;2;137;49;62m██[38;2;137;46;58m██[38;2;107;33;43m██[38;2;148;47;61m██[38;2;183;63;78m██[38;2;207;86;94m██[38;2;227;107;107m██[38;2;228;108;108m██████[38;2;214;98;99m██[38;2;205;87;93m██[38;2;203;82;91m██[38;2;196;76;86m██[38;2;192;73;84m██[38;2;193;72;84m██[38;2;195;75;86m██[38;2;201;80;89m██[38;2;199;84;90m██[38;2;220;100;103m██[38;2;229;108;108m██[38;2;228;108;108m██[38;2;224;104;105m██[38;2;187;71;82m██[38;2;182;61;77m██[38;2;184;62;78m██[38;2;168;56;71m██[38;2;162;53;67m  [38;2;143;46;59m  [38;2;173;58;74m██
[38;2;3;1;1m  [38;2;2;0;1m  [38;2;78;28;35m  [38;2;88;30;38m██[38;2;114;37;48m██[38;2;136;44;57m██[38;2;172;57;72m██[38;2;181;60;76m████[38;2;186;67;80m██[38;2;218;99;101m██[38;2;230;109;109m██[38;2;229;108;108m██[38;2;221;104;104m██[38;2;222;105;105m██[38;2;221;104;104m██[38;2;228;107;108m██[38;2;228;108;107m████[38;2;227;107;108m██[38;2;227;108;107m██[38;2;216;102;102m██[38;2;229;109;109m██[38;2;220;104;104m██[38;2;212;92;97m██[38;2;182;59;76m██[38;2;176;59;74m██[38;2;181;60;76m██[38;2;184;62;78m██[38;2;183;62;78m██[38;2;94;28;36m  [38;2;6;2;2m  [38;2;10;3;4m  
[38;2;0;0;0m    [38;2;54;19;25m  [38;2;10;3;4m  [38;2;111;39;48m  [38;2;127;41;53m██[38;2;155;52;66m██[38;2;181;61;77m██[38;2;180;60;76m██[38;2;175;58;74m██[38;2;180;58;76m██[38;2;190;70;83m██[38;2;207;86;94m██[38;2;209;92;96m██[38;2;215;98;100m██[38;2;196;90;91m██[38;2;225;105;106m██████[38;2;224;104;105m██[38;2;221;101;104m██[38;2;204;91;94m██[38;2;209;88;95m██[38;2;181;66;78m██[38;2;182;60;77m██[38;2;184;62;78m██[38;2;178;59;75m████[38;2;184;62;78m██[38;2;186;62;79m██[38;2;129;41;53m  [38;2;0;0;0m    
[38;2;0;0;0m      [38;2;23;9;11m  [38;2;33;26;29m██[38;2;34;24;28m██[38;2;97;38;47m██[38;2;180;60;77m██[38;2;176;59;75m██[38;2;177;59;75m██[38;2;180;60;77m██[38;2;180;60;76m██[38;2;180;59;76m██[38;2;174;59;74m██[38;2;182;64;78m██[38;2;159;56;68m██[38;2;191;69;83m██[38;2;191;70;83m██[38;2;192;70;84m██[38;2;191;70;83m██[38;2;188;67;81m██[38;2;172;58;73m██[38;2;183;60;77m██[38;2;177;58;74m██[38;2;179;60;75m██[38;2;184;62;78m██[38;2;184;61;78m██[38;2;173;57;72m██[38;2;171;57;72m██[38;2;165;54;69m██[38;2;159;52;66m  [38;2;0;0;0m    
[38;2;0;0;0m      [38;2;45;15;19m  [38;2;72;28;35m██[38;2;25;24;27m██[38;2;150;50;64m██[38;2;179;60;77m██[38;2;174;58;74m██[38;2;176;58;75m██[38;2;179;60;77m████[38;2;181;60;77m██[38;2;161;55;69m██[38;2;178;59;75m██[38;2;147;47;60m██[38;2;183;61;77m██[38;2;182;60;77m██[38;2;183;61;78m██[38;2;183;62;78m██[38;2;182;61;77m██[38;2;165;55;70m██[38;2;184;62;78m██[38;2;178;60;75m██[38;2;175;59;74m██[38;2;184;62;78m██[38;2;185;62;78m██[38;2;125;39;51m██[38;2;142;46;58m██[38;2;121;39;49m██[38;2;122;38;49m██[38;2;39;10;14m  [38;2;0;0;0m  
[38;2;0;0;0m  [38;2;18;20;22m  [38;2;0;0;0m  [38;2;114;34;45m  [38;2;168;56;72m██[38;2;151;50;64m██[38;2;172;58;73m██[38;2;178;60;76m██[38;2;171;57;72m██[38;2;176;59;75m██[38;2;178;60;76m██[38;2;179;60;76m██[38;2;180;55;74m██[38;2;168;85;90m██[38;2;178;58;75m██[38;2;137;44;56m██[38;2;183;61;77m██[38;2;182;60;77m██[38;2;182;61;77m██[38;2;183;61;78m██[38;2;181;61;77m██[38;2;157;55;68m██[38;2;183;62;78m██[38;2;175;60;75m██[38;2;171;60;74m██[38;2;183;61;78m██[38;2;184;62;78m██[38;2;135;44;56m██[38;2;183;61;78m██[38;2;62;20;26m██[38;2;187;63;80m██[38;2;67;20;26m  [38;2;0;0;0m  
[38;2;27;29;32m  [38;2;172;184;198m  [38;2;2;3;3m  [38;2;137;44;57m  [38;2;161;54;69m██[38;2;175;58;75m██[38;2;176;59;76m██[38;2;177;59;76m██[38;2;162;54;69m██[38;2;177;59;76m██[38;2;177;60;75m██[38;2;178;60;76m██[38;2;175;45;68m██[38;2;185;112;114m██[38;2;172;52;71m██[38;2;136;47;58m██[38;2;182;61;77m██[38;2;181;60;77m██[38;2;182;60;77m██[38;2;182;61;78m████[38;2;164;74;82m██[38;2;182;61;77m██[38;2;179;68;81m██[38;2;170;68;79m██[38;2;183;62;78m████[38;2;154;50;64m██[38;2;146;47;60m██[38;2;45;13;18m██[38;2;100;29;39m██[38;2;26;5;7m  [38;2;0;0;0m  
[38;2;96;103;112m  [38;2;175;186;201m  [38;2;2;2;3m  [38;2;142;46;60m██[38;2;159;53;67m██[38;2;176;59;75m██[38;2;174;58;75m██[38;2;176;59;75m██[38;2;155;51;65m██[38;2;176;59;75m██[38;2;176;58;75m████[38;2;154;46;63m██[38;2;211;143;139m██[38;2;167;54;70m██[38;2;153;73;78m██[38;2;181;60;76m██[38;2;181;60;77m████[38;2;182;60;77m██[38;2;182;58;77m██[38;2;175;95;100m██[38;2;181;60;76m██[38;2;181;68;82m██[38;2;177;103;103m██[38;2;182;56;74m██[38;2;181;60;77m██[38;2;181;61;77m██[38;2;107;33;43m██[38;2;118;37;48m██[38;2;108;33;43m██[38;2;70;22;28m  [38;2;0;0;0m  
[38;2;0;0;0m      [38;2;149;49;63m██[38;2;157;52;67m██[38;2;174;58;75m██[38;2;173;58;75m██[38;2;172;57;74m██[38;2;154;51;66m██[38;2;174;58;75m██[38;2;173;57;74m██[38;2;163;41;63m██[38;2;193;140;137m██[38;2;219;181;174m██[38;2;157;53;66m██[38;2;157;85;87m██[38;2;180;59;76m██[38;2;180;60;77m██[38;2;181;60;77m████[38;2;181;55;75m██[38;2;166;124;122m██[38;2;162;54;69m██[38;2;173;64;77m██[38;2;195;132;127m██[38;2;170;39;64m██[38;2;180;60;77m██[38;2;182;61;78m██[38;2;129;41;53m██[38;2;152;50;63m██[38;2;154;50;65m██[38;2;78;25;32m  [38;2;0;0;0m  
[38;2;0;0;0m      [38;2;163;53;69m██[38;2;157;51;67m██[38;2;172;57;74m██[38;2;171;57;74m██[38;2;161;53;69m██[38;2;159;53;68m██[38;2;174;58;75m██[38;2;151;51;65m██[38;2;117;36;48m██[38;2;199;178;172m██[38;2;206;186;180m██[38;2;179;68;88m██[38;2;157;97;95m██[38;2;179;58;76m██[38;2;179;60;77m██[38;2;180;60;77m████[38;2;180;38;68m██[38;2;209;183;178m██[38;2;175;54;75m██[38;2;150;56;68m██[38;2;183;149;145m██[38;2;159;73;76m██[38;2;180;57;75m██[38;2;162;53;68m██[38;2;168;57;72m██[38;2;177;60;76m██[38;2;177;59;76m██[38;2;143;44;59m  [38;2;17;4;6m  
[38;2;0;0;0m    [38;2;14;2;3m  [38;2;170;57;74m██[38;2;154;51;66m██[38;2;170;57;74m██[38;2;170;56;74m██[38;2;155;51;67m██[38;2;161;52;69m██[38;2;168;56;74m██[38;2;183;119;117m██[38;2;188;112;125m██[38;2;252;236;228m██[38;2;248;232;223m██[38;2;184;63;89m██[38;2;166;111;107m██[38;2;177;55;73m██[38;2;178;60;76m████[38;2;179;60;76m██[38;2;168;17;49m██[38;2;232;214;206m██[38;2;181;43;75m██[38;2;179;68;84m██[38;2;228;201;196m██[38;2;224;197;191m██[38;2;170;41;68m██[38;2;160;48;65m██[38;2;151;52;65m██[38;2;175;58;75m██[38;2;174;58;75m██[38;2;141;45;59m  [38;2;17;4;6m  
[38;2;0;0;0m    [38;2;106;27;39m  [38;2;169;57;74m██[38;2;152;50;66m██[38;2;168;56;73m████[38;2;151;49;65m██[38;2;162;57;73m██[38;2;205;141;137m██[38;2;174;115;115m██[38;2;232;205;201m██[38;2;255;238;230m██[38;2;255;237;229m██[38;2;195;136;139m██[38;2;186;123;119m██[38;2;169;54;70m██[38;2;177;55;73m████[38;2;177;49;69m██[38;2;156;18;47m██[38;2;248;232;224m██[38;2;166;30;43m██[38;2;174;52;56m██[38;2;236;214;207m██[38;2;253;240;232m██[38;2;200;149;149m██[38;2;182;109;116m██[38;2;155;93;94m██[38;2;172;55;73m██[38;2;172;58;74m██[38;2;141;45;59m  [38;2;17;5;7m  
[38;2;0;0;0m    [38;2;132;37;52m  [38;2;165;52;70m██[38;2;152;49;65m██[38;2;165;54;72m██[38;2;165;55;72m██[38;2;153;46;64m██[38;2;136;94;89m██[38;2;112;96;92m██[38;2;25;23;22m██[38;2;111;102;98m██[38;2;158;147;141m██[38;2;225;209;201m██[38;2;227;209;202m██[38;2;192;160;155m██[38;2;198;151;149m██[38;2;168;93;98m██[38;2;170;100;104m██[38;2;189;141;139m██[38;2;219;195;189m██[38;2;255;237;229m██[38;2;244;225;218m██[38;2;227;210;203m██[38;2;170;156;151m██[38;2;90;83;79m██[38;2;58;57;54m██[38;2;120;114;110m██[38;2;172;132;134m██[38;2;170;49;69m██[38;2;169;56;73m██[38;2;146;48;62m██[38;2;21;6;8m  
[38;2;0;0;0m  [38;2;53;48;46m  [38;2;147;100;97m  [38;2;185;98;109m██[38;2;156;43;65m██[38;2;162;54;71m████[38;2;160;40;64m██[38;2;128;128;121m██[38;2;231;214;207m██[38;2;130;108;107m██[38;2;106;85;95m██[38;2;99;90;93m██[38;2;73;54;60m██[38;2;179;163;158m██[38;2;255;239;231m██[38;2;255;237;229m██[38;2;255;238;230m██[38;2;248;232;224m██[38;2;248;231;223m██[38;2;255;237;229m██[38;2;248;230;222m██[38;2;146;134;130m██[38;2;75;51;58m██[38;2;98;90;93m██[38;2;92;83;86m██[38;2;161;139;134m██[38;2;211;195;189m██[38;2;113;59;63m██[38;2;153;30;54m██[38;2;157;52;68m██[38;2;151;59;72m██[38;2;27;11;13m  
[38;2;0;0;0m  [38;2;59;39;36m  [38;2;249;223;214m  [38;2;251;235;227m██[38;2;167;52;70m██[38;2;160;53;71m██[38;2;159;53;71m██[38;2;156;7;52m██[38;2;227;209;201m██[38;2;215;199;192m██[38;2;158;120;133m██[38;2;200;136;162m██[38;2;189;112;143m██[38;2;198;141;167m██[38;2;199;152;164m██[38;2;255;237;229m██[38;2;255;235;227m████[38;2;240;222;215m██[38;2;239;219;212m██[38;2;232;213;206m██[38;2;252;235;226m██[38;2;105;75;83m██[38;2;199;163;177m██[38;2;183;74;125m██[38;2;197;139;160m██[38;2;170;138;146m██[38;2;231;218;212m██[38;2;178;131;131m██[38;2;214;173;174m██[38;2;233;206;201m██[38;2;223;199;194m██[38;2;40;35;34m  
[38;2;0;0;0m    [38;2;121;46;51m  [38;2;228;190;184m██[38;2;166;54;73m██[38;2;157;52;69m████[38;2;146;28;54m██[38;2;207;174;170m██[38;2;205;177;175m██[38;2;223;183;197m██[38;2;220;174;190m██[38;2;236;198;213m██[38;2;213;157;176m██[38;2;209;171;175m██[38;2;255;237;229m██[38;2;255;235;227m████[38;2;252;233;225m██[38;2;224;205;198m██[38;2;255;235;227m██[38;2;254;235;227m██[38;2;180;109;137m██[38;2;226;177;194m██[38;2;230;182;200m██[38;2;197;105;142m██[38;2;203;128;162m██[38;2;231;196;200m██[38;2;153;73;71m██[38;2;252;235;226m██[38;2;238;221;214m██[38;2;171;94;99m██[38;2;109;24;36m  
[38;2;0;0;0m  [38;2;18;3;5m  [38;2;154;48;67m  [38;2;152;55;71m██[38;2;149;48;68m██[38;2;154;51;69m██[38;2;155;51;69m██[38;2;151;48;66m██[38;2;167;91;98m██[38;2;231;201;195m██[38;2;222;184;196m██[38;2;226;170;190m██[38;2;225;156;185m██[38;2;222;164;185m██[38;2;222;183;187m██[38;2;255;236;228m██[38;2;255;235;227m██[38;2;255;234;227m██[38;2;255;235;227m██[38;2;255;236;227m██[38;2;255;235;227m██[38;2;255;236;228m██[38;2;220;194;194m██[38;2;227;169;190m██[38;2;231;166;191m██[38;2;226;150;183m██[38;2;217;168;181m██[38;2;186;157;155m██[38;2;205;183;177m██[38;2;212;176;173m██[38;2;161;71;89m██[38;2;149;36;56m██[38;2;123;39;53m██
[38;2;0;0;0m  [38;2;54;15;22m  [38;2;155;51;69m  [38;2;150;49;67m██[38;2;141;46;62m██[38;2;152;50;68m████[38;2;153;51;69m██[38;2;146;58;69m██[38;2;228;165;154m██[38;2;238;178;167m██[38;2;219;187;190m██[38;2;204;151;165m██[38;2;218;182;183m██[38;2;252;232;224m██[38;2;255;235;227m██████████████[38;2;253;236;228m██[38;2;235;215;210m██[38;2;216;159;167m██[38;2;216;139;145m██[38;2;236;173;161m██[38;2;245;193;180m██[38;2;166;131;130m██[38;2;150;44;64m██[38;2;154;49;68m██[38;2;147;48;65m██[38;2;148;49;65m██
[38;2;0;0;0m  [38;2;75;23;32m  [38;2;152;50;68m██[38;2;144;47;65m██[38;2;138;45;62m██[38;2;150;49;67m██[38;2;149;49;67m██[38;2;150;49;67m██[38;2;174;69;91m██[38;2;226;167;155m██[38;2;247;183;170m██[38;2;255;189;175m██[38;2;255;188;174m██[38;2;255;229;220m██[38;2;255;235;227m████[38;2;253;234;226m██[38;2;254;235;227m██[38;2;255;235;227m████[38;2;249;229;222m██[38;2;255;235;227m████[38;2;255;228;219m██[38;2;255;193;180m██[38;2;255;190;177m██[38;2;255;189;176m██[38;2;251;190;176m██[38;2;131;11;40m██[38;2;152;49;68m██[38;2;152;50;68m██[38;2;139;45;62m██[38;2;154;51;69m██
[38;2;10;3;4m  [38;2;112;36;49m  [38;2;145;48;65m██[38;2;143;47;64m██[38;2;128;41;58m██[38;2;148;49;67m██[38;2;147;48;67m████[38;2;165;69;86m██[38;2;242;182;170m██[38;2;228;167;155m██[38;2;255;189;176m██[38;2;255;185;171m██[38;2;255;225;216m██[38;2;255;235;227m████[38;2;249;229;222m██[38;2;228;208;200m██[38;2;234;214;207m██[38;2;236;217;210m██[38;2;210;190;183m██[38;2;255;236;228m██[38;2;255;235;227m██[38;2;255;229;220m██[38;2;255;192;180m██[38;2;255;187;174m██[38;2;255;190;177m██[38;2;202;142;134m██[38;2;144;31;59m██[38;2;149;49;67m██[38;2;150;49;68m██[38;2;126;41;55m██[38;2;146;48;65m██
[38;2;28;9;12m  [38;2;142;46;64m██[38;2;91;27;39m  [38;2;149;49;68m██[38;2;103;32;50m██[38;2;147;48;66m██[38;2;145;47;65m████[38;2;140;50;65m██[38;2;188;127;121m██[38;2;220;169;159m██[38;2;224;173;163m██[38;2;253;219;210m██[38;2;255;236;228m██[38;2;255;235;227m██████[38;2;234;214;207m██[38;2;228;209;202m██[38;2;221;202;195m██[38;2;255;235;227m██████[38;2;255;235;228m██[38;2;255;228;220m██[38;2;254;210;199m██[38;2;214;166;158m██[38;2;143;33;62m██[38;2;147;48;66m██[38;2;146;48;66m██[38;2;148;49;67m██[38;2;93;29;40m  [38;2;122;39;54m  
[38;2;106;32;46m  [38;2;92;29;40m  [38;2;96;28;41m  [38;2;145;48;66m██[38;2;91;28;47m██[38;2;141;46;64m██[38;2;143;47;65m████[38;2;142;46;64m██[38;2;86;20;32m██[38;2;108;60;71m██[38;2;161;123;121m██[38;2;212;193;188m██[38;2;240;222;215m██[38;2;253;236;228m██[38;2;255;237;229m██[38;2;255;237;228m██[38;2;255;237;229m████[38;2;255;238;230m██[38;2;255;237;229m██[38;2;252;235;227m██[38;2;236;218;211m██[38;2;196;177;172m██[38;2;219;198;192m██[38;2;252;237;229m██[38;2;159;102;106m██[38;2;140;40;58m██[38;2;145;47;65m██[38;2;145;48;66m██[38;2;134;43;60m██[38;2;123;38;53m  [38;2;56;16;23m  
[38;2;97;30;42m  [38;2;9;2;3m  [38;2;123;40;55m  [38;2;139;46;64m██[38;2;97;31;51m██[38;2;121;39;55m██[38;2;142;47;65m████[38;2;143;47;65m██[38;2;116;37;54m██[38;2;93;26;48m██[38;2;90;22;41m██[38;2;99;26;51m██[38;2;94;38;37m██[38;2;55;44;43m██[38;2;146;131;127m██[38;2;174;161;155m██[38;2;189;174;168m██[38;2;190;174;168m██[38;2;183;167;161m██[38;2;164;140;138m██[38;2;104;59;63m██[38;2;101;36;38m██[38;2;92;18;39m██[38;2;161;126;121m██[38;2;248;233;225m██[38;2;113;50;64m██[38;2;142;45;64m██[38;2;143;47;65m██[38;2;144;47;66m██[38;2;122;40;55m██[38;2;127;41;57m  [38;2;19;5;8m  [0m
