
[38;2;0;0;0m                    [38;2;12;4;5m  [38;2;42;17;23m██[38;2;48;24;36m██[38;2;51;41;50m██[38;2;56;60;72m██[38;2;89;93;100m██[38;2;105;110;97m██[38;2;17;12;7m  [38;2;0;0;0m                
[38;2;0;0;0m                [38;2;49;23;32m██[38;2;126;145;123m██[38;2;31;41;46m██[38;2;36;39;57m██[38;2;39;46;60m██[38;2;46;53;66m██[38;2;49;56;69m██[38;2;54;60;81m██[38;2;62;68;84m██[38;2;59;66;75m██[38;2;160;176;148m██[38;2;235;182;193m██[38;2;22;16;16m  [38;2;0;0;0m          
[38;2;0;0;0m              [38;2;113;108;93m██[38;2;34;41;53m██[38;2;34;40;59m██[38;2;34;40;57m██[38;2;36;42;58m██[38;2;38;44;60m██[38;2;39;46;60m██[38;2;41;39;55m██[38;2;61;64;81m██[38;2;58;70;82m██[38;2;63;70;82m██[38;2;99;67;87m██[38;2;112;59;76m██[38;2;93;26;39m██[38;2;187;137;150m██[38;2;0;0;0m        
[38;2;0;0;0m            [38;2;54;33;38m██[38;2;176;101;115m██[38;2;53;39;55m██[38;2;39;31;49m██[38;2;36;27;47m██[38;2;34;32;51m██[38;2;33;38;54m██[38;2;59;64;79m██[38;2;95;72;91m██[38;2;98;75;90m██[38;2;107;81;96m██[38;2;90;75;89m██[38;2;195;94;131m██[38;2;123;60;78m██[38;2;164;83;106m██[38;2;70;40;46m██[38;2;0;0;0m        
[38;2;0;0;0m          [38;2;30;22;24m  [38;2;115;80;93m██[38;2;154;78;109m██[38;2;218;105;149m██[38;2;64;69;81m██[38;2;64;68;82m██[38;2;59;67;82m██[38;2;64;72;84m██[38;2;108;78;88m██[38;2;101;54;66m██[38;2;86;31;43m██[38;2;135;77;80m██[38;2;178;128;126m██[38;2;72;30;38m██[38;2;69;66;85m██[38;2;66;68;80m██[38;2;25;11;16m  [38;2;0;0;0m        
[38;2;0;0;0m          [38;2;49;26;33m██[38;2;124;72;93m██[38;2;108;62;84m██[38;2;151;80;111m██[38;2;142;81;109m██[38;2;190;89;127m██[38;2;110;44;58m██[38;2;250;242;233m██[38;2;248;245;232m██[38;2;253;247;233m██[38;2;253;247;237m██[38;2;253;247;234m██[38;2;254;246;235m██[38;2;255;247;231m██[38;2;200;170;168m██[38;2;64;70;91m██[38;2;116;82;98m██[38;2;0;0;0m        
[38;2;0;0;0m          [38;2;48;24;30m██[38;2;94;66;88m██[38;2;75;38;60m██[38;2;137;79;105m██[38;2;126;79;102m██[38;2;193;107;84m██[38;2;251;248;230m██[38;2;253;247;234m████[38;2;254;246;234m████████[38;2;253;247;234m██[38;2;254;248;234m██[38;2;135;94;106m██[38;2;71;65;86m██[38;2;46;17;29m██[38;2;0;0;0m      
[38;2;0;0;0m          [38;2;69;52;48m██[38;2;78;62;76m██[38;2;74;49;66m██[38;2;121;75;101m██[38;2;149;68;93m██[38;2;253;244;230m██[38;2;252;248;236m██[38;2;254;246;233m████████████[38;2;253;247;233m██[38;2;250;243;232m██[38;2;251;246;237m██[38;2;68;65;85m██[38;2;68;67;82m██[38;2;0;0;0m      
[38;2;0;0;0m          [38;2;73;61;59m██[38;2;67;55;73m██[38;2;77;61;78m██[38;2;101;73;96m██[38;2;134;79;84m██[38;2;252;246;239m██[38;2;235;231;219m██[38;2;252;246;233m██[38;2;254;247;234m██[38;2;253;247;233m██[38;2;254;247;233m████[38;2;254;247;234m██[38;2;254;248;236m██[38;2;236;224;216m██[38;2;250;246;232m██[38;2;76;66;79m██[38;2;68;71;85m██[38;2;0;0;0m      
[38;2;0;0;0m          [38;2;80;70;72m██[38;2;34;40;56m██[38;2;71;67;82m██[38;2;80;68;88m██[38;2;247;231;224m██[38;2;253;248;236m████[38;2;236;231;219m██[38;2;171;163;152m██[38;2;252;246;233m██[38;2;254;247;233m████[38;2;253;247;233m██[38;2;248;231;218m██[38;2;252;248;231m██[38;2;250;245;232m██[38;2;81;69;80m██[38;2;68;70;87m██[38;2;15;7;10m  [38;2;0;0;0m    
[38;2;0;0;0m          [38;2;107;107;94m██[38;2;37;38;59m██[38;2;64;69;81m██[38;2;65;67;82m██[38;2;249;247;232m██[38;2;253;248;234m████[38;2;252;240;226m██[38;2;248;227;216m██[38;2;253;244;232m██[38;2;254;247;234m████[38;2;254;248;232m██[38;2;191;183;172m██[38;2;211;187;186m██[38;2;251;246;236m██[38;2;78;69;79m██[38;2;68;69;86m██[38;2;13;6;8m  [38;2;0;0;0m  [38;2;225;112;33m  
[38;2;0;0;0m          [38;2;133;143;123m██[38;2;39;41;64m██[38;2;63;71;82m██[38;2;63;67;84m██[38;2;252;230;222m██[38;2;253;248;234m████[38;2;233;226;218m██[38;2;62;16;27m██[38;2;251;248;235m██[38;2;254;247;234m██████[38;2;244;224;216m██[38;2;133;96;99m██[38;2;255;247;235m██[38;2;88;56;72m██[38;2;71;68;85m██[38;2;23;14;19m  [38;2;204;118;44m  [38;2;253;221;18m██
[38;2;0;0;0m          [38;2;78;92;85m██[38;2;44;47;64m██[38;2;58;67;82m██[38;2;61;69;81m██[38;2;240;189;164m██[38;2;253;247;231m██[38;2;253;247;234m██[38;2;254;244;231m██[38;2;149;83;75m██[38;2;251;245;232m██[38;2;253;245;233m██[38;2;254;246;235m██[38;2;252;247;231m██[38;2;250;238;226m██[38;2;247;235;221m██[38;2;254;235;220m██[38;2;82;36;48m██[38;2;72;69;84m██[38;2;0;0;0m    [38;2;213;113;44m  
[38;2;0;0;0m        [38;2;48;23;29m██[38;2;49;55;64m██[38;2;46;52;69m██[38;2;58;65;78m██[38;2;57;65;84m██[38;2;209;132;112m██[38;2;254;248;237m██[38;2;252;240;226m██[38;2;250;239;222m██[38;2;250;241;224m██[38;2;249;243;225m██[38;2;254;252;243m██[38;2;195;195;181m██[38;2;118;119;101m██[38;2;130;136;107m██[38;2;169;183;144m██[38;2;119;130;107m██[38;2;131;88;96m██[38;2;63;45;57m██[38;2;0;0;0m      
[38;2;0;0;0m        [38;2;62;55;46m██[38;2;55;60;80m██[38;2;49;54;71m██[38;2;51;50;69m██[38;2;59;66;81m██[38;2;155;87;93m██[38;2;251;247;227m██[38;2;155;145;136m██[38;2;159;171;132m██[38;2;174;211;155m██[38;2;153;182;126m██[38;2;168;215;147m██[38;2;173;213;152m██[38;2;160;201;140m██[38;2;123;169;117m██[38;2;88;102;71m██[38;2;104;126;93m██[38;2;72;28;42m██[38;2;39;29;46m██[38;2;41;25;37m██[38;2;0;0;0m    
[38;2;0;0;0m        [38;2;121;132;121m██[38;2;62;54;69m██[38;2;52;54;70m██[38;2;50;56;70m██[38;2;56;67;79m██[38;2;62;50;66m██[38;2;141;38;60m██[38;2;197;40;79m██[38;2;107;113;95m██[38;2;112;145;111m██[38;2;98;128;96m██[38;2;135;154;126m██[38;2;155;144;128m██[38;2;142;113;105m██[38;2;179;128;127m██[38;2;214;167;166m██[38;2;91;21;39m██[38;2;75;49;63m██[38;2;29;32;44m██[38;2;60;67;81m██[38;2;55;31;46m██[38;2;0;0;0m  
[38;2;0;0;0m      [38;2;36;20;22m  [38;2;59;69;80m██[38;2;0;0;0m  [38;2;50;56;70m██[38;2;48;46;63m██[38;2;55;68;77m██[38;2;62;65;79m██[38;2;106;62;74m██[38;2;84;30;42m██[38;2;202;151;157m██[38;2;248;218;209m██[38;2;244;219;208m██[38;2;252;229;218m██[38;2;251;234;224m██[38;2;216;188;185m██[38;2;94;36;40m██[38;2;102;56;65m██[38;2;86;51;61m██[38;2;60;32;43m██[38;2;57;50;55m██[38;2;64;69;84m██[38;2;62;71;85m██[38;2;7;3;6m  
[38;2;0;0;0m      [38;2;82;78;65m██[38;2;61;63;78m██[38;2;0;0;0m  [38;2;72;61;72m██[38;2;47;43;58m██[38;2;57;43;53m██[38;2;61;70;83m██[38;2;66;58;71m██[38;2;108;65;73m██[38;2;147;88;83m██[38;2;202;135;128m██[38;2;238;135;110m██[38;2;118;42;51m██[38;2;112;55;66m██[38;2;106;55;65m██[38;2;88;54;65m██[38;2;82;52;62m██[38;2;55;33;38m██[38;2;252;245;236m██[38;2;253;249;229m██[38;2;87;76;79m██[38;2;58;70;86m██[38;2;49;30;45m██
[38;2;0;0;0m      [38;2;157;172;143m██[38;2;60;62;78m██[38;2;0;0;0m  [38;2;11;4;7m  [38;2;48;47;54m██[38;2;65;47;60m██[38;2;43;34;46m██[38;2;61;70;83m██[38;2;52;46;58m██[38;2;199;175;183m██[38;2;217;134;127m██[38;2;247;132;85m██[38;2;209;197;198m██[38;2;153;97;118m██[38;2;59;26;35m██[38;2;73;47;56m██[38;2;63;46;59m██[38;2;142;123;127m██[38;2;254;249;236m██[38;2;251;248;233m██[38;2;91;58;60m██[38;2;67;58;72m██[38;2;58;60;71m██
[38;2;0;0;0m      [38;2;96;112;102m██[38;2;63;66;80m██[38;2;0;0;0m    [38;2;103;116;99m██[38;2;71;46;57m██[38;2;76;46;60m██[38;2;61;68;82m██[38;2;62;68;84m██[38;2;90;70;83m██[38;2;212;178;193m██[38;2;236;140;112m██[38;2;227;192;191m██[38;2;186;138;147m██[38;2;187;117;138m██[38;2;92;64;76m██[38;2;53;37;47m██[38;2;135;112;117m██[38;2;254;246;235m██[38;2;248;210;192m██[38;2;36;22;22m  [38;2;46;27;35m██[38;2;61;58;68m██
[38;2;0;0;0m      [38;2;120;132;121m██[38;2;58;68;89m██[38;2;23;18;25m  [38;2;0;0;0m  [38;2;104;111;92m██[38;2;59;32;49m██[38;2;76;47;64m██[38;2;64;69;84m██[38;2;62;69;85m██[38;2;63;45;57m██[38;2;229;189;187m██[38;2;233;191;178m██[38;2;250;243;243m██[38;2;178;120;136m██[38;2;252;188;201m██[38;2;76;34;45m██[38;2;106;81;93m██[38;2;46;39;51m██[38;2;60;20;21m██[38;2;254;206;196m██[38;2;57;36;41m██[38;2;11;5;8m  [38;2;55;43;56m██
[38;2;0;0;0m      [38;2;5;3;4m  [38;2;64;66;79m██[38;2;61;69;83m██[38;2;11;6;8m  [38;2;82;86;83m██[38;2;105;81;91m██[38;2;93;68;79m██[38;2;63;66;83m██[38;2;243;230;223m██[38;2;249;246;234m██[38;2;251;246;235m██[38;2;189;162;160m██[38;2;254;252;254m██[38;2;167;111;127m██[38;2;213;149;157m██[38;2;254;193;204m██[38;2;106;74;86m██[38;2;37;24;34m██[38;2;84;40;45m██[38;2;249;175;142m██[38;2;61;35;39m██[38;2;37;33;48m██[38;2;13;5;11m  
[38;2;0;0;0m        [38;2;43;22;34m██[38;2;59;68;81m██[38;2;69;70;82m██[38;2;31;34;48m██[38;2;117;90;101m██[38;2;120;94;103m██[38;2;61;69;84m██[38;2;249;212;195m██[38;2;253;246;231m██[38;2;254;247;232m██[38;2;89;58;63m██[38;2;120;80;89m██[38;2;228;176;187m██[38;2;251;188;198m██[38;2;253;187;198m██[38;2;89;35;53m██[38;2;76;41;55m██[38;2;116;87;97m██[38;2;238;138;91m██[38;2;46;24;41m██[38;2;46;31;41m██[38;2;0;0;0m  
[38;2;0;0;0m        [38;2;61;59;70m██[38;2;63;69;82m██[38;2;48;48;64m██[38;2;33;33;47m██[38;2;97;71;80m██[38;2;54;40;49m██[38;2;60;49;60m██[38;2;162;122;115m██[38;2;249;215;201m██[38;2;251;249;230m██[38;2;236;234;225m██[38;2;252;189;197m██[38;2;251;193;203m██[38;2;225;160;172m██[38;2;253;190;199m██[38;2;201;129;151m██[38;2;96;71;82m██[38;2;117;96;105m██[38;2;212;156;154m██[38;2;43;27;42m██[38;2;0;0;0m    
[38;2;0;0;0m    [38;2;10;8;8m  [38;2;83;84;96m██[38;2;65;64;78m██[38;2;42;29;49m██[38;2;28;38;52m██[38;2;35;36;49m██[38;2;62;37;52m██[38;2;64;66;80m██[38;2;119;97;107m██[38;2;72;34;33m██[38;2;252;191;165m██[38;2;245;209;195m██[38;2;184;172;170m██[38;2;251;189;200m██[38;2;199;136;148m██[38;2;251;188;198m██[38;2;252;185;201m██[38;2;195;114;138m██[38;2;82;63;72m██[38;2;115;97;105m██[38;2;56;19;36m██[38;2;48;22;35m██[38;2;0;0;0m    
[38;2;0;0;0m  [38;2;8;5;4m  [38;2;128;145;127m██[38;2;32;22;33m  [38;2;41;30;44m██[38;2;30;37;52m██[38;2;64;70;86m██[38;2;33;35;49m██[38;2;43;24;40m██[38;2;60;69;82m██[38;2;95;69;81m██[38;2;244;203;193m██[38;2;243;136;90m██[38;2;90;43;39m██[38;2;229;164;176m██[38;2;149;70;88m██[38;2;253;191;201m██[38;2;253;194;202m██[38;2;224;139;161m██[38;2;58;13;27m██[38;2;51;27;35m██[38;2;121;96;104m██[38;2;83;58;69m██[38;2;61;35;48m██[38;2;0;0;0m    
[38;2;0;0;0m  [38;2;130;147;111m██[38;2;0;0;0m    [38;2;62;71;84m██[38;2;59;70;85m██[38;2;73;65;83m██[38;2;0;0;0m  [38;2;51;19;36m██[38;2;64;68;81m██[38;2;69;41;54m██[38;2;225;163;160m██[38;2;227;137;123m██[38;2;99;51;50m██[38;2;229;170;180m██[38;2;251;179;193m██[38;2;244;185;195m██[38;2;103;66;61m██[38;2;72;46;51m██[38;2;0;0;0m    [38;2;78;53;64m██[38;2;118;92;103m██[38;2;71;42;57m██[38;2;0;0;0m    
[38;2;71;53;54m██[38;2;205;110;29m██[38;2;0;0;0m  [38;2;51;22;33m██[38;2;68;67;77m██[38;2;60;68;84m██[38;2;21;11;17m  [38;2;0;0;0m  [38;2;38;20;31m██[38;2;50;41;54m██[38;2;117;97;105m██[38;2;189;126;124m██[38;2;215;139;129m██[38;2;56;27;34m██[38;2;155;131;117m██[38;2;79;96;59m██[38;2;157;192;146m██[38;2;45;30;26m██[38;2;0;0;0m          [38;2;53;29;39m██[38;2;0;0;0m    
[38;2;206;114;31m██[38;2;224;107;12m██[38;2;0;0;0m  [38;2;164;97;35m██[38;2;207;105;15m██[38;2;121;79;64m██[38;2;25;17;20m  [38;2;0;0;0m    [38;2;98;67;77m██[38;2;118;96;104m██[38;2;108;58;62m██[38;2;200;136;142m██[38;2;57;25;41m██[38;2;57;23;28m██[38;2;165;47;77m██[38;2;60;21;33m██[38;2;0;0;0m                  
[38;2;219;115;24m██[38;2;211;112;1m██[38;2;71;23;17m██[38;2;203;104;28m██[38;2;201;109;12m██[38;2;203;106;21m██[38;2;28;9;10m  [38;2;0;0;0m    [38;2;2;0;1m  [38;2;128;94;105m██[38;2;112;81;91m██[38;2;73;46;58m██[38;2;46;18;29m██[38;2;0;0;0m                        
[38;2;94;44;18m██[38;2;222;108;14m██[38;2;215;111;10m██[38;2;125;61;35m██[38;2;0;0;0m              [38;2;10;4;6m  [38;2;57;23;37m██[38;2;0;0;0m                          
[38;2;0;0;0m  [38;2;109;52;11m██[38;2;211;114;18m██[38;2;213;109;17m██[38;2;12;5;5m  [38;2;0;0;0m                                          [0m
