
[38;2;0;0;0m              [38;2;23;23;13m  [38;2;250;243;146m  [38;2;251;244;153m  [38;2;0;0;0m      [38;2;13;40;30m  [38;2;16;42;32m  [38;2;0;0;0m        [38;2;249;241;141m  [38;2;251;243;145m  [38;2;249;242;142m  [38;2;41;40;23m  [38;2;0;0;0m  [38;2;49;48;28m  [38;2;0;0;0m  
[38;2;0;0;0m          [38;2;25;25;14m  [38;2;250;244;162m  [38;2;255;254;243m  [38;2;255;254;244m  [38;2;254;253;245m  [38;2;29;59;44m  [38;2;33;98;75m  [38;2;36;105;81m  [38;2;14;27;20m  [38;2;36;106;83m██[38;2;36;105;81m  [38;2;80;80;46m  [38;2;10;27;22m  [38;2;0;0;0m  [38;2;250;242;145m  [38;2;251;243;140m  [38;2;250;243;139m  [38;2;250;242;142m  [38;2;250;242;145m  [38;2;251;243;146m  [38;2;250;242;141m  
[38;2;0;0;0m          [38;2;254;252;221m  [38;2;200;202;192m  [38;2;255;254;247m  [38;2;78;90;83m  [38;2;39;101;80m  [38;2;36;107;83m████████████[38;2;37;107;83m██[38;2;37;109;84m██[38;2;0;0;0m  [38;2;34;71;53m  [38;2;251;243;139m  [38;2;253;248;178m  [38;2;251;243;139m    [38;2;250;243;139m    
[38;2;0;0;0m          [38;2;254;253;234m  [38;2;28;87;67m  [38;2;31;89;70m  [38;2;37;107;83m██[38;2;36;106;82m██[38;2;36;106;83m██[38;2;33;97;75m██[38;2;32;95;73m██[38;2;36;107;83m████[38;2;35;102;79m██[38;2;36;106;82m██[38;2;36;107;83m██[38;2;34;70;54m  [38;2;37;108;84m██[38;2;250;242;144m  [38;2;251;244;140m  [38;2;253;245;188m  [38;2;251;245;142m  [38;2;251;245;143m  [38;2;251;243;157m  
[38;2;0;0;0m            [38;2;203;207;197m  [38;2;37;107;82m██[38;2;36;107;82m██[38;2;37;107;83m██[38;2;33;98;76m██[38;2;18;53;40m██[38;2;11;34;26m██[38;2;0;0;0m████[38;2;4;15;12m██[38;2;36;104;81m██[38;2;35;104;81m██[38;2;36;107;83m██[38;2;37;67;48m  [38;2;96;105;63m  [38;2;250;243;139m  [38;2;252;244;140m  [38;2;253;251;192m██[38;2;252;247;154m██[38;2;252;244;145m  
[38;2;0;0;0m  [38;2;248;242;156m  [38;2;255;254;243m  [38;2;254;254;247m  [38;2;247;239;140m  [38;2;32;62;46m  [38;2;36;106;82m██[38;2;37;107;83m████[38;2;7;22;17m██[38;2;0;0;0m██████████████[38;2;0;2;1m██[38;2;35;104;80m██[38;2;36;107;83m██[38;2;46;117;88m██[38;2;183;183;113m  [38;2;253;249;196m  [38;2;254;254;250m██[38;2;255;255;255m██[38;2;253;250;203m  
[38;2;250;242;142m  [38;2;255;254;244m  [38;2;255;253;242m  [38;2;254;253;231m  [38;2;96;112;99m  [38;2;170;168;92m  [38;2;35;93;72m  [38;2;36;107;83m██[38;2;34;97;75m██[38;2;13;41;31m██[38;2;8;24;18m██[38;2;0;0;0m██████████████[38;2;1;3;3m██[38;2;30;90;69m██[38;2;38;109;84m██[38;2;248;207;115m  [38;2;251;241;139m  [38;2;254;252;214m██[38;2;253;249;176m██[38;2;252;244;142m  
[38;2;251;245;158m  [38;2;253;249;199m  [38;2;254;250;196m  [38;2;189;195;168m  [38;2;74;118;95m  [38;2;39;103;79m  [38;2;36;107;83m████[38;2;35;103;79m██[38;2;37;107;83m██[38;2;31;90;69m██[38;2;0;0;0m████████████████[38;2;15;47;37m██[38;2;39;111;86m██[38;2;165;151;91m  [38;2;241;235;191m  [38;2;253;246;170m  [38;2;253;247;165m  [38;2;253;249;185m  
[38;2;252;245;146m  [38;2;253;247;159m  [38;2;254;250;192m  [38;2;233;230;190m  [38;2;29;88;67m██[38;2;32;95;73m██[38;2;17;51;39m██[38;2;36;106;83m██[38;2;29;83;64m██[38;2;19;56;43m██[38;2;0;0;0m████████████████[38;2;2;8;6m██[38;2;2;2;1m██[38;2;57;85;63m██[38;2;143;169;135m██[38;2;132;150;93m  [38;2;250;245;187m  [38;2;254;251;208m  [38;2;254;251;210m  
[38;2;254;253;238m██[38;2;253;249;182m  [38;2;253;248;183m  [38;2;254;251;189m  [38;2;245;231;119m  [38;2;58;59;33m██[38;2;37;108;83m██[38;2;2;8;6m██[38;2;11;35;28m██[38;2;0;0;0m████████[38;2;61;43;33m██[38;2;57;39;30m██[38;2;41;30;22m██[38;2;0;0;0m████[38;2;17;50;39m██[38;2;9;9;6m██[38;2;56;49;32m██[38;2;48;42;27m██[38;2;18;15;10m  [38;2;249;209;121m  [38;2;254;251;215m  [38;2;255;253;235m  
[38;2;254;252;222m██[38;2;254;250;200m  [38;2;250;240;128m  [38;2;249;234;111m  [38;2;248;229;104m  [38;2;211;199;94m  [38;2;35;102;79m██[38;2;0;0;0m██████[38;2;180;133;106m██[38;2;170;124;100m██[38;2;210;170;143m██[38;2;254;213;185m██[38;2;49;35;27m██[38;2;204;159;131m██[38;2;0;0;0m██████[38;2;3;4;2m██[38;2;15;13;9m██[38;2;5;6;4m██[38;2;243;193;108m  [38;2;248;197;110m  [38;2;254;250;223m  [38;2;255;253;233m  
[38;2;252;244;153m  [38;2;250;243;134m  [38;2;250;237;134m  [38;2;239;226;107m  [38;2;79;74;36m██[38;2;2;7;5m██[38;2;0;0;0m████[38;2;68;50;38m██[38;2;215;175;148m██[38;2;169;150;129m██[38;2;182;168;147m██[38;2;255;212;185m██[38;2;255;213;185m██[38;2;195;178;153m██[38;2;127;117;104m██[38;2;133;109;92m██[38;2;182;132;106m██[38;2;0;0;0m██████[38;2;4;4;2m██[38;2;144;133;66m  [38;2;248;215;105m  [38;2;252;238;166m  [38;2;255;253;237m  
[38;2;250;231;125m  [38;2;250;235;116m  [38;2;249;234;117m  [38;2;248;235;110m  [38;2;248;229;104m  [38;2;195;181;86m  [38;2;0;0;0m████[38;2;26;24;20m██[38;2;128;129;129m  [38;2;237;237;236m██[38;2;88;89;88m██[38;2;255;213;185m████[38;2;203;203;201m██[38;2;109;109;108m██[38;2;243;243;242m██[38;2;205;182;157m██[38;2;0;0;0m██████[38;2;211;195;92m  [38;2;248;224;104m  [38;2;248;225;104m  [38;2;248;233;109m  [38;2;251;241;143m  
[38;2;250;232;124m  [38;2;250;236;114m  [38;2;249;233;108m  [38;2;248;231;104m  [38;2;248;229;104m  [38;2;174;161;78m  [38;2;45;42;21m  [38;2;130;118;101m██[38;2;122;109;92m██[38;2;243;243;242m██[38;2;239;239;239m██[38;2;152;159;156m██[38;2;255;213;185m██[38;2;255;212;185m██[38;2;244;244;243m██[38;2;162;167;163m██[38;2;242;242;242m██[38;2;140;127;110m██[38;2;32;24;19m██[38;2;224;201;173m██[38;2;0;0;0m██[38;2;110;105;52m  [38;2;248;231;105m  [38;2;248;230;105m  [38;2;249;233;108m  [38;2;249;235;112m  
[38;2;251;234;121m  [38;2;249;235;113m  [38;2;248;232;107m  [38;2;251;241;131m  [38;2;253;249;149m██[38;2;253;249;152m██[38;2;172;167;108m  [38;2;31;28;18m  [38;2;171;156;135m██[38;2;130;123;116m██[38;2;234;234;233m██[38;2;240;234;228m██[38;2;254;212;184m██[38;2;255;213;185m██[38;2;247;218;194m██[38;2;204;202;197m██[38;2;125;118;109m██[38;2;255;213;185m██[38;2;247;211;183m██[38;2;7;7;3m  [38;2;243;234;113m██[38;2;249;236;108m██[38;2;249;234;106m██[38;2;248;233;106m██[38;2;249;234;108m  [38;2;248;235;111m  
[38;2;250;229;120m  [38;2;249;233;113m  [38;2;251;244;141m  [38;2;255;252;161m██[38;2;255;253;164m██[38;2;255;253;165m██[38;2;255;252;169m██[38;2;253;238;168m  [38;2;231;184;131m██[38;2;253;215;186m██[38;2;255;213;185m██[38;2;255;213;184m████[38;2;255;212;184m██[38;2;255;213;184m██[38;2;255;213;185m██[38;2;251;213;184m██[38;2;228;202;175m██[38;2;253;248;125m██[38;2;220;214;105m██[38;2;250;241;113m██[38;2;249;237;108m████[38;2;249;236;107m██[38;2;249;235;108m  [38;2;249;234;110m  
[38;2;250;227;122m  [38;2;250;233;120m  [38;2;254;251;168m  [38;2;255;253;174m██[38;2;255;253;176m██[38;2;255;253;178m██[38;2;255;253;179m██[38;2;255;248;181m  [38;2;252;225;164m██[38;2;246;217;188m██[38;2;255;213;185m██[38;2;226;203;175m██[38;2;212;210;206m██[38;2;225;225;222m  [38;2;185;108;104m██[38;2;255;213;185m████[38;2;245;240;127m██[38;2;253;249;125m██[38;2;252;245;119m██[38;2;252;243;116m██[38;2;250;240;111m██[38;2;249;237;108m████[38;2;252;245;135m  [38;2;253;248;165m  
[38;2;250;224;122m  [38;2;251;237;134m  [38;2;255;252;180m██[38;2;255;252;186m  [38;2;255;252;189m  [38;2;255;253;192m  ██[38;2;255;253;193m██[38;2;254;241;181m  [38;2;248;174;123m██[38;2;175;155;134m██[38;2;255;213;185m██[38;2;214;181;158m██[38;2;211;176;153m██[38;2;254;213;185m██[38;2;243;213;185m██[38;2;27;35;91m██[38;2;237;232;131m  [38;2;253;248;128m██[38;2;253;247;122m██[38;2;252;243;117m██[38;2;250;241;113m██[38;2;250;240;113m██[38;2;249;238;113m  [38;2;255;253;174m██[38;2;255;252;179m  
[38;2;250;224;123m  [38;2;251;235;135m  [38;2;255;251;188m  [38;2;255;254;194m██[38;2;255;254;200m██[38;2;255;255;202m██[38;2;255;255;203m████[38;2;254;246;196m  [38;2;249;178;125m██[38;2;22;29;85m██[38;2;22;27;68m██[38;2;167;134;111m██[38;2;201;177;153m██[38;2;166;120;96m██[38;2;68;56;81m██[38;2;10;14;47m██[38;2;231;226;130m  [38;2;253;250;154m██[38;2;255;253;218m██[38;2;254;252;182m██[38;2;253;249;151m██[38;2;253;250;153m██[38;2;254;251;166m  [38;2;255;254;222m██[38;2;255;251;211m  
[38;2;250;224;123m  [38;2;250;228;123m  [38;2;255;251;187m  [38;2;255;255;201m██[38;2;255;255;205m██[38;2;255;254;208m██[38;2;255;254;238m  [38;2;233;234;232m  [38;2;254;252;226m██[38;2;252;237;173m██[38;2;86;80;83m██[38;2;28;36;96m██[38;2;16;22;63m██[38;2;144;103;80m██[38;2;28;37;95m██[38;2;7;11;39m██[38;2;7;11;40m██[38;2;109;109;82m  [38;2;215;216;212m██[38;2;199;201;202m██[38;2;160;161;169m██[38;2;239;237;164m  [38;2;255;253;167m██[38;2;255;253;169m██[38;2;255;255;246m  [38;2;254;253;244m  
[38;2;250;226;123m  [38;2;250;227;122m  [38;2;251;243;146m  [38;2;255;253;195m██[38;2;255;255;205m██[38;2;255;255;238m  [38;2;148;121;125m██[38;2;28;36;96m██[38;2;39;47;97m██[38;2;236;236;236m██[38;2;26;35;95m██[38;2;28;36;96m██[38;2;8;11;39m██[38;2;255;213;185m██[38;2;27;35;93m██[38;2;7;11;40m██[38;2;7;10;39m██[38;2;231;231;231m  [38;2;237;237;237m██[38;2;28;36;91m██[38;2;28;36;96m██[38;2;28;37;98m██[38;2;221;219;150m  [38;2;255;253;170m██[38;2;255;253;194m██[38;2;255;253;237m  
[38;2;250;229;125m  [38;2;250;226;123m  [38;2;249;235;123m  [38;2;251;239;134m  [38;2;254;250;172m  [38;2;211;210;199m██[38;2;208;37;32m██[38;2;28;36;96m██[38;2;53;58;98m  [38;2;237;237;237m██[38;2;27;36;96m██[38;2;28;36;96m██[38;2;25;33;87m██[38;2;76;75;101m██[38;2;5;7;33m██[38;2;10;14;46m██[38;2;28;37;96m██[38;2;237;237;237m████[38;2;28;37;96m██[38;2;28;36;96m██[38;2;28;37;97m██[38;2;75;74;87m  [38;2;254;252;169m██[38;2;254;251;171m  [38;2;254;251;180m  
[38;2;252;246;162m  [38;2;251;238;140m  [38;2;250;234;123m  [38;2;250;235;123m  [38;2;250;239;129m  [38;2;238;237;225m██[38;2;173;46;41m██[38;2;27;36;96m██[38;2;61;66;100m██[38;2;237;237;237m██[38;2;28;36;96m██[38;2;27;36;96m██[38;2;28;36;96m██[38;2;22;30;83m██[38;2;24;32;88m██[38;2;28;36;96m██[38;2;32;39;83m██[38;2;237;237;237m██[38;2;234;235;235m██[38;2;28;36;96m████[38;2;43;31;80m██[38;2;195;69;62m██[38;2;254;251;168m  [38;2;253;248;163m  [38;2;252;246;158m  
[38;2;253;248;186m  [38;2;254;249;184m  [38;2;252;245;157m  [38;2;250;236;124m  [38;2;251;242;140m  [38;2;240;239;214m██[38;2;169;100;97m██[38;2;28;36;97m██[38;2;48;56;99m██[38;2;237;237;237m██[38;2;27;36;96m██[38;2;28;36;96m██[38;2;28;37;96m████[38;2;28;36;96m████[38;2;190;192;196m██[38;2;237;237;237m██[38;2;131;133;143m██[38;2;28;36;96m████[38;2;203;36;32m██[38;2;237;237;233m██[38;2;249;246;173m  [38;2;253;247;152m  [38;2;255;255;255m██
[38;2;253;250;196m  [38;2;253;247;171m  [38;2;253;249;172m  [38;2;251;241;133m  [38;2;254;254;198m██[38;2;238;237;228m██[38;2;211;37;33m██[38;2;19;26;75m██[38;2;35;43;97m██[38;2;237;237;237m██[38;2;239;239;239m██[38;2;208;209;209m██[38;2;206;207;207m██[38;2;226;227;225m██[38;2;240;240;240m██[38;2;237;237;237m████[38;2;236;236;236m██[38;2;51;57;98m██[38;2;10;14;46m██[38;2;28;36;96m██[38;2;183;37;30m██[38;2;237;237;233m██[38;2;220;216;161m  [38;2;253;250;194m  [38;2;253;251;208m██
[38;2;251;245;146m  [38;2;253;249;194m  [38;2;253;248;150m  [38;2;253;247;188m  [38;2;242;239;209m██[38;2;238;237;236m██[38;2;189;35;35m██[38;2;20;27;76m██[38;2;27;37;96m██[38;2;237;237;237m██[38;2;236;236;236m██[38;2;237;237;237m██[38;2;238;238;237m██[38;2;236;236;236m██[38;2;237;237;237m████████[38;2;29;37;91m██[38;2;6;8;30m██[38;2;28;36;96m██[38;2;220;40;35m██[38;2;239;238;227m██[38;2;223;214;168m  [38;2;253;247;170m  [38;2;253;247;167m  
[38;2;252;244;155m  [38;2;253;251;194m██[38;2;255;255;255m██[38;2;252;244;155m  [38;2;220;212;132m  [38;2;240;239;232m██[38;2;180;35;38m██[38;2;20;27;77m██[38;2;28;36;96m██[38;2;28;37;96m██[38;2;22;30;90m██[38;2;28;34;77m██[38;2;62;68;98m██[38;2;65;73;111m██[38;2;43;48;87m██[38;2;21;30;87m██[38;2;28;37;96m██[38;2;28;36;96m████[38;2;9;13;42m██[38;2;28;36;96m██[38;2;51;28;68m██[38;2;212;186;173m██[38;2;204;198;171m  [38;2;254;250;201m  [38;2;253;248;185m  
[38;2;251;245;139m  [38;2;254;254;241m██[38;2;254;250;186m██[38;2;252;243;141m  [38;2;198;191;142m  [38;2;226;226;224m██[38;2;132;28;41m██[38;2;246;210;183m██[38;2;23;32;88m██[38;2;28;36;96m██████[38;2;27;35;94m██[38;2;28;36;96m██[38;2;28;37;96m██[38;2;28;36;96m████[38;2;231;203;178m██[38;2;28;36;88m██[38;2;3;6;27m██[38;2;28;36;96m██[38;2;28;38;99m██[38;2;205;158;153m██[38;2;191;192;184m  [38;2;253;249;193m  [38;2;251;244;152m  
[38;2;252;245;188m  [38;2;252;244;140m  [38;2;252;245;150m  [38;2;252;246;158m  [38;2;242;238;203m██[38;2;181;174;165m██[38;2;254;213;185m████[38;2;195;169;145m██[38;2;28;36;97m██[38;2;28;36;96m██[38;2;28;37;96m██[38;2;27;37;97m██[38;2;28;36;96m██████[38;2;43;43;76m██[38;2;237;203;176m██[38;2;254;214;186m██[38;2;225;196;170m██[38;2;48;52;94m██[38;2;28;37;98m██[38;2;194;142;140m██[38;2;204;204;205m  [38;2;252;246;167m  [38;2;0;0;0m  
[38;2;251;244;139m  [38;2;251;243;139m    [38;2;229;222;133m  [38;2;243;241;211m  [38;2;234;206;168m██[38;2;232;200;172m██[38;2;218;193;166m██[38;2;182;165;140m██[38;2;48;49;70m██[38;2;238;238;238m██[38;2;237;237;237m██[38;2;238;238;238m██[38;2;237;237;237m██████[38;2;235;202;176m██[38;2;181;160;138m██[38;2;231;200;172m██[38;2;255;213;184m██[38;2;254;219;190m██[38;2;28;37;96m██[38;2;178;107;104m██[38;2;219;219;219m██[38;2;0;0;0m    
[38;2;251;243;145m  [38;2;250;242;142m  [38;2;250;242;145m  [38;2;53;53;50m  [38;2;241;240;227m██[38;2;226;197;161m██[38;2;255;214;183m██[38;2;255;213;185m██[38;2;128;109;91m██[38;2;37;45;97m██[38;2;237;237;237m██[38;2;143;145;158m██[38;2;126;130;148m██[38;2;153;155;168m██[38;2;178;179;187m██[38;2;237;237;237m██[38;2;36;46;101m  [38;2;255;213;185m██████[38;2;144;125;116m██[38;2;28;36;96m██[38;2;168;59;55m██[38;2;241;241;241m██[38;2;0;0;0m    
[38;2;129;126;73m  [38;2;0;0;0m  [38;2;67;65;38m  [38;2;66;66;87m██[38;2;218;189;163m██[38;2;194;173;149m██[38;2;247;208;180m██[38;2;255;213;185m██[38;2;194;171;145m██[38;2;47;56;102m██[38;2;237;237;237m██[38;2;28;36;96m██[38;2;24;32;88m██[38;2;28;36;96m████[38;2;237;237;237m██[38;2;86;83;79m██[38;2;255;213;185m██[38;2;223;191;165m██[38;2;255;213;185m██[38;2;227;197;170m██[38;2;255;213;185m██[38;2;210;187;162m██[38;2;248;213;184m██[38;2;0;0;0m    [0m
