
[38;2;0;0;0m    [38;2;93;93;93m  [38;2;243;245;248m  [38;2;10;22;104m██[38;2;9;23;105m██[38;2;215;217;230m  [38;2;144;144;144m  [38;2;0;0;0m                [38;2;87;87;87m  [38;2;245;245;246m  [38;2;81;87;147m  [38;2;119;124;170m  [38;2;246;246;246m  [38;2;0;0;0m                        
[38;2;0;0;0m    [38;2;206;206;207m  [38;2;73;83;144m  [38;2;7;28;173m██[38;2;3;28;205m██[38;2;38;49;122m  [38;2;214;214;214m  [38;2;0;0;0m                [38;2;183;183;183m  [38;2;150;156;191m  [38;2;8;26;137m██[38;2;10;25;112m██[38;2;184;187;211m  [38;2;142;141;141m  [38;2;0;0;0m                      
[38;2;0;0;0m  [38;2;150;150;150m  [38;2;219;221;233m  [38;2;9;23;111m██[38;2;0;28;234m██[38;2;0;28;233m██[38;2;8;24;127m██[38;2;178;183;208m  [38;2;179;179;179m  [38;2;0;0;0m            [38;2;32;32;32m  [38;2;204;204;205m  [38;2;14;27;107m██[38;2;1;28;230m██[38;2;1;28;223m██[38;2;13;26;107m██[38;2;227;228;229m  [38;2;108;108;108m  [38;2;0;0;0m                    
[38;2;0;0;0m  [38;2;201;202;202m  [38;2;66;77;140m  [38;2;7;29;191m██[38;2;4;28;208m██[38;2;5;29;207m██[38;2;2;28;216m██[38;2;25;38;114m  [38;2;245;245;245m  [38;2;27;27;27m  [38;2;0;0;0m          [38;2;99;95;99m  [38;2;177;181;207m  [38;2;9;26;134m██[38;2;0;28;233m██[38;2;2;28;226m██[38;2;7;27;156m██[38;2;94;103;156m  [38;2;224;224;225m  [38;2;0;0;0m                    
[38;2;171;171;171m  [38;2;247;247;250m  [38;2;9;22;106m██[38;2;0;28;235m██[38;2;24;40;144m██[38;2;121;121;69m██[38;2;0;28;234m██[38;2;11;28;136m██[38;2;157;162;195m  [38;2;199;199;199m  [38;2;0;0;0m          [38;2;182;182;183m  [38;2;46;58;128m  [38;2;4;29;213m██[38;2;0;27;234m██[38;2;44;55;115m██[38;2;0;28;235m██[38;2;9;21;104m██[38;2;241;241;246m  [38;2;206;206;206m  [38;2;0;0;0m                  
[38;2;103;103;103m  [38;2;99;107;159m  [38;2;6;28;176m██[38;2;0;28;234m██[38;2;151;146;60m██[38;2;248;231;14m██[38;2;3;27;199m██[38;2;3;29;221m██[38;2;20;32;111m  [38;2;243;243;243m  [38;2;37;37;37m  [38;2;0;0;0m      [38;2;142;142;142m  [38;2;244;245;247m  [38;2;9;23;110m██[38;2;0;28;234m██[38;2;5;27;196m██[38;2;240;224;21m██[38;2;1;26;218m██[38;2;4;28;194m██[38;2;45;56;126m  [38;2;208;208;209m  [38;2;21;21;21m  [38;2;0;0;0m                
[38;2;233;233;233m  [38;2;20;32;110m  [38;2;1;28;229m██[38;2;2;27;218m██[38;2;247;230;17m██[38;2;250;230;14m██[38;2;103;105;90m██[38;2;0;28;234m██[38;2;10;27;140m██[38;2;150;157;191m  [38;2;154;154;154m  [38;2;5;5;5m  [38;2;0;0;0m  [38;2;1;1;1m  [38;2;145;145;145m  [38;2;107;115;164m  [38;2;6;27;175m██[38;2;0;28;233m██[38;2;82;87;96m██[38;2;249;229;14m██[38;2;47;59;138m██[38;2;0;28;233m██[38;2;10;24;113m██[38;2;216;218;231m  [38;2;159;159;160m  [38;2;0;0;0m                
[38;2;224;226;236m  [38;2;9;25;130m██[38;2;0;28;233m██[38;2;26;43;160m██[38;2;250;230;13m██[38;2;251;231;14m██[38;2;233;218;23m██[38;2;1;27;217m██[38;2;1;28;224m██[38;2;9;23;105m██[38;2;237;238;241m  [38;2;50;50;50m  [38;2;0;0;0m  [38;2;28;28;28m  [38;2;240;240;241m  [38;2;21;33;111m  [38;2;1;28;227m██[38;2;1;28;225m██[38;2;228;214;27m██[38;2;250;231;14m██[38;2;179;171;46m██[38;2;0;28;233m██[38;2;2;27;213m██[38;2;18;30;110m  [38;2;225;225;227m  [38;2;54;54;54m  [38;2;0;0;0m              
[38;2;67;78;140m  [38;2;3;28;201m██[38;2;0;27;234m██[38;2;117;119;79m██[38;2;251;231;14m██[38;2;250;230;14m████[38;2;51;62;131m██[38;2;0;28;233m██[38;2;9;27;141m██[38;2;166;171;200m  [38;2;212;213;213m  [38;2;175;175;175m  [38;2;194;194;194m  [38;2;212;214;229m  [38;2;10;25;128m██[38;2;2;29;233m██[38;2;25;41;163m██[38;2;250;230;13m██[38;2;251;231;14m██[38;2;250;232;13m██[38;2;5;27;186m██[38;2;1;29;234m██[38;2;10;25;113m██[38;2;189;192;214m  [38;2;169;169;169m  [38;2;0;0;0m              
[38;2;14;26;106m██[38;2;1;28;230m██[38;2;1;28;228m██[38;2;226;212;27m██[38;2;251;231;14m██[38;2;250;230;14m██[38;2;250;231;14m██[38;2;191;182;41m██[38;2;2;29;236m██[38;2;4;30;231m██[38;2;19;32;111m██[38;2;143;149;186m  [38;2;107;115;164m  [38;2;85;95;151m  [38;2;19;32;111m██[38;2;7;32;208m██[38;2;6;33;235m██[38;2;154;149;58m██[38;2;251;231;14m██[38;2;251;230;14m██[38;2;250;230;14m██[38;2;120;120;81m██[38;2;4;31;233m██[38;2;5;31;227m██[38;2;16;29;109m██[38;2;220;221;222m  [38;2;47;47;47m  [38;2;0;0;0m            
[38;2;9;25;122m██[38;2;0;28;234m██[38;2;7;28;182m██[38;2;251;232;13m██[38;2;250;231;14m████[38;2;250;230;14m██[38;2;238;223;21m██[38;2;5;26;182m██[38;2;8;35;233m██[38;2;11;31;166m██[38;2;13;36;197m██[38;2;14;38;214m██[38;2;15;39;222m██[38;2;15;38;211m██[38;2;13;39;233m██[38;2;13;37;213m██[38;2;103;105;81m██[38;2;215;202;33m██[38;2;250;231;13m██[38;2;250;230;14m██[38;2;232;216;22m██[38;2;10;35;222m██[38;2;8;35;234m██[38;2;10;26;130m██[38;2;168;173;201m  [38;2;155;155;155m  [38;2;0;0;0m            
[38;2;4;29;203m██[38;2;0;28;233m██[38;2;80;87;112m██[38;2;250;230;14m██[38;2;248;230;15m██[38;2;160;155;56m██[38;2;40;55;150m██[38;2;10;35;218m██[38;2;14;40;234m██[38;2;17;43;234m██[38;2;20;45;233m██[38;2;22;47;234m██[38;2;23;48;234m██[38;2;24;49;234m██[38;2;24;49;231m██[38;2;23;48;227m██[38;2;24;48;233m██[38;2;23;48;235m██[38;2;23;47;228m██[38;2;24;44;191m██[38;2;81;89;111m██[38;2;196;185;39m██[38;2;50;62;126m██[38;2;15;41;234m██[38;2;13;38;223m██[38;2;22;34;113m  [38;2;227;227;228m  [38;2;49;49;49m  [38;2;0;0;0m          
[38;2;0;28;231m██[38;2;0;28;235m██[38;2;166;161;53m██[38;2;163;157;56m██[38;2;12;34;178m██[38;2;9;37;234m██[38;2;14;40;233m██[38;2;18;44;234m██[38;2;24;48;234m██[38;2;28;52;233m██[38;2;31;55;233m██[38;2;34;58;234m██[38;2;35;59;233m██[38;2;22;42;175m██[38;2;158;126;40m██[38;2;203;179;26m██[38;2;27;40;123m██[38;2;31;54;217m██[38;2;35;59;234m██[38;2;35;59;233m██[38;2;34;58;233m██[38;2;32;56;232m██[38;2;21;41;183m██[38;2;25;50;234m██[38;2;20;45;233m██[38;2;12;28;136m██[38;2;160;165;196m  [38;2;187;187;187m  [38;2;0;0;0m          
[38;2;0;28;234m██[38;2;0;28;233m██[38;2;19;36;146m██[38;2;6;33;234m██[38;2;10;37;234m██[38;2;16;42;233m██[38;2;22;47;234m██[38;2;29;53;234m██[38;2;34;59;234m██[38;2;40;63;234m██[38;2;43;66;233m██[38;2;46;69;234m██[38;2;21;39;153m██[38;2;29;51;219m██[38;2;247;217;8m██[38;2;225;210;22m██[38;2;175;167;41m██[38;2;76;90;168m██[38;2;37;58;206m██[38;2;47;70;233m██[38;2;46;69;234m██[38;2;44;67;234m██[38;2;41;63;234m██[38;2;36;60;234m██[38;2;29;53;234m██[38;2;21;44;220m██[38;2;27;40;115m  [38;2;239;239;240m  [38;2;8;8;8m  [38;2;0;0;0m        
[38;2;0;27;233m██[38;2;2;29;234m██[38;2;5;32;234m██[38;2;10;37;234m██[38;2;17;43;234m██[38;2;24;50;234m██[38;2;33;56;234m██[38;2;40;63;234m██[38;2;46;68;234m██[38;2;50;71;229m██[38;2;43;56;127m██[38;2;56;77;232m██[38;2;170;161;47m██[38;2;231;219;21m██[38;2;134;120;57m██[38;2;153;149;53m██[38;2;79;75;78m██[38;2;248;232;13m██[38;2;71;79;110m██[38;2;57;79;233m██[38;2;57;78;234m██[38;2;55;76;233m██[38;2;52;73;234m██[38;2;46;68;234m██[38;2;38;62;234m██[38;2;30;54;234m██[38;2;13;29;131m██[38;2;189;192;214m  [38;2;208;208;208m  [38;2;0;0;0m        
[38;2;2;28;234m██[38;2;4;31;234m██[38;2;9;36;234m██[38;2;16;41;234m██[38;2;25;50;234m██[38;2;34;57;234m██[38;2;42;65;234m██[38;2;50;72;234m██[38;2;55;76;234m██[38;2;57;76;224m██[38;2;230;215;22m██[38;2;51;68;177m██[38;2;35;49;142m██[38;2;55;74;204m██[38;2;56;56;101m██[38;2;250;214;8m██[38;2;217;205;24m██[38;2;23;48;233m██[38;2;33;49;154m██[38;2;65;85;233m██[38;2;64;84;233m██[38;2;32;48;156m██[38;2;61;81;235m██[38;2;54;76;234m██[38;2;47;69;234m██[38;2;38;61;234m██[38;2;25;48;211m██[38;2;27;38;115m  [38;2;207;207;208m  [38;2;24;24;24m  [38;2;0;0;0m      
[38;2;3;30;234m██[38;2;8;35;234m██[38;2;14;41;234m██[38;2;24;48;234m██[38;2;34;58;234m██[38;2;43;65;234m██[38;2;51;73;234m██[38;2;57;78;234m██[38;2;61;82;234m██[38;2;59;78;218m██[38;2;239;221;17m██[38;2;212;200;27m██[38;2;52;69;195m██[38;2;28;42;125m██[38;2;133;134;111m██[38;2;118;100;60m██[38;2;123;114;58m██[38;2;118;120;78m██[38;2;58;78;216m██[38;2;69;89;233m██[38;2;69;89;234m██[38;2;93;99;83m██[38;2;68;77;120m██[38;2;61;82;233m██[38;2;54;76;234m██[38;2;45;67;234m██[38;2;34;58;234m██[38;2;11;26;118m██[38;2;216;217;230m  [38;2;168;168;169m  [38;2;0;0;0m      
[38;2;5;32;234m██[38;2;12;39;234m██[38;2;21;47;234m██[38;2;32;57;234m██[38;2;43;66;234m██[38;2;53;74;234m██[38;2;59;80;233m██[38;2;63;84;233m██[38;2;59;78;212m██[38;2;64;75;123m██[38;2;240;223;17m██[38;2;235;219;18m██[38;2;60;66;84m██[38;2;31;42;95m██[38;2;135;133;62m██[38;2;137;134;59m██[38;2;129;127;67m██[38;2;89;93;84m██[38;2;60;69;102m██[38;2;46;59;142m██[38;2;47;62;154m██[38;2;131;128;56m██[38;2;240;222;17m██[38;2;51;70;203m██[38;2;60;81;234m██[38;2;51;73;234m██[38;2;40;63;234m██[38;2;26;49;215m██[38;2;15;28;108m██[38;2;126;126;127m  [38;2;6;6;6m  [38;2;0;0;0m    
[38;2;9;35;234m██[38;2;18;43;234m██[38;2;29;53;234m██[38;2;41;63;234m██[38;2;52;73;234m██[38;2;60;81;234m██[38;2;45;63;193m██[38;2;132;131;65m██[38;2;247;232;14m██[38;2;249;231;14m██[38;2;239;223;17m██[38;2;59;66;85m██[38;2;57;64;86m██[38;2;164;159;45m██[38;2;250;231;14m██[38;2;250;230;14m██[38;2;250;231;14m██[38;2;250;230;14m████[38;2;225;211;22m██[38;2;31;42;95m██[38;2;123;123;60m██[38;2;250;230;14m██[38;2;174;167;49m██[38;2;63;83;230m██[38;2;57;78;234m██[38;2;46;68;234m██[38;2;33;57;233m██[38;2;11;25;110m██[38;2;230;231;240m  [38;2;72;72;72m  [38;2;0;0;0m    
[38;2;13;39;233m██[38;2;24;49;233m██[38;2;36;60;233m██[38;2;49;71;234m██[38;2;59;80;234m██[38;2;97;103;95m██[38;2;245;227;16m██[38;2;250;230;14m██[38;2;251;231;14m██[38;2;246;229;14m██[38;2;119;117;62m██[38;2;33;42;96m██[38;2;26;37;98m██[38;2;120;118;63m██[38;2;250;231;14m██████[38;2;251;231;14m████[38;2;250;230;14m██[38;2;223;209;23m██[38;2;160;158;44m██[38;2;244;225;16m██[38;2;250;230;14m██[38;2;139;137;68m██[38;2;47;65;197m██[38;2;50;72;233m██[38;2;38;61;234m██[38;2;20;40;179m██[38;2;141;147;185m  [38;2;156;156;157m  [38;2;0;0;0m    
[38;2;18;44;234m██[38;2;29;53;234m██[38;2;42;65;233m██[38;2;54;76;234m██[38;2;43;61;194m██[38;2;249;231;14m██[38;2;250;230;14m████[38;2;213;200;27m██[38;2;12;24;104m██[38;2;19;32;108m██[38;2;84;91;143m██[38;2;77;85;141m██[38;2;26;37;110m██[38;2;210;199;27m██[38;2;251;231;14m██[38;2;250;231;14m██[38;2;251;231;14m████[38;2;246;228;14m██[38;2;41;50;90m██[38;2;11;23;103m██[38;2;97;97;72m██[38;2;250;230;14m██[38;2;250;231;14m██[38;2;169;162;50m██[38;2;54;75;232m██[38;2;44;66;234m██[38;2;32;56;237m██[38;2;10;23;105m██[38;2;208;209;209m  [38;2;18;18;18m  [38;2;0;0;0m  
[38;2;21;46;233m██[38;2;35;59;233m██[38;2;48;69;233m██[38;2;58;79;233m██[38;2;28;43;141m██[38;2;249;230;13m██[38;2;251;230;13m██[38;2;234;217;18m██[38;2;8;21;106m██[38;2;90;98;149m██[38;2;221;221;221m██[38;2;198;200;206m██[38;2;101;108;148m██[38;2;157;161;179m██[38;2;230;219;107m██[38;2;251;230;13m████[38;2;250;230;13m██[38;2;250;229;13m██[38;2;130;127;97m██[38;2;218;219;220m██[38;2;217;217;219m██[38;2;59;69;131m██[38;2;128;126;58m██[38;2;250;230;13m██[38;2;246;227;15m██[38;2;45;64;197m██[38;2;48;70;234m██[38;2;36;60;233m██[38;2;12;27;118m██[38;2;216;218;231m  [38;2;95;95;95m  [38;2;0;0;0m  
[38;2;25;50;234m██[38;2;39;62;234m██[38;2;51;74;234m██[38;2;61;82;233m██[38;2;29;41;114m██[38;2;245;227;14m██[38;2;250;229;13m██[38;2;91;93;73m██[38;2;90;98;147m██[38;2;221;221;222m██[38;2;216;216;218m██[38;2;27;40;127m██[38;2;110;119;181m██[38;2;246;246;249m██[38;2;180;181;172m██[38;2;250;229;12m██[38;2;251;230;13m██[38;2;250;230;13m██[38;2;251;230;13m██[38;2;167;169;179m██[38;2;57;68;132m██[38;2;108;115;147m██[38;2;222;222;221m██[38;2;12;25;103m██[38;2;240;222;16m██[38;2;250;229;13m██[38;2;72;81;123m██[38;2;53;75;234m██[38;2;42;65;234m██[38;2;20;39;166m██[38;2;137;143;183m  [38;2;117;117;117m  [38;2;0;0;0m  
[38;2;29;53;234m██[38;2;42;65;233m██[38;2;54;76;233m██[38;2;63;84;233m██[38;2;20;33;123m██[38;2;78;82;77m██[38;2;251;231;12m██[38;2;17;29;111m██[38;2;221;221;222m██[38;2;222;222;222m██[38;2;121;127;157m██[38;2;15;30;134m██[38;2;81;91;167m██[38;2;253;253;254m██[38;2;103;106;100m██[38;2;250;228;12m██[38;2;250;229;13m████[38;2;248;228;12m██[38;2;20;34;127m██[38;2;203;206;229m██[38;2;237;238;243m██[38;2;202;202;208m██[38;2;170;172;188m██[38;2;178;168;40m██[38;2;147;140;51m██[38;2;125;124;74m██[38;2;58;79;234m██[38;2;47;69;234m██[38;2;32;55;226m██[38;2;51;61;129m  [38;2;153;153;153m  [38;2;0;0;0m  
[38;2;32;56;234m██[38;2;46;68;234m██[38;2;57;78;234m██[38;2;66;86;233m██[38;2;27;41;132m██[38;2;185;177;35m██[38;2;87;86;75m██[38;2;57;66;129m██[38;2;250;250;250m██[38;2;253;253;253m██[38;2;121;128;161m██[38;2;15;30;134m████[38;2;31;45;141m██[38;2;157;149;48m██[38;2;250;226;12m██[38;2;250;227;12m██[38;2;250;226;12m██[38;2;238;217;16m██[38;2;15;30;133m██[38;2;87;98;170m██[38;2;237;239;246m██[38;2;155;160;182m██[38;2;215;214;216m██[38;2;103;104;68m██[38;2;164;155;45m██[38;2;27;36;105m██[38;2;59;79;230m██[38;2;47;67;221m██[38;2;36;58;226m██[38;2;8;22;110m██[38;2;227;227;229m  [38;2;68;68;68m  
[38;2;31;54;216m██[38;2;42;60;189m██[38;2;50;70;207m██[38;2;66;86;233m██[38;2;42;58;168m██[38;2;237;217;13m██[38;2;250;224;10m██[38;2;179;161;35m██[38;2;110;114;157m██[38;2;254;254;253m██[38;2;232;233;238m██[38;2;25;38;127m██[38;2;17;31;134m██[38;2;33;45;113m██[38;2;239;216;14m██[38;2;251;223;11m██████[38;2;245;222;11m██[38;2;16;31;130m██[38;2;15;30;134m██[38;2;18;32;131m██[38;2;232;233;238m██[38;2;182;186;205m██[38;2;119;110;60m██[38;2;167;158;41m██[38;2;26;32;95m██[38;2;47;66;200m██[38;2;211;205;28m██[38;2;224;211;25m██[38;2;52;60;91m██[38;2;200;203;221m  [38;2;117;117;117m  
[38;2;243;225;18m██[38;2;250;231;13m██[38;2;92;98;106m██[38;2;68;87;233m██[38;2;61;80;217m██[38;2;248;218;10m██[38;2;251;219;9m██[38;2;251;218;9m██[38;2;242;211;10m██[38;2;98;93;75m██[38;2;125;130;156m██[38;2;129;134;161m██[38;2;71;74;81m██[38;2;246;217;10m██[38;2;249;217;9m██[38;2;252;218;9m██████[38;2;247;217;11m██[38;2;56;63;87m██[38;2;20;34;126m██[38;2;95;103;145m██[38;2;179;181;194m██[38;2;181;158;34m██[38;2;251;220;10m██[38;2;250;222;9m██[38;2;74;72;79m██[38;2;30;46;154m██[38;2;90;95;95m██[38;2;121;122;79m██[38;2;141;137;61m██[38;2;109;117;164m  [38;2;120;120;120m  
[38;2;230;215;26m██[38;2;84;88;81m██[38;2;37;51;128m██[38;2;70;89;235m██[38;2;73;93;234m██[38;2;205;177;25m██[38;2;252;213;7m██[38;2;252;212;7m██[38;2;252;211;7m██[38;2;251;211;7m██[38;2;251;210;7m████[38;2;251;210;6m██[38;2;252;211;7m████[38;2;252;212;8m████[38;2;252;213;8m██[38;2;251;213;8m██[38;2;250;212;7m██[38;2;224;197;16m██[38;2;210;188;21m██[38;2;250;214;7m██[38;2;251;214;8m██[38;2;252;214;8m██[38;2;252;215;8m██[38;2;202;178;28m██[38;2;33;48;149m██[38;2;58;79;235m██[38;2;46;69;237m██[38;2;29;52;232m██[38;2;38;48;120m  [38;2;131;131;168m  
[38;2;38;60;228m██[38;2;53;75;236m██[38;2;53;74;218m██[38;2;51;70;201m██[38;2;73;92;233m██[38;2;72;74;111m██[38;2;252;205;5m██[38;2;252;204;5m████[38;2;252;203;5m██[38;2;252;202;5m████[38;2;251;202;5m██[38;2;252;208;3m██[38;2;208;174;21m██[38;2;157;137;42m██[38;2;248;204;6m██[38;2;190;163;29m██[38;2;228;189;14m██[38;2;253;209;3m██[38;2;252;205;5m██[38;2;252;206;5m██[38;2;252;207;5m████[38;2;252;208;5m██[38;2;252;208;6m██[38;2;250;208;6m██[38;2;25;34;115m██[38;2;134;132;82m██[38;2;223;207;26m██[38;2;146;143;66m██[38;2;7;20;105m██[38;2;243;243;243m  
[38;2;49;62;145m██[38;2;176;169;49m██[38;2;242;225;19m██[38;2;206;195;35m██[38;2;71;90;229m██[38;2;66;85;220m██[38;2;228;183;13m██[38;2;253;197;3m██[38;2;253;196;2m████[38;2;252;196;2m██[38;2;222;178;15m██[38;2;118;110;60m██[38;2;188;179;36m██[38;2;246;227;15m██[38;2;241;228;14m██[38;2;69;66;80m██[38;2;250;231;12m██[38;2;238;222;17m██[38;2;172;166;42m██[38;2;116;106;61m██[38;2;241;195;7m██[38;2;253;200;3m██[38;2;253;200;4m██[38;2;253;201;4m██[38;2;253;202;4m██[38;2;252;203;4m██[38;2;53;60;118m██[38;2;88;92;90m██[38;2;168;160;47m██[38;2;230;214;25m██[38;2;100;103;74m██[38;2;170;175;203m  
[38;2;250;230;13m██[38;2;250;231;14m██[38;2;250;231;13m██[38;2;246;227;16m██[38;2;65;72;98m██[38;2;72;92;233m██[38;2;69;73;127m██[38;2;252;193;1m██[38;2;253;192;1m████[38;2;133;112;54m██[38;2;211;199;27m██[38;2;250;230;14m████[38;2;218;205;24m██[38;2;149;122;47m██[38;2;252;194;2m██[38;2;126;106;57m██[38;2;208;197;29m██[38;2;250;230;13m██[38;2;250;231;13m██[38;2;186;177;37m██[38;2;153;127;45m██[38;2;252;195;2m██[38;2;253;196;2m██[38;2;253;197;2m██[38;2;250;197;3m██[38;2;45;62;183m██[38;2;43;63;204m██[38;2;33;55;216m██[38;2;21;45;224m██[38;2;17;35;155m██[38;2;39;51;123m  
[38;2;250;231;14m██[38;2;174;168;49m██[38;2;43;57;141m██[38;2;54;73;216m██[38;2;71;90;236m██[38;2;70;90;234m██[38;2;69;89;233m██[38;2;118;101;72m██[38;2;251;188;1m██[38;2;73;70;81m██[38;2;248;224;12m██[38;2;251;231;14m██[38;2;250;231;14m████[38;2;79;81;78m██[38;2;252;190;1m██[38;2;254;190;1m██[38;2;253;190;0m██[38;2;169;139;36m██[38;2;237;221;18m██[38;2;251;231;14m██[38;2;251;230;14m██[38;2;246;230;14m██[38;2;81;74;77m██[38;2;251;192;2m██[38;2;253;193;1m██[38;2;175;143;35m██[38;2;18;33;133m██[38;2;15;30;134m██[38;2;15;30;135m██[38;2;14;29;125m██[38;2;13;30;143m██[38;2;9;23;102m  [0m
