
[38;2;0;0;0m                  [38;2;0;11;18m  [38;2;21;33;54m  [38;2;37;74;131m  [38;2;26;68;193m  [38;2;12;44;189m  [38;2;12;44;169m  [38;2;8;41;148m  [38;2;5;29;107m██[38;2;0;23;39m  [38;2;6;11;25m  [38;2;82;93;93m  [38;2;0;0;0m                      
[38;2;0;0;0m  [38;2;38;38;38m  [38;2;0;25;25m  [38;2;0;0;0m  [38;2;12;12;12m  [38;2;0;0;0m      [38;2;76;102;117m  [38;2;41;62;90m  [38;2;17;48;135m██[38;2;12;34;131m██[38;2;0;10;33m██[38;2;2;17;26m██[38;2;2;14;27m██[38;2;5;12;28m██[38;2;2;14;26m██[38;2;4;13;12m██[38;2;175;171;90m██[38;2;90;127;93m  [38;2;0;0;0m                      
[38;2;21;63;63m  [38;2;52;82;94m  [38;2;71;98;112m  [38;2;50;57;61m  [38;2;161;181;194m  [38;2;58;62;65m  [38;2;0;0;0m    [38;2;2;7;13m  [38;2;15;41;91m██[38;2;6;34;108m██[38;2;7;28;102m██[38;2;2;14;29m██[38;2;2;14;27m██[38;2;2;15;25m██[38;2;2;16;21m██[38;2;18;32;21m██[38;2;9;11;20m██[38;2;198;188;70m██[38;2;59;84;87m  [38;2;0;0;0m                      
[38;2;103;103;103m  [38;2;74;95;101m  [38;2;98;117;124m██[38;2;178;198;201m██[38;2;186;205;213m██[38;2;24;38;42m  [38;2;0;0;0m    [38;2;42;54;64m  [38;2;1;41;134m  [38;2;9;30;108m██[38;2;12;47;161m██[38;2;0;17;43m██[38;2;2;15;27m██[38;2;2;15;25m██[38;2;2;13;20m██[38;2;172;163;84m██[38;2;202;193;106m██[38;2;187;172;88m██[38;2;69;90;73m  [38;2;30;39;39m  [38;2;0;0;0m                    
[38;2;50;71;78m  [38;2;108;129;145m  [38;2;56;73;84m██[38;2;172;188;198m██[38;2;132;155;162m  [38;2;6;13;13m  [38;2;0;0;0m    [38;2;23;38;44m  [38;2;4;16;63m  [38;2;5;24;73m██[38;2;2;13;17m██[38;2;4;15;26m██[38;2;2;13;23m██[38;2;4;14;25m██[38;2;4;12;27m██[38;2;11;16;8m██[38;2;123;123;68m██[38;2;63;67;53m██[38;2;113;121;73m██[38;2;103;116;65m  [38;2;80;103;79m  [38;2;20;24;22m  [38;2;13;13;13m  [38;2;0;0;0m              
[38;2;87;105;107m  [38;2;102;114;119m██[38;2;133;150;160m██[38;2;45;61;70m██[38;2;136;155;162m  [38;2;24;26;26m  [38;2;0;0;0m    [38;2;0;0;107m  [38;2;12;32;99m  [38;2;1;23;91m██[38;2;5;14;39m██[38;2;157;169;129m██[38;2;100;111;96m██[38;2;127;139;119m██[38;2;106;114;90m██[38;2;77;78;44m██[38;2;37;43;23m██[38;2;8;20;51m██[38;2;13;31;87m██[38;2;18;43;139m██[38;2;5;23;46m██[38;2;58;68;47m  [38;2;1;1;1m  [38;2;0;0;0m              
[38;2;206;222;227m  [38;2;25;38;42m██[38;2;47;61;70m██[38;2;113;131;141m██[38;2;86;101;110m██[38;2;84;108;121m  [38;2;0;0;0m    [38;2;21;37;75m  [38;2;1;18;36m  [38;2;0;18;48m██[38;2;0;14;30m██[38;2;54;53;31m██[38;2;99;109;53m██[38;2;140;152;110m██[38;2;94;98;75m██[38;2;71;71;48m██[38;2;60;59;39m██[38;2;70;76;56m██[38;2;157;162;119m██[38;2;199;210;150m  [38;2;52;75;46m  [38;2;95;116;126m  [38;2;0;0;0m                
[38;2;190;204;211m  [38;2;201;214;221m██[38;2;76;89;98m██[38;2;26;41;52m██[38;2;140;158;173m██[38;2;63;86;90m██[38;2;100;124;137m  [38;2;143;168;200m  [38;2;65;113;181m  [38;2;1;16;28m██[38;2;8;13;20m██[38;2;160;174;156m██[38;2;55;69;63m██[38;2;54;73;71m██[38;2;56;80;108m██[38;2;233;241;248m██[38;2;211;239;241m██[38;2;211;239;237m██[38;2;212;234;232m██[38;2;34;38;61m  [38;2;26;75;75m  [38;2;0;0;0m                    
[38;2;101;113;124m  [38;2;27;39;50m██[38;2;148;161;169m██[38;2;114;132;143m██[38;2;51;72;89m██[38;2;104;123;124m██[38;2;152;172;176m██[38;2;13;41;146m██[38;2;41;76;123m██[38;2;1;15;20m██[38;2;5;8;19m██[38;2;144;151;132m██[38;2;175;183;175m██[38;2;39;61;60m██[38;2;70;87;101m██[38;2;214;232;241m██[38;2;204;218;241m██[38;2;81;96;114m██[38;2;183;207;210m  [38;2;138;145;151m  [38;2;3;3;3m  [38;2;0;0;0m                    
[38;2;6;13;21m  [38;2;131;144;152m██[38;2;61;78;91m██[38;2;63;80;87m██[38;2;123;139;145m██[38;2;123;143;144m██[38;2;7;34;116m██[38;2;1;21;81m██[38;2;61;96;141m██[38;2;1;15;18m██[38;2;4;13;22m██[38;2;93;98;82m██[38;2;228;223;197m██[38;2;159;169;170m██[38;2;66;86;105m██[38;2;11;29;34m██[38;2;69;83;89m██[38;2;152;161;164m██[38;2;62;82;100m  [38;2;0;0;0m                        
[38;2;148;161;169m  [38;2;57;70;78m██[38;2;59;75;84m██[38;2;121;139;143m██[38;2;74;85;92m██[38;2;49;64;93m██[38;2;2;43;112m██[38;2;5;15;28m██[38;2;26;51;91m██[38;2;8;17;27m██[38;2;217;214;205m██[38;2;86;85;57m██[38;2;121;117;88m██[38;2;223;227;209m██[38;2;87;93;87m██[38;2;132;125;94m██[38;2;118;98;68m██[38;2;100;86;55m██[38;2;128;133;114m  [38;2;103;130;149m  [38;2;0;107;107m  [38;2;0;0;0m                    
[38;2;71;88;91m  [38;2;111;129;136m██[38;2;162;179;188m██[38;2;114;132;133m██[38;2;60;69;83m██[38;2;0;9;38m██[38;2;0;19;38m██[38;2;1;16;29m██[38;2;4;14;23m██[38;2;30;44;95m██[38;2;221;223;185m██[38;2;134;131;101m██[38;2;105;110;77m██[38;2;217;218;198m██[38;2;225;217;190m██[38;2;219;199;147m██[38;2;217;207;161m██[38;2;32;49;48m██[38;2;118;133;143m██[38;2;106;126;132m  [38;2;30;43;52m  [38;2;0;0;0m                    
[38;2;88;105;108m  [38;2;140;159;166m██[38;2;177;194;204m██[38;2;182;200;201m██[38;2;158;171;179m██[38;2;18;26;43m██[38;2;20;40;80m██[38;2;5;14;29m██[38;2;4;17;29m██[38;2;1;14;30m██[38;2;36;47;82m██[38;2;204;210;198m██[38;2;91;91;65m██[38;2;76;75;47m██[38;2;223;227;203m██[38;2;219;228;196m██[38;2;128;144;139m██[38;2;73;89;101m██[38;2;102;117;127m██[38;2;106;125;132m██[38;2;108;136;152m  [38;2;0;0;0m                    
[38;2;81;99;102m  [38;2;91;112;114m██[38;2;128;144;153m██[38;2;145;162;165m██[38;2;145;161;164m██[38;2;86;94;100m██[38;2;38;60;115m██[38;2;2;16;18m██[38;2;199;200;128m██[38;2;173;177;132m██[38;2;5;19;31m██[38;2;91;105;117m██[38;2;139;136;109m██[38;2;98;98;84m██[38;2;97;92;74m██[38;2;191;187;163m██[38;2;86;101;97m██[38;2;27;48;57m██[38;2;88;105;114m██[38;2;54;76;84m  [38;2;57;62;64m  [38;2;0;0;0m              [38;2;43;43;43m  [38;2;0;0;0m    
[38;2;93;104;113m  [38;2;93;105;119m██[38;2;36;49;56m██[38;2;85;98;105m██[38;2;125;142;150m██[38;2;110;128;132m██[38;2;1;14;36m██[38;2;5;15;41m██[38;2;177;176;78m██[38;2;99;101;45m██[38;2;0;14;33m██[38;2;5;16;44m██[38;2;184;198;176m██[38;2;218;211;169m██[38;2;103;99;75m██[38;2;71;83;97m██[38;2;103;113;124m██[38;2;88;105;118m██[38;2;87;109;127m  [38;2;65;71;102m  [38;2;0;0;0m              [38;2;77;77;77m  [38;2;135;152;144m  [38;2;127;127;127m  [38;2;0;0;0m  
[38;2;3;40;110m  [38;2;14;22;31m██[38;2;87;102;104m██[38;2;128;142;145m██[38;2;132;149;153m██[38;2;120;138;138m██[38;2;50;65;77m██[38;2;10;25;55m██[38;2;12;17;14m██[38;2;192;194;90m██[38;2;5;13;32m██[38;2;16;35;64m██[38;2;216;225;197m██[38;2;202;176;144m██[38;2;38;38;69m██[38;2;64;82;89m██[38;2;71;87;101m██[38;2;143;156;167m██[38;2;85;92;110m  [38;2;59;82;82m  [38;2;0;0;0m      [38;2;33;67;33m  [38;2;132;141;145m  [38;2;88;109;119m  [38;2;33;33;33m  [38;2;32;36;39m  [38;2;205;204;193m  [38;2;27;27;27m  [38;2;113;131;129m  
[38;2;5;77;233m  [38;2;3;27;92m██[38;2;47;56;62m██[38;2;93;110;115m██[38;2;150;168;167m██[38;2;167;185;185m██[38;2;159;175;176m██[38;2;3;12;35m██[38;2;3;16;30m██[38;2;9;13;8m██[38;2;2;12;49m██[38;2;116;137;154m██[38;2;208;197;160m██[38;2;78;69;107m██[38;2;46;32;92m██[38;2;44;49;74m██[38;2;29;36;49m██[38;2;184;201;208m██[38;2;6;17;34m  [38;2;53;60;64m  [38;2;0;0;0m    [38;2;130;149;152m  [38;2;138;145;133m  [38;2;212;195;159m  [38;2;185;186;162m  [38;2;101;134;101m  [38;2;183;196;176m  [38;2;156;176;162m  [38;2;105;108;91m  [38;2;106;120;112m  
[38;2;7;87;237m  [38;2;4;46;195m██[38;2;1;11;39m██[38;2;100;117;124m██[38;2;118;136;136m██[38;2;128;146;146m██[38;2;128;145;147m██[38;2;87;100;111m██[38;2;4;16;30m██[38;2;0;16;30m██[38;2;39;56;88m██[38;2;176;175;144m██[38;2;11;8;31m██[38;2;99;61;167m██[38;2;97;68;143m██[38;2;49;58;77m██[38;2;43;54;63m██[38;2;6;14;44m██[38;2;3;15;38m██[38;2;22;56;74m  [38;2;0;0;0m    [38;2;172;185;180m  [38;2;81;97;97m  [38;2;65;65;65m  [38;2;85;79;58m  [38;2;122;131;98m  [38;2;165;165;147m  [38;2;217;210;174m  [38;2;205;200;177m  [38;2;50;50;50m  
[38;2;20;70;198m  [38;2;5;51;205m██[38;2;3;28;113m██[38;2;100;112;109m██[38;2;81;99;105m██[38;2;122;141;141m██[38;2;159;178;176m██[38;2;90;107;116m██[38;2;2;16;24m██[38;2;1;15;27m██[38;2;45;41;95m██[38;2;90;47;146m██[38;2;87;43;159m██[38;2;86;65;146m██[38;2;26;39;53m██[38;2;21;28;66m██[38;2;118;129;149m██[38;2;13;21;48m██[38;2;2;16;26m██[38;2;38;58;90m  [38;2;0;0;0m  [38;2;105;105;105m  [38;2;114;134;110m  [38;2;122;140;142m  [38;2;146;163;155m  [38;2;217;209;185m  [38;2;100;89;58m██[38;2;209;207;180m██[38;2;156;144;98m  [38;2;91;95;82m  [38;2;0;0;0m  
[38;2;37;48;89m██[38;2;50;78;134m██[38;2;12;40;142m██[38;2;7;20;42m██[38;2;132;149;156m██[38;2;140;158;163m██[38;2;118;136;137m██[38;2;102;118;127m██[38;2;34;50;57m██[38;2;1;14;26m██[38;2;3;13;27m██[38;2;72;49;118m██[38;2;33;34;67m██[38;2;10;21;36m██[38;2;112;82;170m██[38;2;71;61;106m██[38;2;161;174;183m██[38;2;196;211;212m██[38;2;8;18;29m██[38;2;124;135;146m  [38;2;0;0;0m  [38;2;61;73;42m  [38;2;163;162;138m  [38;2;71;66;47m██[38;2;160;147;106m██[38;2;155;146;128m██[38;2;169;162;136m██[38;2;135;133;104m██[38;2;144;153;131m  [38;2;0;0;0m    
[38;2;8;28;97m██[38;2;5;28;103m██[38;2;43;52;66m██[38;2;90;106;114m██[38;2;60;73;85m██[38;2;88;103;112m██[38;2;84;99;104m██[38;2;77;93;102m██[38;2;12;25;33m██[38;2;4;15;25m██[38;2;20;35;50m██[38;2;23;37;46m██[38;2;12;27;61m██[38;2;63;45;115m██[38;2;154;111;198m██[38;2;132;150;164m██[38;2;147;159;169m██[38;2;227;239;251m██[38;2;174;189;202m██[38;2;65;78;86m  [38;2;0;0;0m    [38;2;84;100;84m  [38;2;223;215;174m██[38;2;136;117;68m██[38;2;105;96;74m██[38;2;218;210;168m██[38;2;184;175;152m  [38;2;74;74;74m  [38;2;0;0;0m    
[38;2;0;13;34m██[38;2;3;27;122m██[38;2;2;30;120m██[38;2;3;14;39m██[38;2;68;76;89m██[38;2;13;17;30m██[38;2;5;9;19m██[38;2;2;10;25m██[38;2;3;9;36m██[38;2;9;23;59m██[38;2;15;32;55m██[38;2;93;95;67m██[38;2;8;13;21m██[38;2;138;131;177m██[38;2;124;128;161m██[38;2;185;200;213m██[38;2;151;163;178m██[38;2;145;157;167m██[38;2;181;195;208m  [38;2;89;105;105m  [38;2;0;0;0m  [38;2;6;29;29m  [38;2;60;60;68m  [38;2;171;154;119m██[38;2;135;126;85m██[38;2;179;172;157m██[38;2;194;200;169m  [38;2;117;117;117m  [38;2;0;0;0m      
[38;2;1;16;34m██[38;2;3;29;130m██[38;2;4;27;118m██[38;2;3;18;26m██[38;2;99;109;123m██[38;2;128;145;155m██[38;2;158;176;186m██[38;2;133;145;157m██[38;2;126;138;148m██[38;2;4;12;34m██[38;2;4;11;34m██[38;2;9;10;35m██[38;2;142;134;194m██[38;2;33;46;37m██[38;2;147;160;153m██[38;2;14;23;43m██[38;2;150;162;177m██[38;2;155;168;177m██[38;2;38;57;67m  [38;2;0;0;0m  [38;2;41;43;84m  [38;2;59;80;129m  [38;2;13;16;15m██[38;2;60;58;36m██[38;2;216;207;166m██[38;2;197;197;159m  [38;2;35;43;46m  [38;2;0;0;0m        
[38;2;0;18;41m██[38;2;4;30;127m██[38;2;4;24;86m██[38;2;1;15;44m██[38;2;0;11;48m██[38;2;27;43;47m██[38;2;164;179;188m██[38;2;125;140;154m██[38;2;1;32;91m██[38;2;23;48;135m██[38;2;6;13;29m██[38;2;156;138;209m██[38;2;139;106;194m██[38;2;103;93;150m██[38;2;49;43;86m██[38;2;18;31;56m██[38;2;156;168;178m██[38;2;104;121;124m██[38;2;87;117;134m  [38;2;0;0;0m  [38;2;114;175;231m  [38;2;6;44;155m██[38;2;2;15;20m██[38;2;227;220;195m██[38;2;149;143;118m██[38;2;31;46;53m  [38;2;62;63;63m  [38;2;0;0;0m        
[38;2;0;19;63m██[38;2;6;30;107m██[38;2;0;14;34m██[38;2;14;36;141m██[38;2;18;35;105m██[38;2;155;165;164m██[38;2;148;169;176m██[38;2;44;57;70m██[38;2;4;34;127m██[38;2;0;18;71m██[38;2;100;79;148m██[38;2;165;115;222m██[38;2;140;85;205m██[38;2;99;56;162m██[38;2;27;26;62m██[38;2;159;173;182m██[38;2;215;230;249m██[38;2;34;42;123m██[38;2;31;60;123m  [38;2;61;135;135m  [38;2;67;132;230m  [38;2;8;37;141m██[38;2;0;18;22m██[38;2;35;34;31m██[38;2;44;54;53m██[38;2;53;67;80m  [38;2;39;52;59m  [38;2;0;0;0m        
[38;2;7;31;105m██[38;2;0;17;56m██[38;2;1;16;40m██[38;2;2;16;39m██[38;2;2;15;25m██[38;2;53;70;77m██[38;2;142;160;163m██[38;2;18;31;42m██[38;2;1;10;30m██[38;2;1;8;35m██[38;2;141;99;206m██[38;2;130;79;203m██[38;2;112;60;176m██[38;2;45;40;98m██[38;2;176;185;203m██[38;2;216;226;238m██[38;2;41;49;69m██[38;2;4;17;59m██[38;2;9;29;84m  [38;2;74;89;109m  [38;2;14;73;218m  [38;2;3;19;67m██[38;2;5;15;30m██[38;2;1;12;24m██[38;2;58;70;82m██[38;2;26;36;47m██[38;2;66;85;93m  [38;2;0;0;0m        
[38;2;0;20;55m██[38;2;4;11;36m██[38;2;0;14;24m██[38;2;2;16;27m██[38;2;53;70;81m██[38;2;42;58;66m██[38;2;68;86;89m██[38;2;4;7;22m██[38;2;155;157;97m██[38;2;66;46;103m██[38;2;128;80;202m██[38;2;99;67;161m██[38;2;17;15;53m██[38;2;185;199;209m██[38;2;192;206;221m██[38;2;121;135;147m██[38;2;3;14;35m██[38;2;2;19;34m██[38;2;0;14;62m██[38;2;23;83;217m  [38;2;6;36;130m██[38;2;3;16;18m██[38;2;1;14;29m██[38;2;1;13;25m██  [38;2;54;80;88m  [38;2;0;0;0m          
[38;2;5;16;29m██[38;2;2;19;27m██[38;2;0;15;22m██[38;2;78;95;102m██[38;2;118;135;142m██[38;2;103;120;127m██[38;2;61;76;84m██[38;2;10;20;28m██[38;2;2;14;21m██[38;2;77;68;128m██[38;2;26;20;65m██[38;2;179;192;204m██[38;2;114;133;135m██[38;2;96;113;120m██[38;2;118;135;144m██[38;2;121;140;138m██[38;2;10;17;44m██[38;2;3;24;94m██[38;2;8;63;221m██[38;2;6;41;175m██[38;2;4;16;48m██[38;2;3;12;32m██[38;2;2;13;24m██[38;2;4;13;33m██[38;2;138;149;152m  [38;2;0;0;0m            
[38;2;21;37;47m  [38;2;28;45;55m██[38;2;21;35;45m██[38;2;53;70;80m██[38;2;149;166;173m██[38;2;118;135;142m██[38;2;106;122;129m██[38;2;67;80;89m██[38;2;2;12;26m██[38;2;136;143;165m██[38;2;30;43;52m██[38;2;77;95;99m██[38;2;119;137;141m██[38;2;133;151;155m██[38;2;167;184;191m██[38;2;20;31;40m██[38;2;2;11;32m██[38;2;9;45;145m██[38;2;9;42;177m██[38;2;3;18;60m██[38;2;0;15;33m██[38;2;3;15;17m██[38;2;0;15;36m██[38;2;32;54;70m  [38;2;42;73;73m  [38;2;0;0;0m            
[38;2;110;127;138m  [38;2;49;66;76m██[38;2;63;80;90m██[38;2;109;126;136m██[38;2;65;82;90m██[38;2;73;91;97m██[38;2;103;119;126m██[38;2;78;91;100m██[38;2;3;12;26m██[38;2;53;65;74m██[38;2;61;81;86m██[38;2;87;103;111m██[38;2;92;109;117m██[38;2;142;160;162m██[38;2;27;43;53m██[38;2;1;13;32m██[38;2;2;13;26m██[38;2;6;14;62m██[38;2;4;11;43m██[38;2;1;16;28m██[38;2;4;14;32m██[38;2;7;27;71m██[38;2;19;62;152m  [38;2;72;86;91m  [38;2;0;0;0m              
[38;2;122;135;143m  [38;2;79;92;100m██[38;2;107;124;134m██[38;2;110;127;137m██[38;2;117;135;140m██[38;2;95;112;117m██[38;2;105;123;127m██[38;2;34;52;55m██[38;2;46;64;67m██[38;2;157;174;180m██[38;2;128;145;155m██[38;2;133;148;156m██[38;2;124;139;148m██[38;2;92;108;112m██[38;2;24;38;51m██[38;2;9;22;45m██[38;2;0;16;32m██[38;2;0;16;28m██[38;2;1;13;33m██[38;2;1;15;19m██[38;2;1;17;60m██[38;2;13;44;163m██[38;2;48;67;88m  [38;2;25;25;25m  [38;2;0;0;0m              
[38;2;126;140;148m  [38;2;127;140;148m  [38;2;121;138;148m  [38;2;155;172;182m  [38;2;145;162;168m  [38;2;55;72;78m  [38;2;55;74;80m  [38;2;145;165;171m  [38;2;51;73;80m  [38;2;64;84;90m  [38;2;43;63;73m  [38;2;37;56;68m  [38;2;56;75;87m  [38;2;47;69;78m  [38;2;115;153;178m  [38;2;4;20;36m  [38;2;0;13;29m██[38;2;0;16;28m██[38;2;1;13;35m██[38;2;1;13;42m  [38;2;11;41;147m  [38;2;2;14;31m  [38;2;34;34;34m  [38;2;0;0;0m                [0m
