
[38;2;0;0;0m                                        [38;2;36;24;15m  [38;2;97;79;115m  [38;2;42;42;42m  [38;2;0;0;0m                    
[38;2;0;0;0m                                        [38;2;55;38;44m  [38;2;99;82;119m  [38;2;18;11;3m  [38;2;0;0;0m                    
[38;2;0;0;0m                                        [38;2;57;42;46m  [38;2;97;81;117m██[38;2;142;133;131m  [38;2;0;0;0m                    
[38;2;0;0;0m                [38;2;33;33;33m  [38;2;32;32;32m  [38;2;0;0;0m                    [38;2;63;51;47m  [38;2;98;81;117m██[38;2;85;66;87m  [38;2;36;19;13m  [38;2;47;34;32m  [38;2;34;26;26m  [38;2;20;20;20m  [38;2;0;0;0m            
[38;2;0;0;0m            [38;2;20;18;18m  [38;2;66;50;47m  [38;2;44;28;25m  [38;2;41;26;22m  [38;2;56;41;39m  [38;2;19;16;16m  [38;2;4;4;4m  [38;2;0;0;0m          [38;2;8;8;0m  [38;2;65;51;48m  [38;2;96;78;112m  [38;2;98;81;117m██[38;2;98;81;118m██[38;2;99;82;118m██[38;2;98;81;116m██[38;2;98;76;102m  [38;2;94;63;60m  [38;2;32;32;32m  [38;2;0;0;0m          
[38;2;0;0;0m        [38;2;40;40;40m  [38;2;55;45;46m  [38;2;64;103;135m  [38;2;64;111;146m██[38;2;52;100;136m██[38;2;50;97;132m██[38;2;60;105;138m██[38;2;189;205;217m  [38;2;47;40;42m  [38;2;3;0;0m  [38;2;0;0;0m      [38;2;40;0;0m  [38;2;56;40;36m  [38;2;95;79;114m  [38;2;86;68;91m██[38;2;99;81;118m██[38;2;98;80;117m██[38;2;154;114;92m██[38;2;91;61;69m██[38;2;243;185;123m██[38;2;98;68;74m██[38;2;94;71;94m  [38;2;169;169;169m  [38;2;0;0;0m        
[38;2;0;0;0m        [38;2;52;54;60m  [38;2;167;186;200m██[38;2;245;246;247m██[38;2;202;203;207m██[38;2;181;184;189m██[38;2;177;179;183m██[38;2;226;226;226m██[38;2;235;237;239m██[38;2;84;124;154m██[38;2;64;109;142m  [38;2;60;50;50m  [38;2;0;0;0m    [38;2;48;33;29m  [38;2;99;82;121m██[38;2;76;59;74m██[38;2;99;82;119m██[38;2;100;82;119m██[38;2;151;134;136m██[38;2;179;137;108m██[38;2;92;74;106m██[38;2;105;80;97m██[38;2;234;177;117m██[38;2;95;74;101m██[38;2;101;80;112m  [38;2;174;167;167m  [38;2;0;0;0m      
[38;2;0;0;0m      [38;2;37;24;20m  [38;2;150;173;191m██[38;2;189;191;195m██[38;2;228;229;230m██[38;2;225;230;234m██[38;2;202;205;209m██[38;2;160;166;173m██[38;2;163;169;178m██[38;2;174;174;178m██[38;2;173;170;170m██[38;2;233;237;238m██[38;2;66;113;149m  [38;2;36;27;26m  [38;2;61;51;49m  [38;2;95;78;111m██[38;2;96;78;112m██[38;2;100;82;119m██[38;2;99;81;119m██[38;2;96;76;103m██[38;2;254;239;234m██[38;2;201;185;181m██[38;2;97;80;114m██[38;2;97;81;116m██[38;2;151;107;85m██[38;2;225;169;114m██[38;2;98;80;115m██[38;2;90;65;74m  [38;2;227;208;208m  [38;2;9;4;4m  [38;2;29;23;21m  
[38;2;0;0;0m    [38;2;10;10;10m  [38;2;60;97;128m  [38;2;190;193;197m██[38;2;211;214;218m██[38;2;239;239;242m██[38;2;206;220;231m██[38;2;210;218;225m██[38;2;231;231;233m██[38;2;182;182;184m██[38;2;116;134;152m██[38;2;238;238;241m██[38;2;196;191;191m██[38;2;229;232;235m██[38;2;66;114;150m██[38;2;71;54;65m  [38;2;98;81;117m██[38;2;98;80;114m██[38;2;97;81;117m██[38;2;99;82;119m██[38;2;175;150;144m██[38;2;227;213;209m██[38;2;116;90;103m██[38;2;97;79;111m██[38;2;99;82;119m██[38;2;98;80;117m██[38;2;154;112;90m██[38;2;188;138;96m██[38;2;99;82;117m██[38;2;116;103;101m  [38;2;82;65;86m  [38;2;100;83;121m  
[38;2;0;0;0m    [38;2;69;54;49m  [38;2;205;213;221m  [38;2;187;192;196m██[38;2;239;239;243m██[38;2;239;239;242m██[38;2;201;216;230m██[38;2;152;188;218m██[38;2;222;220;218m██[38;2;161;148;148m██[38;2;229;222;220m██[38;2;238;238;239m██[38;2;239;238;240m██[38;2;207;204;203m██[38;2;144;169;188m██[38;2;65;110;144m██[38;2;94;77;109m██[38;2;102;84;122m██[38;2;98;80;116m██[38;2;93;71;95m██[38;2;208;183;176m██[38;2;253;242;238m██[38;2;149;118;116m██[38;2;98;82;121m██[38;2;101;83;121m██[38;2;97;81;117m██[38;2;99;82;119m██[38;2;120;87;79m██[38;2;102;84;124m██[38;2;100;82;120m██[38;2;98;82;118m██[38;2;99;82;120m██
[38;2;0;0;0m    [38;2;138;135;138m  [38;2;176;179;185m██[38;2;165;167;171m██[38;2;240;240;243m██[38;2;239;239;243m██[38;2;237;238;238m██[38;2;132;155;175m██[38;2;254;238;234m██[38;2;182;151;143m██[38;2;180;150;143m██[38;2;194;185;184m██[38;2;237;237;241m██[38;2;238;238;242m██[38;2;225;224;224m██[38;2;61;106;140m██[38;2;63;99;128m██[38;2;98;82;119m██[38;2;101;83;121m██[38;2;139;105;102m██[38;2;242;244;246m██[38;2;219;199;193m██[38;2;237;233;231m██[38;2;97;81;119m██[38;2;97;81;117m██[38;2;97;80;116m██[38;2;89;72;97m██[38;2;154;140;142m██[38;2;100;82;121m██[38;2;99;81;118m██[38;2;99;82;120m██[38;2;77;60;81m  
[38;2;0;0;0m  [38;2;19;16;15m  [38;2;122;155;178m██[38;2;179;189;198m██[38;2;112;104;106m██[38;2;167;172;178m██[38;2;240;240;242m██[38;2;121;123;128m██[38;2;254;238;234m██[38;2;255;240;236m██[38;2;220;204;201m██[38;2;241;241;244m██[38;2;233;220;215m██[38;2;245;246;248m██[38;2;239;239;242m██[38;2;219;216;218m██[38;2;104;139;165m██[38;2;65;108;141m██[38;2;62;46;48m██[38;2;101;85;124m██[38;2;223;215;214m██[38;2;238;237;240m██[38;2;202;172;164m██[38;2;254;240;235m██[38;2;121;106;105m██[38;2;100;83;120m██[38;2;97;81;117m██[38;2;75;56;64m██[38;2;253;246;242m██[38;2;91;72;108m██[38;2;103;86;125m██[38;2;98;90;89m  [38;2;174;172;172m  
[38;2;0;0;0m  [38;2;68;52;49m  [38;2;251;251;251m██[38;2;218;220;223m██[38;2;137;135;138m██[38;2;161;156;159m██[38;2;250;245;240m██[38;2;254;240;235m██[38;2;255;239;235m██[38;2;255;240;236m██[38;2;219;204;202m██[38;2;238;238;241m██[38;2;186;151;142m██[38;2;185;178;177m██[38;2;239;239;243m██[38;2;238;238;241m██[38;2;229;229;230m██[38;2;65;109;142m██[38;2;64;106;139m██[38;2;92;69;90m██[38;2;239;239;240m██[38;2;239;240;242m██[38;2;240;226;220m██[38;2;255;239;235m██[38;2;254;238;234m██[38;2;252;247;245m██[38;2;79;60;83m██[38;2;136;114;115m██[38;2;229;219;215m██[38;2;102;84;115m██[38;2;99;81;118m██[38;2;207;204;203m  [38;2;0;0;0m  
[38;2;25;7;7m  [38;2;57;62;73m  [38;2;169;176;184m██[38;2;128;125;129m██[38;2;170;158;156m██[38;2;254;238;234m██[38;2;255;241;237m██[38;2;255;239;235m██████[38;2;210;187;181m██[38;2;239;239;241m██[38;2;195;162;154m██[38;2;235;224;221m██[38;2;242;243;245m██[38;2;234;234;234m██[38;2;237;236;237m██[38;2;59;72;87m██[38;2;60;40;35m██[38;2;231;219;215m██[38;2;238;238;241m██[38;2;239;238;239m██[38;2;254;242;238m██[38;2;255;240;236m██████[38;2;254;240;236m██[38;2;254;244;239m██[38;2;251;241;237m██[38;2;98;76;94m██[38;2;98;81;118m██[38;2;52;36;34m  [38;2;0;0;0m  
[38;2;44;44;44m  [38;2;63;105;137m  [38;2;165;173;180m██[38;2;182;172;170m██[38;2;155;125;118m██[38;2;234;218;212m██[38;2;255;240;236m██[38;2;255;239;235m██[38;2;255;240;236m██[38;2;255;239;235m██[38;2;235;215;209m██[38;2;241;242;244m██[38;2;213;189;184m██[38;2;252;241;235m██[38;2;235;235;236m██[38;2;240;240;242m██[38;2;220;219;218m██[38;2;237;235;236m██[38;2;106;85;116m██[38;2;250;247;242m██[38;2;175;135;126m██[38;2;217;194;188m██[38;2;255;241;237m██[38;2;255;240;236m██████[38;2;254;240;236m██[38;2;206;189;186m██[38;2;187;162;156m██[38;2;99;77;97m██[38;2;98;81;118m██[38;2;65;49;49m  [38;2;34;34;34m  
[38;2;33;33;32m  [38;2;68;115;150m  [38;2;245;245;245m██[38;2;253;240;236m██[38;2;233;231;232m██[38;2;206;188;185m██[38;2;254;238;234m██[38;2;255;239;235m██[38;2;255;242;238m██[38;2;254;239;235m██[38;2;254;238;234m██[38;2;225;203;196m██[38;2;245;182;172m██[38;2;248;177;165m██[38;2;210;209;211m██[38;2;238;238;242m██[38;2;217;212;212m██[38;2;81;59;57m██[38;2;122;98;117m██[38;2;240;170;160m██[38;2;244;182;171m██[38;2;255;239;235m██[38;2;255;240;236m██[38;2;255;241;236m██[38;2;255;241;237m██[38;2;255;240;236m██[38;2;207;187;180m██[38;2;240;241;245m██[38;2;231;225;226m██[38;2;95;71;98m██[38;2;100;82;120m██[38;2;62;46;49m  [38;2;34;34;34m  
[38;2;22;14;12m  [38;2;87;125;154m██[38;2;200;200;202m██[38;2;248;241;236m██[38;2;240;241;244m██[38;2;240;242;245m██[38;2;254;246;243m██[38;2;255;239;235m██[38;2;254;237;233m██[38;2;199;144;133m██[38;2;220;189;181m██[38;2;255;239;234m██[38;2;254;239;234m██[38;2;243;233;229m██[38;2;197;200;203m██[38;2;240;239;242m██[38;2;214;209;208m██[38;2;157;116;104m██[38;2;141;108;106m██[38;2;254;240;236m██[38;2;254;237;233m██[38;2;199;151;141m██[38;2;219;198;191m██[38;2;255;239;235m██[38;2;255;239;234m██[38;2;255;239;235m██[38;2;173;138;129m██[38;2;238;238;242m██[38;2;229;222;222m██[38;2;88;70;104m██[38;2;98;81;118m██[38;2;69;53;57m  [38;2;51;48;48m  
[38;2;60;45;42m  [38;2;109;143;168m██[38;2;245;245;247m██[38;2;238;230;227m██[38;2;241;241;244m██[38;2;239;240;244m██[38;2;244;231;226m██[38;2;254;238;234m██[38;2;205;143;131m██[38;2;241;167;156m██[38;2;243;168;157m██[38;2;254;243;239m██[38;2;255;240;236m██[38;2;208;201;199m██[38;2;180;180;183m██[38;2;233;235;238m██[38;2;205;202;202m██[38;2;220;166;120m██[38;2;146;117;106m██[38;2;254;242;238m██[38;2;203;170;161m██[38;2;239;166;154m██[38;2;242;169;157m██[38;2;186;136;126m██[38;2;230;211;205m██[38;2;254;241;237m██[38;2;187;152;142m██[38;2;238;238;241m██[38;2;187;151;142m██[38;2;99;83;121m██[38;2;99;82;119m██[38;2;69;54;57m  [38;2;60;0;0m  
[38;2;55;48;51m  [38;2;114;146;170m  [38;2;237;237;240m██[38;2;218;206;202m██[38;2;226;220;220m██[38;2;241;243;245m██[38;2;254;246;242m██[38;2;245;233;228m██[38;2;243;168;157m██[38;2;241;165;154m██[38;2;240;165;153m██[38;2;210;162;152m██[38;2;255;239;235m████[38;2;193;192;192m██[38;2;187;209;227m██[38;2;169;161;161m██[38;2;227;170;113m██[38;2;183;173;170m██[38;2;254;237;233m██[38;2;239;165;154m██[38;2;243;168;157m██[38;2;241;166;156m██[38;2;242;166;156m██[38;2;238;165;153m██[38;2;207;164;155m██[38;2;252;239;236m██[38;2;237;235;236m██[38;2;238;226;220m██[38;2;102;83;119m██[38;2;98;81;116m██[38;2;78;61;61m  [38;2;0;0;0m  
[38;2;58;75;93m  [38;2;107;140;166m██[38;2;237;237;242m██[38;2;241;231;228m██[38;2;212;190;183m██[38;2;204;182;176m██[38;2;253;239;236m██[38;2;251;179;168m██[38;2;242;167;156m██[38;2;241;166;155m██[38;2;243;169;157m██[38;2;244;169;158m██[38;2;254;248;244m██[38;2;255;239;235m██[38;2;214;207;205m██[38;2;153;193;225m██[38;2;149;128;115m██[38;2;229;173;116m██[38;2;242;235;232m██[38;2;254;246;242m██[38;2;243;170;158m██[38;2;242;168;156m████[38;2;243;167;156m██[38;2;241;166;155m██[38;2;210;136;124m██[38;2;254;243;239m██[38;2;239;240;242m██[38;2;202;182;177m██[38;2;117;95;116m██[38;2;112;91;119m██[38;2;91;68;43m  [38;2;0;0;0m  
[38;2;60;92;118m██[38;2;77;118;149m██[38;2;239;239;242m██[38;2;186;180;180m██[38;2;217;208;205m██[38;2;220;202;196m██[38;2;254;238;234m██[38;2;211;139;127m██[38;2;243;166;156m██[38;2;241;167;155m██[38;2;242;167;156m██[38;2;243;169;157m██[38;2;201;139;127m██[38;2;255;239;235m██[38;2;215;205;201m██[38;2;125;160;190m██[38;2;201;155;112m██[38;2;231;175;117m██[38;2;254;248;245m██[38;2;254;240;236m██[38;2;244;169;158m██[38;2;242;167;156m██[38;2;243;166;156m██[38;2;241;165;154m██[38;2;243;167;156m██[38;2;209;148;137m██[38;2;255;239;235m██[38;2;213;151;140m██[38;2;164;134;126m██[38;2;160;123;116m██[38;2;126;99;109m██[38;2;88;51;49m  [38;2;0;0;0m  
[38;2;64;106;138m  [38;2;70;113;146m██[38;2;230;229;230m██[38;2;243;243;246m██[38;2;252;243;240m██[38;2;243;173;163m██[38;2;255;239;235m██[38;2;219;194;188m██[38;2;242;166;156m██[38;2;243;169;157m██[38;2;243;167;156m██[38;2;242;168;156m██[38;2;243;169;157m██[38;2;254;245;241m██[38;2;199;192;189m██[38;2;156;157;163m██[38;2;146;104;83m██[38;2;233;177;117m██[38;2;210;202;199m██[38;2;254;239;235m██[38;2;241;229;223m██[38;2;222;153;141m██[38;2;242;166;155m██[38;2;242;166;156m██[38;2;241;167;155m██[38;2;246;232;226m██[38;2;255;239;235m██[38;2;254;238;234m██[38;2;176;126;98m██[38;2;199;148;116m██[38;2;94;58;52m██[38;2;206;185;179m  [38;2;96;28;28m  
[38;2;65;110;144m██[38;2;66;110;144m██[38;2;245;246;247m██[38;2;239;239;240m██[38;2;194;182;179m██[38;2;254;242;238m██[38;2;255;239;235m██[38;2;252;242;237m██[38;2;242;168;157m██[38;2;243;170;158m██[38;2;242;169;157m██[38;2;243;170;158m██[38;2;213;191;185m██[38;2;254;238;234m██[38;2;170;175;182m██[38;2;170;166;167m██[38;2;99;77;103m██[38;2;232;175;117m██[38;2;99;81;113m██[38;2;253;238;233m██[38;2;255;239;235m██[38;2;250;239;234m██[38;2;197;147;137m██[38;2;235;163;151m██[38;2;244;171;159m██[38;2;254;239;235m██[38;2;255;239;235m██[38;2;253;244;240m██[38;2;231;176;120m██[38;2;214;161;115m██[38;2;109;72;65m  [38;2;103;69;67m  [38;2;0;0;0m  
[38;2;66;112;148m  [38;2;68;110;141m██[38;2;247;248;249m██[38;2;242;242;244m██[38;2;163;160;162m██[38;2;156;149;150m██[38;2;255;239;235m██[38;2;254;239;235m██[38;2;231;156;144m██[38;2;243;169;157m██[38;2;247;173;162m██[38;2;210;186;179m██[38;2;254;240;236m██[38;2;167;181;193m██[38;2;108;109;115m██[38;2;207;202;201m██[38;2;186;163;158m██[38;2;225;170;114m██[38;2;75;42;36m██[38;2;150;132;129m██[38;2;254;239;235m██[38;2;255;240;236m██[38;2;254;239;235m██[38;2;247;238;233m████[38;2;255;239;235m████[38;2;178;156;148m██[38;2;228;172;116m██[38;2;191;143;107m  [38;2;10;1;1m  [38;2;0;0;0m    
[38;2;62;102;133m  [38;2;64;89;111m██[38;2;70;56;53m  [38;2;238;238;242m██[38;2;234;238;240m██[38;2;248;240;236m██[38;2;255;239;235m██[38;2;255;240;236m██[38;2;198;171;163m██[38;2;190;125;113m██[38;2;245;233;228m██[38;2;254;239;235m██[38;2;211;209;210m██[38;2;167;173;180m██[38;2;177;168;166m██[38;2;209;204;203m██[38;2;254;244;239m██[38;2;213;163;118m██[38;2;243;240;236m██[38;2;84;77;83m██[38;2;191;184;182m██[38;2;254;239;235m██[38;2;255;239;235m██[38;2;255;240;236m██[38;2;255;239;235m████[38;2;253;236;232m██[38;2;209;155;104m██[38;2;231;174;117m██[38;2;82;50;43m  [38;2;0;0;0m      
[38;2;55;44;44m  [38;2;69;56;54m  [38;2;171;163;163m  [38;2;232;232;232m  [38;2;214;224;233m██[38;2;203;207;210m██[38;2;253;242;237m██[38;2;255;239;235m██[38;2;254;240;236m██[38;2;253;237;233m██[38;2;253;241;236m██[38;2;142;144;150m██[38;2;191;189;190m██[38;2;241;243;245m██[38;2;66;112;148m██[38;2;96;121;142m██[38;2;233;225;221m██[38;2;151;111;99m██[38;2;223;214;209m██[38;2;229;226;225m██[38;2;110;105;111m██[38;2;227;216;213m██[38;2;252;242;238m██[38;2;254;238;233m██[38;2;254;238;234m██[38;2;250;240;236m██[38;2;93;63;61m██[38;2;229;172;115m██[38;2;96;62;60m██[38;2;100;80;73m  [38;2;0;0;0m      
[38;2;50;2;0m  [38;2;0;0;0m  [38;2;5;2;2m  [38;2;72;57;54m  [38;2;232;231;231m  [38;2;130;176;215m██[38;2;178;173;173m██[38;2;137;135;139m██[38;2;124;118;121m██[38;2;78;82;91m██[38;2;78;89;101m██[38;2;85;90;100m██[38;2;106;112;121m██[38;2;140;147;157m██[38;2;90;80;81m██[38;2;81;50;44m██[38;2;198;176;170m██[38;2;253;244;239m██[38;2;254;244;239m██[38;2;254;254;249m██[38;2;252;246;244m██[38;2;116;104;104m██[38;2;142;131;130m██[38;2;42;25;22m██[38;2;38;22;18m██[38;2;100;83;118m██[38;2;201;149;104m██[38;2;98;60;56m██[38;2;98;80;114m  [38;2;0;0;0m        
[38;2;0;0;0m      [38;2;168;168;168m  [38;2;162;155;155m  [38;2;68;53;49m  [38;2;73;71;77m██[38;2;141;163;182m██[38;2;70;114;146m██[38;2;81;123;153m██[38;2;97;135;162m██[38;2;118;150;174m██[38;2;158;180;195m██[38;2;202;212;220m██[38;2;169;166;168m██[38;2;253;239;235m██[38;2;253;240;236m██[38;2;184;152;145m██[38;2;254;240;236m██[38;2;255;238;235m██[38;2;255;240;236m██[38;2;254;239;235m████[38;2;252;241;237m██[38;2;79;63;58m██[38;2;91;68;88m██[38;2;108;74;76m██[38;2;99;82;119m██[38;2;83;61;71m  [38;2;64;56;0m  [38;2;0;0;0m      
[38;2;0;0;0m          [38;2;48;48;48m  [38;2;56;65;79m  [38;2;66;111;146m██[38;2;70;114;147m██[38;2;84;124;155m██[38;2;97;135;162m██[38;2;125;157;178m██[38;2;167;186;201m██[38;2;209;219;227m██[38;2;171;166;167m██[38;2;254;240;236m██[38;2;255;239;235m██[38;2;238;227;222m██[38;2;254;237;233m██[38;2;255;239;235m██[38;2;255;238;234m██[38;2;255;239;235m██[38;2;255;240;236m████[38;2;207;199;195m██[38;2;95;72;93m██[38;2;99;82;119m██[38;2;99;82;118m██[38;2;67;44;37m  [38;2;0;0;0m        
[38;2;0;0;0m          [38;2;25;25;25m  [38;2;61;87;110m  [38;2;65;109;142m██[38;2;71;113;144m██[38;2;82;123;154m██[38;2;98;135;163m██[38;2;128;158;179m██[38;2;173;191;204m██[38;2;214;223;228m██[38;2;159;152;152m██[38;2;254;239;235m██[38;2;249;239;236m██[38;2;188;162;155m██[38;2;255;241;237m██[38;2;255;239;235m██[38;2;255;240;235m██[38;2;255;239;235m████[38;2;255;240;236m██[38;2;191;182;178m██[38;2;100;82;120m████[38;2;100;83;122m██[38;2;72;61;60m  [38;2;0;0;0m        
[38;2;0;0;0m          [38;2;47;47;47m  [38;2;60;102;134m  [38;2;65;110;145m██[38;2;72;121;157m██[38;2;81;122;153m██[38;2;99;136;163m██[38;2;133;161;183m██[38;2;178;194;206m██[38;2;217;224;228m██[38;2;138;129;129m██[38;2;159;142;137m██[38;2;64;52;62m██[38;2;242;237;234m██[38;2;158;136;132m██[38;2;254;244;240m██[38;2;253;238;234m██[38;2;255;239;235m██████[38;2;111;97;93m██[38;2;101;83;122m██[38;2;100;82;119m██[38;2;101;83;121m██[38;2;95;85;89m  [38;2;0;0;0m        
[38;2;0;0;0m          [38;2;49;44;44m  [38;2;66;112;148m██[38;2;65;109;142m██[38;2;65;110;144m██[38;2;61;71;87m██[38;2;101;138;165m██[38;2;131;161;181m██[38;2;179;196;207m██[38;2;220;226;230m██[38;2;84;68;64m██[38;2;63;85;107m██[38;2;60;56;68m██[38;2;253;249;245m██[38;2;86;64;60m██[38;2;63;54;64m██[38;2;64;46;47m██[38;2;166;135;127m██[38;2;254;241;237m██[38;2;254;238;234m██[38;2;43;26;27m██[38;2;97;81;118m██[38;2;100;83;121m██[38;2;96;78;112m  [38;2;20;20;20m  [38;2;0;0;0m        [0m
