
[38;2;255;255;255m              [38;2;199;207;22m  [38;2;253;252;255m  [38;2;60;236;255m  [38;2;60;68;96m  [38;2;244;227;245m██[38;2;252;235;249m██[38;2;85;90;132m██[38;2;93;101;160m  [38;2;185;123;255m  [38;2;122;120;120m  [38;2;255;253;255m  [38;2;253;255;252m  [38;2;255;255;255m                    
[38;2;255;255;255m              [38;2;181;187;155m  [38;2;92;105;148m  [38;2;207;202;234m██[38;2;243;219;238m██[38;2;254;226;247m██[38;2;251;210;232m██[38;2;241;212;230m██[38;2;250;237;247m██[38;2;61;74;106m██[38;2;10;169;253m  [38;2;254;254;255m  [38;2;255;255;252m  [38;2;255;255;255m                    
[38;2;255;255;255m              [38;2;171;111;245m  [38;2;226;230;239m██[38;2;254;213;215m██[38;2;248;185;211m██[38;2;163;188;156m██[38;2;159;128;131m██[38;2;254;213;215m██[38;2;255;223;244m██[38;2;111;124;159m██[38;2;96;228;254m  [38;2;254;254;255m  [38;2;255;255;254m  [38;2;255;255;255m                    
[38;2;255;255;255m              [38;2;103;182;212m  [38;2;229;232;249m██[38;2;255;199;236m██[38;2;246;196;211m██[38;2;196;153;163m██[38;2;253;185;228m██[38;2;252;215;232m██[38;2;136;151;174m██[38;2;86;111;199m  [38;2;248;252;246m  [38;2;255;254;253m  [38;2;254;255;255m  [38;2;255;255;255m                    
[38;2;255;255;255m              [38;2;212;211;212m  [38;2;81;97;131m██[38;2;249;228;245m██[38;2;248;229;247m██[38;2;251;216;221m██[38;2;244;203;223m██[38;2;235;229;248m██[38;2;107;132;243m  [38;2;226;255;83m  [38;2;13;40;255m  [38;2;20;155;254m  [38;2;76;136;239m  [38;2;255;255;255m  [38;2;255;255;254m  [38;2;255;255;252m  [38;2;255;255;250m  [38;2;252;255;255m        [38;2;255;255;255m    
[38;2;255;255;255m              [38;2;214;111;90m  [38;2;112;150;194m  [38;2;75;77;100m██[38;2;69;84;117m  [38;2;46;69;110m  [38;2;55;68;112m██[38;2;122;154;182m  [38;2;135;255;255m  [38;2;112;112;193m  [38;2;69;80;109m██[38;2;200;221;218m██[38;2;58;77;113m  [38;2;255;255;255m      [38;2;255;255;253m  [38;2;253;255;255m  [38;2;254;255;255m  [38;2;253;255;255m  [38;2;254;255;255m  [38;2;255;255;255m    
[38;2;255;255;255m              [38;2;252;255;255m  [38;2;254;254;255m  [38;2;254;253;254m  [38;2;255;253;251m  [38;2;251;251;0m  [38;2;112;137;183m  [38;2;56;82;117m██[38;2;61;72;102m██[38;2;255;254;245m██[38;2;248;254;246m██[38;2;85;90;130m██[38;2;216;219;219m  [38;2;255;255;255m    [38;2;254;254;255m  [38;2;252;251;255m  [38;2;254;253;255m  [38;2;247;246;251m  [38;2;238;237;247m  [38;2;251;250;255m  [38;2;255;255;255m  [38;2;254;254;254m  
[38;2;255;255;255m              [38;2;255;254;255m  [38;2;255;170;0m  [38;2;49;220;254m  [38;2;214;255;255m  [38;2;215;252;77m  [38;2;2;252;254m  [38;2;95;121;144m██[38;2;254;254;255m██[38;2;248;252;254m██[38;2;37;43;93m  [38;2;7;250;237m  [38;2;152;135;57m  [38;2;255;255;253m  [38;2;255;255;255m  [38;2;251;250;255m  [38;2;201;197;218m  [38;2;100;119;151m██[38;2;54;73;105m██[38;2;115;134;165m██[38;2;54;73;105m██[38;2;251;251;251m  [38;2;255;255;255m  
[38;2;254;254;249m  [38;2;109;164;247m  [38;2;114;151;187m  [38;2;51;55;118m  [38;2;68;74;126m  [38;2;124;136;212m  [38;2;18;186;248m  [38;2;36;132;20m  [38;2;7;46;141m  [38;2;207;209;254m  [38;2;113;135;226m  [38;2;97;113;130m  [38;2;50;60;85m  [38;2;233;246;252m██[38;2;145;164;168m██[38;2;69;86;113m██[38;2;67;83;108m  [38;2;51;64;84m  [38;2;123;139;161m  [38;2;7;255;247m  [38;2;71;174;239m  [38;2;64;73;90m██[38;2;232;243;246m██[38;2;253;254;254m██[38;2;250;255;254m██[38;2;255;254;250m██[38;2;248;254;254m██[38;2;78;95;138m  [38;2;129;254;30m  
[38;2;134;255;0m  [38;2;109;112;162m  [38;2;240;245;252m██[38;2;248;255;238m██[38;2;247;255;242m██[38;2;244;252;247m██[38;2;184;200;196m██[38;2;50;63;104m  [38;2;60;74;109m  [38;2;163;176;193m██[38;2;237;249;250m██[38;2;253;253;254m██[38;2;230;227;244m██[38;2;224;229;235m██[38;2;97;115;125m██[38;2;254;255;245m██[38;2;251;251;248m██[38;2;245;247;251m██[38;2;251;253;255m██[38;2;228;240;245m██[38;2;217;224;232m██[38;2;253;252;255m██[38;2;254;250;253m██[38;2;250;253;255m██[38;2;254;249;250m██[38;2;254;253;254m██[38;2;253;254;255m██[38;2;98;109;140m██[38;2;10;248;60m  
[38;2;8;94;235m  [38;2;174;180;197m██[38;2;251;252;252m██[38;2;255;250;249m██[38;2;254;250;253m██[38;2;253;246;255m██[38;2;254;251;254m██[38;2;247;251;248m██[38;2;178;180;188m██[38;2;253;252;255m██[38;2;254;252;253m██[38;2;254;254;250m██[38;2;213;203;217m██[38;2;210;208;213m██[38;2;111;128;135m██[38;2;255;251;254m██[38;2;255;252;253m██[38;2;255;255;249m██[38;2;254;255;245m██[38;2;255;250;253m██[38;2;255;253;254m██[38;2;250;253;249m██[38;2;245;252;250m██[38;2;156;116;132m██[38;2;222;167;166m██[38;2;174;154;169m██[38;2;255;250;252m██[38;2;156;165;191m██[38;2;0;255;183m  
[38;2;88;101;201m  [38;2;245;254;247m██[38;2;253;254;244m██[38;2;248;254;248m██[38;2;251;254;253m██[38;2;241;241;246m██[38;2;255;252;250m██[38;2;244;245;244m██[38;2;252;252;253m██[38;2;250;250;252m██[38;2;253;254;245m██[38;2;248;255;251m██[38;2;255;250;255m██[38;2;253;251;253m██[38;2;138;154;155m██[38;2;248;248;251m██[38;2;253;253;255m██[38;2;254;255;254m████[38;2;250;254;249m██[38;2;252;254;249m██[38;2;254;254;253m██[38;2;210;206;218m██[38;2;243;182;188m██[38;2;255;186;175m██[38;2;162;150;167m██[38;2;250;254;252m██[38;2;188;195;213m██[38;2;0;255;255m  
[38;2;74;80;144m  [38;2;252;255;255m██[38;2;255;254;255m██[38;2;253;252;244m██[38;2;221;223;231m██[38;2;250;177;178m██[38;2;174;138;143m██[38;2;235;234;238m██[38;2;253;252;255m██[38;2;255;255;255m████[38;2;255;255;250m██[38;2;255;255;253m██[38;2;252;252;252m██[38;2;231;231;233m██[38;2;254;254;254m██[38;2;255;255;255m██████████████[38;2;207;212;217m██[38;2;243;189;200m██[38;2;167;150;147m██[38;2;253;254;255m██[38;2;194;201;225m██[38;2;215;253;255m  
[38;2;71;77;139m██[38;2;252;255;255m██[38;2;255;254;255m██[38;2;255;248;255m██[38;2;159;155;166m██[38;2;252;179;180m██[38;2;246;185;185m██[38;2;144;143;148m██[38;2;253;252;254m██[38;2;255;255;255m████[38;2;255;255;254m████[38;2;254;254;254m██[38;2;252;252;252m██[38;2;253;253;253m██[38;2;255;255;255m██████████████[38;2;246;253;250m██[38;2;188;171;185m██[38;2;154;156;165m██[38;2;254;252;253m██[38;2;180;190;217m██[38;2;252;254;255m  
[38;2;74;80;142m██[38;2;252;255;255m██[38;2;255;254;255m██[38;2;246;255;251m██[38;2;177;147;149m██[38;2;253;179;196m██[38;2;139;138;142m██[38;2;254;253;254m██[38;2;253;252;255m██[38;2;255;255;255m████[38;2;254;254;254m██[38;2;255;255;255m████[38;2;255;255;253m██[38;2;255;255;255m████████████████[38;2;249;252;247m██[38;2;250;254;255m██[38;2;229;236;243m██[38;2;253;252;249m██[38;2;130;142;176m██[38;2;253;180;180m  
[38;2;74;80;142m██[38;2;252;255;255m██[38;2;255;254;255m██[38;2;253;251;255m██[38;2;177;156;160m██[38;2;183;143;156m██[38;2;241;249;250m██[38;2;251;250;254m██[38;2;255;254;255m██[38;2;255;255;255m████[38;2;253;252;255m██[38;2;240;240;242m██[38;2;255;255;255m██[38;2;255;255;251m██[38;2;255;255;255m████████████████[38;2;255;252;255m██[38;2;253;255;252m██[38;2;255;253;252m██[38;2;243;246;247m██[38;2;88;98;139m██[38;2;254;253;251m  
[38;2;72;76;149m██[38;2;252;255;248m██[38;2;255;249;255m██[38;2;254;252;255m██[38;2;136;134;147m██[38;2;246;244;250m██[38;2;242;241;248m██[38;2;235;234;240m██[38;2;242;241;246m██[38;2;254;253;255m██[38;2;254;254;255m██[38;2;238;236;248m██[38;2;252;251;255m██[38;2;248;248;248m██[38;2;253;253;253m██[38;2;255;255;255m████████[38;2;251;254;252m██[38;2;249;251;253m██[38;2;252;254;255m██[38;2;251;254;253m██[38;2;253;254;250m██[38;2;253;249;254m██[38;2;255;253;253m██[38;2;189;189;204m██[38;2;61;80;119m██[38;2;252;253;252m  
[38;2;75;84;142m  [38;2;247;251;248m██[38;2;254;250;255m██[38;2;253;253;252m██[38;2;254;253;255m██[38;2;250;249;254m██[38;2;229;228;232m██[38;2;246;245;251m██[38;2;247;246;251m██[38;2;240;239;244m██[38;2;254;254;254m██[38;2;236;235;242m██[38;2;236;236;239m██[38;2;251;251;251m██[38;2;250;249;253m██[38;2;255;255;255m████████[38;2;251;249;248m██[38;2;162;158;165m██[38;2;255;253;255m██[38;2;255;253;254m██[38;2;254;254;251m██[38;2;239;237;245m██[38;2;250;253;254m██[38;2;155;165;185m██[38;2;86;120;176m  [38;2;255;253;122m  
[38;2;95;159;183m  [38;2;209;217;222m██[38;2;236;230;240m██[38;2;254;254;249m██[38;2;254;253;254m██[38;2;240;239;245m██[38;2;232;232;235m██[38;2;249;248;254m██[38;2;247;246;251m██[38;2;239;238;243m██[38;2;253;253;255m██[38;2;255;255;255m██[38;2;255;255;254m██[38;2;255;254;255m██[38;2;138;136;148m██[38;2;255;255;255m████████[38;2;253;251;252m██[38;2;165;160;169m██[38;2;206;201;209m██[38;2;254;252;253m██[38;2;254;254;253m██[38;2;240;238;248m██[38;2;248;251;254m██[38;2;208;220;228m██[38;2;55;213;255m  [38;2;250;155;42m  
[38;2;67;229;152m  [38;2;186;195;205m██[38;2;228;224;224m██[38;2;254;255;250m██[38;2;255;254;255m██[38;2;237;236;245m██[38;2;234;233;242m██[38;2;239;238;244m██[38;2;240;239;244m████[38;2;250;250;252m██[38;2;255;255;252m████[38;2;254;254;254m██[38;2;215;213;228m██[38;2;255;255;255m████████[38;2;251;253;253m██[38;2;238;239;244m██[38;2;205;206;212m██[38;2;249;251;251m██[38;2;242;242;245m██[38;2;240;236;246m██[38;2;246;244;243m██[38;2;251;253;255m██[38;2;101;156;204m  [38;2;254;253;252m  
[38;2;69;240;255m  [38;2;138;146;178m██[38;2;254;254;252m██[38;2;254;254;254m██[38;2;254;254;255m██[38;2;239;238;246m██[38;2;235;233;245m██[38;2;240;237;248m██[38;2;238;235;246m██[38;2;236;233;241m██[38;2;241;238;245m██[38;2;255;252;249m██[38;2;248;253;255m██[38;2;161;155;158m██[38;2;249;249;255m██[38;2;255;253;255m██[38;2;254;254;254m██[38;2;255;255;251m██[38;2;255;255;253m██[38;2;233;242;235m██[38;2;253;251;250m██[38;2;254;254;241m██[38;2;184;194;205m██[38;2;252;252;253m██[38;2;244;241;245m██[38;2;248;244;247m██[38;2;254;255;252m██[38;2;75;84;125m  [38;2;222;240;223m  
[38;2;91;177;204m  [38;2;247;254;255m██[38;2;255;253;254m██[38;2;254;254;254m██[38;2;254;254;255m██[38;2;240;239;245m██[38;2;239;238;246m██[38;2;242;239;250m██[38;2;239;236;245m██[38;2;236;233;240m██[38;2;241;239;244m██[38;2;255;253;250m██[38;2;250;254;255m██[38;2;241;236;238m██[38;2;250;249;254m██[38;2;254;254;255m██[38;2;251;251;251m██[38;2;255;255;251m██[38;2;254;255;255m██[38;2;158;160;192m██[38;2;248;245;244m██[38;2;254;250;248m██[38;2;210;210;222m██[38;2;250;253;254m██[38;2;240;239;243m██[38;2;255;254;255m██[38;2;253;255;255m██[38;2;105;116;143m██[38;2;230;234;254m  
[38;2;82;98;133m  [38;2;247;254;254m██[38;2;255;252;250m██[38;2;250;250;252m██[38;2;253;253;253m██[38;2;239;238;242m██[38;2;247;246;250m██[38;2;241;238;247m██[38;2;239;236;243m██[38;2;240;238;243m██[38;2;247;245;248m██[38;2;254;252;253m██[38;2;190;197;205m██[38;2;254;253;249m██[38;2;255;253;251m██[38;2;230;234;246m██[38;2;254;252;253m██[38;2;254;254;251m██[38;2;249;252;255m██[38;2;228;223;252m██[38;2;254;254;230m██[38;2;253;251;249m██[38;2;254;254;246m██[38;2;203;207;214m██[38;2;254;253;255m██[38;2;254;254;254m██[38;2;247;251;254m██[38;2;187;203;212m██[38;2;238;249;255m  
[38;2;82;99;151m██[38;2;153;164;182m██[38;2;254;254;246m██[38;2;228;228;230m██[38;2;255;255;255m██[38;2;245;245;247m██[38;2;255;255;255m██[38;2;245;242;249m██[38;2;248;246;251m██[38;2;251;249;252m██[38;2;255;253;254m██[38;2;248;247;253m██[38;2;218;227;235m██[38;2;254;251;246m██[38;2;255;253;246m██[38;2;158;165;183m██[38;2;254;252;254m██[38;2;254;253;250m██[38;2;209;216;227m██[38;2;254;249;244m██[38;2;250;252;238m██[38;2;178;181;205m██[38;2;225;234;241m██[38;2;179;185;198m██[38;2;252;252;251m██[38;2;252;253;251m██[38;2;246;251;253m██[38;2;214;228;249m██[38;2;183;188;222m  
[38;2;23;41;79m██[38;2;71;88;130m██[38;2;253;255;235m██[38;2;221;215;227m██[38;2;254;252;255m██[38;2;254;254;252m██[38;2;251;254;254m██[38;2;254;249;253m██[38;2;254;252;253m██[38;2;254;254;252m██[38;2;249;252;255m██[38;2;200;212;231m██[38;2;255;253;251m██[38;2;51;63;113m██[38;2;251;255;231m██[38;2;150;149;167m██[38;2;249;250;252m██[38;2;250;254;250m██[38;2;187;191;204m██[38;2;252;251;251m██[38;2;245;255;240m██[38;2;187;185;207m██[38;2;153;176;208m██[38;2;254;252;249m██[38;2;222;225;246m██[38;2;252;249;253m██[38;2;245;249;255m██[38;2;62;95;135m██[38;2;77;102;161m  
[38;2;47;212;214m  [38;2;89;106;179m  [38;2;252;254;253m██[38;2;221;217;231m██[38;2;246;243;249m██[38;2;254;254;254m██[38;2;241;242;244m██[38;2;255;253;255m██[38;2;254;253;254m██[38;2;254;254;252m██[38;2;253;253;255m██[38;2;187;197;207m██[38;2;254;252;252m██[38;2;66;78;126m██[38;2;251;255;253m██[38;2;181;190;199m██[38;2;169;174;186m██[38;2;215;217;228m██[38;2;252;254;253m██[38;2;255;249;251m██[38;2;249;255;243m██[38;2;223;221;238m██[38;2;82;112;153m██[38;2;254;252;247m██[38;2;162;169;184m██[38;2;247;244;250m██[38;2;240;245;251m██[38;2;98;190;244m  [38;2;77;85;111m██
[38;2;255;255;76m  [38;2;137;139;254m  [38;2;205;211;227m██[38;2;222;219;236m██[38;2;215;213;224m██[38;2;253;252;255m██[38;2;219;218;224m██[38;2;254;254;255m██[38;2;254;254;254m██[38;2;254;254;252m██[38;2;237;236;242m██[38;2;247;253;252m██[38;2;255;248;255m██[38;2;133;151;172m██[38;2;238;246;255m██[38;2;233;245;245m██[38;2;168;174;190m██[38;2;230;227;244m██[38;2;254;254;242m██[38;2;255;250;246m██[38;2;252;252;248m██[38;2;238;239;246m██[38;2;47;79;127m██[38;2;254;250;242m██[38;2;169;175;189m██[38;2;240;242;249m██[38;2;208;219;230m██[38;2;234;231;248m  [38;2;254;254;255m  
[38;2;255;254;253m  [38;2;251;255;249m  [38;2;62;70;111m██[38;2;180;180;201m██[38;2;210;210;222m██[38;2;248;247;250m██[38;2;212;209;218m██[38;2;251;254;254m██[38;2;253;254;254m██[38;2;251;251;249m██[38;2;145;142;151m██[38;2;252;253;249m██[38;2;255;246;255m██[38;2;203;229;216m██[38;2;192;201;240m██[38;2;255;254;253m██[38;2;250;248;247m██[38;2;254;251;249m██[38;2;253;250;243m██[38;2;251;253;244m██[38;2;252;252;249m██[38;2;250;251;242m██[38;2;25;43;82m██[38;2;254;241;234m██[38;2;209;211;228m██[38;2;177;184;198m██[38;2;133;159;182m██[38;2;254;254;254m  [38;2;230;255;0m  
[38;2;255;254;250m  [38;2;254;252;255m  [38;2;95;166;211m  [38;2;136;150;171m██[38;2;214;219;233m██[38;2;210;207;221m██[38;2;216;210;233m██[38;2;194;200;221m██[38;2;254;249;255m██[38;2;250;255;244m██[38;2;152;150;159m██[38;2;254;249;246m██[38;2;250;250;224m██[38;2;250;250;255m██[38;2;122;139;169m██[38;2;255;252;246m██[38;2;255;252;247m██████[38;2;253;252;248m██[38;2;255;248;247m██[38;2;254;250;250m██[38;2;211;210;206m██[38;2;197;196;222m██[38;2;234;232;242m██[38;2;85;108;137m██[38;2;63;86;142m██[38;2;255;255;255m    
[38;2;254;255;251m  [38;2;161;161;159m  [38;2;67;224;255m  [38;2;44;74;136m██[38;2;58;78;120m██[38;2;195;201;220m██[38;2;215;215;225m██[38;2;197;211;212m██[38;2;250;247;253m██[38;2;249;250;252m██[38;2;156;144;172m██[38;2;255;237;249m██[38;2;255;239;226m██[38;2;242;232;243m██[38;2;243;247;242m██[38;2;255;252;247m██[38;2;255;252;246m██████[38;2;251;253;249m██[38;2;253;255;230m██[38;2;244;246;235m██[38;2;147;146;180m██[38;2;186;186;196m██[38;2;171;179;196m██[38;2;68;89;165m  [38;2;144;188;143m  [38;2;255;255;255m    
[38;2;254;255;253m  [38;2;255;255;249m  [38;2;255;255;253m  [38;2;25;217;242m  [38;2;18;230;255m  [38;2;62;81;111m██[38;2;46;74;128m██[38;2;163;173;194m██[38;2;161;163;189m██[38;2;244;251;255m██[38;2;147;136;149m██[38;2;253;237;225m██[38;2;254;239;224m██[38;2;255;239;240m██[38;2;255;247;247m██[38;2;255;252;246m██████[38;2;255;252;247m██[38;2;255;248;241m██[38;2;255;247;254m██[38;2;253;249;247m██[38;2;252;253;228m██[38;2;213;214;231m██[38;2;103;132;197m  [38;2;73;246;216m  [38;2;255;146;255m  [38;2;255;255;255m    
[38;2;255;255;255m    [38;2;255;255;253m  [38;2;226;177;17m  [38;2;80;61;8m  [38;2;78;166;255m  [38;2;87;106;149m  [38;2;149;189;208m  [38;2;118;123;161m██[38;2;78;95;124m██[38;2;137;134;168m██[38;2;234;232;235m██[38;2;249;243;250m██[38;2;250;242;240m██[38;2;254;252;247m██[38;2;255;252;247m██[38;2;255;252;246m██[38;2;255;253;248m████[38;2;252;252;247m██[38;2;246;255;248m██[38;2;202;214;220m██[38;2;65;73;114m██[38;2;60;206;230m  [38;2;246;243;17m  [38;2;252;253;252m  [38;2;255;253;254m  [38;2;255;255;255m    [0m
