
[38;2;0;0;0m                                                      [38;2;12;4;15m  [38;2;0;0;0m  
[38;2;0;0;0m                    [38;2;23;26;31m██[38;2;2;0;3m██[38;2;1;0;2m██[38;2;111;92;15m██[38;2;52;35;1m██[38;2;35;24;0m██[38;2;0;0;1m██[38;2;5;6;8m██[38;2;0;0;0m                [38;2;0;0;1m  [38;2;44;3;56m██[38;2;29;8;36m██
[38;2;0;0;0m                [38;2;2;1;0m██[38;2;34;22;6m██[38;2;247;206;37m██[38;2;254;210;1m██[38;2;254;208;0m██████[38;2;253;207;1m██[38;2;254;208;0m██████[38;2;166;133;18m██[38;2;1;1;5m██[38;2;1;1;0m██[38;2;0;0;0m      [38;2;35;1;43m██[38;2;32;2;44m██[38;2;0;0;0m  [38;2;47;5;55m██
[38;2;0;0;0m              [38;2;20;16;3m██[38;2;254;228;122m██[38;2;253;214;37m██[38;2;254;206;0m██[38;2;210;162;35m██[38;2;248;201;10m██[38;2;254;208;0m██[38;2;254;207;1m██[38;2;228;184;7m██[38;2;222;176;0m██[38;2;254;208;0m██████[38;2;253;208;0m██[38;2;248;200;15m██[38;2;85;59;23m██[38;2;40;39;46m██[38;2;64;8;85m██[38;2;43;5;57m██[38;2;72;2;100m██[38;2;0;0;0m    
[38;2;0;0;0m          [38;2;41;40;45m██[38;2;204;187;98m██[38;2;255;231;125m██[38;2;255;228;118m██[38;2;254;225;91m██[38;2;254;209;26m██[38;2;245;173;10m██[38;2;251;205;1m██[38;2;254;208;0m██[38;2;254;205;4m██[38;2;252;204;16m██[38;2;254;205;0m██[38;2;253;202;1m██[38;2;251;198;1m██[38;2;253;204;1m██[38;2;254;206;0m██[38;2;253;199;2m██[38;2;241;176;2m██[38;2;229;159;19m██[38;2;2;4;3m██[38;2;1;0;1m  [38;2;95;4;130m██[38;2;0;0;0m    
[38;2;0;0;0m        [38;2;1;1;1m██[38;2;245;224;136m██[38;2;254;229;117m██[38;2;255;229;119m██[38;2;255;227;115m██[38;2;255;227;109m██[38;2;254;207;34m██[38;2;111;80;14m██[38;2;254;208;0m████[38;2;250;192;23m██[38;2;225;182;48m██[38;2;246;186;0m██[38;2;242;179;2m██[38;2;242;179;3m██[38;2;248;188;2m██[38;2;247;189;2m██[38;2;245;185;3m██[38;2;240;168;3m██[38;2;124;2;167m██[38;2;132;0;175m██[38;2;112;10;149m██[38;2;57;9;78m  [38;2;0;0;0m    
[38;2;0;0;0m      [38;2;0;1;5m██[38;2;253;228;107m██[38;2;253;218;51m██[38;2;253;226;103m██[38;2;254;225;97m██[38;2;252;226;101m██[38;2;254;228;102m██[38;2;254;220;79m██[38;2;194;154;7m██[38;2;233;192;12m██[38;2;248;192;0m██[38;2;191;137;0m██[38;2;244;180;4m██[38;2;239;166;1m██[38;2;238;166;1m██[38;2;236;165;0m██[38;2;238;166;2m██[38;2;236;169;1m██[38;2;240;171;2m██[38;2;240;175;2m██[38;2;209;159;55m██[38;2;247;181;5m██[38;2;55;33;7m██[38;2;23;23;26m██[38;2;0;0;0m    
[38;2;0;0;0m    [38;2;32;36;39m  [38;2;37;29;0m██[38;2;247;208;3m██[38;2;250;206;7m██[38;2;250;210;4m██[38;2;253;210;17m██[38;2;253;213;30m██[38;2;252;217;54m██[38;2;249;212;71m██[38;2;214;185;61m██[38;2;245;198;6m██[38;2;255;204;0m██[38;2;249;194;12m██[38;2;238;171;2m██[38;2;234;161;0m██[38;2;235;161;2m██[38;2;234;161;2m██[38;2;238;166;3m██[38;2;243;184;17m██[38;2;95;66;32m██[38;2;70;53;17m██[38;2;249;203;7m██[38;2;255;204;2m██[38;2;250;195;6m██[38;2;0;0;0m██    
[38;2;0;0;0m    [38;2;2;0;1m██[38;2;8;1;2m██[38;2;0;0;2m██[38;2;0;1;4m██[38;2;0;2;1m██[38;2;243;202;30m██[38;2;254;208;0m██[38;2;254;209;6m██[38;2;253;211;30m██[38;2;172;142;42m██[38;2;251;204;10m██[38;2;210;157;16m██[38;2;252;198;11m██[38;2;244;184;0m██[38;2;238;170;4m██[38;2;242;181;9m██[38;2;19;7;1m██[38;2;3;1;2m██[38;2;35;4;41m██[38;2;8;0;13m██[38;2;46;0;60m██[38;2;2;0;3m██[38;2;0;4;3m██[38;2;246;207;4m██[38;2;126;96;1m██[38;2;0;0;0m    
[38;2;0;0;0m  [38;2;11;12;14m██[38;2;230;168;11m██[38;2;154;89;0m██[38;2;67;37;10m██[38;2;1;0;3m██[38;2;0;0;0m██[38;2;2;0;6m██[38;2;3;0;5m██[38;2;247;206;1m██[38;2;254;207;6m██[38;2;235;198;22m██[38;2;1;0;2m██[38;2;219;178;3m██[38;2;253;206;0m██[38;2;151;127;26m██[38;2;2;1;3m██[38;2;0;0;0m██[38;2;40;4;50m██[38;2;60;0;79m██[38;2;62;0;75m██[38;2;9;4;15m██[38;2;60;30;7m██[38;2;120;81;9m██[38;2;220;175;1m██[38;2;240;183;1m██[38;2;245;189;5m██[38;2;1;1;1m██[38;2;0;0;0m  
[38;2;0;0;0m  [38;2;1;0;0m██[38;2;165;100;1m██[38;2;171;114;3m██[38;2;158;95;0m██[38;2;127;87;33m██[38;2;106;67;17m██[38;2;119;82;7m██[38;2;3;1;2m██[38;2;13;3;4m██[38;2;23;8;1m██[38;2;208;173;24m██[38;2;82;61;11m██[38;2;200;160;24m██[38;2;1;0;3m██[38;2;0;0;0m██[38;2;1;1;1m██[38;2;25;11;0m██[38;2;59;5;76m██[38;2;104;63;19m██[38;2;84;1;111m██[38;2;8;0;8m██[38;2;0;2;9m██[38;2;107;56;8m██[38;2;142;92;15m██[38;2;185;133;10m██[38;2;237;181;0m██[38;2;9;7;11m██[38;2;0;0;0m  
[38;2;0;0;0m  [38;2;30;14;3m██[38;2;191;137;3m██[38;2;8;0;4m██[38;2;0;0;0m████████[38;2;2;1;3m██[38;2;139;91;20m██[38;2;98;62;20m██[38;2;134;81;16m██[38;2;150;86;12m██[38;2;4;1;0m██[38;2;84;67;21m██[38;2;0;0;0m████[38;2;14;0;22m██[38;2;60;6;79m██[38;2;96;8;127m██[38;2;57;4;74m██[38;2;2;1;4m██[38;2;113;73;17m██[38;2;161;95;10m██[38;2;185;125;13m██[38;2;240;190;6m██[38;2;252;204;0m██[38;2;141;105;15m██[38;2;0;0;0m  
[38;2;17;18;20m██[38;2;238;204;29m██[38;2;246;196;4m██[38;2;103;64;0m██[38;2;1;0;4m██[38;2;0;0;0m██████[38;2;1;1;3m██[38;2;0;0;0m██[38;2;143;90;18m██[38;2;161;117;17m██[38;2;96;57;11m██[38;2;167;100;0m██[38;2;0;2;1m██[38;2;0;0;0m██[38;2;0;1;2m██[38;2;131;2;174m██[38;2;49;3;70m██[38;2;7;1;7m██[38;2;1;0;8m██[38;2;118;75;2m██[38;2;196;150;33m██[38;2;202;151;21m██[38;2;238;190;21m██[38;2;250;207;32m██[38;2;254;207;2m██[38;2;254;205;6m██[38;2;0;0;0m  
[38;2;0;0;2m██[38;2;254;212;22m██[38;2;252;214;57m██[38;2;139;103;1m██[38;2;203;130;0m██[38;2;186;129;32m██[38;2;3;0;10m██[38;2;0;0;0m██[38;2;0;2;0m██[38;2;142;94;9m██[38;2;167;112;5m██[38;2;194;135;3m██[38;2;182;136;10m██[38;2;166;106;7m██[38;2;177;115;8m██[38;2;0;0;0m██[38;2;1;0;2m██[38;2;0;2;0m██[38;2;0;0;0m████[38;2;30;16;5m██[38;2;228;174;8m██[38;2;243;200;52m██[38;2;38;4;40m██[38;2;252;219;80m██[38;2;254;219;65m██[38;2;254;210;17m██[38;2;254;208;1m██[38;2;0;0;0m  
[38;2;1;0;5m██[38;2;254;219;61m██[38;2;253;219;68m██[38;2;223;166;23m██[38;2;230;146;2m██[38;2;226;145;1m██[38;2;226;147;2m██[38;2;149;104;17m██[38;2;134;90;0m██[38;2;229;177;4m██[38;2;255;208;4m██[38;2;254;207;2m██[38;2;253;206;5m██[38;2;250;202;5m██[38;2;220;170;3m██[38;2;127;93;20m██[38;2;211;145;4m██[38;2;220;139;4m██[38;2;217;134;1m██[38;2;219;143;1m██[38;2;228;143;1m██[38;2;129;90;36m██[38;2;247;213;93m██[38;2;52;0;57m██[38;2;42;3;31m██[38;2;174;149;74m██[38;2;254;213;29m██[38;2;254;208;4m██[38;2;0;0;2m██
[38;2;0;0;0m██[38;2;254;224;81m██[38;2;250;222;88m██[38;2;118;78;4m██[38;2;229;150;3m██[38;2;227;145;1m██[38;2;225;144;10m██[38;2;210;144;3m██[38;2;248;204;33m██[38;2;2;3;0m██[38;2;157;123;54m██[38;2;51;35;12m██[38;2;87;68;22m██[38;2;8;0;1m██[38;2;10;2;0m██[38;2;244;195;5m██[38;2;243;194;3m██[38;2;232;164;0m██[38;2;228;144;2m██[38;2;225;138;0m██[38;2;233;149;7m██[38;2;60;0;75m██[38;2;58;0;81m██[38;2;61;1;71m██[38;2;133;104;73m██[38;2;250;220;84m██[38;2;254;215;35m██[38;2;255;218;70m██[38;2;1;1;3m██
[38;2;1;1;3m██[38;2;255;227;110m██[38;2;252;223;101m██[38;2;223;174;59m██[38;2;229;147;4m██[38;2;226;145;1m██[38;2;228;149;0m██[38;2;238;178;20m██[38;2;253;207;28m██[38;2;231;139;4m██[38;2;232;151;8m██[38;2;254;158;7m██[38;2;245;152;23m██[38;2;254;158;4m██[38;2;44;5;48m██[38;2;224;152;28m██[38;2;245;195;25m██[38;2;248;189;1m██[38;2;235;155;3m██[38;2;226;140;0m██[38;2;214;140;25m██[38;2;159;90;39m██[38;2;80;4;99m██[38;2;211;182;140m██[38;2;254;227;115m██[38;2;254;223;91m██[38;2;254;216;46m██[38;2;222;198;114m██[38;2;9;11;11m  
[38;2;1;2;4m██[38;2;246;224;116m██[38;2;252;220;107m██[38;2;235;178;46m██[38;2;228;147;4m██[38;2;228;147;0m██[38;2;235;161;7m██[38;2;246;190;35m██[38;2;86;70;17m██[38;2;84;57;9m██[38;2;5;0;7m██[38;2;156;124;21m██[38;2;47;6;12m██[38;2;7;0;4m██[38;2;9;1;0m██[38;2;52;1;52m██[38;2;45;29;3m██[38;2;254;201;0m██[38;2;239;171;1m██[38;2;229;146;0m██[38;2;168;97;45m██[38;2;96;14;110m██[38;2;110;0;156m██[38;2;225;194;104m██[38;2;254;228;119m██[38;2;255;228;110m██[38;2;255;229;114m██[38;2;0;1;4m██[38;2;0;0;0m  
[38;2;0;0;0m  [38;2;51;41;15m██[38;2;253;222;114m██[38;2;240;181;53m██[38;2;229;151;7m██[38;2;219;153;26m██[38;2;2;2;2m██[38;2;179;148;33m██[38;2;255;206;12m██[38;2;249;174;5m██[38;2;250;169;2m██[38;2;239;153;2m██[38;2;76;0;96m██[38;2;70;21;30m██[38;2;72;1;95m██[38;2;253;206;0m██[38;2;242;207;12m██[38;2;0;0;8m██[38;2;1;0;9m██[38;2;143;71;22m██[38;2;127;7;167m██[38;2;149;75;39m██[38;2;210;140;36m██[38;2;253;212;93m██[38;2;252;227;118m██[38;2;255;229;119m██[38;2;254;227;117m██[38;2;1;1;0m██[38;2;0;0;0m  
[38;2;0;0;0m  [38;2;1;1;5m██[38;2;250;224;122m██[38;2;236;183;72m██[38;2;225;151;7m██[38;2;86;41;17m██[38;2;252;132;46m██[38;2;107;59;15m██[38;2;248;211;36m██[38;2;33;19;6m██[38;2;229;188;0m██[38;2;228;179;1m██[38;2;139;91;3m██[38;2;91;4;115m██[38;2;50;14;25m██[38;2;36;33;7m██[38;2;17;0;0m██[38;2;249;109;0m██[38;2;96;44;13m██[38;2;221;155;31m██[38;2;227;151;2m██[38;2;226;139;0m██[38;2;231;150;7m██[38;2;251;212;86m██[38;2;253;227;117m██[38;2;252;228;120m██[38;2;25;23;0m██[38;2;0;0;0m    
[38;2;0;0;0m  [38;2;34;38;39m██[38;2;251;222;119m██[38;2;135;100;12m██[38;2;230;149;3m██[38;2;174;94;31m██[38;2;247;144;59m██[38;2;248;116;5m██[38;2;54;40;7m██[38;2;255;215;43m██[38;2;18;9;0m██[38;2;129;0;170m██[38;2;128;1;164m██[38;2;123;1;162m██[38;2;0;0;12m██[38;2;247;119;10m██[38;2;250;109;0m██[38;2;250;107;2m██[38;2;1;4;4m██[38;2;241;174;1m██[38;2;231;151;1m██[38;2;225;140;0m██[38;2;232;167;30m██[38;2;252;216;93m██[38;2;255;224;106m██[38;2;254;221;90m██[38;2;1;2;4m██[38;2;0;0;0m    
[38;2;0;0;0m    ██[38;2;238;188;24m██[38;2;233;154;1m██[38;2;2;1;3m██[38;2;254;147;69m██[38;2;252;112;8m██[38;2;0;2;13m██[38;2;252;225;87m██[38;2;243;201;32m██[38;2;54;39;4m██[38;2;101;81;15m██[38;2;27;4;2m██[38;2;228;128;56m██[38;2;251;114;2m██[38;2;17;2;2m██[38;2;155;130;32m██[38;2;250;205;5m██[38;2;245;182;2m██[38;2;232;152;1m██[38;2;229;147;3m██[38;2;229;177;35m██[38;2;251;216;84m██[38;2;246;200;33m██[38;2;0;3;5m██[38;2;0;0;0m      
[38;2;0;0;0m      [38;2;8;3;0m██[38;2;250;179;11m██[38;2;139;101;26m██[38;2;167;98;39m██[38;2;178;81;22m██[38;2;94;49;7m██[38;2;254;219;61m██[38;2;219;181;45m██[38;2;4;0;0m██[38;2;134;84;44m██[38;2;250;132;31m██[38;2;166;92;8m██[38;2;99;72;12m██[38;2;253;207;6m██[38;2;254;208;0m████[38;2;252;195;6m██[38;2;229;147;1m██[38;2;232;152;2m██[38;2;44;4;48m██[38;2;239;179;21m██[38;2;2;0;1m██[38;2;0;0;0m        
[38;2;0;0;0m        [38;2;16;5;7m██[38;2;153;117;17m██[38;2;184;101;38m██[38;2;248;111;2m██[38;2;250;108;1m██[38;2;3;2;2m██[38;2;2;0;0m██[38;2;241;137;52m██[38;2;249;130;26m██[38;2;246;124;12m██[38;2;10;0;2m██[38;2;250;208;3m██[38;2;254;208;0m██[38;2;254;208;1m██[38;2;250;197;5m██[38;2;229;144;4m██[38;2;227;143;25m██[38;2;214;145;46m██[38;2;46;2;60m██[38;2;48;0;51m██[38;2;0;0;0m          
[38;2;0;0;0m          [38;2;1;1;2m██[38;2;243;117;6m██[38;2;249;112;3m██[38;2;247;110;1m██[38;2;243;104;0m██[38;2;248;110;3m██[38;2;248;119;17m██[38;2;248;131;36m██[38;2;5;0;0m██[38;2;7;0;0m██[38;2;254;208;0m██[38;2;255;207;3m██[38;2;239;176;1m██[38;2;228;146;2m██[38;2;219;147;17m██[38;2;56;3;60m██[38;2;52;3;61m██[38;2;9;4;11m  [38;2;34;3;44m██[38;2;0;0;0m          
[38;2;0;0;0m          [38;2;0;0;1m██[38;2;181;80;7m██[38;2;248;111;2m██[38;2;247;110;1m██[38;2;241;104;0m██[38;2;237;103;1m██[38;2;250;118;18m██[38;2;221;120;44m██[38;2;246;110;8m██[38;2;11;1;2m██[38;2;253;207;5m██[38;2;229;156;0m██[38;2;226;145;1m██[38;2;227;144;5m██[38;2;77;2;89m██[38;2;17;0;22m██[38;2;82;0;110m██[38;2;0;0;0m              
[38;2;0;0;0m        [38;2;0;1;2m██[38;2;163;105;77m██[38;2;254;117;13m██[38;2;248;110;1m██[38;2;247;109;0m██[38;2;236;101;1m██[38;2;224;98;7m██[38;2;244;107;0m██[38;2;247;109;0m██[38;2;250;109;1m██[38;2;44;2;40m██[38;2;7;6;7m██[38;2;50;22;0m██[38;2;2;0;5m██[38;2;4;4;6m██[38;2;0;0;0m  [38;2;45;13;60m██[38;2;108;2;138m██[38;2;0;0;0m              
[38;2;0;0;0m        ██[38;2;242;131;41m██[38;2;248;113;5m██[38;2;248;110;1m██[38;2;247;109;0m██[38;2;248;107;2m██[38;2;243;106;4m██[38;2;232;98;3m██[38;2;219;93;14m██[38;2;208;111;48m██[38;2;50;2;52m██[38;2;45;1;57m██[38;2;0;0;0m    [38;2;126;1;175m██[38;2;124;4;170m██[38;2;65;11;95m██[38;2;49;32;60m  [38;2;0;0;0m              
[38;2;0;0;0m        [38;2;23;5;4m██[38;2;244;109;2m██[38;2;246;110;2m██[38;2;246;108;1m██[38;2;243;106;1m██[38;2;245;106;1m██[38;2;245;109;0m██[38;2;212;92;13m██[38;2;56;1;68m██[38;2;56;2;65m██[38;2;146;79;48m██[38;2;77;12;9m██[38;2;0;0;0m                          
[38;2;0;0;0m        [38;2;0;0;1m██[38;2;227;96;3m██[38;2;231;97;0m██[38;2;233;99;4m██[38;2;206;84;6m██[38;2;211;85;0m██[38;2;226;95;2m██[38;2;72;6;95m██[38;2;135;39;17m██[38;2;81;0;103m██[38;2;213;86;5m██[38;2;2;1;0m██[38;2;0;0;0m                          
[38;2;0;0;0m          [38;2;34;5;4m██[38;2;212;86;0m██[38;2;204;81;1m██[38;2;208;86;4m██[38;2;198;80;1m██[38;2;195;81;13m██[38;2;182;78;25m██[38;2;98;16;37m██[38;2;105;2;138m██[38;2;0;0;4m██[38;2;0;0;0m                            
[38;2;0;0;0m          [38;2;3;3;4m  [38;2;10;0;7m██[38;2;186;79;15m██[38;2;177;86;28m██[38;2;49;16;5m██[38;2;128;0;179m██[38;2;123;6;168m██[38;2;60;6;85m██[38;2;59;41;72m██[38;2;0;0;0m                              [0m
