
[38;2;20;20;20m  [38;2;0;0;0m                    [38;2;79;8;8m  [38;2;50;14;19m  [38;2;244;70;100m  [38;2;235;68;96m  [38;2;238;68;98m  [38;2;135;44;46m  [38;2;99;34;43m  [38;2;177;53;66m  [38;2;170;46;67m  [38;2;64;17;26m  [38;2;80;40;40m  [38;2;0;0;0m      [38;2;1;1;1m  [38;2;2;2;2m  [38;2;41;41;41m  [38;2;60;60;60m  
[38;2;6;6;6m  [38;2;116;115;116m  [38;2;0;0;0m                  [38;2;54;18;18m  [38;2;111;13;19m  [38;2;239;69;97m  [38;2;233;68;96m  [38;2;237;69;97m  [38;2;239;72;101m  [38;2;241;69;99m  [38;2;240;70;98m  [38;2;242;70;99m  [38;2;240;81;99m  [38;2;180;126;126m  [38;2;0;0;0m  [38;2;2;2;2m  [38;2;0;1;1m  [38;2;59;59;59m  [38;2;195;195;195m  [38;2;252;252;252m  ██
[38;2;193;193;193m  [38;2;40;40;40m  [38;2;3;3;3m  [38;2;1;1;1m  [38;2;0;0;0m                [38;2;174;54;59m  [38;2;235;67;96m  [38;2;234;67;95m  [38;2;233;67;95m  [38;2;238;69;97m  [38;2;233;68;95m  [38;2;233;67;95m  [38;2;240;70;98m  [38;2;145;40;59m  [38;2;109;54;54m  [38;2;6;6;6m  [38;2;30;30;30m  [38;2;196;196;196m  [38;2;254;254;254m  [38;2;250;250;250m██[38;2;252;252;252m██[38;2;251;251;251m██
[38;2;246;246;246m██[38;2;254;254;254m  [38;2;161;161;161m  [38;2;6;6;6m  [38;2;11;11;11m  [38;2;0;0;0m              [38;2;49;0;16m  [38;2;33;10;13m  [38;2;243;69;99m  [38;2;233;67;95m  [38;2;233;68;95m  [38;2;233;67;95m  [38;2;238;69;97m  [38;2;232;68;94m  [38;2;10;6;6m  [38;2;2;2;2m  [38;2;74;74;74m  [38;2;254;254;254m  [38;2;249;249;250m██[38;2;252;252;252m████[38;2;251;251;251m██[38;2;252;252;252m██
[38;2;249;249;249m████[38;2;247;247;248m  [38;2;237;237;237m  [38;2;45;45;45m  [38;2;0;0;0m  [38;2;4;4;4m  [38;2;0;0;0m            [38;2;11;3;4m  [38;2;253;99;149m  [38;2;252;73;103m  [38;2;236;68;97m  [38;2;244;70;99m  [38;2;247;74;117m  [38;2;8;10;3m  [38;2;23;23;23m  [38;2;212;212;212m  [38;2;253;253;253m  [38;2;252;252;252m████████[38;2;246;247;247m██[38;2;251;252;252m██
[38;2;250;250;250m██[38;2;251;251;251m██[38;2;250;250;250m██[38;2;249;250;250m██[38;2;248;248;249m  [38;2;170;170;169m  [38;2;9;9;9m  [38;2;1;1;1m  [38;2;42;42;42m  [38;2;0;0;0m    [38;2;3;3;3m  [38;2;2;2;2m  [38;2;4;4;4m  [38;2;2;4;4m  [38;2;46;14;21m  [38;2;218;110;140m  [38;2;45;13;18m  [38;2;2;2;2m  [38;2;112;112;112m  [38;2;241;241;241m  [38;2;251;252;252m██[38;2;252;252;252m  [38;2;253;253;253m████████[38;2;134;126;133m██[38;2;246;240;241m██
[38;2;251;251;251m██[38;2;252;252;252m██[38;2;251;251;252m██[38;2;251;251;251m██[38;2;250;250;250m██[38;2;249;250;250m██[38;2;219;219;219m  [38;2;62;62;64m  [38;2;47;47;50m  [38;2;10;10;11m  [38;2;57;57;57m  [38;2;47;47;47m  [38;2;162;162;162m  [38;2;204;204;204m  [38;2;207;207;207m  [38;2;174;173;174m  [38;2;68;67;68m  [38;2;36;30;30m  [38;2;173;173;173m  [38;2;252;252;252m  [38;2;253;254;254m████[38;2;253;253;253m██████[38;2;252;252;252m██[38;2;246;246;246m██[38;2;158;136;146m██[38;2;252;233;236m██
[38;2;253;253;253m██[38;2;254;254;254m██[38;2;253;253;253m████[38;2;252;252;253m██[38;2;251;251;252m██[38;2;249;249;249m██[38;2;245;245;246m  [38;2;159;160;162m██[38;2;127;127;129m  [38;2;50;50;51m  [38;2;242;242;242m  [38;2;253;253;253m████[38;2;239;240;240m██[38;2;251;251;251m██[38;2;253;253;253m  [38;2;214;214;214m  [38;2;206;206;206m██[38;2;240;240;240m██[38;2;254;254;254m████[38;2;253;253;253m██[38;2;253;253;254m████[38;2;252;252;252m██[38;2;198;198;202m██[38;2;206;169;178m██[38;2;248;218;223m██
[38;2;254;254;254m██[38;2;255;255;255m████[38;2;254;254;254m████[38;2;249;249;249m██[38;2;221;221;223m██[38;2;220;220;223m██[38;2;250;250;251m  [38;2;253;253;253m██[38;2;251;251;251m  [38;2;254;254;254m██[38;2;253;253;253m██[38;2;171;171;174m██[38;2;151;151;154m██[38;2;147;147;151m██[38;2;184;184;188m██[38;2;246;246;247m██[38;2;245;245;245m██[38;2;212;212;212m██[38;2;226;226;226m██[38;2;254;254;254m██████████[38;2;149;149;156m██[38;2;236;190;199m██[38;2;247;208;215m██
[38;2;250;250;251m██[38;2;254;254;254m██[38;2;255;255;255m██[38;2;253;253;253m██[38;2;205;205;208m██[38;2;131;132;138m██[38;2;142;143;148m██[38;2;144;144;151m██[38;2;168;169;174m██[38;2;254;254;254m████[38;2;255;255;255m██[38;2;252;252;253m██[38;2;198;198;199m██[38;2;207;207;207m██[38;2;167;168;171m██[38;2;146;146;151m██[38;2;136;136;142m██[38;2;234;234;236m██[38;2;254;254;254m██[38;2;229;229;229m██[38;2;221;221;221m██[38;2;254;254;254m██[38;2;255;255;255m██[38;2;254;254;254m██[38;2;252;252;252m██[38;2;151;138;146m██[38;2;247;197;206m██[38;2;247;204;212m██
[38;2;204;204;207m██[38;2;253;253;254m██[38;2;254;254;254m██[38;2;215;215;217m██[38;2;185;186;188m██[38;2;217;217;217m██[38;2;219;219;220m██[38;2;227;228;228m██[38;2;246;246;246m██[38;2;253;252;253m██[38;2;254;254;254m████████[38;2;253;253;253m██[38;2;251;252;252m████[38;2;243;243;243m██[38;2;152;152;158m██[38;2;217;217;219m██[38;2;253;253;253m██[38;2;248;248;248m██[38;2;227;227;227m██[38;2;254;254;254m██[38;2;253;253;253m██[38;2;191;191;195m██[38;2;184;156;165m██[38;2;241;193;202m██[38;2;247;204;211m██
[38;2;133;134;139m██[38;2;254;254;254m████[38;2;250;251;251m██[38;2;240;241;241m██[38;2;232;233;234m██[38;2;228;230;230m██[38;2;229;230;231m██[38;2;232;233;233m██[38;2;236;237;238m██[38;2;238;239;239m██[38;2;245;246;246m██[38;2;247;247;247m██[38;2;246;246;246m██[38;2;238;239;239m██[38;2;233;234;235m██[38;2;242;243;243m████[38;2;252;252;252m██[38;2;163;164;169m██[38;2;213;213;215m██[38;2;253;253;253m██[38;2;254;254;254m██[38;2;253;253;253m██[38;2;255;255;255m██[38;2;196;195;199m██[38;2;204;204;208m██[38;2;139;131;141m██[38;2;248;205;213m██
[38;2;250;250;250m██[38;2;254;254;254m██[38;2;252;253;253m██[38;2;248;248;248m██[38;2;240;240;241m██[38;2;234;235;235m██[38;2;231;231;232m██[38;2;230;231;231m██[38;2;236;237;237m██[38;2;178;179;183m██[38;2;220;221;222m██[38;2;234;235;235m██[38;2;236;237;237m██[38;2;234;235;235m██[38;2;233;235;235m██[38;2;214;215;217m██[38;2;242;243;243m██[38;2;243;243;243m██[38;2;244;245;245m██[38;2;252;252;252m██[38;2;161;161;166m██[38;2;231;231;233m██[38;2;254;254;254m██[38;2;255;255;255m████[38;2;254;254;254m██[38;2;253;253;253m██[38;2;184;185;190m██[38;2;200;198;203m██
[38;2;254;254;254m██[38;2;255;255;255m██[38;2;253;253;253m██[38;2;249;249;250m██[38;2;244;245;246m██[38;2;240;240;241m██[38;2;237;237;238m██[38;2;237;238;238m██[38;2;246;246;247m██[38;2;145;146;151m██[38;2;231;231;232m██[38;2;235;235;236m██[38;2;235;236;236m████[38;2;237;237;238m██[38;2;171;172;176m██[38;2;244;244;244m██[38;2;245;245;245m██[38;2;246;246;246m██[38;2;249;250;250m██[38;2;247;247;248m██[38;2;148;149;154m██[38;2;254;254;254m██[38;2;255;255;255m██████[38;2;253;253;253m██[38;2;226;226;228m██[38;2;186;186;192m██
[38;2;255;255;255m████[38;2;254;254;254m██[38;2;252;252;252m██[38;2;249;249;249m██[38;2;248;248;247m██[38;2;248;248;248m██[38;2;250;250;250m██[38;2;227;227;229m██[38;2;157;157;163m██[38;2;247;247;247m██[38;2;238;238;238m██[38;2;237;237;237m████[38;2;242;241;241m██[38;2;147;147;154m██[38;2;241;241;242m██[38;2;247;246;247m██[38;2;249;249;249m██[38;2;253;252;252m██[38;2;254;253;253m██[38;2;223;223;225m██[38;2;169;170;174m██[38;2;254;254;254m████[38;2;255;255;255m██[38;2;254;254;254m██[38;2;163;163;170m██[38;2;226;227;229m██
[38;2;255;255;255m████[38;2;255;254;254m████[38;2;254;253;253m████████[38;2;184;184;188m██[38;2;188;188;192m██[38;2;253;251;251m██[38;2;247;245;245m██[38;2;244;242;242m██[38;2;245;243;243m██[38;2;247;245;246m██[38;2;193;193;197m██[38;2;216;216;218m██[38;2;252;252;252m██[38;2;254;252;253m██[38;2;254;253;253m██[38;2;254;254;254m██[38;2;253;253;253m██[38;2;165;165;170m██[38;2;250;250;250m██[38;2;254;254;254m██[38;2;255;255;255m██[38;2;254;254;254m██[38;2;241;241;242m██[38;2;254;254;254m██
[38;2;255;255;255m██[38;2;255;254;254m████[38;2;254;253;253m██[38;2;254;252;253m██[38;2;254;252;252m██[38;2;254;252;251m██[38;2;254;253;253m██[38;2;140;139;145m██[38;2;212;210;213m██[38;2;253;249;248m██[38;2;254;249;248m██[38;2;253;249;249m██████[38;2;248;247;248m██[38;2;145;144;151m██[38;2;253;251;251m██[38;2;254;252;252m██[38;2;254;252;253m██[38;2;255;253;253m██[38;2;254;253;253m██[38;2;235;235;235m██[38;2;176;177;181m██[38;2;253;253;253m██[38;2;255;255;255m████[38;2;248;248;249m██[38;2;251;252;252m██
[38;2;255;254;254m██[38;2;255;254;253m██[38;2;254;253;253m██[38;2;254;251;251m████[38;2;252;250;250m██[38;2;252;249;249m██[38;2;251;247;246m██[38;2;111;101;108m██[38;2;223;220;221m██[38;2;251;245;244m██[38;2;253;246;246m██[38;2;253;245;245m██[38;2;253;246;246m██[38;2;253;247;247m██[38;2;254;253;253m██[38;2;112;103;112m██[38;2;233;230;232m██[38;2;253;249;249m██[38;2;253;251;251m██[38;2;253;252;252m██[38;2;254;252;252m██[38;2;251;251;252m██[38;2;139;139;144m██[38;2;249;249;249m██[38;2;254;254;254m████[38;2;236;236;238m██[38;2;155;156;164m██
[38;2;254;253;253m██[38;2;254;252;252m██[38;2;252;250;250m██[38;2;242;242;243m██[38;2;222;220;223m██[38;2;187;185;191m██[38;2;174;170;175m██[38;2;212;207;209m██[38;2;104;75;81m██[38;2;230;224;224m██[38;2;249;238;237m██[38;2;252;242;241m██[38;2;252;243;242m██████[38;2;253;246;246m██[38;2;164;136;142m██[38;2;169;151;156m██[38;2;254;251;251m██[38;2;208;205;207m██[38;2;189;188;190m██[38;2;211;210;212m██[38;2;235;235;236m██[38;2;208;208;211m██[38;2;184;184;187m██[38;2;253;253;253m██[38;2;254;254;254m██[38;2;253;253;253m██[38;2;187;187;191m██
[38;2;253;252;252m██[38;2;250;250;249m██[38;2;157;155;162m██[38;2;94;93;107m██[38;2;161;158;167m██[38;2;215;208;211m██[38;2;236;228;228m██[38;2;187;169;173m██[38;2;145;86;94m██[38;2;238;228;228m██[38;2;197;171;173m██[38;2;252;239;238m██[38;2;251;238;237m██[38;2;252;239;238m██[38;2;252;240;239m██[38;2;251;240;239m██[38;2;209;176;180m██[38;2;125;66;81m██[38;2;233;226;228m██[38;2;244;238;238m██[38;2;229;225;225m██[38;2;192;190;192m██[38;2;127;125;133m██[38;2;108;106;115m██[38;2;102;100;106m██[38;2;244;244;245m██[38;2;254;254;253m██[38;2;255;255;255m██[38;2;253;253;253m██
[38;2;250;248;248m██[38;2;145;136;143m██[38;2;202;195;199m██[38;2;242;234;232m██[38;2;237;227;226m██[38;2;240;228;227m██[38;2;251;238;237m██[38;2;187;141;147m██[38;2;186;108;118m██[38;2;241;225;225m██[38;2;187;137;144m██[38;2;251;234;232m██[38;2;248;232;229m██[38;2;248;232;230m██[38;2;250;236;234m██[38;2;251;236;235m██[38;2;236;217;218m██[38;2;187;105;114m██[38;2;157;104;115m██[38;2;248;240;239m██[38;2;239;232;231m██[38;2;237;232;232m██[38;2;240;236;236m██[38;2;245;244;245m██[38;2;112;93;100m██[38;2;189;182;184m██[38;2;253;252;252m██[38;2;255;254;254m██[38;2;253;253;253m██
[38;2;239;234;233m██[38;2;234;226;225m██[38;2;233;222;221m██[38;2;232;219;218m██[38;2;234;221;220m██[38;2;235;220;219m██[38;2;252;238;236m██[38;2;196;133;140m██[38;2;208;130;138m██[38;2;239;210;210m██[38;2;199;133;141m██[38;2;231;199;199m██[38;2;239;216;215m██[38;2;239;217;216m██[38;2;239;218;217m██[38;2;244;226;224m██[38;2;253;240;237m██[38;2;192;118;126m██[38;2;170;88;99m██[38;2;182;137;144m██[38;2;235;226;225m██[38;2;233;225;224m██[38;2;232;225;225m██[38;2;235;229;229m██[38;2;206;185;188m██[38;2;124;76;84m██[38;2;245;243;243m██[38;2;254;253;253m██[38;2;255;255;255m██
[38;2;233;224;223m██[38;2;234;224;223m██[38;2;216;201;200m██[38;2;176;154;155m██[38;2;163;137;139m██[38;2;192;158;160m██[38;2;250;231;228m██[38;2;202;143;148m██[38;2;225;162;165m██[38;2;229;181;184m██[38;2;211;141;149m██[38;2;202;133;140m██[38;2;238;211;208m██[38;2;236;209;207m██[38;2;235;210;207m██[38;2;235;212;210m██[38;2;245;224;222m██[38;2;189;134;140m██[38;2;231;153;156m██[38;2;140;68;78m██[38;2;170;131;136m██[38;2;178;148;152m██[38;2;176;150;153m██[38;2;201;183;185m██[38;2;198;173;177m██[38;2;198;132;135m██[38;2;193;175;178m██[38;2;253;252;253m██[38;2;255;254;254m██
[38;2;226;213;213m██[38;2;151;126;129m██[38;2;171;147;148m██[38;2;206;185;185m██[38;2;222;202;201m██[38;2;228;203;202m██[38;2;249;223;220m██[38;2;209;159;162m██[38;2;243;206;203m██[38;2;214;140;149m██[38;2;220;159;164m██[38;2;199;107;118m██[38;2;222;179;180m██[38;2;232;201;199m██[38;2;233;204;201m██[38;2;233;206;203m██[38;2;234;208;205m██[38;2;218;185;186m██[38;2;202;132;134m██[38;2;230;159;159m██[38;2;120;59;68m██[38;2;159;118;123m██[38;2;217;198;197m██[38;2;197;171;173m██[38;2;132;84;93m██[38;2;216;153;154m██[38;2;122;80;87m██[38;2;241;239;240m██[38;2;254;253;253m██
[38;2;149;123;126m██[38;2;153;136;136m██[38;2;95;85;85m██[38;2;78;45;49m██[38;2;101;45;55m██[38;2;155;83;94m██[38;2;223;170;174m██[38;2;222;165;168m██[38;2;252;239;231m██[38;2;213;135;141m██[38;2;220;162;165m██[38;2;205;113;122m██[38;2;188;103;114m██[38;2;227;184;183m██[38;2;235;203;200m██[38;2;233;201;199m██[38;2;233;203;201m██[38;2;240;213;210m██[38;2;168;112;115m██[38;2;228;158;156m██[38;2;165;88;95m██[38;2;65;12;23m██[38;2;64;40;43m██[38;2;77;65;66m██[38;2;95;65;69m██[38;2;125;76;81m██[38;2;184;135;136m██[38;2;147;135;142m██[38;2;249;249;249m██
[38;2;82;66;68m██[38;2;2;1;1m██[38;2;11;3;5m██[38;2;43;11;17m██[38;2;68;20;34m██[38;2;102;25;45m██[38;2;143;33;58m██[38;2;205;142;149m██[38;2;254;249;239m██[38;2;243;207;201m██[38;2;202;127;134m██[38;2;186;96;108m██[38;2;239;175;171m██[38;2;188;99;110m██[38;2;203;138;144m██[38;2;227;187;185m██[38;2;234;201;198m██[38;2;235;203;200m██[38;2;213;165;167m██[38;2;144;42;61m██[38;2;108;23;46m██[38;2;53;23;40m██[38;2;18;15;24m██[38;2;12;12;14m██[38;2;11;3;4m██[38;2;33;11;16m██[38;2;190;147;145m██[38;2;128;99;102m██[38;2;143;138;145m██
[38;2;17;8;9m██[38;2;18;17;17m██[38;2;87;88;91m██[38;2;28;43;70m██[38;2;133;154;200m██[38;2;75;104;178m██[38;2;89;89;116m██[38;2;194;173;178m██[38;2;254;246;236m██[38;2;254;245;236m██[38;2;244;214;207m██[38;2;187;112;121m██[38;2;195;118;124m██[38;2;244;190;179m██[38;2;230;170;163m██[38;2;184;109;115m██[38;2;169;111;118m██[38;2;194;158;159m██[38;2;235;212;208m██[38;2;139;110;134m██[38;2;71;85;145m██[38;2;116;143;208m██[38;2;54;94;165m██[38;2;70;100;129m██[38;2;52;63;75m██[38;2;18;12;13m██[38;2;37;5;11m██[38;2;169;117;119m██[38;2;111;95;100m██
[38;2;69;61;62m██[38;2;178;178;180m██[38;2;21;54;87m██[38;2;104;147;223m██[38;2;160;173;191m██[38;2;89;131;213m██[38;2;61;108;170m██[38;2;166;180;190m██[38;2;253;247;237m██[38;2;255;247;237m████[38;2;254;251;241m██[38;2;233;209;204m██[38;2;243;209;200m██[38;2;245;202;188m██[38;2;249;215;200m██[38;2;254;239;225m██[38;2;254;252;241m██[38;2;245;241;233m██[38;2;57;93;146m██[38;2;95;133;216m██[38;2;154;166;191m██[38;2;84;123;214m██[38;2;61;106;176m██[38;2;159;174;187m██[38;2;146;148;152m██[38;2;69;18;28m██[38;2;133;59;71m██[38;2;215;180;177m██
[38;2;201;201;201m██[38;2;143;154;166m██[38;2;82;127;165m██[38;2;135;171;204m██[38;2;243;223;162m██[38;2;188;198;187m██[38;2;156;199;239m██[38;2;107;146;178m██[38;2;253;247;237m██[38;2;255;247;237m████[38;2;254;246;236m██[38;2;254;245;235m██[38;2;254;247;236m██[38;2;254;244;234m██[38;2;252;233;221m██[38;2;252;239;227m██[38;2;253;245;235m██[38;2;171;188;200m██[38;2;87;133;181m██[38;2;147;171;199m██[38;2;250;226;160m██[38;2;156;173;192m██[38;2;131;162;206m██[38;2;44;101;149m██[38;2;215;214;214m██[38;2;209;210;209m██[38;2;137;63;78m██[38;2;189;143;145m██
[38;2;240;240;240m██[38;2;119;146;171m██[38;2;130;195;228m██[38;2;143;200;229m██[38;2;218;219;181m██[38;2;180;211;207m██[38;2;208;238;252m██[38;2;247;250;252m██[38;2;254;247;237m██[38;2;255;247;236m██[38;2;255;245;233m██[38;2;255;243;229m██[38;2;255;241;228m██[38;2;255;242;229m██[38;2;255;245;233m██[38;2;255;247;236m████[38;2;254;246;237m██[38;2;158;178;194m██[38;2;114;178;219m██[38;2;141;193;225m██[38;2;242;225;163m██[38;2;139;185;218m██[38;2;136;191;229m██[38;2;244;251;253m██[38;2;253;253;253m██[38;2;229;229;229m██[38;2;121;100;104m██[38;2;161;117;118m██
[38;2;253;253;254m██[38;2;111;141;169m██[38;2;149;218;245m██[38;2;153;223;251m██[38;2;167;222;236m██[38;2;152;221;248m██[38;2;156;225;253m██[38;2;178;224;241m██[38;2;254;247;237m██[38;2;255;246;234m██[38;2;255;242;229m██[38;2;255;241;227m██████[38;2;255;241;229m██[38;2;255;246;235m██[38;2;255;247;237m██[38;2;254;245;235m██[38;2;232;234;231m██[38;2;151;222;250m██[38;2;149;217;250m██[38;2;191;219;208m██[38;2;140;210;249m██[38;2;149;218;248m██[38;2;40;105;158m██[38;2;240;244;246m██[38;2;251;251;251m██[38;2;231;229;227m██[38;2;146;104;101m██
[38;2;254;243;237m██[38;2;158;176;192m██[38;2;116;182;212m██[38;2;155;226;253m██[38;2;156;215;236m██[38;2;147;194;212m██[38;2;153;183;200m██[38;2;233;234;228m██[38;2;254;243;232m██[38;2;255;244;232m██[38;2;255;241;228m████[38;2;255;241;227m██████[38;2;255;245;233m██[38;2;255;244;234m██[38;2;255;240;230m██[38;2;252;231;219m██[38;2;179;203;216m██[38;2;150;186;204m██[38;2;170;208;214m██[38;2;151;223;251m██[38;2;161;233;252m██[38;2;38;91;140m██[38;2;248;245;243m██[38;2;254;246;237m██[38;2;251;241;232m██[38;2;139;89;88m  [0m
