
[38;2;0;0;0m        [38;2;5;5;5m  [38;2;11;10;10m  [38;2;0;0;0m██[38;2;82;82;82m  [38;2;0;0;0m                [38;2;2;2;2m██[38;2;0;0;0m██[38;2;4;3;1m██[38;2;4;3;4m██[38;2;0;0;0m            
[38;2;0;0;0m      [38;2;4;4;4m  [38;2;1;1;1m██[38;2;75;24;44m██[38;2;4;4;4m██[38;2;1;1;1m██[38;2;58;58;58m  [38;2;19;19;18m  [38;2;10;10;8m  [38;2;2;2;2m████[38;2;1;1;1m██[38;2;4;2;3m  [38;2;70;71;71m  [38;2;2;5;4m██[38;2;16;16;16m██[38;2;40;36;40m██[38;2;18;14;17m██[38;2;2;2;2m██[38;2;0;0;0m          
[38;2;0;0;0m      [38;2;1;1;1m██[38;2;79;20;46m██[38;2;4;5;2m██[38;2;7;7;8m██[38;2;2;2;2m██[38;2;130;171;168m██[38;2;139;202;195m██[38;2;135;205;200m██[38;2;136;204;200m██[38;2;136;204;202m██[38;2;138;202;201m██[38;2;139;203;200m██[38;2;139;203;199m██[38;2;129;167;163m██[38;2;3;0;0m██[38;2;7;6;6m██[38;2;121;29;70m██[38;2;1;0;1m██[38;2;125;125;125m  [38;2;0;0;0m        
[38;2;0;0;0m    [38;2;120;120;120m  [38;2;4;2;2m██[38;2;69;21;42m██[38;2;0;0;0m██[38;2;145;186;181m██[38;2;139;203;200m██[38;2;136;205;200m████████████[38;2;136;204;200m████[38;2;135;205;199m██[38;2;137;206;201m██[38;2;5;4;5m██[38;2;6;2;2m██[38;2;99;22;58m██[38;2;1;1;1m██[38;2;0;0;0m        
[38;2;0;0;0m    [38;2;1;1;3m██[38;2;72;17;42m██[38;2;2;2;2m██[38;2;144;200;194m██[38;2;135;204;199m██[38;2;136;205;200m████████████████[38;2;136;205;199m██[38;2;136;205;200m██[38;2;147;202;199m██[38;2;145;200;194m██[38;2;142;203;195m██[38;2;37;24;31m██[38;2;21;19;20m██[38;2;7;7;7m██[38;2;0;0;0m      
[38;2;0;0;0m  [38;2;41;41;41m  [38;2;5;5;5m██[38;2;58;24;41m██[38;2;126;164;160m██[38;2;137;204;201m██[38;2;136;205;200m██████[38;2;136;201;195m██[38;2;135;205;200m██[38;2;136;205;200m██[38;2;136;205;199m████[38;2;136;205;200m████[38;2;135;205;200m██[38;2;135;205;199m██[38;2;4;3;2m██[38;2;140;206;204m██[38;2;40;49;51m██[38;2;149;22;76m██[38;2;2;2;2m██[38;2;74;74;74m  [38;2;0;0;0m    
[38;2;0;0;0m  ██[38;2;5;6;4m██[38;2;21;5;10m██[38;2;140;203;203m██[38;2;136;205;200m██[38;2;135;205;200m██[38;2;137;205;198m██[38;2;55;80;82m██[38;2;2;6;6m██[38;2;135;205;200m██[38;2;136;205;200m████[38;2;135;204;199m██[38;2;135;206;200m██[38;2;136;205;200m██[38;2;28;60;58m██[38;2;136;205;198m██[38;2;142;208;202m██[38;2;2;1;2m██[38;2;46;38;35m██[38;2;41;40;41m██[38;2;0;0;0m██      
[38;2;0;0;0m    [38;2;2;2;3m██[38;2;1;3;3m██[38;2;135;205;200m██[38;2;136;205;200m██[38;2;138;203;199m██[38;2;2;2;4m██[38;2;245;244;230m██[38;2;9;5;4m██[38;2;137;204;201m██[38;2;136;205;199m██[38;2;136;204;200m██[38;2;9;7;13m██[38;2;3;12;11m██[38;2;138;203;199m██[38;2;78;108;104m██[38;2;139;199;199m██[38;2;134;208;201m██[38;2;3;2;0m██[38;2;74;21;41m██[38;2;0;0;0m██[38;2;27;43;38m██[38;2;0;0;0m      
[38;2;0;0;0m  [38;2;69;70;70m  [38;2;139;202;200m██[38;2;148;187;184m██[38;2;134;206;199m██[38;2;137;204;199m██[38;2;6;4;4m██[38;2;250;246;232m██[38;2;254;246;235m██[38;2;251;247;235m██[38;2;3;6;7m██[38;2;135;204;199m██[38;2;135;205;199m██[38;2;2;3;1m██[38;2;207;205;200m██[38;2;81;111;112m██[38;2;131;206;198m██[38;2;2;3;3m██[38;2;135;205;200m██[38;2;3;4;5m██[38;2;1;1;3m██[38;2;136;177;175m██[38;2;135;205;202m██[38;2;12;12;12m  [38;2;0;0;0m    
[38;2;0;0;0m  [38;2;1;1;1m██[38;2;142;204;195m██[38;2;143;197;193m██[38;2;137;204;199m██[38;2;2;4;6m██[38;2;251;248;234m██[38;2;253;246;235m██[38;2;254;248;236m██[38;2;252;248;236m██[38;2;246;245;235m██[38;2;4;9;9m██[38;2;135;205;198m██[38;2;0;0;2m██[38;2;254;245;232m██[38;2;233;231;227m██[38;2;2;5;6m██[38;2;5;7;8m██[38;2;135;205;200m██[38;2;7;8;8m██[38;2;142;204;201m██[38;2;116;149;147m██[38;2;135;205;198m██[38;2;0;2;5m██[38;2;0;0;0m    
[38;2;0;0;0m  [38;2;16;25;27m██[38;2;149;197;191m██[38;2;134;205;199m██[38;2;138;202;197m██[38;2;171;170;168m██[38;2;252;247;235m██[38;2;11;8;9m██[38;2;254;245;235m██[38;2;254;246;235m██[38;2;251;247;235m██[38;2;247;243;233m██[38;2;7;4;7m██[38;2;0;0;0m██[38;2;4;3;7m██[38;2;253;247;235m██[38;2;251;245;233m██[38;2;9;8;6m██[38;2;135;205;200m██[38;2;5;4;8m██[38;2;133;204;199m██[38;2;1;0;0m██[38;2;135;204;199m██[38;2;138;202;194m██[38;2;35;35;35m  [38;2;0;0;0m  
[38;2;5;5;5m  [38;2;148;203;196m██[38;2;72;99;96m██[38;2;8;9;9m██[38;2;93;120;118m██[38;2;251;245;234m██[38;2;253;246;235m██[38;2;253;246;233m██[38;2;253;247;235m██[38;2;254;246;235m██████[38;2;254;245;235m██[38;2;253;246;235m██[38;2;254;245;235m██[38;2;254;246;235m████[38;2;3;3;5m██[38;2;136;204;200m██[38;2;5;3;4m██[38;2;139;206;201m██[38;2;1;1;2m██[38;2;139;204;197m██[38;2;137;204;198m██[38;2;1;2;2m██[38;2;0;0;0m  
[38;2;14;16;15m  [38;2;135;205;200m██[38;2;22;38;38m██[38;2;4;0;5m██[38;2;2;11;10m██[38;2;252;247;233m██[38;2;254;246;234m██[38;2;254;246;235m██[38;2;254;245;234m██[38;2;254;245;235m██[38;2;254;246;234m██[38;2;254;246;235m████████████[38;2;3;3;4m██[38;2;134;205;199m██[38;2;4;2;5m██[38;2;132;173;172m██[38;2;6;6;6m██[38;2;1;11;14m██[38;2;136;205;200m██[38;2;44;63;62m██[38;2;0;0;0m  
[38;2;7;7;5m██[38;2;136;204;200m██[38;2;12;24;25m██[38;2;3;2;4m██[38;2;37;53;52m██[38;2;249;243;233m██[38;2;253;247;235m██[38;2;254;246;235m████[38;2;248;244;232m██[38;2;8;7;10m██[38;2;153;153;147m██[38;2;254;246;235m██[38;2;253;246;235m██[38;2;254;246;235m██[38;2;253;246;235m██[38;2;253;247;233m██[38;2;4;3;3m██[38;2;134;205;200m██[38;2;7;2;3m██[38;2;10;5;8m██[38;2;1;2;1m██[38;2;2;3;1m██[38;2;136;205;200m██[38;2;138;204;196m██[38;2;5;5;5m  
[38;2;3;3;6m██[38;2;135;205;200m██[38;2;27;40;40m██[38;2;7;7;7m  [38;2;147;196;191m██[38;2;3;1;5m██[38;2;251;248;237m██[38;2;252;247;235m██[38;2;254;248;236m██[38;2;251;247;235m██[38;2;255;245;235m██[38;2;254;246;234m██[38;2;250;247;234m██[38;2;252;245;237m██[38;2;250;247;238m██[38;2;10;10;8m██[38;2;5;5;3m██[38;2;125;164;163m██[38;2;3;5;7m██[38;2;0;0;0m██  [38;2;31;31;31m  [38;2;70;71;71m  [38;2;137;204;197m██[38;2;138;203;201m██[38;2;5;5;5m██
[38;2;5;10;10m██[38;2;137;206;198m██[38;2;1;2;4m██[38;2;0;0;0m  [38;2;7;4;6m██[38;2;5;2;3m██[38;2;54;54;51m  [38;2;3;3;4m██[38;2;1;2;3m██[38;2;2;2;4m████[38;2;2;3;5m██[38;2;7;1;1m██[38;2;25;25;25m██[38;2;234;233;234m██[38;2;253;253;253m██[38;2;2;2;2m██[38;2;8;7;9m██[38;2;248;244;236m██[38;2;7;6;11m██[38;2;0;0;0m      [38;2;152;193;190m██[38;2;137;204;200m██[38;2;1;1;1m██
[38;2;5;13;11m██[38;2;136;206;197m██[38;2;0;1;1m██[38;2;0;0;0m        [38;2;3;3;3m██[38;2;253;253;253m██[38;2;251;251;251m██[38;2;6;11;16m██[38;2;55;120;124m██[38;2;236;239;238m██[38;2;255;255;255m████[38;2;254;254;254m██[38;2;99;99;99m██[38;2;7;4;5m██[38;2;3;3;3m██[38;2;5;5;5m██[38;2;0;0;0m      [38;2;20;31;32m██[38;2;138;204;200m██[38;2;1;1;2m██
[38;2;2;6;7m██[38;2;137;204;199m██[38;2;4;4;5m██[38;2;0;0;0m        [38;2;12;12;12m██[38;2;253;253;253m██[38;2;255;255;255m██[38;2;246;246;246m██[38;2;8;2;4m██[38;2;254;254;254m██[38;2;255;255;255m██████[38;2;253;253;253m██[38;2;23;23;23m██[38;2;51;51;51m██[38;2;50;50;50m██[38;2;0;0;0m      [38;2;3;5;7m██[38;2;136;205;200m██[38;2;7;4;7m██
[38;2;2;1;2m██[38;2;136;205;199m██[38;2;1;1;3m██[38;2;0;0;0m      [38;2;4;4;4m██[38;2;7;7;7m██[38;2;255;255;255m██[38;2;249;249;249m██[38;2;5;29;28m██[38;2;54;197;198m██[38;2;3;2;2m██[38;2;255;255;255m██████[38;2;254;254;254m██[38;2;24;24;24m██[38;2;51;51;51m██[38;2;50;50;50m██[38;2;26;26;26m  [38;2;0;0;0m    [38;2;10;6;8m██[38;2;136;204;200m██[38;2;7;7;11m██
[38;2;6;5;4m██[38;2;135;205;199m██[38;2;1;2;4m██[38;2;0;0;0m      [38;2;3;3;3m██[38;2;2;2;2m██[38;2;254;254;254m██[38;2;188;188;188m██[38;2;50;198;197m██[38;2;48;197;196m██[38;2;19;65;66m██[38;2;255;255;255m██████[38;2;253;253;253m██[38;2;11;11;11m██[38;2;50;50;50m██[38;2;51;51;51m██[38;2;1;1;1m██[38;2;0;0;0m    [38;2;3;3;1m██[38;2;136;205;200m██[38;2;8;9;13m██
[38;2;6;6;4m██[38;2;137;203;200m██[38;2;1;2;4m██[38;2;0;0;0m      [38;2;2;2;2m████[38;2;254;254;254m██[38;2;252;252;252m██[38;2;4;9;18m██[38;2;49;197;197m██[38;2;1;15;14m██[38;2;255;255;255m██████[38;2;254;254;254m██[38;2;1;1;1m██[38;2;49;49;49m████[38;2;1;1;1m██[38;2;0;0;0m    [38;2;0;1;1m██[38;2;136;205;199m██[38;2;5;9;12m██
[38;2;1;2;0m██[38;2;136;205;200m██[38;2;9;16;14m██[38;2;0;0;0m      ██[38;2;1;1;1m██[38;2;254;254;254m██[38;2;255;255;255m██[38;2;244;244;244m██[38;2;18;62;65m██[38;2;6;7;6m██[38;2;255;255;255m██████[38;2;253;253;253m██[38;2;91;91;91m██[38;2;8;8;8m██[38;2;243;241;234m██[38;2;1;1;1m██[38;2;6;6;6m██[38;2;0;0;0m  [38;2;0;2;0m██[38;2;135;205;200m██[38;2;5;8;11m██
[38;2;14;12;11m  [38;2;136;205;200m██[38;2;88;116;112m██[38;2;0;0;0m      [38;2;28;28;28m██[38;2;1;1;0m██[38;2;12;12;12m██[38;2;253;253;253m██[38;2;254;254;254m██[38;2;2;2;2m██[38;2;5;5;5m██[38;2;255;255;255m██[38;2;249;249;249m██[38;2;28;28;28m██[38;2;1;1;1m██[38;2;27;27;27m██[38;2;3;3;3m██[38;2;195;194;187m██[38;2;3;3;3m██[38;2;25;25;25m██[38;2;3;3;3m  [38;2;1;2;2m██[38;2;136;205;199m██[38;2;7;9;13m██
[38;2;9;9;9m  [38;2;139;203;197m██[38;2;147;202;197m██[38;2;0;0;0m      [38;2;2;2;2m████[38;2;27;27;27m██[38;2;1;1;1m██[38;2;3;3;3m██[38;2;27;27;27m██[38;2;29;29;29m██[38;2;2;2;2m██[38;2;18;18;18m██[38;2;27;27;27m██[38;2;28;28;28m████████[38;2;27;27;27m██[38;2;28;28;28m██[38;2;0;0;0m██[38;2;1;0;0m██[38;2;136;205;199m██[38;2;9;8;13m██
[38;2;0;0;0m  [38;2;151;199;194m██[38;2;133;207;200m██[38;2;19;19;19m  [38;2;0;0;0m      [38;2;1;1;1m██[38;2;28;28;28m██████████████████████████[38;2;7;11;9m██[38;2;5;1;4m██[38;2;4;3;4m██[38;2;136;205;200m██[38;2;0;3;6m██
[38;2;0;0;0m  [38;2;6;6;8m██[38;2;141;202;199m██[38;2;2;2;1m██[38;2;0;0;0m      [38;2;1;1;1m██[38;2;27;27;27m████[38;2;28;28;28m██████[38;2;27;27;27m██[38;2;28;28;28m████████[38;2;29;29;29m██[38;2;14;12;13m██[38;2;3;5;2m██[38;2;63;188;185m██[38;2;5;3;3m██[38;2;17;25;28m██[38;2;137;205;201m██[38;2;2;2;2m██
[38;2;0;0;0m  [38;2;101;101;99m  [38;2;119;153;153m██[38;2;148;201;198m██[38;2;39;40;40m  [38;2;0;0;0m    [38;2;1;1;1m██[38;2;4;4;6m██[38;2;17;16;16m██[38;2;22;22;23m██[38;2;23;24;24m██[38;2;24;27;27m██[38;2;29;25;29m██[38;2;21;23;22m██[38;2;7;10;10m██[38;2;0;1;2m██[38;2;7;5;7m██[38;2;54;122;127m██[38;2;70;186;186m██[38;2;1;7;11m██[38;2;47;47;47m  [38;2;52;52;52m  [38;2;139;204;200m██[38;2;68;93;93m██[38;2;12;12;12m  
[38;2;0;0;0m    [38;2;27;27;27m  [38;2;3;8;9m██[38;2;3;4;3m██[38;2;0;0;0m    [38;2;7;7;7m██[38;2;73;146;148m██[38;2;63;188;186m██[38;2;50;190;194m██[38;2;57;197;200m██[38;2;54;193;195m██[38;2;52;189;191m██[38;2;58;191;196m██[38;2;64;188;188m██[38;2;33;95;97m██[38;2;4;4;6m██[38;2;8;8;9m██[38;2;6;2;3m██[38;2;0;0;0m    [38;2;2;2;2m██[38;2;42;62;62m██[38;2;55;55;55m  [38;2;0;0;0m  
[38;2;0;0;0m        [38;2;10;10;10m  [38;2;0;0;0m      [38;2;3;3;3m██[38;2;233;231;226m██[38;2;10;10;9m██[38;2;68;68;68m  [38;2;114;114;114m  [38;2;0;0;0m        [38;2;7;7;7m  [38;2;29;29;29m██[38;2;6;6;6m██[38;2;0;0;0m    ██      
[38;2;0;0;0m                  [38;2;29;29;29m██[38;2;3;3;3m██[38;2;0;0;0m              [38;2;25;25;25m██[38;2;3;3;3m██[38;2;0;0;0m            
[38;2;0;0;0m                [38;2;3;3;3m██[38;2;28;28;28m██[38;2;1;1;1m██[38;2;0;0;0m            [38;2;7;7;7m██[38;2;27;27;27m██[38;2;4;4;4m██[38;2;0;0;0m            
[38;2;0;0;0m              [38;2;10;10;10m  [38;2;4;4;4m██[38;2;0;0;0m██[38;2;1;1;1m██[38;2;0;0;0m            [38;2;42;42;42m  [38;2;36;36;36m  [38;2;0;0;0m              [0m
