
[38;2;0;0;0m                      [38;2;22;7;9m  [38;2;148;49;61m  [38;2;176;59;74m██[38;2;20;6;8m  [38;2;76;19;25m  [38;2;125;39;50m  [38;2;139;45;57m██[38;2;155;51;64m██[38;2;162;54;68m██[38;2;164;54;68m██[38;2;155;51;65m██[38;2;146;47;60m██[38;2;115;34;45m  [38;2;36;10;14m  [38;2;12;4;5m  [38;2;0;0;0m          [38;2;8;2;3m  [38;2;18;5;7m  [38;2;7;2;2m  [38;2;0;0;0m    
[38;2;0;0;0m        [38;2;7;2;3m  [38;2;14;4;5m  [38;2;0;0;0m        [38;2;21;4;6m  [38;2;56;18;23m  [38;2;106;35;44m  [38;2;166;55;70m████[38;2;162;54;68m██[38;2;175;58;74m██[38;2;179;60;75m██[38;2;184;62;78m████[38;2;185;62;78m██████[38;2;186;62;78m██[38;2;176;59;74m██[38;2;134;43;55m  [38;2;55;18;23m  [38;2;13;4;5m  [38;2;0;0;0m      [38;2;42;12;16m  [38;2;158;52;66m  [38;2;105;33;42m  [38;2;42;13;16m  [38;2;4;1;1m  
[38;2;0;0;0m      [38;2;34;11;14m  [38;2;83;30;37m  [38;2;46;15;19m  [38;2;0;0;0m      [38;2;51;16;21m  [38;2;135;42;55m  [38;2;172;58;73m██[38;2;184;62;78m██████████[38;2;184;61;78m██[38;2;184;62;78m██[38;2;183;62;78m██[38;2;184;62;78m██[38;2;184;61;78m██[38;2;184;62;78m██[38;2;184;61;78m██[38;2;184;62;78m██[38;2;185;62;78m██[38;2;172;57;72m██[38;2;116;38;48m  [38;2;7;2;3m  [38;2;0;0;0m      [38;2;169;56;71m██[38;2;183;62;78m██[38;2;159;52;66m  [38;2;96;31;40m  
[38;2;0;0;0m  [38;2;2;0;0m  [38;2;13;2;4m  [38;2;96;37;46m  [38;2;112;39;49m  [38;2;24;5;8m  [38;2;0;0;0m    [38;2;52;17;22m  [38;2;166;56;71m  [38;2;183;62;78m████[38;2;183;61;78m████[38;2;183;62;78m██[38;2;184;62;78m██████████████[38;2;181;61;77m██[38;2;181;60;76m██[38;2;184;61;78m██[38;2;183;61;77m██[38;2;182;59;76m██[38;2;180;57;75m██[38;2;154;52;65m  [38;2;0;0;0m      [38;2;167;55;70m██[38;2;184;62;78m████[38;2;182;61;77m██
[38;2;7;2;3m  [38;2;38;13;18m██[38;2;70;27;34m██[38;2;108;40;51m██[38;2;105;37;47m  [38;2;2;1;1m  [38;2;0;0;0m  [38;2;36;13;15m  [38;2;179;60;76m██[38;2;183;62;78m██[38;2;172;58;72m██[38;2;182;62;78m██[38;2;183;62;78m████[38;2;183;61;78m██[38;2;183;62;78m██████[38;2;184;62;78m██████[38;2;183;61;77m████[38;2;178;60;75m██[38;2;183;62;78m██[38;2;195;73;85m██[38;2;213;93;97m██[38;2;226;106;106m██[38;2;210;89;95m██[38;2;144;47;60m  [38;2;10;3;4m  [38;2;9;2;3m  [38;2;186;63;79m██[38;2;183;61;77m██[38;2;181;61;77m██[38;2;181;61;76m██
[38;2;40;17;22m██[38;2;54;22;28m██[38;2;78;30;38m██[38;2;117;43;54m██[38;2;129;46;56m  [38;2;31;12;12m  [38;2;57;26;26m  [38;2;203;87;92m██[38;2;194;72;84m██[38;2;178;61;76m██[38;2;178;58;75m██[38;2;181;60;77m██[38;2;182;61;77m██[38;2;181;61;77m██[38;2;182;61;78m████[38;2;182;61;77m██[38;2;183;61;77m████[38;2;182;60;77m██[38;2;183;61;77m██[38;2;189;68;81m██[38;2;196;75;86m██[38;2;206;87;93m██[38;2;212;97;99m██[38;2;230;110;109m██[38;2;227;106;107m██[38;2;208;87;94m██[38;2;183;60;77m██[38;2;182;61;77m██[38;2;108;35;45m  [38;2;106;33;42m  [38;2;186;63;79m██[38;2;181;61;77m██[38;2;176;59;75m██[38;2;170;58;73m██
[38;2;54;27;32m██[38;2;56;23;29m██[38;2;88;34;42m██[38;2;123;45;57m██[38;2;135;45;58m██[38;2;76;27;31m  [38;2;191;90;90m  [38;2;229;109;108m██[38;2;221;102;104m██[38;2;208;92;96m██[38;2;207;86;94m██[38;2;199;79;89m██[38;2;192;73;84m██[38;2;183;66;79m██[38;2;186;65;80m██[38;2;185;64;79m██[38;2;186;66;80m██[38;2;190;70;82m██[38;2;196;76;86m██[38;2;203;83;91m██[38;2;211;90;96m██[38;2;219;99;101m██[38;2;225;106;106m██[38;2;229;109;108m██[38;2;224;106;106m██[38;2;213;98;99m██[38;2;200;78;88m██[38;2;185;63;78m██[38;2;183;61;77m████[38;2;157;51;65m██[38;2;162;53;68m██[38;2;186;62;79m██[38;2;141;46;58m██[38;2;133;44;55m██[38;2;150;52;65m██
[38;2;54;26;32m██[38;2;58;24;30m██[38;2;95;36;45m██[38;2;130;47;59m██[38;2;130;44;55m██[38;2;139;46;58m██[38;2;202;85;92m██[38;2;230;109;108m██[38;2;223;106;106m██[38;2;222;105;105m██[38;2;227;107;107m████[38;2;219;102;103m██[38;2;221;103;104m██[38;2;224;104;106m██[38;2;225;104;106m██[38;2;224;104;106m██[38;2;225;105;106m██[38;2;226;106;106m██[38;2;227;107;107m██[38;2;228;108;108m████[38;2;229;109;109m██[38;2;226;106;106m██[38;2;205;85;92m██[38;2;170;56;71m██[38;2;184;62;78m██[38;2;183;61;77m██[38;2;184;62;78m██[38;2;183;61;77m██[38;2;180;60;76m██[38;2;158;52;66m██[38;2;128;40;52m  [38;2;73;21;28m  [38;2;13;4;5m  [38;2;17;6;7m  
[38;2;56;26;32m██[38;2;53;21;27m  [38;2;48;16;21m  [38;2;15;2;3m  [38;2;91;29;38m██[38;2;150;49;63m██[38;2;178;58;75m██[38;2;182;63;78m██[38;2;197;84;90m██[38;2;221;102;104m██[38;2;225;106;106m██[38;2;226;106;107m██[38;2;218;102;102m██[38;2;224;105;105m██[38;2;228;108;108m████[38;2;228;107;108m██[38;2;227;107;107m████[38;2;226;106;106m██[38;2;225;105;106m██[38;2;219;99;102m██[38;2;202;82;90m██[38;2;184;62;78m██[38;2;182;60;76m██[38;2;182;61;77m██[38;2;175;58;74m██[38;2;184;62;78m██████[38;2;181;60;76m██[38;2;187;63;79m██[38;2;85;25;32m  [38;2;0;0;0m      
[38;2;38;16;21m  [38;2;12;4;5m  [38;2;0;0;0m  [38;2;9;1;1m  [38;2;60;19;24m██[38;2;174;58;74m██[38;2;179;60;76m██[38;2;177;59;75m██[38;2;169;54;71m██[38;2;180;60;77m██[38;2;189;70;83m██[38;2;198;78;88m██[38;2;194;79;87m██[38;2;201;84;91m██[38;2;209;89;95m██[38;2;210;89;95m██[38;2;209;88;95m██[38;2;207;86;94m██[38;2;202;82;90m██[38;2;188;73;83m██[38;2;188;67;81m██[38;2;181;59;76m██[38;2;182;60;77m██[38;2;183;61;78m██[38;2;184;62;78m██[38;2;183;61;77m██[38;2;175;58;73m██[38;2;170;56;71m██[38;2;184;61;77m██[38;2;163;54;68m██[38;2;172;57;73m██[38;2;183;61;77m██[38;2;166;55;69m  [38;2;16;3;5m  [38;2;0;0;0m    
[38;2;4;1;1m  [38;2;0;0;0m  [38;2;5;3;4m  [38;2;0;6;6m  [38;2;109;34;44m██[38;2;155;51;66m██[38;2;175;59;74m██[38;2;168;56;71m██[38;2;176;59;75m██[38;2;178;59;76m██████[38;2;170;55;72m██[38;2;166;54;70m██[38;2;180;59;75m████[38;2;180;59;76m██[38;2;181;59;77m██[38;2;180;60;76m██[38;2;169;56;71m██[38;2;183;61;78m████[38;2;182;61;77m██[38;2;180;60;76m██[38;2;184;62;78m██[38;2;184;61;77m██[38;2;179;60;75m██[38;2;159;52;66m██[38;2;145;47;60m██[38;2;140;45;57m██[38;2;154;50;64m██[38;2;150;49;62m██[38;2;187;63;79m  [38;2;72;21;28m  [38;2;0;0;0m    
[38;2;0;0;0m    [38;2;1;0;0m  [38;2;29;27;29m  [38;2;14;19;20m██[38;2;90;35;43m██[38;2;174;58;74m██[38;2;164;54;69m██[38;2;177;60;76m██[38;2;177;59;76m██[38;2;178;59;76m██[38;2;179;59;76m██[38;2;166;54;70m██[38;2;158;53;67m██[38;2;181;60;77m████████[38;2;179;60;76m██[38;2;161;54;68m██[38;2;182;61;77m██[38;2;183;62;78m██[38;2;180;60;76m██[38;2;176;59;74m██[38;2;184;61;78m██[38;2;183;62;78m██[38;2;142;46;58m██[38;2;125;39;50m██[38;2;137;44;56m██[38;2;129;41;52m██[38;2;151;49;63m██[38;2;138;44;56m██[38;2;187;63;79m██[38;2;113;38;48m  [38;2;0;0;0m    
[38;2;0;0;0m    [38;2;3;3;4m  [38;2;36;19;22m  [38;2;45;26;29m██[38;2;149;49;63m██[38;2;176;59;75m██[38;2;163;54;70m██[38;2;176;59;75m████[38;2;177;59;76m██[38;2;177;61;76m██[38;2;166;72;80m██[38;2;151;52;65m██[38;2;181;61;77m██[38;2;180;60;77m██[38;2;181;60;77m████[38;2;180;61;77m██[38;2;163;64;74m██[38;2;178;62;76m██[38;2;183;61;77m████[38;2;172;57;72m██[38;2;181;60;76m██[38;2;184;62;78m██[38;2;157;51;65m██[38;2;159;52;67m██[38;2;132;42;54m██[38;2;58;15;20m██[38;2;180;61;76m██[38;2;132;42;54m██[38;2;180;61;76m██[38;2;150;48;61m  [38;2;26;5;8m  [38;2;0;0;0m  
[38;2;0;0;0m      [38;2;99;30;40m  [38;2;175;58;75m██[38;2;173;57;74m██[38;2;164;55;70m██[38;2;173;58;74m██[38;2;174;58;75m██[38;2;175;59;75m██[38;2;176;59;75m██[38;2;178;65;80m██[38;2;175;97;98m██[38;2;138;47;59m██[38;2;181;60;77m██[38;2;180;60;77m████[38;2;181;60;77m██[38;2;180;59;76m██[38;2;165;70;79m██[38;2;179;70;83m██[38;2;183;61;77m██[38;2;184;62;78m██[38;2;165;54;69m██[38;2;178;59;75m██[38;2;184;62;78m██[38;2;166;55;70m██[38;2;163;54;69m██[38;2;169;56;71m██[38;2;23;7;9m██[38;2;133;44;56m██[38;2;118;37;47m██[38;2;160;53;67m██[38;2;167;55;70m██[38;2;50;15;20m  [38;2;0;0;0m  
[38;2;0;0;0m      [38;2;128;41;54m  [38;2;174;58;75m██[38;2;172;58;74m██[38;2;162;53;69m██[38;2;173;58;75m████[38;2;174;58;75m██[38;2;171;57;73m██[38;2;177;61;80m██[38;2;188;120;117m██[38;2;137;57;65m██[38;2;179;59;76m██[38;2;179;60;77m██[38;2;180;60;77m██[38;2;181;60;77m██[38;2;181;59;76m██[38;2;166;77;85m██[38;2;175;74;85m██[38;2;184;62;78m██[38;2;185;62;78m██[38;2;166;62;74m██[38;2;169;68;78m██[38;2;183;61;78m██[38;2;179;60;76m██[38;2;113;36;46m██[38;2;139;45;57m██[38;2;61;18;24m██[38;2;100;31;41m██[38;2;113;34;45m██[38;2;160;52;66m██[38;2;175;58;74m██[38;2;64;21;26m  [38;2;0;0;0m  
[38;2;0;0;0m      [38;2;148;48;63m  [38;2;171;57;74m██[38;2;170;57;73m██[38;2;160;53;69m██[38;2;172;58;74m████[38;2;175;58;76m██[38;2;153;47;64m██[38;2;173;85;92m██[38;2;203;142;136m██[38;2;133;78;78m██[38;2;161;49;65m██[38;2;179;60;77m██[38;2;180;60;77m████[38;2;182;60;76m██[38;2;171;81;89m██[38;2;129;56;64m██[38;2;140;45;57m██[38;2;142;46;59m██[38;2;141;40;56m██[38;2;170;108;106m██[38;2;181;50;72m██[38;2;181;61;77m██[38;2;136;43;56m██[38;2;175;59;74m██[38;2;127;40;51m██[38;2;126;39;51m██[38;2;106;32;41m██[38;2;168;55;70m██[38;2;180;61;77m██[38;2;73;24;31m  [38;2;0;0;0m  
[38;2;0;0;0m      [38;2;160;53;69m  [38;2;168;56;73m██[38;2;169;56;73m██[38;2;159;52;69m██[38;2;170;56;73m██[38;2;171;57;74m██[38;2;153;49;65m██[38;2;114;46;53m██[38;2;144;94;91m██[38;2;161;120;114m██[38;2;154;70;78m██[38;2;163;86;88m██[38;2;178;58;75m██[38;2;179;60;76m██[38;2;180;60;77m██[38;2;181;59;76m██[38;2;185;86;95m██[38;2;179;119;114m██[38;2;184;56;76m██[38;2;185;62;78m██[38;2;184;56;75m██[38;2;189;124;122m██[38;2;166;90;92m██[38;2;182;57;75m██[38;2;131;41;53m██[38;2;105;31;41m██[38;2;173;58;74m██[38;2;170;57;71m██[38;2;98;29;39m██[38;2;164;55;69m██[38;2;181;61;78m██[38;2;106;31;41m  [38;2;7;1;1m  
[38;2;0;0;0m    [38;2;10;1;2m  [38;2;165;55;72m  [38;2;166;55;72m██[38;2;166;56;73m██[38;2;158;53;68m██[38;2;168;56;73m██[38;2;166;52;71m██[38;2;172;94;99m██[38;2;144;32;54m██[38;2;227;184;175m██[38;2;239;216;207m██[38;2;162;47;64m██[38;2;172;118;112m██[38;2;177;54;73m██[38;2;179;60;76m██[38;2;179;60;77m██[38;2;181;60;76m██[38;2;178;77;86m██[38;2;204;150;142m██[38;2;162;49;66m██[38;2;183;60;77m██[38;2;182;58;76m██[38;2;166;86;91m██[38;2;227;176;168m██[38;2;171;63;78m██[38;2;178;54;73m██[38;2;107;33;43m██[38;2;183;62;78m██[38;2;180;60;77m██[38;2;168;56;71m██[38;2;164;54;69m██[38;2;178;59;76m██[38;2;142;44;58m  [38;2;15;4;6m  
[38;2;0;0;0m    [38;2;44;9;14m  [38;2;165;55;71m  [38;2;164;55;72m██[38;2;164;55;71m██[38;2;151;50;66m██[38;2;168;53;72m██[38;2;166;61;78m██[38;2;180;116;114m██[38;2;170;97;104m██[38;2;253;230;222m██[38;2;254;237;228m██[38;2;183;118;115m██[38;2;182;129;121m██[38;2;167;53;69m██[38;2;179;60;76m████[38;2;180;60;76m██[38;2;171;55;70m██[38;2;222;171;168m██[38;2;186;132;128m██[38;2;174;31;61m██[38;2;183;61;77m██[38;2;166;30;60m██[38;2;239;216;208m██[38;2;219;166;163m██[38;2;176;79;89m██[38;2;161;53;67m██[38;2;166;55;70m██[38;2;179;60;77m██[38;2;163;54;69m██[38;2;167;56;71m██[38;2;173;58;74m██[38;2;146;47;60m  [38;2;16;5;6m  
[38;2;0;0;0m    [38;2;54;13;20m  [38;2;163;54;71m  [38;2;163;54;72m██[38;2;162;54;70m██[38;2;142;45;63m██[38;2;151;74;79m██[38;2;190;131;126m██[38;2;169;112;110m██[38;2;236;218;211m██[38;2;255;240;232m████[38;2;228;206;199m██[38;2;166;83;82m██[38;2;178;91;95m██[38;2;178;56;74m██[38;2;179;59;76m██[38;2;180;59;76m██[38;2;169;34;45m██[38;2;222;165;159m██[38;2;249;236;228m██[38;2;167;102;108m██[38;2;145;38;54m██[38;2;130;19;41m██[38;2;141;126;122m██[38;2;166;153;147m██[38;2;138;106;101m██[38;2;102;29;34m██[38;2;154;51;65m██[38;2;177;59;76m██[38;2;160;53;68m██[38;2;165;55;71m██[38;2;172;57;74m██[38;2;145;46;60m  [38;2;16;5;6m  
[38;2;0;0;0m    [38;2;51;13;20m  [38;2;162;54;71m  ██[38;2;146;46;62m██[38;2;42;23;26m██[38;2;95;62;53m██[38;2;100;70;65m██[38;2;88;76;73m██[38;2;111;103;99m██[38;2;117;106;104m██[38;2;152;136;131m██[38;2;236;222;214m██[38;2;185;144;141m██[38;2;211;151;153m██[38;2;170;28;60m██[38;2;178;30;68m██[38;2;171;39;59m██[38;2;190;131;132m██[38;2;161;133;127m██[38;2;87;71;67m██[38;2;11;12;12m██[38;2;22;19;21m██[38;2;43;31;44m██[38;2;18;17;18m██[38;2;67;60;58m██[38;2;200;185;179m██[38;2;111;16;17m██[38;2;179;60;77m██[38;2;176;59;75m██[38;2;157;50;66m██[38;2;157;46;64m██[38;2;173;51;71m██[38;2;137;39;53m██[38;2;15;4;5m  
[38;2;0;0;0m    [38;2;48;8;18m  [38;2;161;53;71m██[38;2;159;53;70m██[38;2;152;30;58m██[38;2;179;141;143m██[38;2;242;226;218m██[38;2;125;102;105m██[38;2;113;94;102m██[38;2;196;193;196m██[38;2;123;112;118m██[38;2;94;77;75m██[38;2;232;214;207m██[38;2;255;238;230m██[38;2;255;236;228m██[38;2;247;229;221m██[38;2;236;219;211m██[38;2;246;229;220m██[38;2;255;238;230m██[38;2;255;237;229m██[38;2;255;245;236m██[38;2;91;42;68m██[38;2;179;141;161m██[38;2;243;236;239m██[38;2;159;116;135m██[38;2;126;80;93m██[38;2;240;224;216m██[38;2;161;19;42m██[38;2;174;58;75m██[38;2;167;51;69m██[38;2;161;64;79m██[38;2;170;70;94m██[38;2;190;81;107m██[38;2;159;81;87m██[38;2;18;10;10m  
[38;2;0;0;0m  [38;2;27;26;25m  [38;2;88;59;64m  [38;2;158;49;68m██[38;2;157;52;70m██[38;2;154;24;56m██[38;2;211;167;169m██[38;2;248;235;227m██[38;2;157;114;125m██[38;2;163;77;118m██[38;2;204;163;180m██[38;2;186;117;148m██[38;2;150;102;118m██[38;2;240;223;215m██[38;2;255;235;227m████████████[38;2;255;234;227m██[38;2;255;241;232m██[38;2;146;61;98m██[38;2;196;102;142m██[38;2;202;138;163m██[38;2;206;112;147m██[38;2;191;104;142m██[38;2;224;205;198m██[38;2;170;27;61m██[38;2;171;55;73m██[38;2;169;70;85m██[38;2;211;176;174m██[38;2;236;217;210m██[38;2;243;227;219m██[38;2;193;138;133m██[38;2;22;10;10m  
[38;2;0;0;0m  [38;2;84;77;75m  [38;2;220;201;194m  [38;2;151;11;46m██[38;2;155;52;69m██[38;2;154;33;60m██[38;2;187;143;146m██[38;2;251;237;228m██[38;2;204;142;163m██[38;2;218;113;156m██[38;2;195;121;147m██[38;2;236;142;176m██[38;2;203;124;155m██[38;2;243;225;218m██[38;2;255;235;227m██[38;2;255;235;226m██[38;2;255;234;227m██[38;2;255;234;226m██[38;2;255;235;226m██[38;2;255;235;227m████[38;2;255;239;231m██[38;2;201;138;157m██[38;2;234;138;174m██[38;2;246;173;196m██[38;2;229;130;167m██[38;2;212;115;157m██[38;2;209;175;170m██[38;2;155;45;63m██[38;2;167;46;64m██[38;2;187;98;106m██[38;2;247;229;221m██[38;2;254;236;228m██[38;2;220;180;179m██[38;2;154;50;65m██[38;2;21;5;8m  
[38;2;0;0;0m  [38;2;4;0;1m  [38;2;98;77;79m  [38;2;153;42;64m██[38;2;153;51;69m██[38;2;154;46;66m██[38;2;135;78;83m██[38;2;254;237;228m██[38;2;229;180;188m██[38;2;207;121;150m██[38;2;227;163;179m██[38;2;214;141;165m██[38;2;212;144;168m██[38;2;251;233;225m██[38;2;255;235;227m██[38;2;255;234;227m██[38;2;255;235;227m██[38;2;255;234;227m██[38;2;255;235;226m██████[38;2;255;235;227m██[38;2;234;207;203m██[38;2;219;172;178m██[38;2;223;181;181m██[38;2;225;178;179m██[38;2;231;197;192m██[38;2;184;130;125m██[38;2;159;51;67m██[38;2;164;57;75m██[38;2;212;186;180m██[38;2;255;237;229m██[38;2;239;221;214m██[38;2;152;70;82m██[38;2;166;50;70m██[38;2;33;10;13m  
[38;2;0;0;0m  [38;2;35;9;12m  [38;2;105;22;44m  [38;2;149;49;66m██[38;2;152;51;68m██[38;2;153;50;68m██[38;2;117;15;35m██[38;2;250;174;163m██[38;2;252;168;158m██[38;2;252;174;163m██[38;2;254;190;179m██[38;2;255;232;223m██[38;2;255;237;229m██[38;2;255;235;227m██████████████████[38;2;255;233;225m██[38;2;255;194;184m██[38;2;255;159;147m██[38;2;254;157;146m██[38;2;239;146;135m██[38;2;197;112;106m██[38;2;159;32;60m██[38;2;189;129;129m██[38;2;243;224;216m██[38;2;220;207;200m██[38;2;148;73;89m██[38;2;143;32;58m██[38;2;164;55;72m██[38;2;109;31;43m  
[38;2;0;0;0m  [38;2;44;13;18m  [38;2;120;38;55m  [38;2;141;46;63m██[38;2;151;50;68m██[38;2;148;49;66m██[38;2;136;32;56m██[38;2;232;143;132m██[38;2;255;158;146m██[38;2;255;156;145m██[38;2;255;149;137m██[38;2;255;219;210m██[38;2;255;235;227m████[38;2;254;234;226m██[38;2;253;234;226m██[38;2;255;237;229m██[38;2;248;230;222m██[38;2;255;238;229m██[38;2;242;224;217m██[38;2;245;227;219m██[38;2;255;235;227m██[38;2;255;229;221m██[38;2;255;178;168m██[38;2;255;156;145m██[38;2;254;157;146m██[38;2;237;146;136m██[38;2;180;91;90m██[38;2;207;94;101m██[38;2;215;178;172m██[38;2;151;77;74m██[38;2;117;57;64m██[38;2;142;30;58m██[38;2;125;40;58m██[38;2;162;54;71m██[38;2;119;37;50m  
[38;2;0;0;0m  [38;2;58;18;25m  [38;2;133;43;61m██[38;2;136;45;61m██[38;2;150;49;68m████[38;2;135;39;57m██[38;2;177;97;96m██[38;2;255;183;172m██[38;2;255;182;172m██[38;2;255;207;197m██[38;2;255;235;227m██████[38;2;254;236;227m██[38;2;220;202;194m██[38;2;199;171;164m██[38;2;223;158;151m██[38;2;206;154;148m██[38;2;206;180;174m██[38;2;253;233;226m██[38;2;255;235;227m████[38;2;255;218;210m██[38;2;255;182;173m██[38;2;254;175;165m██[38;2;241;168;159m██[38;2;240;179;171m██[38;2;232;196;187m██[38;2;118;47;58m██[38;2;143;40;55m██[38;2;87;23;40m██[38;2;145;47;65m██[38;2;127;41;59m██[38;2;150;49;66m██[38;2;137;45;60m██
[38;2;10;2;3m  [38;2;107;32;46m  [38;2;136;44;62m  [38;2;122;39;54m  [38;2;149;49;67m██[38;2;148;48;67m██[38;2;149;41;64m██[38;2;139;102;100m██[38;2;228;212;204m██[38;2;254;238;230m██[38;2;255;236;228m██[38;2;255;235;226m██[38;2;255;234;227m██[38;2;255;235;227m████[38;2;255;238;229m██[38;2;226;188;181m██[38;2;241;167;160m██[38;2;243;170;163m██[38;2;232;207;199m██[38;2;255;236;227m██[38;2;255;235;226m████[38;2;255;235;227m██[38;2;255;237;229m████[38;2;254;239;231m██[38;2;236;218;211m██[38;2;117;22;24m██[38;2;160;50;69m██[38;2;151;50;67m██[38;2;96;30;50m██[38;2;143;46;65m██[38;2;129;42;59m██[38;2;130;42;60m██[38;2;158;52;70m██
[38;2;34;9;13m  [38;2;138;45;62m██[38;2;87;27;38m  [38;2;109;33;47m  [38;2;149;49;67m██[38;2;147;48;67m██[38;2;146;34;59m██[38;2;172;111;114m██[38;2;222;203;196m██[38;2;251;233;226m██[38;2;255;235;227m████████████[38;2;232;209;202m██[38;2;238;167;160m██[38;2;241;170;163m██[38;2;235;215;208m██[38;2;255;235;227m██████████[38;2;253;236;228m██[38;2;226;193;192m██[38;2;167;92;103m██[38;2;155;47;67m██[38;2;155;51;69m██[38;2;142;46;63m██[38;2;97;30;51m██[38;2;140;45;64m██[38;2;133;43;61m██[38;2;99;30;45m██[38;2;154;51;68m██
[38;2;111;34;48m  [38;2;107;35;48m  [38;2;15;4;6m  [38;2;94;27;39m  [38;2;148;49;67m██[38;2;146;48;66m██[38;2;146;48;67m██[38;2;142;33;53m██[38;2;153;74;95m██[38;2;189;159;159m██[38;2;245;226;218m██[38;2;255;239;231m██[38;2;255;236;228m██[38;2;255;235;227m████[38;2;254;235;227m██[38;2;231;214;207m██[38;2;165;116;111m██[38;2;200;147;141m██[38;2;249;233;225m██[38;2;255;235;227m████[38;2;255;236;227m██[38;2;255;238;230m██[38;2;238;221;213m██[38;2;165;141;138m██[38;2;145;56;65m██[38;2;151;41;64m██[38;2;152;50;68m██[38;2;153;51;68m██[38;2;130;42;60m██[38;2;93;29;50m██[38;2;136;44;62m██[38;2;146;48;66m██[38;2;67;20;29m  [38;2;117;38;52m  
[38;2;127;41;56m  [38;2;18;4;6m  [38;2;0;0;0m  [38;2;50;10;17m  [38;2;148;48;67m██[38;2;145;48;66m████[38;2;145;47;66m██[38;2;120;32;53m██[38;2;100;24;42m██[38;2;72;27;28m██[38;2;145;122;121m██[38;2;213;195;189m██[38;2;250;235;227m██[38;2;255;240;232m██[38;2;198;187;181m██[38;2;44;39;37m██[38;2;48;34;33m██[38;2;50;43;41m██[38;2;244;228;220m██[38;2;255;238;230m██[38;2;255;241;233m██[38;2;238;219;212m██[38;2;164;140;138m██[38;2;94;39;39m██[38;2;91;14;46m██[38;2;139;42;58m██[38;2;152;50;68m██[38;2;151;50;68m██[38;2;149;49;67m██[38;2;115;37;55m██[38;2;90;28;49m██[38;2;130;42;61m██[38;2;152;50;69m██[38;2;76;22;32m  [38;2;15;4;6m  [0m
