
[38;2;0;0;0m                    [38;2;12;6;6m  [38;2;72;39;38m  [38;2;121;65;63m  [38;2;137;74;72m██[38;2;139;75;73m██████[38;2;137;74;72m██[38;2;120;65;63m  [38;2;69;37;36m  [38;2;4;2;2m  [38;2;0;0;0m    [38;2;101;0;15m  [38;2;26;0;0m  [38;2;0;0;0m              
[38;2;0;0;0m              [38;2;4;2;2m  [38;2;93;50;49m  [38;2;137;74;72m██[38;2;139;74;73m██[38;2;138;74;72m██[38;2;139;75;73m██████████████[38;2;138;74;72m██[38;2;138;75;73m██[38;2;115;62;60m██[38;2;5;2;2m  [38;2;131;17;26m  [38;2;186;24;36m  [38;2;89;3;4m  [38;2;0;0;0m            
[38;2;0;0;0m            [38;2;35;19;19m  [38;2;136;74;72m██[38;2;138;75;73m██[38;2;138;74;73m██[38;2;138;75;73m██████[38;2;139;75;73m██[38;2;138;75;73m████[38;2;139;75;73m██[38;2;138;75;73m██████[38;2;139;75;73m██[38;2;138;75;73m████[38;2;46;25;24m  [38;2;70;9;13m  [38;2;210;28;41m  [38;2;132;11;16m  [38;2;0;0;0m          
[38;2;0;0;0m          [38;2;60;32;31m  [38;2;138;75;73m██[38;2;139;75;73m████[38;2;139;74;73m██[38;2;137;73;72m████[38;2;138;74;73m██[38;2;138;75;73m██[38;2;139;75;73m██████[38;2;138;75;73m██[38;2;137;74;72m██[38;2;139;75;72m██[38;2;139;75;73m████[38;2;138;74;72m██[38;2;138;75;73m██[38;2;72;39;38m██[38;2;50;6;10m  [38;2;211;28;41m  [38;2;111;3;12m  [38;2;0;0;0m        
[38;2;0;0;0m        [38;2;58;31;30m  [38;2;139;75;73m██████████[38;2;137;74;72m████[38;2;139;75;73m██████████████[38;2;139;74;73m██[38;2;139;75;73m████[38;2;138;75;73m██[38;2;139;75;73m██[38;2;180;108;93m██[38;2;85;48;44m██[38;2;67;8;13m  [38;2;193;25;37m  [38;2;64;0;0m  [38;2;0;0;0m      
[38;2;0;0;0m      [38;2;18;10;9m  [38;2;154;87;80m██[38;2;139;75;73m████[38;2;138;75;72m██[38;2;138;75;73m██[38;2;139;75;73m██[38;2;138;75;73m██[38;2;139;75;73m██[38;2;141;77;74m██[38;2;139;75;73m██[38;2;139;75;72m██[38;2;139;75;73m████████████████[38;2;144;79;76m██[38;2;166;97;86m██[38;2;189;114;97m██[38;2;45;24;23m██[38;2;134;18;26m  [38;2;42;0;0m  [38;2;0;0;0m      
[38;2;0;0;0m      [38;2;145;83;75m██[38;2;190;116;97m██[38;2;145;79;75m  [38;2;138;74;72m██[38;2;139;75;73m████[38;2;139;75;72m██[38;2;138;75;73m██[38;2;143;79;75m██[38;2;175;103;90m██[38;2;139;75;73m██[38;2;139;75;72m██[38;2;139;75;73m██████████████[38;2;139;75;72m██[38;2;139;75;73m██[38;2;138;74;73m██[38;2;172;101;89m██[38;2;139;75;73m██[38;2;6;3;3m  [38;2;0;0;0m        
[38;2;0;0;0m    [38;2;44;23;22m  [38;2;176;104;91m██[38;2;178;106;91m██[38;2;155;87;80m██[38;2;147;81;77m██[38;2;139;75;73m██████[38;2;135;73;71m██[38;2;139;75;73m██[38;2;138;74;72m██[38;2;139;75;73m████████████[38;2;138;75;72m██[38;2;139;75;73m██████████[38;2;138;74;73m  [38;2;136;73;71m██[38;2;108;58;57m██[38;2;0;0;0m        
[38;2;0;0;0m    [38;2;128;69;67m  [38;2;139;75;73m██████[38;2;135;73;71m██[38;2;139;75;73m██████[38;2;114;61;62m██[38;2;139;75;73m██[38;2;138;74;72m██[38;2;139;75;73m██[38;2;140;76;73m████[38;2;141;76;73m████[38;2;142;77;75m██[38;2;129;69;68m██[38;2;141;76;73m██████[38;2;140;76;73m████[38;2;139;75;73m██[38;2;103;56;57m  [38;2;138;74;72m██[38;2;8;5;5m  [38;2;0;0;0m      
[38;2;0;0;0m  [38;2;10;5;5m  [38;2;138;74;72m██[38;2;139;74;73m████[38;2;139;75;73m██[38;2;130;70;69m██[38;2;139;75;73m████[38;2;137;74;72m██[38;2;111;59;60m██[38;2;125;67;68m██[38;2;134;73;70m██[38;2;141;76;73m██[38;2;142;76;74m██[38;2;143;77;75m██[38;2;144;78;76m██[38;2;145;78;76m██[38;2;141;77;75m██[38;2;111;60;60m██[38;2;141;76;74m██[38;2;145;78;76m██[38;2;144;78;75m██[38;2;143;77;75m██[38;2;142;77;74m██[38;2;137;74;72m██[38;2;87;47;48m██[38;2;126;68;67m██[38;2;91;48;48m  [38;2;0;0;0m      
[38;2;0;0;0m  [38;2;70;37;37m  [38;2;135;72;71m  [38;2;139;75;73m██[38;2;138;75;73m██[38;2;131;70;69m██[38;2;134;72;70m██[38;2;138;75;73m████[38;2;136;74;72m██[38;2;111;60;61m██[38;2;103;55;57m██[38;2;117;63;64m██[38;2;142;77;75m██[38;2;145;78;76m██[38;2;147;79;77m██[38;2;148;80;78m██[38;2;142;77;76m██[38;2;129;70;70m██[38;2;108;58;59m██[38;2;128;70;70m██[38;2;131;71;70m██[38;2;135;73;72m████[38;2;130;70;70m██[38;2;125;68;68m██[38;2;98;53;54m██[38;2;101;57;57m██[38;2;124;67;67m██[38;2;0;0;0m      
[38;2;0;0;0m  [38;2;116;62;62m  [38;2;123;65;65m██[38;2;122;65;65m██[38;2;120;64;65m██[38;2;112;60;61m██[38;2;122;65;66m██[38;2;133;72;70m██[38;2;132;70;70m██[38;2;116;63;63m██[38;2;115;62;63m██[38;2;101;63;64m██[38;2;115;63;64m██[38;2;123;67;67m██[38;2;131;71;71m██[38;2;134;73;72m██[38;2;128;70;70m██[38;2;132;72;72m██[38;2;133;73;73m██[38;2;112;60;61m██[38;2;135;73;73m██[38;2;134;73;73m██[38;2;132;72;72m██[38;2;132;71;72m██[38;2;130;70;70m██[38;2;129;70;70m██[38;2;109;58;59m██[38;2;178;133;131m██[38;2;127;69;68m██[38;2;37;19;19m  [38;2;0;0;0m    
[38;2;0;0;0m  [38;2;121;65;65m████[38;2;120;64;65m██[38;2;118;63;64m██[38;2;104;56;57m██[38;2;115;61;63m██[38;2;115;62;63m██[38;2;115;61;63m██[38;2;106;57;58m██[38;2;117;63;64m██[38;2;210;159;155m██[38;2;120;66;67m██[38;2;126;68;69m██[38;2;129;70;71m██[38;2;133;72;72m██[38;2;33;18;18m██[38;2;117;64;64m██[38;2;142;78;78m██[38;2;115;63;63m██[38;2;144;79;78m██[38;2;143;78;77m██[38;2;19;10;10m██[38;2;106;59;58m██[38;2;137;75;75m██[38;2;135;73;72m██[38;2;118;63;63m██[38;2;245;209;203m██[38;2;117;63;63m██[38;2;108;58;57m  [38;2;0;0;0m    
[38;2;2;1;1m  [38;2;122;66;66m██[38;2;121;65;65m██[38;2;119;64;64m██[38;2;117;63;63m██[38;2;94;50;53m██[38;2;113;61;61m██[38;2;114;60;63m██[38;2;115;62;63m██[38;2;96;51;53m██[38;2;101;55;58m██[38;2;250;215;209m██[38;2;124;67;67m██[38;2;114;62;62m██[38;2;97;53;53m██[38;2;17;9;9m██[38;2;29;16;15m██[38;2;149;82;81m██[38;2;152;84;83m██[38;2;122;67;67m██[38;2;155;86;84m██[38;2;154;84;84m██[38;2;138;76;75m██[38;2;10;5;5m██[38;2;13;7;7m██[38;2;17;9;9m██[38;2;91;49;49m██[38;2;253;238;231m██[38;2;106;64;65m██[38;2;130;70;69m██[38;2;0;0;0m    
[38;2;14;8;8m  [38;2;123;67;67m██[38;2;121;65;65m██[38;2;118;64;64m██[38;2;117;63;64m██[38;2;90;48;50m██[38;2;115;61;63m██[38;2;115;62;64m██[38;2;118;64;65m██[38;2;89;48;51m██[38;2;82;47;50m██[38;2;253;239;232m██[38;2;132;72;72m██[38;2;26;14;14m██[38;2;22;12;11m██[38;2;103;57;56m██[38;2;153;84;83m██[38;2;157;87;86m██[38;2;162;90;88m██[38;2;142;79;77m██[38;2;164;92;89m████[38;2;163;91;88m██[38;2;160;90;89m██[38;2;142;81;79m██[38;2;138;81;79m██[38;2;145;94;93m██[38;2;255;236;228m██[38;2;191;162;159m██[38;2;134;73;72m██[38;2;4;2;2m  [38;2;0;0;0m  
[38;2;31;16;15m  [38;2;125;67;67m██[38;2;122;65;65m██[38;2;119;64;65m██[38;2;115;61;62m██[38;2;95;51;53m██[38;2;117;63;64m██[38;2;118;64;64m██[38;2;122;65;66m██[38;2;87;47;50m██[38;2;210;171;167m██[38;2;255;237;230m██[38;2;166;113;111m██[38;2;194;149;145m██[38;2;211;172;167m██[38;2;224;189;184m██[38;2;236;208;201m██[38;2;241;216;210m██[38;2;243;220;214m██[38;2;246;225;218m██[38;2;250;231;224m██[38;2;252;233;226m██[38;2;253;233;227m██[38;2;254;235;227m██[38;2;254;235;228m██[38;2;254;235;227m██[38;2;255;235;227m██[38;2;254;234;227m██[38;2;237;219;213m██[38;2;127;69;68m██[38;2;46;25;24m  [38;2;0;0;0m  
[38;2;57;31;30m  [38;2;125;67;67m██[38;2;123;66;66m██[38;2;120;65;65m██[38;2;107;57;60m██[38;2;103;55;57m██[38;2;119;64;64m██[38;2;122;66;66m██[38;2;127;69;69m██[38;2;87;48;51m██[38;2;253;234;227m██[38;2;255;235;227m██[38;2;254;234;227m████████[38;2;254;238;231m██[38;2;255;235;227m████████[38;2;255;234;227m██[38;2;255;235;227m██[38;2;254;236;229m██[38;2;255;235;227m████[38;2;255;235;228m██[38;2;205;191;185m██[38;2;229;215;209m██[38;2;95;52;53m██[38;2;94;50;50m  [38;2;0;0;0m  
[38;2;90;48;48m  [38;2;126;68;68m██[38;2;125;67;67m██[38;2;122;65;65m██[38;2;95;51;54m██[38;2;113;61;61m██[38;2;123;66;66m██[38;2;126;69;68m██[38;2;134;73;72m██[38;2;105;69;69m██[38;2;254;235;227m██[38;2;248;230;224m██[38;2;102;94;91m██[38;2;254;234;227m██[38;2;255;235;227m██[38;2;253;239;231m██[38;2;6;6;6m██[38;2;254;237;230m██[38;2;255;235;227m████████[38;2;174;161;155m██[38;2;135;125;122m██[38;2;254;234;227m██[38;2;255;235;227m██[38;2;247;230;222m██[38;2;10;9;9m██[38;2;209;196;191m██[38;2;90;49;52m██[38;2;116;63;62m  [38;2;0;0;0m  
[38;2;115;62;61m  [38;2;128;69;68m██[38;2;127;68;68m██[38;2;126;67;67m██[38;2;81;43;47m██[38;2;121;65;65m██[38;2;127;69;68m██[38;2;132;72;71m██[38;2;140;77;76m██[38;2;188;139;136m██[38;2;254;234;227m██[38;2;228;212;206m██[38;2;68;62;60m██[38;2;254;234;227m██[38;2;255;234;227m██[38;2;254;237;230m██[38;2;1;1;1m██[38;2;254;236;230m██[38;2;255;234;227m██[38;2;255;235;227m██████[38;2;173;160;155m██[38;2;103;95;92m██[38;2;254;234;227m██[38;2;255;234;227m██[38;2;219;206;200m██[38;2;30;28;27m██[38;2;172;162;157m██[38;2;95;51;55m██[38;2;128;69;68m██[38;2;0;0;0m  
[38;2;129;69;68m  [38;2;130;70;69m██[38;2;129;69;68m██[38;2;57;46;45m██[38;2;141;131;128m██[38;2;126;67;68m██[38;2;131;71;70m██[38;2;138;75;74m██[38;2;146;80;79m██[38;2;187;144;142m██[38;2;255;234;227m██[38;2;253;236;229m██[38;2;4;4;4m██[38;2;253;223;218m██[38;2;255;225;220m██[38;2;186;171;167m██[38;2;38;35;34m██[38;2;254;234;227m██[38;2;255;235;227m██[38;2;255;234;227m██[38;2;255;235;227m████[38;2;244;228;222m██[38;2;12;11;11m██[38;2;253;228;223m██[38;2;254;223;218m██[38;2;84;76;74m██[38;2;109;99;97m██[38;2;159;149;145m██[38;2;92;49;54m██[38;2;135;72;71m██[38;2;0;0;0m  
[38;2;135;72;71m██[38;2;132;71;70m██[38;2;94;51;50m██[38;2;228;211;205m██[38;2;216;193;188m██[38;2;130;70;69m██[38;2;135;73;72m██[38;2;143;78;76m██[38;2;152;83;81m██[38;2;193;147;143m██[38;2;255;231;224m██[38;2;254;219;215m██[38;2;56;45;45m██[38;2;68;55;55m██[38;2;115;95;95m██[38;2;5;4;4m██[38;2;209;190;185m██[38;2;255;234;227m██[38;2;255;235;227m██[38;2;255;235;228m██[38;2;255;234;227m██[38;2;255;235;227m██[38;2;254;233;227m██[38;2;108;96;94m██[38;2;12;9;9m██[38;2;16;13;13m██[38;2;48;37;37m██[38;2;253;211;209m██[38;2;211;189;185m██[38;2;76;41;45m██[38;2;138;74;72m██[38;2;0;0;0m  
[38;2;134;72;70m██[38;2;134;72;71m██[38;2;51;28;27m██[38;2;249;203;198m██[38;2;194;115;114m██[38;2;134;72;71m██[38;2;139;75;74m██[38;2;146;80;78m██[38;2;156;85;83m██[38;2;186;136;135m██[38;2;255;226;221m██[38;2;255;206;205m██[38;2;254;187;189m██[38;2;170;121;123m██[38;2;132;95;96m██[38;2;237;186;186m██[38;2;255;219;215m██[38;2;255;232;226m██[38;2;255;235;227m██[38;2;255;234;227m██[38;2;254;234;227m████[38;2;255;231;224m██[38;2;254;212;209m██[38;2;244;184;186m██[38;2;240;170;173m██[38;2;254;180;183m██[38;2;255;194;194m██[38;2;230;200;196m██[38;2;59;32;35m██[38;2;133;72;70m██[38;2;0;0;0m  
[38;2;135;72;70m██[38;2;136;73;72m██[38;2;84;45;44m██[38;2;240;214;208m██[38;2;181;129;127m██[38;2;137;73;73m██[38;2;141;77;75m██[38;2;149;81;79m██[38;2;157;86;84m██[38;2;139;98;98m██[38;2;255;225;219m██[38;2;255;201;200m██[38;2;255;182;184m██[38;2;255;174;179m██[38;2;255;176;181m██[38;2;255;189;191m██[38;2;255;213;210m██[38;2;255;231;224m██[38;2;252;229;223m██[38;2;222;138;144m██[38;2;214;117;126m██[38;2;213;113;123m██[38;2;255;229;223m██[38;2;255;209;206m██[38;2;255;185;187m██[38;2;255;175;179m██[38;2;255;177;181m██[38;2;255;190;192m██[38;2;198;170;167m██[38;2;74;39;43m██[38;2;125;66;66m██[38;2;0;0;0m  
[38;2;136;73;72m██[38;2;137;73;72m██[38;2;135;73;71m██[38;2;122;112;108m██[38;2;156;125;123m██[38;2;138;74;72m██[38;2;142;77;75m██[38;2;149;82;79m██[38;2;156;85;82m██[38;2;45;26;27m██[38;2;236;190;186m██[38;2;253;208;206m██[38;2;249;187;188m██[38;2;254;179;182m██[38;2;255;181;184m██[38;2;255;194;194m██[38;2;255;216;212m██[38;2;255;231;225m██[38;2;255;235;228m████[38;2;255;236;229m██[38;2;254;237;229m██[38;2;255;231;224m██[38;2;255;215;212m██[38;2;255;194;195m██[38;2;255;184;187m██[38;2;255;185;188m██[38;2;254;200;200m██[38;2;82;70;69m██[38;2;85;44;49m██[38;2;112;60;61m██[38;2;0;0;0m  
[38;2;138;75;73m██[38;2;138;74;72m██[38;2;137;73;72m██[38;2;66;34;39m██[38;2;86;51;51m██[38;2;139;75;73m██[38;2;143;77;75m██[38;2;146;79;77m██[38;2;41;33;32m██[38;2;237;208;202m██[38;2;143;131;128m██[38;2;38;33;32m██[38;2;76;64;63m██[38;2;220;173;174m██[38;2;255;198;198m██[38;2;255;210;207m██[38;2;255;225;220m██[38;2;255;234;227m██[38;2;255;235;227m██████[38;2;255;234;227m████[38;2;255;227;222m██[38;2;255;214;212m██[38;2;255;207;205m██[38;2;255;209;207m██[38;2;208;184;181m██[38;2;41;22;25m██[38;2;82;44;48m██[38;2;103;55;58m██[38;2;4;2;2m  
[38;2;139;75;73m██[38;2;138;75;73m██[38;2;129;69;68m██[38;2;83;44;48m██[38;2;108;57;58m██[38;2;139;75;73m██[38;2;142;76;74m██[38;2;137;75;72m██[38;2;104;89;86m██[38;2;255;234;227m██[38;2;254;234;227m██[38;2;83;77;75m██[38;2;252;225;220m██[38;2;33;29;28m██[38;2;253;222;217m██[38;2;255;227;221m██[38;2;255;232;226m██[38;2;255;235;227m████████████[38;2;255;234;227m██[38;2;255;230;224m██[38;2;254;230;224m██[38;2;138;125;122m██[38;2;10;9;9m██[38;2;83;44;49m████[38;2;96;51;54m██[38;2;27;14;13m██
[38;2;138;75;73m██[38;2;139;75;73m██[38;2;110;59;60m██[38;2;83;44;48m██[38;2;119;64;63m██[38;2;139;76;73m██[38;2;140;76;74m██[38;2;137;75;73m██[38;2;82;64;63m██[38;2;255;235;227m████[38;2;254;234;227m██[38;2;255;233;227m██[38;2;223;207;201m██[38;2;66;59;57m██[38;2;252;227;221m██[38;2;255;235;227m████[38;2;255;234;227m██[38;2;255;235;227m████[38;2;254;234;227m██[38;2;254;236;229m██[38;2;228;214;207m██[38;2;103;96;93m██[38;2;57;53;51m██[38;2;199;190;184m██[38;2;15;8;9m██[38;2;83;44;48m████[38;2;93;50;53m██[38;2;44;24;23m  
[38;2;139;75;73m████[38;2;93;50;54m██[38;2;82;44;48m██[38;2;128;69;67m██[38;2;139;75;73m██[38;2;140;76;73m██[38;2;142;77;74m██[38;2;36;21;21m██[38;2;239;202;197m██[38;2;255;234;227m██████[38;2;255;235;227m██[38;2;239;200;194m██[38;2;60;47;47m██[38;2;224;177;173m██[38;2;254;214;208m██[38;2;254;219;213m██[38;2;224;196;191m██[38;2;131;123;119m██[38;2;73;66;65m██[38;2;55;50;49m██[38;2;152;143;138m██[38;2;216;203;197m██[38;2;109;101;99m██[38;2;24;13;14m██[38;2;80;42;47m██[38;2;82;44;48m██[38;2;83;43;48m██[38;2;88;47;51m██[38;2;64;35;34m  
[38;2;139;75;73m  ██[38;2;87;46;50m██[38;2;81;43;48m██[38;2;135;72;71m██[38;2;139;75;73m████[38;2;140;76;73m██[38;2;137;74;72m██[38;2;23;13;14m██[38;2;166;136;132m██[38;2;254;234;227m██[38;2;255;235;227m██[38;2;254;234;227m██[38;2;250;200;194m██[38;2;15;13;14m██[38;2;247;245;245m██[38;2;194;176;178m██[38;2;194;160;159m██[38;2;79;67;67m██[38;2;66;59;61m██[38;2;231;183;181m██[38;2;239;216;212m██[38;2;229;207;205m██[38;2;86;83;84m██[38;2;34;18;20m██[38;2;82;44;48m██[38;2;83;44;48m██████[38;2;87;46;50m██[38;2;82;44;43m  
[38;2;138;75;73m  [38;2;139;75;73m██[38;2;84;44;49m██[38;2;80;42;47m██[38;2;138;74;72m██[38;2;139;75;73m████[38;2;138;75;72m██[38;2;132;72;70m██[38;2;84;45;50m██[38;2;7;3;4m██[38;2;216;173;175m██[38;2;228;182;182m██[38;2;215;176;178m██[38;2;234;226;228m██[38;2;43;40;41m██[38;2;215;193;198m██[38;2;253;253;253m██[38;2;254;254;254m██[38;2;196;175;180m██[38;2;187;186;186m██[38;2;254;254;254m██[38;2;255;254;255m██[38;2;255;255;255m██[38;2;231;221;223m██[38;2;37;20;22m██[38;2;83;44;48m████████[38;2;86;45;50m██[38;2;108;58;56m██
[38;2;139;75;73m██[38;2;136;73;71m██[38;2;83;44;49m██[38;2;84;44;47m██[38;2;139;74;73m██[38;2;139;75;73m██████[38;2;120;64;63m██[38;2;81;42;48m██[38;2;46;40;41m██[38;2;254;254;254m████████[38;2;45;41;42m██[38;2;248;244;246m██[38;2;255;255;255m██[38;2;250;247;248m██[38;2;235;222;225m██[38;2;79;79;79m  [38;2;254;254;254m  [38;2;255;255;255m████[38;2;243;235;237m██[38;2;26;22;23m██[38;2;83;44;49m██[38;2;83;44;48m██  [38;2;83;44;49m██[38;2;84;44;49m██[38;2;122;66;64m██
[38;2;139;75;73m██[38;2;118;63;64m██[38;2;83;44;48m██[38;2;99;53;53m██[38;2;139;75;73m████████[38;2;95;51;52m██[38;2;39;20;23m██[38;2;223;210;212m██[38;2;255;254;254m██[38;2;255;255;255m████[38;2;242;230;233m██[38;2;92;83;85m██[38;2;255;255;255m██████[38;2;252;251;251m██[38;2;17;17;17m██[38;2;253;253;253m██[38;2;255;255;255m██████[38;2;175;165;168m██[38;2;55;29;32m██[38;2;83;44;48m██████[38;2;84;44;49m██[38;2;133;72;70m██[0m
