
[38;2;0;0;0m            [38;2;20;2;40m  [38;2;0;0;0m        [38;2;20;2;40m  [38;2;0;0;0m                                                        
[38;2;0;0;0m          [38;2;20;2;40m  [38;2;20;2;41m  [38;2;0;0;0m      [38;2;20;2;40m  [38;2;33;16;51m  [38;2;0;0;0m                                                        
[38;2;0;0;0m          [38;2;103;88;102m  [38;2;20;2;40m  [38;2;0;0;0m    [38;2;20;2;40m  [38;2;160;146;143m  [38;2;21;4;42m  [38;2;0;0;0m                [38;2;19;2;40m  [38;2;0;0;0m                                      
[38;2;0;0;0m        [38;2;18;1;40m  [38;2;219;207;187m  [38;2;3;0;8m  [38;2;0;0;0m  [38;2;18;0;39m  [38;2;231;221;197m  [38;2;255;243;213m  [38;2;19;2;41m  [38;2;0;0;0m            [38;2;20;2;41m  [38;2;23;7;43m  [38;2;20;2;40m  [38;2;0;0;0m                                      
[38;2;0;0;0m      [38;2;18;1;39m  [38;2;246;238;209m██[38;2;14;1;36m██[38;2;20;2;42m  [38;2;145;135;140m██[38;2;255;243;213m██[38;2;255;243;212m██[38;2;254;250;220m██[38;2;20;2;41m  [38;2;0;0;0m          [38;2;18;0;39m██[38;2;39;32;58m██[38;2;19;1;40m██[38;2;0;0;0m                            [38;2;20;2;41m  [38;2;0;0;0m          
[38;2;0;0;0m      [38;2;147;140;139m  [38;2;244;243;219m██[38;2;15;12;30m  [38;2;255;242;212m██[38;2;255;243;213m██████[38;2;103;93;103m██[38;2;0;0;0m          [38;2;15;0;36m██[38;2;31;25;50m██[38;2;38;31;57m██[38;2;20;1;42m  [38;2;0;0;0m  [38;2;19;2;40m  [38;2;0;0;0m                      [38;2;20;2;40m    [38;2;0;0;0m          
[38;2;0;0;0m  [38;2;15;1;32m  [38;2;135;128;129m  [38;2;255;242;212m██[38;2;16;13;22m██[38;2;255;243;213m██████[38;2;255;242;213m██[38;2;255;249;225m██[38;2;20;1;40m  [38;2;0;0;0m        [38;2;21;2;44m  [38;2;98;90;123m██[38;2;41;34;60m██[38;2;21;8;42m  [38;2;19;2;40m██[38;2;23;16;43m██[38;2;21;10;41m  [38;2;21;2;44m  [38;2;0;0;0m                  [38;2;20;2;40m  [38;2;164;150;146m  [38;2;20;2;41m  [38;2;0;0;0m          
[38;2;22;1;44m  [38;2;240;239;219m██[38;2;255;243;213m██[38;2;255;253;222m██[38;2;255;254;228m██[38;2;255;243;213m██[38;2;255;243;212m██[38;2;255;243;213m██[38;2;253;249;223m██[38;2;23;2;46m  [38;2;0;0;0m          [38;2;17;1;38m██[38;2;40;33;58m██[38;2;23;15;43m██████[38;2;19;0;40m██[38;2;0;0;0m    [38;2;4;0;8m  [38;2;3;0;6m      [38;2;3;0;7m  [38;2;4;0;8m  [38;2;20;2;40m  [38;2;20;2;41m  [38;2;22;4;42m  [38;2;255;247;216m██[38;2;255;243;213m██[38;2;20;2;40m  [38;2;0;0;0m          
[38;2;255;247;216m██[38;2;255;243;213m██[38;2;255;243;212m██[38;2;255;243;213m██[38;2;255;243;212m████[38;2;255;242;212m██[38;2;123;117;119m██[38;2;19;1;39m  [38;2;0;0;0m  [38;2;15;2;29m  [38;2;20;2;42m  [38;2;20;2;41m  [38;2;22;2;44m  [38;2;4;0;10m  [38;2;0;0;0m  [38;2;19;1;39m  [38;2;22;14;42m  [38;2;22;15;43m██[38;2;19;1;40m  [38;2;6;0;12m  [38;2;7;0;31m██[38;2;95;84;97m██[38;2;207;199;182m██[38;2;227;224;199m██[38;2;154;145;150m██[38;2;54;38;67m██[38;2;52;35;65m██[38;2;92;76;94m  [38;2;209;196;179m██[38;2;255;246;215m██[38;2;255;243;212m████[38;2;245;241;212m  [38;2;17;1;36m  [38;2;0;0;0m          
[38;2;255;243;213m██[38;2;255;243;212m██[38;2;255;242;212m██[38;2;255;245;214m██[38;2;243;229;202m██[38;2;178;144;138m██[38;2;4;3;29m██[38;2;33;29;52m██[38;2;47;41;63m██[38;2;253;251;223m██[38;2;255;247;216m██[38;2;255;241;211m██[38;2;255;243;212m██[38;2;240;220;194m██[38;2;220;181;164m██[38;2;17;13;39m██[38;2;20;2;42m  [38;2;21;0;43m██[38;2;22;15;42m██[38;2;21;2;42m  [38;2;240;238;221m██[38;2;245;232;204m██[38;2;236;217;192m██[38;2;241;224;198m██[38;2;248;240;228m██[38;2;252;249;227m██[38;2;255;242;210m██[38;2;255;243;213m██████  ████[38;2;21;3;41m  [38;2;0;0;0m            
[38;2;218;187;169m██[38;2;209;172;158m████[38;2;215;178;162m██[38;2;6;4;28m██[38;2;255;248;220m██[38;2;255;243;213m██████[38;2;255;243;212m██[38;2;255;243;213m████████[38;2;255;242;212m██[38;2;243;228;201m██[38;2;224;186;168m██[38;2;17;0;39m██[38;2;20;3;41m  [38;2;219;182;165m██[38;2;211;175;160m██[38;2;219;188;170m██[38;2;242;226;200m██[38;2;255;247;216m██[38;2;255;244;213m██[38;2;255;242;212m██[38;2;255;243;213m████[38;2;204;191;175m  [38;2;40;22;55m  [38;2;255;243;213m████[38;2;99;83;99m  [38;2;18;1;37m  [38;2;20;2;40m  [38;2;0;0;0m        [38;2;5;0;11m  
[38;2;211;175;160m████[38;2;213;176;161m██[38;2;25;21;39m██[38;2;255;242;212m██[38;2;255;243;213m██████████[38;2;255;243;212m██[38;2;255;243;213m██████[38;2;254;243;213m██[38;2;224;197;177m██[38;2;210;174;159m████[38;2;6;0;29m██[38;2;210;174;160m██[38;2;211;175;160m██[38;2;210;174;160m██[38;2;208;170;156m██[38;2;212;177;161m██[38;2;222;194;175m██[38;2;245;221;195m██[38;2;173;159;153m██[38;2;19;2;40m██[38;2;184;170;161m██[38;2;255;243;213m██[38;2;255;246;215m██[38;2;104;88;102m██[38;2;20;2;40m    [38;2;0;0;0m      [38;2;43;35;69m  [38;2;27;12;50m  [38;2;20;2;40m  
[38;2;211;175;160m██[38;2;209;173;159m██[38;2;5;0;30m██[38;2;255;242;211m██[38;2;255;243;213m██████████████████████████[38;2;221;191;172m██[38;2;215;179;163m██[38;2;10;7;31m  [38;2;214;178;162m██[38;2;212;176;160m██[38;2;219;182;165m██[38;2;150;121;122m██[38;2;1;0;25m██[38;2;95;70;87m██[38;2;200;165;153m██[38;2;211;175;160m████[38;2;211;174;160m██[38;2;214;178;161m██[38;2;215;178;162m██[38;2;54;36;65m  [38;2;19;2;40m  [38;2;0;0;0m    [38;2;21;3;43m  [38;2;51;44;78m██[38;2;20;1;41m██[38;2;35;22;59m██
[38;2;211;175;160m██[38;2;129;105;109m██[38;2;255;246;215m██[38;2;255;242;213m██[38;2;255;243;213m██[38;2;255;242;212m██[38;2;255;243;213m██████[38;2;255;242;212m██[38;2;255;243;212m██[38;2;255;243;213m██████[38;2;255;243;212m████[38;2;255;243;213m████[38;2;170;165;158m██[38;2;232;194;173m██[38;2;20;2;41m██[38;2;21;2;44m  [38;2;21;2;43m  [38;2;21;1;43m██[38;2;24;19;42m██[38;2;229;191;171m██[38;2;211;175;160m████[38;2;212;176;161m██[38;2;177;146;141m  [38;2;46;27;58m  [38;2;20;2;40m    [38;2;0;0;0m    [38;2;20;2;41m  [38;2;57;53;86m██[38;2;22;6;44m██[38;2;26;10;48m██[38;2;112;102;133m  
[38;2;207;171;157m██[38;2;35;31;48m██[38;2;255;243;213m██[38;2;255;243;212m██[38;2;255;243;213m████████[38;2;255;243;212m██[38;2;255;243;213m████[38;2;255;242;213m██[38;2;255;243;213m██[38;2;255;250;220m██[38;2;255;252;229m██[38;2;255;240;210m██[38;2;255;242;213m██[38;2;255;243;213m██[38;2;255;242;212m██[38;2;99;90;99m██[38;2;92;72;85m██[38;2;3;0;6m  [38;2;0;0;0m      [38;2;20;2;41m  [38;2;21;2;44m██[38;2;20;2;42m██[38;2;20;2;41m██  [38;2;9;0;19m  [38;2;0;0;0m      [38;2;19;2;40m  [38;2;68;68;99m  [38;2;40;30;65m██[38;2;33;17;56m██[38;2;124;116;145m  [38;2;20;2;41m  
[38;2;9;0;34m██[38;2;254;250;220m██[38;2;255;243;213m██████[38;2;255;243;212m████[38;2;255;243;213m████[38;2;255;243;214m████[38;2;255;243;212m██[38;2;255;243;213m██[38;2;255;242;212m██[38;2;253;253;228m██[38;2;16;14;35m██[38;2;71;64;75m  [38;2;251;242;212m██[38;2;253;245;215m██[38;2;254;246;215m██[38;2;191;187;180m██[38;2;20;2;41m██[38;2;0;0;0m                      [38;2;20;2;40m  [38;2;18;0;39m  [38;2;76;79;109m██[38;2;122;113;142m██[38;2;123;114;144m██[38;2;20;1;40m  [38;2;7;0;15m  
[38;2;16;9;38m██[38;2;255;249;217m██[38;2;255;243;213m██[38;2;255;242;212m██[38;2;255;243;213m████[38;2;255;242;213m██[38;2;255;243;213m████[38;2;254;245;214m██[38;2;255;255;255m██[38;2;255;242;209m██[38;2;255;241;207m██[38;2;255;243;213m██[38;2;254;247;216m██[38;2;254;248;216m██[38;2;255;245;215m██[38;2;8;0;32m██[38;2;232;193;173m██[38;2;211;174;160m██[38;2;211;175;160m██[38;2;215;179;163m██[38;2;6;0;33m██[38;2;20;2;42m  [38;2;0;0;0m                [38;2;20;2;40m  [38;2;32;17;52m  [38;2;194;170;205m██[38;2;107;96;127m  [38;2;121;113;142m██[38;2;18;0;40m██[38;2;19;1;40m██[38;2;20;3;41m  
[38;2;72;56;71m██[38;2;113;86;95m██[38;2;255;243;213m██[38;2;255;255;255m██[38;2;255;243;214m██[38;2;255;242;213m████[38;2;255;243;213m██[38;2;255;243;212m██[38;2;55;49;64m██[38;2;255;243;212m██[38;2;255;255;254m██[38;2;255;241;208m██[38;2;255;243;212m██[38;2;246;233;205m██[38;2;210;174;159m██[38;2;210;172;158m██[38;2;207;170;156m██[38;2;127;101;107m██[38;2;66;49;69m██[38;2;211;175;159m██[38;2;210;174;160m██[38;2;223;185;167m██[38;2;56;42;62m██[38;2;16;1;34m  [38;2;0;0;0m            [38;2;20;2;41m  [38;2;40;20;58m  [38;2;224;191;215m██[38;2;194;170;205m██[38;2;108;98;129m  [38;2;121;113;142m██[38;2;122;114;143m██[38;2;20;2;41m██[38;2;0;0;0m  
[38;2;134;108;112m██[38;2;234;232;217m██[38;2;255;245;221m██[38;2;255;248;232m██[38;2;255;245;220m██[38;2;255;243;213m██[38;2;255;240;210m██[38;2;255;255;227m██[38;2;255;243;213m██[38;2;206;203;189m██[38;2;255;242;212m██[38;2;255;243;213m██[38;2;255;246;224m██[38;2;255;243;213m██[38;2;255;242;212m██[38;2;255;243;213m████[38;2;255;244;214m██[38;2;245;232;204m██[38;2;209;173;158m██[38;2;75;57;76m██[38;2;30;10;47m██[38;2;215;178;163m██[38;2;211;176;160m██[38;2;18;1;41m██[38;2;0;0;0m        [38;2;2;0;8m  [38;2;19;2;40m  [38;2;66;45;80m  [38;2;224;191;216m██[38;2;205;177;208m██[38;2;188;164;199m██[38;2;122;114;144m██[38;2;34;17;55m██[38;2;20;2;42m  [38;2;0;0;0m    
[38;2;56;40;63m██[38;2;255;242;212m██[38;2;255;250;239m██[38;2;255;248;232m██[38;2;255;243;213m████[38;2;255;240;210m██[38;2;241;238;216m██[38;2;255;243;213m██[38;2;248;247;226m██[38;2;223;187;169m██[38;2;255;242;212m██[38;2;255;243;213m██████████████[38;2;255;242;213m██[38;2;251;246;216m██[38;2;210;174;159m██[38;2;154;124;124m██[38;2;7;5;27m██[38;2;225;187;169m  [38;2;22;1;45m██[38;2;0;0;0m    [38;2;9;0;18m  [38;2;19;1;40m  [38;2;214;182;208m  [38;2;224;191;216m████[38;2;192;168;202m██[38;2;80;60;97m██[38;2;39;22;61m  [38;2;64;57;78m  [38;2;0;0;0m      
[38;2;174;169;165m██[38;2;255;243;213m████[38;2;255;243;212m██[38;2;255;243;213m████[38;2;255;243;212m██[38;2;237;234;213m██[38;2;255;243;212m██[38;2;255;247;222m██[38;2;189;155;146m██[38;2;224;186;168m██[38;2;140;134;136m██[38;2;230;205;183m██[38;2;236;216;192m██[38;2;240;224;198m██[38;2;230;206;184m██[38;2;211;175;160m██[38;2;207;169;155m██[38;2;211;175;160m██████[38;2;210;174;159m██[38;2;58;46;62m██[38;2;226;187;169m██[38;2;177;144;139m██[38;2;8;0;18m  [38;2;19;1;40m  [38;2;16;4;37m  [38;2;226;193;218m██[38;2;224;191;216m██[38;2;224;191;215m██[38;2;212;182;211m██[38;2;192;168;203m██[38;2;19;1;41m██[38;2;0;0;0m          
[38;2;255;243;213m██[38;2;255;245;216m██[38;2;255;243;213m██████[38;2;255;247;216m██[38;2;218;182;164m██[38;2;240;197;175m██[38;2;255;243;213m██[38;2;251;241;211m██[38;2;135;108;112m██[38;2;211;175;160m██[38;2;66;50;69m██[38;2;20;2;41m██[38;2;11;6;35m██[38;2;190;156;147m██[38;2;222;185;167m██[38;2;210;174;160m██[38;2;209;173;159m██[38;2;211;174;160m██[38;2;223;185;167m██[38;2;76;59;76m██[38;2;73;56;74m██[38;2;8;0;30m██[38;2;180;147;140m██[38;2;210;174;159m██[38;2;18;1;39m██[38;2;175;146;174m██[38;2;224;191;216m████[38;2;224;191;215m██[38;2;224;191;216m██[38;2;192;168;203m██[38;2;76;55;93m  [38;2;3;0;9m  [38;2;0;0;0m          
[38;2;255;242;212m██[38;2;23;20;27m██[38;2;255;243;213m██[38;2;142;115;116m██[38;2;239;221;196m██[38;2;211;175;160m██[38;2;234;195;174m██[38;2;223;186;167m██[38;2;255;242;212m██[38;2;211;174;159m██[38;2;73;50;74m██[38;2;15;10;37m██[38;2;60;48;65m██[38;2;15;0;38m██[38;2;19;1;40m██[38;2;38;32;57m██[38;2;50;44;63m██[38;2;155;150;156m██[38;2;116;108;118m██[38;2;17;0;39m██[38;2;237;199;177m██[38;2;211;175;160m████[38;2;69;54;70m██[38;2;20;2;41m██[38;2;3;1;23m██[38;2;119;94;103m██[38;2;224;191;215m██[38;2;224;191;216m████[38;2;224;191;215m██[38;2;191;167;203m██[38;2;53;34;72m██[38;2;6;0;12m  [38;2;0;0;0m            
[38;2;18;16;38m██[38;2;253;248;223m██[38;2;255;243;212m██[38;2;13;11;30m██[38;2;210;174;159m██[38;2;211;175;160m██[38;2;117;93;101m██[38;2;210;174;159m██[38;2;238;220;195m██[38;2;219;182;165m██[38;2;205;176;167m██[38;2;25;11;46m██[38;2;41;35;60m██[38;2;38;31;57m██[38;2;22;14;42m██[38;2;22;15;43m██[38;2;24;19;43m██[38;2;252;240;225m██[38;2;252;239;224m██[38;2;8;3;33m██[38;2;11;7;34m██[38;2;65;50;67m██[38;2;210;174;159m██[38;2;210;174;160m██[38;2;17;9;38m██[38;2;222;189;214m██[38;2;10;8;27m██[38;2;230;197;222m██[38;2;224;191;216m████[38;2;196;171;204m██[38;2;43;27;64m██[38;2;5;0;11m  [38;2;0;0;0m              
[38;2;49;44;58m██[38;2;255;243;213m████[38;2;253;251;222m██[38;2;194;159;149m██[38;2;222;185;167m██[38;2;7;5;18m██[38;2;211;175;160m██[38;2;210;175;160m██[38;2;214;177;162m██[38;2;39;32;58m██[38;2;34;27;53m██[38;2;39;32;58m██[38;2;22;14;42m██[38;2;22;15;43m████[38;2;164;158;159m  [38;2;252;240;225m██[38;2;253;244;229m██[38;2;77;57;76m██[38;2;211;175;160m██[38;2;210;174;158m██[38;2;15;0;36m██[38;2;210;174;159m██[38;2;119;95;102m██[38;2;224;191;216m██[38;2;223;190;215m██[38;2;224;191;216m████[38;2;192;168;203m██[38;2;29;10;51m██[38;2;7;1;14m  [38;2;0;0;0m                
[38;2;32;24;45m  [38;2;255;243;213m████[38;2;248;246;219m██[38;2;82;76;87m██[38;2;250;212;193m██[38;2;115;91;99m██[38;2;139;111;115m  [38;2;211;175;160m██[38;2;32;25;46m██[38;2;39;32;58m██[38;2;40;34;59m██[38;2;22;15;43m██[38;2;23;15;43m██[38;2;22;16;43m██[38;2;43;40;55m  [38;2;251;239;224m██[38;2;252;240;225m██[38;2;204;200;197m██[38;2;218;181;164m██[38;2;208;173;158m██[38;2;5;1;30m  [38;2;227;194;219m██[38;2;0;0;13m██[38;2;213;177;161m██[38;2;193;163;190m██[38;2;224;191;216m████[38;2;191;167;203m██[38;2;20;3;41m██[38;2;9;0;18m  [38;2;0;0;0m                  
[38;2;5;0;24m██[38;2;255;243;213m████[38;2;255;243;215m██[38;2;80;56;79m  [38;2;28;16;45m██[38;2;108;86;95m██[38;2;146;114;120m██[38;2;213;176;161m██[38;2;164;131;133m██[38;2;48;46;64m██[38;2;21;4;41m██[38;2;23;16;43m██[38;2;20;12;41m██[38;2;150;142;147m██[38;2;251;239;224m██[38;2;252;240;225m██[38;2;252;237;222m██[38;2;13;0;37m██[38;2;210;174;159m██[38;2;7;0;30m  [38;2;230;198;222m██[38;2;224;191;216m██[38;2;223;190;215m██[38;2;0;0;23m██[38;2;5;2;22m██[38;2;224;191;216m██[38;2;191;168;203m██[38;2;12;0;34m██[38;2;0;0;0m                      
[38;2;18;1;42m  [38;2;215;181;165m██[38;2;255;243;213m██[38;2;255;243;212m██[38;2;135;129;129m  [38;2;16;10;32m  [38;2;236;192;178m██[38;2;58;42;64m██[38;2;2;0;21m██[38;2;236;233;230m  [38;2;6;5;29m  [38;2;49;41;64m  [38;2;18;0;39m██[38;2;12;0;34m██[38;2;249;249;242m██[38;2;251;239;224m██[38;2;252;239;224m██[38;2;0;0;17m██[38;2;19;1;40m██[38;2;6;0;26m██[38;2;254;250;238m██[38;2;124;101;130m██[38;2;223;190;215m██[38;2;224;191;216m██[38;2;223;190;215m██[38;2;13;0;35m██[38;2;191;167;202m██[38;2;22;3;45m██[38;2;19;1;40m  [38;2;0;0;0m                      
[38;2;20;2;42m  [38;2;217;180;163m██[38;2;206;167;153m██[38;2;255;243;213m██[38;2;255;242;212m██[38;2;41;39;48m  [38;2;233;201;185m██[38;2;28;25;39m  [38;2;252;238;223m██[38;2;18;17;32m██[38;2;9;0;32m██[38;2;254;250;237m██[38;2;0;0;7m██[38;2;4;2;27m██[38;2;32;17;51m██[38;2;9;6;20m  [38;2;15;12;29m██[38;2;21;14;42m██[38;2;32;19;51m██[38;2;253;242;227m██[38;2;252;240;225m██[38;2;254;249;234m██[38;2;18;12;39m██[38;2;221;188;213m██[38;2;194;169;204m██[38;2;215;190;225m██[38;2;11;0;31m██[38;2;212;176;160m██[38;2;184;150;143m██[38;2;20;2;41m  [38;2;0;0;0m                    
[38;2;21;2;43m  [38;2;69;54;71m██[38;2;211;175;160m████[38;2;233;211;188m██[38;2;255;243;213m██[38;2;243;238;221m██[38;2;3;3;10m██[38;2;118;108;122m██[38;2;15;0;36m██[38;2;252;240;224m██[38;2;252;240;225m██[38;2;69;59;79m██[38;2;95;85;96m██[38;2;123;96;103m██[38;2;20;2;41m██[38;2;23;15;42m██[38;2;40;34;59m██[38;2;197;192;193m██[38;2;252;240;225m██████[38;2;250;234;219m██[38;2;4;3;23m██[38;2;185;161;197m██[38;2;11;0;34m██[38;2;214;177;161m██[38;2;211;175;160m████[38;2;76;53;76m██[38;2;20;2;40m  [38;2;0;0;0m                  
[38;2;17;1;35m  [38;2;44;36;53m  [38;2;221;184;166m██[38;2;211;175;160m██████[38;2;208;171;157m██[38;2;234;213;189m██[38;2;21;1;42m██[38;2;241;208;193m██[38;2;230;185;172m██[38;2;234;190;176m██[38;2;245;200;184m██[38;2;242;197;182m██[38;2;211;179;169m██[38;2;24;12;44m  [38;2;39;32;58m██[38;2;0;0;13m██[38;2;248;230;215m██[38;2;235;198;185m██[38;2;230;186;173m██[38;2;231;188;175m████[38;2;155;124;126m██[38;2;34;25;47m  [38;2;211;175;160m██████████[38;2;21;3;41m██[38;2;1;0;2m  [38;2;0;0;0m                
[38;2;5;0;10m  [38;2;202;167;155m██[38;2;9;6;33m  [38;2;152;123;123m██[38;2;224;186;168m██[38;2;215;179;162m██[38;2;136;110;113m██[38;2;10;0;37m██[38;2;47;36;54m  [38;2;230;187;175m██[38;2;232;189;176m██[38;2;80;59;77m██[38;2;10;2;33m██[38;2;23;15;43m██[38;2;32;25;51m██[38;2;39;32;58m██[38;2;27;11;47m  [38;2;231;188;174m████[38;2;233;190;176m██[38;2;4;0;30m  [38;2;50;36;58m██[38;2;7;0;30m██[38;2;41;35;59m██[38;2;51;41;60m██[38;2;210;174;159m██[38;2;211;175;160m████████[38;2;200;165;153m██[38;2;21;3;41m  [38;2;0;0;0m                [0m
