
[38;2;0;0;0m            [38;2;80;80;80m  [38;2;13;13;13m  [38;2;147;147;147m  [38;2;247;247;247m  [38;2;253;253;253m  [38;2;254;254;254m  [38;2;255;255;255m    [38;2;254;254;254m  [38;2;253;253;253m  [38;2;232;232;232m  [38;2;108;108;108m  [38;2;1;1;1m  [38;2;53;53;53m  [38;2;0;0;0m            
[38;2;0;0;0m      [38;2;47;47;47m  [38;2;93;93;187m  [38;2;15;15;15m  [38;2;243;243;243m  [38;2;253;253;253m  [38;2;254;254;254m██[38;2;255;255;255m██████████████████[38;2;253;253;253m  [38;2;235;235;235m  [38;2;80;85;111m  [38;2;81;86;112m  [38;2;69;74;96m  [38;2;40;44;57m  [38;2;2;3;3m  [38;2;0;0;0m  
[38;2;0;0;0m  [38;2;42;44;58m  [38;2;92;98;128m  [38;2;88;94;122m  [38;2;117;118;122m  [38;2;253;253;253m  [38;2;255;255;255m██[38;2;254;254;254m██[38;2;184;184;184m██[38;2;255;255;255m██████████████[38;2;254;254;254m██[38;2;255;255;255m██████[38;2;210;211;210m██[38;2;87;93;121m██[38;2;88;93;121m██[38;2;88;94;121m██[38;2;87;93;120m  [38;2;126;126;126m  
[38;2;0;0;0m  [38;2;90;96;124m  [38;2;88;94;122m██[38;2;207;207;206m██[38;2;254;254;254m██[38;2;255;255;255m██[38;2;252;252;252m██[38;2;157;157;157m██[38;2;254;254;254m██[38;2;255;255;255m██████████████[38;2;252;252;252m██[38;2;253;253;253m██[38;2;255;255;255m████[38;2;254;254;254m██[38;2;186;186;186m██[38;2;87;93;121m██[38;2;88;94;121m██[38;2;87;93;121m██[38;2;0;0;0m  
[38;2;29;29;29m  [38;2;87;93;120m  [38;2;162;163;164m██[38;2;30;30;30m██[38;2;81;81;81m██[38;2;49;49;49m██[38;2;4;4;4m██[38;2;251;251;251m██[38;2;255;255;255m██████████████████[38;2;111;111;111m██[38;2;226;226;226m██[38;2;254;254;254m██[38;2;253;253;253m██[38;2;158;158;158m██[38;2;190;190;191m██[38;2;88;94;121m██[38;2;87;93;121m██[38;2;0;0;0m  
[38;2;0;1;1m  [38;2;84;88;106m  [38;2;29;29;29m██[38;2;1;1;1m██[38;2;241;241;241m  [38;2;253;253;253m██[38;2;41;41;41m██[38;2;13;13;13m██[38;2;254;254;254m████[38;2;219;220;221m██[38;2;191;189;188m██[38;2;248;250;251m██[38;2;253;253;253m██[38;2;255;255;255m████[38;2;253;253;253m██[38;2;1;1;1m██[38;2;63;63;63m██[38;2;254;254;254m██[38;2;241;241;241m██[38;2;1;1;1m██[38;2;251;251;251m██[38;2;209;209;209m██[38;2;88;94;122m  [38;2;0;0;1m  
[38;2;105;105;105m  [38;2;232;232;232m  [38;2;0;0;0m██[38;2;13;13;13m██[38;2;254;254;254m██[38;2;255;255;255m██[38;2;75;75;75m██[38;2;1;1;1m██[38;2;167;161;156m██[38;2;131;88;50m██[38;2;129;87;50m████[38;2;130;88;50m██[38;2;114;75;40m██[38;2;247;247;247m██[38;2;255;255;255m██[38;2;236;236;236m██[38;2;1;1;1m██[38;2;253;253;253m██[38;2;255;255;255m██[38;2;254;254;254m██[38;2;23;23;23m██[38;2;1;1;1m██[38;2;252;252;252m██[38;2;228;228;228m  [38;2;0;0;0m  
[38;2;67;67;67m  [38;2;18;18;18m██[38;2;0;0;0m████[38;2;191;191;191m██[38;2;189;189;189m██[38;2;0;0;0m██[38;2;6;4;2m██[38;2;129;87;50m██[38;2;130;88;50m██████████[38;2;132;88;49m██[38;2;253;253;253m██[38;2;138;138;138m██[38;2;0;0;0m██[38;2;208;208;208m██[38;2;252;252;252m██[38;2;152;152;152m██[38;2;0;0;0m████[38;2;22;22;22m██[38;2;254;254;254m██[38;2;28;28;28m  
[38;2;149;149;149m  [38;2;0;0;0m██[38;2;207;207;207m██[38;2;148;148;148m██[38;2;0;0;0m██[38;2;219;219;219m██[38;2;48;48;48m██[38;2;113;77;44m██[38;2;130;88;50m██████████████[38;2;203;200;197m██[38;2;2;2;2m██[38;2;0;0;0m██[38;2;29;29;29m██[38;2;2;2;2m██[38;2;0;0;0m████[38;2;28;28;28m██[38;2;1;1;1m██[38;2;252;252;252m██[38;2;168;168;168m  
[38;2;126;126;126m  [38;2;4;25;83m██[38;2;241;242;245m██[38;2;36;36;36m██[38;2;0;0;0m██[38;2;229;229;228m██[38;2;77;81;97m██[38;2;125;85;48m██[38;2;130;88;50m████[38;2;130;88;49m██[38;2;130;88;50m████████[38;2;169;163;157m██[38;2;1;1;1m██[38;2;1;1;0m██[38;2;253;253;253m██[38;2;216;216;216m██[38;2;0;0;0m██[38;2;2;2;2m██[38;2;252;252;253m██[38;2;6;24;78m██[38;2;253;253;253m██[38;2;252;252;252m  
[38;2;251;251;251m  [38;2;191;220;218m██[38;2;1;11;69m██[38;2;1;13;46m██[38;2;1;8;29m██[38;2;4;23;78m██[38;2;4;23;76m██[38;2;82;63;46m██[38;2;116;78;44m██[38;2;130;88;50m██[38;2;131;88;50m████[38;2;130;88;49m██[38;2;112;76;43m██[38;2;103;69;39m██[38;2;237;237;237m██[38;2;65;65;65m██[38;2;4;22;77m██[38;2;151;159;182m██[38;2;23;38;90m██[38;2;3;23;77m██[38;2;4;23;78m██[38;2;1;14;71m██[38;2;103;127;152m██[38;2;253;253;253m██  
[38;2;228;243;239m  [38;2;205;234;227m██[38;2;204;234;226m██[38;2;206;235;227m██[38;2;67;72;95m██[38;2;169;171;178m██[38;2;185;185;190m██[38;2;252;252;253m██[38;2;98;64;34m██[38;2;104;70;40m████[38;2;104;69;39m██[38;2;104;69;40m██[38;2;103;69;39m██[38;2;109;97;86m██[38;2;254;254;254m████[38;2;176;177;182m██[38;2;1;13;62m██[38;2;2;21;79m██[38;2;37;56;102m██[38;2;198;228;222m██[38;2;205;235;227m████[38;2;253;255;255m██[38;2;253;253;253m  
[38;2;203;233;225m  [38;2;205;234;227m██[38;2;205;235;227m██[38;2;223;242;237m██[38;2;254;255;255m██[38;2;253;253;253m██[38;2;235;235;235m██[38;2;255;255;255m██[38;2;253;253;253m██[38;2;132;121;111m██[38;2;91;59;31m██[38;2;96;62;32m██[38;2;89;62;38m██[38;2;196;195;193m██[38;2;252;252;252m██[38;2;254;254;254m██[38;2;252;252;252m██[38;2;209;209;209m██[38;2;253;253;253m██[38;2;254;254;254m██[38;2;246;251;250m██[38;2;205;235;227m██[38;2;205;234;227m██[38;2;205;235;227m██[38;2;203;234;226m██[38;2;254;253;253m  
[38;2;205;235;227m  ██[38;2;204;234;226m██[38;2;253;254;254m██[38;2;212;212;212m██[38;2;253;253;253m██[38;2;254;254;254m██[38;2;253;254;254m██[38;2;253;253;253m██[38;2;254;254;254m██[38;2;252;252;252m██[38;2;253;253;253m████[38;2;172;168;170m██[38;2;65;38;46m██[38;2;76;45;54m██[38;2;65;40;47m██[38;2;151;145;147m██[38;2;223;224;223m██[38;2;216;216;216m██[38;2;218;218;218m██[38;2;253;253;253m██[38;2;204;234;226m██[38;2;205;235;227m████[38;2;244;244;244m  
[38;2;211;242;233m  [38;2;204;235;227m██[38;2;227;243;239m██[38;2;53;31;38m██[38;2;212;213;213m██[38;2;71;45;53m██[38;2;72;41;50m██[38;2;80;51;60m██[38;2;82;52;61m██[38;2;75;59;64m██[38;2;206;204;204m██[38;2;114;106;108m██[38;2;80;49;58m██[38;2;78;48;57m██[38;2;79;48;58m████[38;2;79;48;57m██[38;2;79;48;58m██[38;2;78;48;58m██[38;2;216;216;216m██[38;2;69;39;48m██[38;2;52;28;35m██[38;2;203;234;225m██[38;2;204;235;227m████[38;2;112;129;124m  
[38;2;172;198;190m  [38;2;214;238;232m██[38;2;255;254;254m██[38;2;80;50;59m██[38;2;79;49;58m██[38;2;78;48;58m██[38;2;78;48;57m██[38;2;78;48;58m██[38;2;78;48;57m██[38;2;78;48;58m████[38;2;79;48;58m██████[38;2;79;48;57m██[38;2;78;48;57m██[38;2;79;49;58m██████[38;2;80;50;59m██[38;2;78;48;57m██[38;2;78;49;58m██[38;2;248;248;248m██[38;2;205;235;227m██[38;2;203;233;225m  [38;2;11;12;12m  
[38;2;30;34;33m  [38;2;209;236;229m██[38;2;251;251;251m██[38;2;83;53;62m██[38;2;83;51;61m██[38;2;75;46;50m██[38;2;146;89;92m██[38;2;156;96;99m██[38;2;124;76;80m██[38;2;90;55;59m██[38;2;71;43;48m██[38;2;63;39;44m██[38;2;63;38;44m██[38;2;71;44;48m██[38;2;95;59;62m██[38;2;139;85;88m██[38;2;174;107;110m██[38;2;187;115;119m██[38;2;190;116;120m██[38;2;188;116;120m██[38;2;159;98;102m██[38;2;82;51;60m██[38;2;242;247;247m██[38;2;204;235;227m██[38;2;186;212;206m  [38;2;8;43;8m  
[38;2;57;57;57m  [38;2;248;248;248m  [38;2;244;245;245m██[38;2;79;49;58m██[38;2;185;113;118m██[38;2;183;113;117m██[38;2;182;112;116m████[38;2;185;114;118m██[38;2;183;113;117m██████[38;2;182;112;116m██████[38;2;184;113;117m██[38;2;189;116;120m██[38;2;198;121;126m██[38;2;209;128;133m██[38;2;192;118;122m██[38;2;185;113;118m██[38;2;154;90;94m██[38;2;236;247;244m██[38;2;204;234;226m  [38;2;90;134;134m  [38;2;0;0;0m  
[38;2;0;0;0m  [38;2;56;56;56m  [38;2;253;252;253m  [38;2;95;80;81m██[38;2;200;124;128m██[38;2;229;141;147m██[38;2;228;138;145m██[38;2;231;233;233m██[38;2;230;230;230m██[38;2;229;141;147m██[38;2;230;141;147m██[38;2;230;142;147m██[38;2;230;141;147m██[38;2;229;141;147m████[38;2;232;143;149m██[38;2;231;142;147m██[38;2;230;142;147m██[38;2;229;141;147m████[38;2;178;107;111m██[38;2;252;252;252m████[38;2;25;29;28m  [38;2;0;0;0m    
[38;2;0;0;0m    [38;2;21;28;26m  [38;2;206;206;206m██[38;2;128;149;144m██[38;2;132;146;143m██[38;2;252;252;252m██[38;2;255;255;255m██[38;2;254;254;254m██[38;2;227;229;228m██[38;2;233;236;236m██[38;2;179;130;133m██[38;2;181;166;167m██[38;2;219;221;221m██[38;2;191;188;188m██[38;2;240;243;243m██[38;2;211;129;134m██[38;2;178;123;126m██[38;2;229;233;233m██[38;2;234;236;236m██[38;2;208;207;207m██[38;2;204;204;204m  [38;2;18;18;18m  [38;2;0;0;0m      
[38;2;0;0;0m  [38;2;0;13;0m  [38;2;118;169;156m  [38;2;74;106;98m██[38;2;115;166;152m██[38;2;248;248;248m██[38;2;255;255;255m████[38;2;253;253;253m██[38;2;187;187;187m██[38;2;240;240;240m██[38;2;244;244;244m██[38;2;243;243;243m██[38;2;236;236;236m██[38;2;252;252;252m██[38;2;255;255;255m██[38;2;223;222;222m██[38;2;92;120;113m██[38;2;87;118;109m██[38;2;114;163;150m██[38;2;113;162;149m██[38;2;111;160;148m  [38;2;51;85;51m  [38;2;0;0;0m      
[38;2;0;0;0m  [38;2;12;12;12m  [38;2;118;170;156m  [38;2;75;107;99m██[38;2;222;220;221m██[38;2;255;255;255m██████[38;2;253;253;253m██[38;2;167;166;167m██[38;2;205;205;205m██[38;2;203;203;203m████[38;2;170;171;171m██[38;2;254;254;254m██[38;2;255;255;255m████[38;2;110;135;129m██[38;2;109;156;144m██[38;2;113;162;149m██[38;2;113;163;151m██[38;2;113;163;150m  [38;2;5;7;6m  [38;2;0;0;0m      
[38;2;0;0;0m    [38;2;14;20;18m  [38;2;253;253;253m██[38;2;255;255;255m████████[38;2;253;253;253m██[38;2;106;156;143m██[38;2;113;162;150m██[38;2;116;166;153m██[38;2;117;168;155m██[38;2;82;114;106m██[38;2;254;254;254m██[38;2;255;255;255m████[38;2;253;253;253m██[38;2;87;113;106m██[38;2;109;161;148m██[38;2;113;163;151m██[38;2;112;162;149m  [38;2;0;1;0m  [38;2;0;0;0m      
[38;2;0;0;0m    [38;2;108;108;108m  [38;2;254;254;254m  [38;2;255;255;255m████████[38;2;250;248;249m██[38;2;132;190;175m██[38;2;114;164;151m██[38;2;112;161;149m██[38;2;113;163;150m██[38;2;81;120;110m██[38;2;254;254;254m██[38;2;255;255;255m██████[38;2;248;248;248m██[38;2;253;253;253m██[38;2;104;153;140m██[38;2;42;59;56m  [38;2;1;1;1m  [38;2;0;0;0m      
[38;2;0;0;0m    [38;2;42;60;55m  [38;2;180;180;180m██[38;2;255;255;255m██████[38;2;253;253;253m██[38;2;121;166;155m██[38;2;143;204;189m██[38;2;143;205;189m██[38;2;143;204;188m██[38;2;143;205;189m██[38;2;149;214;197m██[38;2;253;253;253m██[38;2;255;255;255m██████████[38;2;186;189;188m  [38;2;4;4;4m  [38;2;0;0;0m        
[38;2;0;0;0m  [38;2;0;22;22m  [38;2;148;213;196m  [38;2;144;205;189m██[38;2;195;196;196m██[38;2;253;253;253m██[38;2;252;251;251m██[38;2;122;161;150m██[38;2;142;204;188m██[38;2;145;208;192m██[38;2;130;190;177m██[38;2;141;205;191m██[38;2;142;204;188m██[38;2;143;205;189m██[38;2;158;168;166m██[38;2;255;255;255m██████████[38;2;201;202;202m██[38;2;144;207;190m  [38;2;3;3;3m  [38;2;0;0;0m      
[38;2;0;0;0m  [38;2;9;13;12m  [38;2;142;204;188m██[38;2;143;205;189m██[38;2;142;203;188m██[38;2;148;211;195m██[38;2;144;205;189m██[38;2;143;206;190m██[38;2;136;137;95m██[38;2;242;221;139m██[38;2;236;215;135m██[38;2;238;217;136m██[38;2;215;193;119m██[38;2;120;162;144m██[38;2;142;204;188m██[38;2;195;198;198m██[38;2;254;254;254m██[38;2;255;255;255m████[38;2;254;254;254m██[38;2;115;169;155m██[38;2;141;202;186m  [38;2;1;2;2m  [38;2;0;0;0m      
[38;2;0;0;0m  [38;2;49;71;64m  [38;2;143;204;189m████[38;2;143;205;189m████[38;2;142;204;188m██[38;2;240;218;136m██[38;2;228;208;130m██[38;2;238;217;135m██[38;2;238;217;136m██[38;2;237;217;135m██[38;2;248;226;142m██[38;2;238;217;136m██[38;2;115;129;101m██[38;2;141;203;187m██[38;2;109;144;135m██[38;2;233;234;234m██[38;2;245;244;244m██[38;2;115;141;134m██[38;2;143;204;189m██[38;2;142;204;188m  [38;2;9;13;12m  [38;2;0;0;0m      
[38;2;0;0;0m  [38;2;95;138;127m  [38;2;143;204;188m██[38;2;143;205;189m████[38;2;147;210;192m██[38;2;240;218;136m██[38;2;243;221;138m██[38;2;242;221;138m██[38;2;238;217;136m████[38;2;238;217;135m██[38;2;237;216;135m██[38;2;238;216;136m██[38;2;234;214;134m██[38;2;139;201;186m██[38;2;143;205;188m██[38;2;142;203;188m██[38;2;142;203;187m██[38;2;143;205;188m████[38;2;143;205;189m██[38;2;63;90;83m  [38;2;0;0;0m      
[38;2;0;0;0m  [38;2;100;144;132m  [38;2;143;205;189m██████[38;2;105;119;94m██[38;2;231;211;132m██[38;2;247;225;141m██[38;2;242;220;138m██[38;2;238;217;136m██████[38;2;235;214;134m██[38;2;237;216;136m██[38;2;239;218;136m██[38;2;123;163;144m██[38;2;143;205;189m████████████[38;2;88;125;115m  [38;2;0;0;0m      
[38;2;0;0;0m  [38;2;71;101;94m  [38;2;143;205;189m██[38;2;142;205;189m██[38;2;143;205;189m██[38;2;146;209;192m██[38;2;191;175;110m██[38;2;196;179;112m██[38;2;193;177;110m██[38;2;190;174;109m██[38;2;191;174;109m██[38;2;190;174;109m██[38;2;188;172;108m██[38;2;189;173;108m██[38;2;188;173;108m██[38;2;130;185;171m██[38;2;143;205;189m████[38;2;143;205;188m██[38;2;142;205;189m██[38;2;143;205;189m████[38;2;81;117;107m  [38;2;0;0;0m      
[38;2;0;0;0m  [38;2;19;28;26m  [38;2;143;205;189m████████[38;2;137;198;183m██[38;2;192;175;108m██[38;2;193;177;111m██[38;2;190;174;109m██[38;2;190;174;108m██[38;2;189;173;108m██[38;2;188;172;108m██[38;2;155;141;89m██[38;2;134;194;179m██[38;2;143;205;189m████████████[38;2;142;204;188m██[38;2;40;58;54m  [38;2;0;0;0m      [0m
