
[38;2;0;0;0m              [38;2;69;0;69m  [38;2;59;59;59m  [38;2;41;34;34m  [38;2;43;34;34m  [38;2;16;16;15m  [38;2;125;123;121m  [38;2;39;33;30m  [38;2;29;24;19m  [38;2;49;38;36m  [38;2;58;47;45m  [38;2;59;50;47m  [38;2;85;75;73m  [38;2;74;64;63m  [38;2;59;49;47m  [38;2;33;23;22m  [38;2;29;25;22m  [38;2;62;57;56m  [38;2;32;29;28m  [38;2;0;0;0m  [38;2;46;46;46m  [38;2;0;0;0m  [38;2;34;34;34m  [38;2;0;0;0m      
[38;2;0;0;0m            [38;2;37;36;34m  [38;2;65;56;54m  [38;2;196;195;194m  [38;2;249;251;249m██[38;2;153;151;149m██[38;2;74;64;64m  [38;2;220;220;220m██[38;2;254;254;254m██[38;2;253;253;253m████[38;2;254;253;253m██[38;2;254;254;254m██████[38;2;253;253;253m██[38;2;252;252;252m██[38;2;253;254;254m██[38;2;254;254;254m██[38;2;210;206;206m██[38;2;79;75;73m  [38;2;29;20;18m  [38;2;42;33;32m  [38;2;57;51;50m  [38;2;3;2;2m  [38;2;0;0;0m    
[38;2;0;0;0m          [38;2;27;21;20m  [38;2;118;110;108m  [38;2;246;248;246m██[38;2;188;185;186m██[38;2;80;76;76m██[38;2;251;251;251m██[38;2;248;251;250m██[38;2;254;254;254m██[38;2;253;253;253m██[38;2;255;255;255m████████████████[38;2;253;253;253m████[38;2;248;248;248m██[38;2;249;250;250m██[38;2;250;249;248m██[38;2;71;67;66m██[38;2;236;235;233m██[38;2;25;16;16m  [38;2;54;48;46m  [38;2;88;87;87m  
[38;2;0;0;0m      [38;2;1;1;1m  [38;2;49;44;40m  [38;2;123;118;118m██[38;2;241;242;241m██[38;2;61;59;59m██[38;2;246;246;246m██[38;2;249;249;249m██[38;2;240;236;236m██[38;2;83;80;79m██[38;2;249;249;249m██[38;2;252;252;252m██[38;2;255;255;255m████████████[38;2;236;236;236m██[38;2;251;252;251m██[38;2;254;254;254m██[38;2;255;255;255m██████████[38;2;221;221;221m██[38;2;209;210;210m██[38;2;220;218;217m██[38;2;248;247;247m  
[38;2;0;0;0m      [38;2;102;100;94m  [38;2;248;249;249m██[38;2;246;246;245m██[38;2;107;105;105m██[38;2;190;189;188m██[38;2;254;254;254m██[38;2;61;56;58m██[38;2;70;64;65m██[38;2;247;251;249m██[38;2;248;248;248m██[38;2;254;254;253m██[38;2;255;255;255m████████████[38;2;252;252;252m██[38;2;85;76;77m██[38;2;254;254;254m██[38;2;255;255;255m████████[38;2;254;254;254m██[38;2;249;249;249m██[38;2;202;200;197m██[38;2;246;246;246m██[38;2;85;79;79m██
[38;2;0;0;0m  [38;2;6;6;0m  [38;2;69;66;63m  [38;2;248;246;247m██[38;2;81;75;72m██[38;2;69;61;60m██[38;2;228;228;227m██[38;2;81;74;75m██[38;2;240;239;238m██[38;2;213;212;211m██[38;2;251;251;252m██[38;2;245;246;245m██[38;2;252;251;252m██[38;2;253;253;253m██[38;2;255;255;255m██████[38;2;252;252;252m██[38;2;251;251;251m██[38;2;254;254;254m██[38;2;251;253;253m██[38;2;66;61;59m██[38;2;61;60;58m██[38;2;247;246;245m██[38;2;255;255;255m████[38;2;250;250;250m██[38;2;253;253;253m██[38;2;255;255;255m██[38;2;252;252;252m██[38;2;76;75;73m██[38;2;50;46;44m██
[38;2;82;82;82m  [38;2;34;28;26m  [38;2;251;251;251m██[38;2;250;248;249m██[38;2;29;18;17m██[38;2;249;250;247m██[38;2;107;102;103m██[38;2;251;251;252m██[38;2;249;248;247m██[38;2;171;170;169m██[38;2;243;243;244m██[38;2;70;66;68m██[38;2;214;212;211m██[38;2;252;251;251m██[38;2;252;252;252m████[38;2;253;253;254m██[38;2;252;252;252m██[38;2;97;95;95m██[38;2;254;254;254m██[38;2;251;251;251m██[38;2;99;96;93m██[38;2;243;244;242m██[38;2;95;93;93m██[38;2;253;253;253m██[38;2;252;253;252m██[38;2;121;118;119m██[38;2;253;253;253m██[38;2;255;255;255m██[38;2;253;254;254m██[38;2;243;242;242m██[38;2;34;22;19m██
[38;2;27;25;25m  [38;2;205;204;203m  [38;2;251;251;249m██[38;2;177;174;174m██[38;2;246;244;244m██[38;2;182;180;179m██[38;2;251;251;250m██[38;2;254;254;254m████[38;2;94;91;91m██[38;2;244;244;244m██[38;2;250;250;250m██[38;2;248;248;246m██[38;2;82;80;80m██[38;2;252;252;252m██[38;2;250;248;248m██[38;2;202;201;201m██[38;2;158;155;155m██[38;2;244;245;244m██[38;2;200;199;198m██[38;2;121;119;118m██[38;2;57;55;55m██[38;2;252;252;252m██[38;2;249;250;249m██[38;2;212;212;211m██[38;2;187;185;185m██[38;2;66;61;61m██[38;2;252;253;253m██[38;2;255;255;255m██[38;2;252;252;252m██[38;2;250;250;250m██[38;2;45;38;35m██
[38;2;31;25;24m  [38;2;251;251;251m██[38;2;248;248;248m██[38;2;87;86;84m██[38;2;251;250;252m██[38;2;102;101;100m██[38;2;251;253;251m██[38;2;252;253;253m██[38;2;251;253;252m██[38;2;247;248;247m██[38;2;248;248;248m██[38;2;239;239;238m██[38;2;246;244;242m██[38;2;249;248;248m██[38;2;94;90;90m██[38;2;95;91;91m██[38;2;246;246;245m██[38;2;244;243;243m██[38;2;239;237;236m██[38;2;234;232;231m██[38;2;233;231;231m██[38;2;244;243;242m██[38;2;245;245;244m████[38;2;244;243;243m██[38;2;250;249;250m██[38;2;36;32;31m██[38;2;251;253;253m██[38;2;255;255;255m██[38;2;253;253;253m████[38;2;151;147;147m██
[38;2;147;143;140m  [38;2;247;251;250m██[38;2;204;202;203m██[38;2;246;244;245m██[38;2;154;153;150m██[38;2;75;68;66m██[38;2;23;16;13m██[38;2;27;18;16m██[38;2;33;21;21m██[38;2;37;24;24m██[38;2;34;25;20m██[38;2;36;26;22m██[38;2;39;31;27m██[38;2;206;201;201m██[38;2;243;244;242m██[38;2;249;250;249m██[38;2;22;15;11m██[38;2;46;37;36m██[38;2;185;183;180m██[38;2;56;48;47m██[38;2;38;25;22m██[38;2;37;25;21m██[38;2;36;26;22m██[38;2;36;25;22m██[38;2;34;24;23m██[38;2;23;12;11m██[38;2;105;99;99m██[38;2;250;253;252m██[38;2;255;255;255m██[38;2;253;253;253m██[38;2;169;169;169m██[38;2;216;214;213m██
[38;2;238;236;236m██[38;2;80;78;76m██[38;2;83;79;80m██[38;2;240;239;238m██[38;2;38;26;24m██[38;2;98;94;93m██[38;2;249;247;248m██[38;2;248;246;246m██[38;2;34;23;23m██[38;2;35;25;23m██[38;2;34;24;22m████[38;2;38;27;26m██[38;2;34;24;22m██[38;2;34;21;21m██[38;2;28;18;14m██[38;2;42;35;33m██[38;2;252;252;252m██[38;2;250;250;250m██[38;2;201;198;198m██[38;2;29;19;18m██[38;2;35;25;24m██[38;2;34;24;19m████████[38;2;23;15;13m██[38;2;252;252;252m██[38;2;255;255;255m██[38;2;252;252;253m██[38;2;109;106;104m██[38;2;247;246;246m██
[38;2;64;56;52m  [38;2;131;123;122m  [38;2;241;241;240m██[38;2;247;247;246m██[38;2;29;17;16m██[38;2;250;250;249m██[38;2;248;249;250m██[38;2;62;55;55m██[38;2;136;127;126m██[38;2;33;22;21m██[38;2;33;23;21m██[38;2;34;23;21m██[38;2;34;24;23m██[38;2;31;21;19m██[38;2;41;36;33m██[38;2;30;20;16m██[38;2;127;120;118m██[38;2;248;248;248m██[38;2;226;227;227m██[38;2;219;219;217m██[38;2;218;215;216m██[38;2;34;23;23m██[38;2;34;23;19m████[38;2;34;24;19m████[38;2;24;16;12m██[38;2;249;250;251m██[38;2;255;255;255m██[38;2;252;252;252m██[38;2;101;99;98m██[38;2;252;252;253m██
[38;2;38;38;38m  [38;2;25;17;17m  [38;2;251;251;250m██[38;2;226;226;225m██[38;2;70;61;58m██[38;2;34;23;22m██[38;2;31;21;19m██[38;2;24;16;15m██[38;2;32;22;16m██[38;2;35;25;21m██[38;2;34;24;22m██[38;2;34;23;22m██[38;2;45;36;35m██[38;2;249;249;249m██[38;2;252;252;252m██[38;2;248;248;247m██[38;2;34;25;23m██[38;2;26;18;16m██[38;2;32;23;22m██[38;2;35;26;25m██[38;2;34;24;22m████[38;2;36;22;22m██[38;2;36;23;22m██[38;2;32;24;22m██[38;2;25;16;14m██[38;2;85;78;78m██[38;2;251;252;252m██[38;2;255;255;255m██[38;2;251;254;252m██[38;2;95;91;91m██[38;2;250;251;250m██
[38;2;54;54;54m  [38;2;83;75;74m  [38;2;251;252;251m██[38;2;176;174;173m██[38;2;130;127;123m██[38;2;34;22;19m██[38;2;32;21;18m██[38;2;36;25;24m██[38;2;31;22;17m██[38;2;31;21;17m██[38;2;34;24;22m██[38;2;34;23;22m██[38;2;195;194;192m██[38;2;253;253;253m██[38;2;254;254;254m██[38;2;252;253;253m██[38;2;32;20;19m██[38;2;35;25;21m██[38;2;32;26;20m██[38;2;34;24;22m██████[38;2;35;23;22m████[38;2;33;23;22m██[38;2;105;97;96m██[38;2;57;54;53m██[38;2;251;252;252m██[38;2;255;255;255m██[38;2;251;252;251m██[38;2;99;95;96m██[38;2;250;249;248m██
[38;2;0;0;0m  [38;2;197;196;195m  [38;2;250;252;249m██[38;2;117;117;116m██[38;2;237;236;236m██[38;2;35;26;24m██[38;2;38;28;27m██[38;2;34;24;21m██[38;2;33;24;22m██[38;2;34;24;22m██[38;2;34;23;22m██[38;2;32;23;21m██[38;2;250;247;247m██[38;2;252;253;253m██[38;2;255;255;255m██[38;2;252;252;252m██[38;2;29;20;17m██[38;2;34;24;22m██[38;2;33;24;22m██[38;2;36;23;22m████[38;2;36;23;21m██[38;2;36;23;22m██[38;2;35;23;21m██[38;2;33;22;21m██[38;2;244;242;243m██[38;2;65;59;58m██[38;2;250;253;252m██[38;2;255;255;255m██[38;2;248;248;247m██[38;2;115;111;111m██[38;2;95;88;88m██
[38;2;10;6;5m  [38;2;248;250;249m██[38;2;249;250;249m██[38;2;92;89;90m██[38;2;248;248;248m██[38;2;196;194;195m██[38;2;29;20;20m██[38;2;33;23;21m██[38;2;33;24;19m██[38;2;35;25;21m██[38;2;33;21;18m██[38;2;234;232;231m██[38;2;219;219;218m██[38;2;245;245;245m██[38;2;252;252;252m██[38;2;251;252;252m██[38;2;89;81;81m██[38;2;31;20;17m██[38;2;34;24;21m██[38;2;35;23;22m██[38;2;35;24;22m██[38;2;33;23;21m██[38;2;33;24;20m██[38;2;32;24;20m██[38;2;21;13;11m██[38;2;248;249;245m██[38;2;110;108;107m██[38;2;252;253;253m██[38;2;255;255;255m██[38;2;252;251;251m██[38;2;208;207;206m██[38;2;228;227;225m██
[38;2;49;43;41m  [38;2;247;246;245m██[38;2;35;30;31m██[38;2;157;154;155m██[38;2;252;252;252m██[38;2;250;252;252m██[38;2;250;250;250m██[38;2;236;235;234m██[38;2;188;185;184m██[38;2;230;229;228m██[38;2;247;248;248m██[38;2;234;236;233m██[38;2;251;251;251m██[38;2;252;252;252m████[38;2;250;250;251m██[38;2;251;250;249m██[38;2;88;86;83m██[38;2;29;21;19m██[38;2;33;25;22m██[38;2;32;24;22m██[38;2;33;22;20m██[38;2;31;21;20m██[38;2;51;42;41m██[38;2;248;247;247m██[38;2;249;249;248m██[38;2;182;181;180m██[38;2;251;251;251m██[38;2;255;255;255m██[38;2;235;232;232m██[38;2;251;251;249m██[38;2;251;252;251m██
[38;2;30;21;18m  [38;2;251;252;252m██[38;2;63;60;58m██[38;2;253;253;253m██[38;2;254;254;254m██[38;2;255;255;255m██████████[38;2;251;252;252m██[38;2;97;94;95m██[38;2;239;237;237m██[38;2;46;42;42m██[38;2;225;223;222m██[38;2;104;103;104m██[38;2;252;252;252m██[38;2;254;254;254m██[38;2;253;252;252m██[38;2;254;254;254m██[38;2;253;253;253m██[38;2;254;254;254m████[38;2;253;253;254m██[38;2;253;253;253m██[38;2;254;254;254m██[38;2;236;234;234m██[38;2;249;249;250m██[38;2;251;251;251m██[38;2;110;101;100m██[38;2;248;250;250m██[38;2;184;182;180m  
[38;2;31;22;19m  [38;2;251;251;251m██[38;2;88;85;83m██[38;2;251;251;251m██[38;2;253;253;253m██[38;2;255;255;255m██████████[38;2;254;254;254m██[38;2;250;249;249m██[38;2;250;250;249m██[38;2;249;249;248m██[38;2;253;253;253m██[38;2;250;250;250m████[38;2;255;255;255m████[38;2;254;254;254m██████[38;2;255;255;255m████[38;2;253;253;253m██[38;2;228;228;228m██[38;2;251;250;250m██[38;2;249;249;250m██[38;2;249;249;249m██[38;2;141;139;140m██[38;2;240;240;238m  [38;2;41;34;33m  
[38;2;33;26;22m  [38;2;250;250;250m██[38;2;240;240;240m██[38;2;218;217;215m██[38;2;248;249;249m██[38;2;255;255;255m██████████████████████████████████████[38;2;254;254;254m██[38;2;108;104;102m██[38;2;253;253;253m██[38;2;251;251;251m██[38;2;220;221;219m██[38;2;90;84;82m  [38;2;80;78;72m  [38;2;55;55;55m  
[38;2;35;27;24m  [38;2;250;250;250m██[38;2;252;252;252m██[38;2;20;13;12m  [38;2;236;235;235m██[38;2;255;255;255m██████████████████████████████████████[38;2;251;252;251m██[38;2;62;58;55m██[38;2;248;248;248m██[38;2;251;252;250m██[38;2;33;23;20m  [38;2;5;5;5m  [38;2;0;0;0m    
[38;2;31;25;24m  [38;2;254;253;254m██[38;2;243;242;241m██[38;2;104;99;97m  [38;2;89;86;85m  [38;2;74;70;69m  [38;2;251;252;251m██[38;2;249;250;249m██[38;2;251;251;250m██[38;2;253;253;253m██[38;2;255;255;255m████████████████████████[38;2;253;253;253m██[38;2;251;251;251m██[38;2;253;253;253m██[38;2;215;212;211m██[38;2;253;253;252m██[38;2;202;201;197m██[38;2;40;39;38m  [38;2;0;0;0m      
[38;2;54;47;46m  [38;2;252;252;252m██[38;2;195;193;191m  [38;2;53;52;48m  [38;2;0;0;0m  [38;2;43;33;32m  [38;2;174;170;166m██[38;2;35;27;25m██[38;2;91;87;85m██[38;2;194;192;190m██[38;2;249;245;246m██[38;2;253;252;253m██[38;2;255;255;255m██[38;2;254;254;254m████[38;2;250;252;252m██[38;2;249;248;249m██[38;2;247;249;248m██[38;2;250;251;250m██[38;2;252;252;251m██[38;2;251;252;252m██[38;2;253;253;253m██[38;2;233;231;228m██[38;2;88;83;82m  [38;2;80;73;73m  [38;2;252;250;251m  [38;2;252;252;253m██[38;2;32;26;21m  [38;2;7;7;7m  [38;2;0;0;0m      
[38;2;19;17;16m  [38;2;188;185;185m  [38;2;122;117;116m  [38;2;0;0;0m  [38;2;8;7;7m  [38;2;33;26;21m  [38;2;250;250;250m██[38;2;245;243;243m██[38;2;108;103;97m██[38;2;29;19;15m██[38;2;178;173;171m██[38;2;251;249;251m██[38;2;255;255;255m██[38;2;254;254;254m██[38;2;250;250;250m██[38;2;125;123;121m██[38;2;42;34;32m██[38;2;49;42;40m██[38;2;38;26;27m██[38;2;32;21;20m██[38;2;30;20;18m██[38;2;32;22;17m██[38;2;32;23;23m██[38;2;59;51;52m██[38;2;20;14;13m  [38;2;249;250;250m██[38;2;60;57;56m  [38;2;43;0;0m  [38;2;0;0;0m        
[38;2;59;59;59m  [38;2;56;47;45m  [38;2;81;73;71m  [38;2;47;43;42m  [38;2;175;170;170m  [38;2;76;69;70m██[38;2;253;255;254m██[38;2;254;254;254m██[38;2;249;250;250m██[38;2;247;246;245m██[38;2;156;151;150m██[38;2;251;251;251m██[38;2;254;254;254m████[38;2;251;251;251m██[38;2;211;210;210m██[38;2;188;186;186m██[38;2;96;94;92m██[38;2;57;48;47m██[38;2;88;86;86m██[38;2;240;239;239m██[38;2;219;219;218m██[38;2;222;225;223m██[38;2;239;237;237m██[38;2;116;112;111m██[38;2;187;182;182m  [38;2;13;12;11m  [38;2;0;0;0m          
[38;2;0;0;0m  [38;2;43;39;36m  [38;2;80;72;71m██[38;2;187;184;183m██[38;2;238;237;237m██[38;2;253;253;253m██[38;2;248;249;249m██[38;2;255;255;255m██[38;2;250;250;250m██[38;2;135;133;130m██[38;2;81;79;76m██[38;2;248;248;248m██[38;2;254;254;254m██[38;2;250;250;250m██[38;2;211;211;211m██[38;2;178;176;175m██[38;2;188;187;186m██[38;2;97;93;94m██[38;2;249;252;250m██[38;2;247;248;248m██[38;2;252;253;253m██[38;2;250;250;250m██[38;2;160;155;155m██[38;2;251;251;251m██[38;2;242;241;241m██[38;2;229;228;228m██[38;2;37;32;30m  [38;2;31;31;31m  [38;2;0;0;0m        
[38;2;0;0;0m  [38;2;9;8;8m  [38;2;48;40;37m  [38;2;246;246;245m██[38;2;86;83;83m██[38;2;184;183;182m██[38;2;249;249;249m██[38;2;252;252;252m██[38;2;249;249;249m██[38;2;62;60;58m██[38;2;230;228;228m██[38;2;71;68;68m██[38;2;128;124;122m██[38;2;63;60;58m██[38;2;198;197;196m██[38;2;182;182;181m██[38;2;218;218;218m██[38;2;245;245;245m██[38;2;250;250;250m██[38;2;255;255;255m██[38;2;253;253;253m██[38;2;248;248;245m██[38;2;56;51;51m██[38;2;99;97;96m██[38;2;177;177;177m██[38;2;243;243;243m██[38;2;250;251;250m██[38;2;64;54;54m  [38;2;0;0;0m        
[38;2;0;0;0m  [38;2;39;38;36m  [38;2;244;246;245m██[38;2;188;187;186m██[38;2;238;235;235m██[38;2;155;151;151m██[38;2;111;105;107m██[38;2;252;252;252m██[38;2;249;249;249m██[38;2;77;74;72m██[38;2;179;179;178m██[38;2;201;203;200m██[38;2;211;212;212m██[38;2;195;194;193m██[38;2;202;201;200m██[38;2;213;213;212m██[38;2;107;104;103m██[38;2;249;249;249m██[38;2;253;253;253m██[38;2;254;254;254m██[38;2;252;252;252m██[38;2;154;150;150m██[38;2;120;118;117m██[38;2;152;149;148m██[38;2;253;253;253m██[38;2;254;254;254m██[38;2;249;250;248m██[38;2;28;17;17m  [38;2;0;0;0m        
[38;2;66;66;66m  [38;2;134;128;129m  [38;2;251;251;250m██[38;2;206;205;205m██[38;2;250;250;250m██[38;2;49;47;46m██[38;2;42;36;33m██[38;2;246;248;246m██[38;2;254;254;254m██[38;2;208;205;204m██[38;2;178;176;175m██[38;2;205;203;202m██[38;2;210;209;209m██[38;2;179;177;178m██[38;2;197;195;195m██[38;2;204;201;201m██[38;2;103;101;101m██[38;2;254;254;254m████[38;2;249;249;248m██[38;2;82;80;76m██[38;2;197;192;190m██[38;2;63;60;60m██[38;2;176;174;173m██[38;2;253;253;253m██[38;2;253;254;254m██[38;2;251;252;251m██[38;2;57;50;47m  [38;2;85;85;85m  [38;2;0;0;0m      
[38;2;29;25;25m  [38;2;242;242;241m  [38;2;159;155;155m██[38;2;250;249;249m██[38;2;226;225;226m██[38;2;51;48;47m██[38;2;71;66;64m██[38;2;246;248;245m██[38;2;134;133;131m██[38;2;171;168;167m██[38;2;220;217;216m██[38;2;192;190;189m██[38;2;173;170;171m██[38;2;224;223;223m██[38;2;193;192;193m██[38;2;189;187;186m██[38;2;194;192;191m██[38;2;255;255;255m██[38;2;254;254;254m██[38;2;249;249;249m██[38;2;86;79;77m██[38;2;207;205;203m██[38;2;239;240;239m██[38;2;250;249;249m██[38;2;252;252;252m██[38;2;250;250;250m██[38;2;254;254;253m██[38;2;50;42;39m  [38;2;17;17;17m  [38;2;0;0;0m      
[38;2;11;7;7m  [38;2;250;249;248m██[38;2;117;115;114m██[38;2;253;253;253m██[38;2;254;254;254m██[38;2;129;127;126m██[38;2;229;228;227m██[38;2;246;247;245m██[38;2;75;74;72m██[38;2;194;196;193m██[38;2;175;176;174m██[38;2;192;191;191m██[38;2;203;204;203m██[38;2;182;183;181m██[38;2;197;196;195m██[38;2;204;201;201m██[38;2;176;172;171m██[38;2;255;255;255m████[38;2;250;249;249m██[38;2;66;62;60m██[38;2;248;246;246m██[38;2;253;253;253m██[38;2;249;249;249m██[38;2;251;251;251m██[38;2;250;250;250m██[38;2;249;251;249m██[38;2;32;22;21m  [38;2;0;0;0m        
[38;2;37;37;37m  [38;2;107;99;98m  [38;2;221;220;219m██[38;2;250;250;250m██[38;2;249;248;248m██[38;2;166;164;163m██[38;2;252;253;252m██[38;2;249;248;247m██[38;2;48;43;43m██[38;2;114;109;109m██[38;2;112;106;108m██[38;2;109;104;105m██[38;2;125;122;122m██[38;2;114;111;111m██[38;2;105;101;100m██[38;2;90;89;88m██[38;2;253;252;252m██[38;2;255;255;255m██[38;2;254;254;254m██[38;2;249;249;249m██[38;2;250;249;249m██[38;2;146;137;137m██[38;2;251;253;252m██[38;2;248;248;248m██[38;2;251;252;252m██[38;2;253;254;253m██[38;2;85;82;78m  [38;2;97;96;96m  [38;2;0;0;0m        [0m
