
[38;2;0;0;0m            [38;2;59;59;59m  [38;2;165;151;157m  [38;2;254;247;254m  [38;2;112;105;118m██[38;2;244;237;249m██[38;2;241;235;250m██[38;2;241;235;252m██[38;2;240;235;251m██[38;2;241;236;252m████████[38;2;240;235;251m██[38;2;213;203;215m██[38;2;244;234;253m██[38;2;223;217;226m  [38;2;77;69;81m██[38;2;232;229;233m  [38;2;184;146;156m  [38;2;0;0;0m            
[38;2;0;0;0m          [38;2;127;127;127m  [38;2;249;241;245m  [38;2;239;234;245m  [38;2;217;209;222m██[38;2;240;235;251m██[38;2;241;236;252m██████[38;2;225;221;231m██[38;2;240;235;251m██[38;2;241;236;252m████████[38;2;220;211;221m██[38;2;240;235;250m██[38;2;241;236;252m██[38;2;242;235;250m██[38;2;169;162;169m  [38;2;226;223;226m  [38;2;112;83;87m  [38;2;0;0;0m          
[38;2;0;0;0m        [38;2;127;85;127m  [38;2;253;249;252m  [38;2;240;235;247m██[38;2;245;238;251m██[38;2;242;236;252m██[38;2;241;236;252m████████[38;2;213;208;222m██[38;2;241;236;252m██████████[38;2;241;239;252m██[38;2;243;239;250m██[38;2;241;236;252m████[38;2;241;235;251m██[38;2;232;226;232m██[38;2;238;235;237m  [38;2;101;92;96m  [38;2;0;0;0m        
[38;2;0;0;0m      [38;2;35;35;35m  [38;2;245;237;241m  [38;2;242;235;251m██[38;2;236;232;243m██[38;2;229;224;239m██[38;2;240;235;251m██[38;2;241;236;252m████████[38;2;201;196;209m██[38;2;241;236;252m████████[38;2;242;237;252m██[38;2;239;237;252m██[38;2;211;205;215m██[38;2;241;236;252m██████[38;2;205;201;211m██[38;2;222;215;224m██[38;2;234;223;229m  [38;2;35;35;35m  [38;2;0;0;0m      
[38;2;0;0;0m      [38;2;113;92;96m  [38;2;245;238;252m  [38;2;243;236;252m██[38;2;242;235;252m██[38;2;213;208;221m██[38;2;241;235;252m████[38;2;210;206;220m██[38;2;241;235;252m████[38;2;199;194;208m██[38;2;241;235;252m████████[38;2;241;236;252m██[38;2;241;237;252m██[38;2;200;190;201m██[38;2;241;235;251m██[38;2;241;235;252m████[38;2;245;241;251m██[38;2;244;240;252m██[38;2;194;187;198m  [38;2;64;30;38m  [38;2;0;0;0m      
[38;2;0;0;0m    [38;2;147;111;147m  [38;2;253;249;253m  [38;2;240;235;251m██[38;2;215;210;223m██[38;2;245;240;252m██[38;2;245;238;252m██[38;2;241;235;252m██[38;2;240;235;251m██[38;2;222;217;229m██[38;2;241;235;252m██[38;2;241;235;249m██[38;2;172;167;180m██[38;2;241;235;252m████████[38;2;240;235;251m██[38;2;236;232;244m██[38;2;223;214;224m██[38;2;240;235;251m██[38;2;241;235;252m████[38;2;241;237;249m██[38;2;218;214;224m██[38;2;241;236;252m██[38;2;242;235;239m  [38;2;19;19;19m  [38;2;0;0;0m    
[38;2;0;0;0m    [38;2;103;87;91m  [38;2;245;239;253m  [38;2;242;237;251m██[38;2;243;238;251m██[38;2;213;208;222m██[38;2;241;235;251m██[38;2;241;235;252m██[38;2;244;239;252m██[38;2;244;239;251m██[38;2;212;206;220m██[38;2;217;207;219m██[38;2;197;184;198m██[38;2;241;235;252m██████[38;2;241;236;252m██[38;2;240;235;251m██[38;2;225;220;233m██[38;2;190;182;194m██[38;2;215;208;220m██[38;2;242;234;250m██[38;2;241;235;252m████[38;2;205;199;211m██[38;2;241;236;252m██[38;2;250;243;252m  [38;2;117;115;115m  [38;2;0;0;0m    
[38;2;0;0;0m  [38;2;3;3;3m  [38;2;243;234;238m  [38;2;241;235;252m██[38;2;209;203;216m██[38;2;242;235;250m██[38;2;212;204;219m██[38;2;241;235;252m████[38;2;240;234;248m██[38;2;240;236;242m██[38;2;241;235;251m██[38;2;239;226;237m██[38;2;206;192;199m██[38;2;242;237;252m██[38;2;241;237;252m██[38;2;241;235;252m████[38;2;240;235;251m██[38;2;213;209;223m██[38;2;249;240;252m██[38;2;211;190;201m██[38;2;243;236;248m██[38;2;247;239;250m██[38;2;241;235;252m██[38;2;237;230;242m██[38;2;245;238;251m██[38;2;216;204;218m  [38;2;109;96;102m  [38;2;0;0;0m    
[38;2;0;0;0m  [38;2;123;123;123m  [38;2;252;250;254m  [38;2;240;235;251m██[38;2;219;212;224m██[38;2;241;235;251m██[38;2;236;229;244m██[38;2;241;236;252m████[38;2;217;210;223m██[38;2;240;235;251m██[38;2;241;236;252m██[38;2;212;202;209m██[38;2;223;213;221m██[38;2;244;239;253m██[38;2;243;238;253m██[38;2;241;236;252m██████[38;2;204;200;212m██[38;2;247;238;252m██[38;2;210;188;192m██[38;2;242;235;249m██[38;2;233;226;239m██[38;2;241;236;252m██[38;2;245;239;252m██[38;2;246;239;251m██[38;2;237;229;240m██[38;2;232;223;227m  [38;2;0;0;0m    
[38;2;0;0;0m  [38;2;127;127;127m  [38;2;249;243;254m  [38;2;241;236;252m██[38;2;242;235;250m██[38;2;246;238;252m██[38;2;244;238;252m██[38;2;242;235;252m██[38;2;241;236;252m██[38;2;203;195;209m██[38;2;242;236;252m██[38;2;241;236;252m██[38;2;205;194;194m██[38;2;229;220;226m██[38;2;246;238;253m██[38;2;242;233;249m██[38;2;241;236;252m██[38;2;243;236;252m██[38;2;241;236;252m██[38;2;184;176;187m██[38;2;244;238;251m██[38;2;216;204;209m██[38;2;241;235;249m██[38;2;219;208;222m██[38;2;241;236;252m██[38;2;241;235;251m██[38;2;239;229;244m██[38;2;216;206;217m██[38;2;247;244;246m  [38;2;127;127;127m  [38;2;0;0;0m  
[38;2;0;0;0m  [38;2;94;73;82m  [38;2;241;235;252m  [38;2;247;238;253m██[38;2;245;238;253m██[38;2;242;233;249m██[38;2;241;236;252m██[38;2;241;237;252m██[38;2;242;236;252m██[38;2;174;162;177m██[38;2;243;236;252m██[38;2;240;236;251m██[38;2;218;208;202m██[38;2;236;225;232m██[38;2;240;230;244m██[38;2;237;228;243m██[38;2;242;236;252m██[38;2;243;236;252m██[38;2;242;236;252m██[38;2;168;154;167m██[38;2;244;237;250m██[38;2;225;211;208m██[38;2;241;235;250m██[38;2;212;201;215m██[38;2;241;236;252m██[38;2;240;235;251m██[38;2;224;213;226m██[38;2;202;193;207m██[38;2;223;219;223m  [38;2;127;127;127m  [38;2;0;0;0m  
[38;2;0;0;0m  [38;2;117;111;114m  [38;2;245;239;253m  [38;2;244;237;252m██[38;2;243;237;253m██[38;2;229;219;233m██[38;2;243;237;252m██[38;2;243;238;253m██[38;2;242;235;251m██[38;2;195;180;194m██[38;2;241;236;252m██[38;2;240;235;250m██[38;2;242;229;218m██[38;2;240;230;238m██[38;2;221;210;217m██[38;2;235;228;238m██[38;2;242;236;252m██████[38;2;195;178;188m██[38;2;243;234;250m██[38;2;240;222;217m██[38;2;242;235;249m██[38;2;174;164;175m██[38;2;241;236;252m██[38;2;240;235;251m██[38;2;209;200;214m██[38;2;201;194;206m██[38;2;205;196;205m  [38;2;99;99;99m  [38;2;0;0;0m  
[38;2;0;0;0m  [38;2;117;112;114m  [38;2;244;239;253m  [38;2;239;232;247m██[38;2;242;234;250m██[38;2;223;216;231m██[38;2;235;228;243m██[38;2;243;234;251m██[38;2;245;237;251m██[38;2;208;198;202m██[38;2;242;235;252m██[38;2;246;237;251m██[38;2;252;239;232m██[38;2;242;231;236m██[38;2;206;196;191m██[38;2;238;225;230m██[38;2;244;229;237m██[38;2;232;221;227m██[38;2;242;231;243m██[38;2;209;196;197m██[38;2;246;233;246m██[38;2;247;233;227m██[38;2;244;235;249m██[38;2;175;161;170m██[38;2;241;235;251m██[38;2;241;236;252m██[38;2;206;198;213m██[38;2;202;196;208m██[38;2;203;196;204m  [38;2;154;129;135m  [38;2;0;0;0m  
[38;2;0;0;0m  [38;2;116;111;112m  [38;2;244;239;253m  [38;2;238;232;247m██[38;2;241;234;250m██[38;2;222;215;231m██[38;2;227;218;233m██[38;2;243;234;251m██[38;2;247;239;252m██[38;2;210;201;204m██[38;2;245;235;250m██[38;2;207;194;195m██[38;2;253;240;232m██[38;2;249;236;223m██[38;2;252;236;225m██[38;2;254;236;228m██[38;2;253;236;229m██[38;2;253;235;225m██[38;2;253;236;226m██[38;2;253;239;228m██[38;2;246;233;222m██[38;2;254;241;229m██[38;2;205;190;188m██[38;2;201;185;187m██[38;2;242;235;249m██[38;2;241;236;252m██[38;2;202;196;211m██[38;2;200;192;206m██[38;2;220;211;220m  [38;2;43;43;43m  [38;2;0;0;0m  
[38;2;0;0;0m  [38;2;115;110;110m  [38;2;243;240;254m  [38;2;237;232;246m██[38;2;241;234;250m██[38;2;220;213;229m██[38;2;225;217;233m██[38;2;243;233;251m██[38;2;250;239;248m██[38;2;240;226;211m██[38;2;249;235;219m██[38;2;235;217;205m██[38;2;222;207;205m██[38;2;242;229;220m██[38;2;253;237;227m██[38;2;254;237;227m██[38;2;252;238;227m██████[38;2;211;196;189m██[38;2;167;143;145m██[38;2;200;184;179m██[38;2;250;232;221m██[38;2;252;238;225m██[38;2;203;191;194m██[38;2;245;234;247m██[38;2;208;201;215m██[38;2;202;196;210m██[38;2;226;220;226m  [38;2;191;113;117m  [38;2;0;0;0m  
[38;2;0;0;0m  [38;2;116;112;114m  [38;2;244;240;253m  [38;2;237;229;244m██[38;2;240;228;246m██[38;2;225;214;232m██[38;2;235;224;238m██[38;2;205;194;200m██[38;2;252;235;231m██[38;2;113;87;100m██[38;2;98;72;96m██[38;2;98;72;94m██[38;2;107;80;101m██[38;2;110;85;92m██[38;2;254;237;226m██[38;2;252;237;227m██[38;2;252;238;227m██[38;2;252;237;227m██[38;2;252;238;227m██[38;2;199;182;174m██[38;2;150;120;136m██[38;2;117;89;107m██[38;2;101;68;95m██[38;2;105;71;94m██[38;2;253;231;227m██[38;2;223;212;207m██[38;2;212;205;215m██[38;2;203;196;206m██[38;2;223;216;224m  [38;2;110;101;104m  [38;2;0;0;0m  
[38;2;0;0;0m  [38;2;117;113;116m  [38;2;244;239;253m  [38;2;242;231;246m██[38;2;242;220;246m██[38;2;242;220;245m██[38;2;227;215;223m██[38;2;251;234;226m██[38;2;206;180;181m██[38;2;211;177;185m██[38;2;253;219;219m██[38;2;251;219;217m██[38;2;250;223;216m██[38;2;252;232;222m██[38;2;253;236;225m██[38;2;253;237;227m██[38;2;252;238;225m████[38;2;252;238;226m██[38;2;252;233;223m██[38;2;252;221;219m██[38;2;251;212;216m██[38;2;246;208;212m██[38;2;249;218;224m██[38;2;233;203;200m██[38;2;252;234;227m██[38;2;249;236;244m██[38;2;225;208;225m██[38;2;207;196;211m██[38;2;197;170;176m  [38;2;0;0;0m  
[38;2;0;0;0m  [38;2;117;114;116m  [38;2;249;243;254m  [38;2;242;231;247m██[38;2;242;207;242m██[38;2;244;207;245m██[38;2;218;186;205m██[38;2;251;227;222m██[38;2;249;215;217m██[38;2;252;228;230m██[38;2;247;197;205m██[38;2;246;196;205m██[38;2;249;206;211m██[38;2;252;224;221m██[38;2;254;235;225m██[38;2;252;238;225m██████[38;2;254;237;225m██[38;2;254;230;223m██[38;2;247;207;209m██[38;2;247;196;207m██[38;2;246;192;205m██[38;2;255;231;236m██[38;2;250;209;215m██[38;2;254;223;222m██[38;2;188;163;172m██[38;2;247;216;244m██[38;2;205;188;208m██[38;2;230;210;217m  [38;2;0;0;0m  
[38;2;0;0;0m  [38;2;117;110;113m  [38;2;245;241;254m  [38;2;245;232;247m██[38;2;243;199;241m██[38;2;244;196;243m██[38;2;224;185;208m██[38;2;254;221;221m██[38;2;242;194;203m██[38;2;250;191;204m██[38;2;248;189;202m██[38;2;250;192;205m██[38;2;251;204;210m██[38;2;252;219;218m██[38;2;254;233;224m██[38;2;252;238;224m██████[38;2;253;237;224m██[38;2;253;231;223m██[38;2;253;218;217m██[38;2;249;198;209m██[38;2;245;188;202m██[38;2;249;193;207m██[38;2;249;195;206m██[38;2;253;215;218m██[38;2;234;194;220m██[38;2;241;204;245m██[38;2;200;180;201m██[38;2;249;243;245m  [38;2;43;43;43m  
[38;2;0;0;0m  [38;2;161;123;130m  [38;2;241;236;253m  [38;2;248;235;253m██[38;2;245;191;240m██[38;2;245;189;240m██[38;2;227;179;207m██[38;2;255;224;223m██[38;2;252;211;217m██[38;2;250;204;213m██[38;2;251;201;211m██[38;2;249;202;210m██[38;2;252;210;215m██[38;2;255;223;221m██[38;2;253;234;224m██[38;2;252;238;225m██████[38;2;253;237;225m██[38;2;254;233;223m██[38;2;254;227;222m██[38;2;254;217;219m██[38;2;253;209;217m██[38;2;251;206;214m██[38;2;251;212;217m██[38;2;252;221;220m██[38;2;243;197;232m██[38;2;246;195;240m██[38;2;209;186;205m██[38;2;253;251;254m  [38;2;91;91;91m  
[38;2;0;0;0m  [38;2;228;213;217m  [38;2;243;238;254m██[38;2;249;238;253m██[38;2;246;186;239m██[38;2;246;183;237m██[38;2;221;170;202m██[38;2;253;230;226m██[38;2;253;227;223m██[38;2;253;221;220m██[38;2;252;218;218m██[38;2;253;218;218m██[38;2;253;224;222m██[38;2;254;231;224m██[38;2;254;236;226m██[38;2;252;237;224m██[38;2;251;238;223m██[38;2;252;237;225m██[38;2;254;237;224m██[38;2;252;238;225m██[38;2;254;235;225m██[38;2;254;231;225m██[38;2;255;225;225m██[38;2;254;224;223m██[38;2;254;228;224m██[38;2;254;231;224m██[38;2;245;193;241m██[38;2;247;189;239m██[38;2;218;194;215m██[38;2;250;242;254m  [38;2;99;99;99m  
[38;2;0;0;0m  [38;2;237;224;229m  [38;2;244;240;253m██[38;2;247;240;254m██[38;2;246;183;237m██[38;2;245;178;237m██[38;2;210;152;195m██[38;2;252;233;223m██[38;2;254;235;225m██[38;2;255;232;226m██[38;2;255;233;224m██[38;2;254;231;224m██[38;2;253;234;226m██[38;2;254;236;226m██[38;2;253;237;225m██[38;2;238;221;211m██[38;2;216;124;141m██[38;2;220;125;136m██[38;2;253;238;223m██[38;2;251;238;225m██[38;2;253;237;226m██[38;2;254;236;226m██[38;2;255;234;225m██[38;2;254;235;225m██[38;2;253;235;223m██[38;2;237;216;212m██[38;2;243;181;235m██[38;2;244;183;234m██[38;2;233;218;234m██[38;2;241;236;254m  [38;2;103;93;98m  
[38;2;127;127;127m  [38;2;250;246;247m  [38;2;239;235;249m██[38;2;244;235;251m██[38;2;243;178;235m██[38;2;240;173;235m██[38;2;220;155;203m██[38;2;242;223;209m██[38;2;254;237;225m██[38;2;252;237;225m████[38;2;254;236;226m██[38;2;253;237;226m██[38;2;252;237;225m████[38;2;253;240;228m██[38;2;221;124;141m██[38;2;213;125;140m██[38;2;252;237;224m██[38;2;252;237;225m██████[38;2;253;237;225m████[38;2;252;237;224m██[38;2;182;140;153m██[38;2;242;176;236m██[38;2;243;180;233m██[38;2;246;234;251m██[38;2;242;236;252m██[38;2;237;227;231m  
[38;2;127;127;127m  [38;2;251;248;254m  [38;2;217;212;225m██[38;2;240;234;250m██[38;2;225;165;215m██[38;2;235;168;234m██[38;2;220;155;208m██[38;2;216;182;177m██[38;2;254;235;226m██[38;2;252;237;225m██████[38;2;253;237;225m██[38;2;252;237;225m████[38;2;249;239;225m██[38;2;253;236;225m██[38;2;253;235;225m██[38;2;253;237;225m██[38;2;252;237;225m██[38;2;254;237;225m████[38;2;252;237;225m██[38;2;253;237;225m██[38;2;253;239;223m██[38;2;210;157;173m██[38;2;238;170;236m██[38;2;242;177;233m██[38;2;246;237;254m██[38;2;244;239;252m██[38;2;251;249;254m  
[38;2;111;96;102m  [38;2;242;236;251m  [38;2;193;188;200m██[38;2;241;235;253m██[38;2;203;149;190m██[38;2;229;162;235m██[38;2;215;153;213m██[38;2;169;137;153m██[38;2;182;156;169m██[38;2;252;236;223m██[38;2;252;238;225m████[38;2;252;237;225m██[38;2;252;238;225m████████████[38;2;252;237;225m██[38;2;254;237;225m██[38;2;252;238;225m████[38;2;251;234;223m██[38;2;169;141;150m██[38;2;194;141;178m██[38;2;231;165;234m██[38;2;228;164;221m██[38;2;244;234;251m██[38;2;244;240;252m██[38;2;245;238;251m  
[38;2;218;187;207m  [38;2;222;215;239m██[38;2;198;189;211m██[38;2;194;181;213m██[38;2;194;158;197m██[38;2;214;153;234m██[38;2;210;151;225m██[38;2;199;172;213m██[38;2;193;174;215m██[38;2;198;178;198m██[38;2;252;239;237m██[38;2;254;237;225m██[38;2;253;237;225m██[38;2;252;238;225m██[38;2;253;237;225m████[38;2;252;238;225m████[38;2;252;237;225m██[38;2;252;238;225m██████[38;2;253;237;223m██[38;2;179;159;172m██[38;2;196;172;218m██[38;2;193;139;195m██[38;2;223;157;231m██[38;2;201;146;204m██[38;2;227;218;240m██[38;2;243;234;251m██[38;2;202;191;218m  
[38;2;82;80;81m  [38;2;205;179;214m  [38;2;192;177;213m██[38;2;159;143;177m██[38;2;175;145;188m██[38;2;205;143;232m██[38;2;209;149;232m██[38;2;176;152;191m██[38;2;193;174;214m██[38;2;193;175;215m██[38;2;175;151;184m██[38;2;158;134;147m██[38;2;254;243;235m██[38;2;252;236;224m██[38;2;252;238;225m████████[38;2;252;237;225m██[38;2;252;238;225m██[38;2;253;236;226m██[38;2;200;183;185m██[38;2;194;173;194m██[38;2;195;172;217m██[38;2;191;173;214m██[38;2;192;137;204m██[38;2;204;141;223m██[38;2;179;136;187m██[38;2;172;156;186m██[38;2;189;175;214m██[38;2;208;181;215m  
[38;2;0;0;0m  [38;2;170;152;156m  [38;2;167;151;166m  [38;2;192;177;209m██[38;2;176;157;192m██[38;2;196;138;233m██[38;2;199;139;232m██[38;2;173;147;181m██[38;2;190;176;217m██[38;2;195;177;216m██[38;2;199;181;210m██[38;2;197;173;213m██[38;2;179;156;175m██[38;2;212;190;195m██[38;2;176;150;142m██[38;2;214;197;182m██[38;2;233;217;202m██[38;2;236;220;205m██[38;2;201;183;169m██[38;2;199;178;174m██[38;2;195;172;190m██[38;2;197;174;217m██[38;2;200;178;211m██[38;2;195;177;217m██[38;2;193;174;215m██[38;2;190;139;220m██[38;2;174;117;196m██[38;2;178;152;179m██[38;2;193;173;215m██[38;2;206;182;219m  [38;2;6;3;3m  
[38;2;127;127;127m  [38;2;250;249;249m  [38;2;188;157;156m  [38;2;161;70;80m  [38;2;166;136;149m  [38;2;189;136;217m██[38;2;174;119;209m██[38;2;185;162;192m██[38;2;191;176;216m██[38;2;162;146;175m██[38;2;184;166;197m██[38;2;173;157;176m██[38;2;219;205;217m██[38;2;214;196;213m██[38;2;197;173;178m██[38;2;216;183;175m██[38;2;230;192;189m██[38;2;202;163;163m██[38;2;191;168;175m██[38;2;215;196;210m██[38;2;211;195;205m██[38;2;180;163;190m██[38;2;163;145;175m██[38;2;158;143;170m██[38;2;195;174;210m██[38;2;187;131;232m██[38;2;153;103;163m██[38;2;172;154;183m██[38;2;210;185;224m  [38;2;45;0;45m  [38;2;0;0;0m  
[38;2;189;170;163m  [38;2;211;213;214m  [38;2;170;158;156m  [38;2;78;64;86m  [38;2;49;52;77m██[38;2;129;100;160m  [38;2;167;115;196m██[38;2;139;108;144m  [38;2;190;173;205m  [38;2;169;132;153m  [38;2;130;98;112m  [38;2;209;202;202m██[38;2;248;246;248m██[38;2;246;241;247m██[38;2;213;198;212m██[38;2;214;197;211m██[38;2;212;191;204m██[38;2;215;196;211m██[38;2;210;198;212m██[38;2;219;208;219m██[38;2;251;245;248m██[38;2;180;172;175m██[38;2;196;179;211m██[38;2;178;161;199m██[38;2;173;151;191m██[38;2;183;128;233m██[38;2;162;123;165m  [38;2;128;114;130m  [38;2;177;148;172m  [38;2;0;0;0m    
[38;2;231;224;218m  [38;2;161;154;151m  [38;2;107;52;77m  [38;2;79;82;104m  [38;2;93;97;132m██[38;2;69;53;90m██[38;2;193;142;234m  [38;2;129;100;148m  [38;2;99;61;73m  [38;2;150;87;87m  [38;2;251;249;249m██[38;2;241;239;236m██[38;2;250;250;249m██[38;2;247;248;248m██[38;2;247;247;248m██[38;2;250;245;249m██[38;2;249;241;248m██[38;2;248;242;246m██[38;2;250;243;251m██[38;2;246;245;247m████[38;2;214;211;207m██[38;2;244;241;244m██[38;2;164;138;159m  [38;2;95;62;74m  [38;2;73;58;96m  [38;2;59;49;75m  [38;2;124;99;131m  [38;2;178;162;185m  [38;2;84;65;75m  [38;2;0;0;0m  
[38;2;176;172;168m  [38;2;159;123;123m  [38;2;0;0;0m  [38;2;100;104;135m  [38;2;86;86;118m  [38;2;82;81;109m  [38;2;93;83;119m  [38;2;83;77;113m██[38;2;179;161;166m  [38;2;251;248;247m██[38;2;247;247;248m██[38;2;248;247;247m██[38;2;247;245;245m██[38;2;205;195;201m██[38;2;193;131;199m██[38;2;183;122;191m██[38;2;246;220;247m██[38;2;247;246;245m██[38;2;210;184;208m██[38;2;178;135;176m██[38;2;187;144;188m██[38;2;253;243;249m██[38;2;247;247;247m██[38;2;252;252;250m  [38;2;82;49;57m██[38;2;50;49;80m  [38;2;55;54;84m  [38;2;63;54;81m  [38;2;138;110;144m  [38;2;157;127;141m  [38;2;0;0;0m  [0m
