
[38;2;0;0;0m                        [38;2;1;0;0m  [38;2;3;1;1m  [38;2;1;1;1m  [38;2;1;0;0m  [38;2;18;10;10m  [38;2;19;11;11m  [38;2;5;3;3m  [38;2;1;0;0m  [38;2;8;4;5m  [38;2;89;41;49m  [38;2;211;48;44m██[38;2;206;46;41m██[38;2;2;1;1m  [38;2;0;0;0m              
[38;2;17;12;11m  [38;2;7;5;4m  [38;2;0;0;0m            [38;2;3;1;1m  [38;2;10;6;6m  [38;2;90;64;58m  [38;2;215;157;142m██[38;2;247;173;157m██[38;2;241;169;152m██[38;2;238;161;148m██[38;2;223;128;128m██[38;2;213;104;114m████[38;2;213;105;115m██[38;2;196;98;104m██[38;2;143;58;81m██[38;2;209;49;45m██[38;2;212;48;44m██[38;2;212;48;43m██[38;2;212;48;44m██[38;2;87;18;16m  [38;2;5;2;2m  [38;2;0;0;0m          
[38;2;3;1;1m  [38;2;241;168;152m██[38;2;245;171;154m██[38;2;212;150;137m  [38;2;135;98;90m  [38;2;125;87;80m  [38;2;180;131;117m  [38;2;241;170;154m  [38;2;233;150;141m██[38;2;240;212;178m██[38;2;239;211;178m████[38;2;241;167;151m██[38;2;241;168;152m██████████[38;2;178;132;118m██[38;2;136;56;80m██[38;2;189;51;53m  [38;2;212;48;44m██[38;2;211;48;44m████████[38;2;210;47;40m  [38;2;2;2;2m  [38;2;0;0;0m        
[38;2;0;0;0m  [38;2;14;9;9m  [38;2;241;167;151m██[38;2;241;167;152m██[38;2;241;168;152m████[38;2;230;141;134m██[38;2;239;211;178m████████[38;2;239;211;177m██[38;2;239;210;177m██[38;2;241;168;152m██[38;2;220;118;121m██[38;2;241;168;152m████[38;2;243;172;156m██[38;2;216;49;44m██[38;2;211;48;44m████[38;2;211;49;44m██[38;2;211;48;44m██████[38;2;214;49;43m██[38;2;211;48;44m██[38;2;215;49;44m██[38;2;9;5;5m  [38;2;0;0;0m      
[38;2;0;0;0m      [38;2;149;73;79m  [38;2;218;107;117m  [38;2;222;147;137m██[38;2;238;211;178m██[38;2;239;211;178m████████████[38;2;241;169;152m██[38;2;242;171;154m██[38;2;241;167;152m██[38;2;241;168;152m██[38;2;89;25;22m  [38;2;211;48;44m██[38;2;211;49;43m██[38;2;211;49;44m██[38;2;211;48;44m████[38;2;211;49;44m██[38;2;213;49;43m██[38;2;139;56;79m██[38;2;139;55;79m██[38;2;150;47;59m██[38;2;183;42;39m  [38;2;0;0;0m      
[38;2;0;0;0m      [38;2;2;3;1m  [38;2;243;170;154m██[38;2;241;167;151m██[38;2;239;211;178m████████████[38;2;239;209;177m██[38;2;213;103;111m██[38;2;239;211;178m██[38;2;240;171;154m██[38;2;241;168;152m██[38;2;197;139;126m██[38;2;113;40;35m██[38;2;211;47;42m██[38;2;213;49;44m██[38;2;211;48;44m██████[38;2;210;48;43m  [38;2;132;51;73m██[38;2;138;56;79m██[38;2;140;57;79m██[38;2;123;41;67m██[38;2;68;33;35m  [38;2;0;0;0m    
[38;2;0;0;0m      [38;2;244;171;155m██[38;2;241;167;152m████[38;2;241;170;152m██[38;2;239;210;178m████[38;2;239;210;177m██[38;2;239;211;178m██[38;2;239;210;178m██[38;2;241;167;151m██[38;2;203;77;91m██[38;2;239;211;178m██[38;2;239;211;177m████[38;2;240;195;169m██[38;2;241;166;150m██[38;2;241;167;151m██[38;2;247;172;156m██[38;2;171;123;111m██[38;2;190;41;36m  [38;2;213;49;44m██[38;2;212;48;44m██[38;2;212;48;43m██[38;2;212;49;44m██[38;2;189;40;43m██[38;2;211;48;43m██[38;2;199;44;39m██[38;2;24;14;13m  [38;2;0;0;0m  
[38;2;0;0;0m  [38;2;3;1;2m  [38;2;242;172;156m  [38;2;241;168;151m████[38;2;241;168;152m████[38;2;241;174;156m██[38;2;239;211;178m██████[38;2;241;169;153m██[38;2;237;158;146m██[38;2;219;129;126m██[38;2;239;211;178m████████████[38;2;239;212;178m██[38;2;231;145;138m██[38;2;241;187;163m██[38;2;240;212;179m██[38;2;203;110;113m██[38;2;82;39;42m██[38;2;51;18;21m██[38;2;211;49;44m██[38;2;211;48;44m██[38;2;212;48;43m██[38;2;107;54;55m██[38;2;2;1;1m  
[38;2;0;0;0m  [38;2;55;30;28m  [38;2;241;169;152m██[38;2;241;168;152m████[38;2;241;167;152m██[38;2;241;168;151m████[38;2;241;168;152m██[38;2;239;211;178m██[38;2;240;196;169m██[38;2;241;168;151m██[38;2;215;108;117m██[38;2;230;174;154m██[38;2;239;211;178m██████████████[38;2;242;171;154m██[38;2;241;168;152m██[38;2;239;211;178m██[38;2;240;210;177m██[38;2;237;159;147m██[38;2;215;105;115m██[38;2;135;56;76m██[38;2;212;48;44m██[38;2;211;48;44m██[38;2;163;53;66m  [38;2;214;105;115m██
[38;2;2;0;0m  [38;2;225;144;138m██[38;2;242;170;153m██[38;2;241;168;152m██████████████[38;2;240;167;151m██[38;2;243;170;154m██[38;2;153;87;72m██[38;2;203;186;157m██[38;2;239;210;178m██[38;2;239;211;178m████[38;2;239;210;178m██[38;2;239;211;178m██████[38;2;241;167;152m██[38;2;222;126;126m██[38;2;239;211;178m██[38;2;239;211;177m██[38;2;241;182;161m██[38;2;241;167;151m██[38;2;175;86;92m██[38;2;214;49;43m██[38;2;210;48;42m██[38;2;142;29;43m  [38;2;197;51;52m██
[38;2;4;1;1m  [38;2;218;130;130m██[38;2;239;163;149m██[38;2;241;168;151m████████[38;2;240;168;152m██[38;2;240;168;151m████[38;2;186;132;120m██[38;2;254;142;112m██[38;2;245;211;203m██[38;2;190;168;146m██[38;2;239;211;178m████████████[38;2;238;211;178m██[38;2;241;176;156m██[38;2;212;101;112m██[38;2;240;195;168m██[38;2;240;204;174m██[38;2;241;167;151m██[38;2;241;168;151m██[38;2;241;167;151m██[38;2;61;24;34m██[38;2;213;49;44m  [38;2;139;56;79m██[38;2;136;56;79m██
[38;2;127;50;56m  [38;2;227;164;150m██[38;2;214;105;115m██[38;2;223;120;122m██[38;2;241;168;152m██████████[38;2;86;48;42m██[38;2;240;235;226m██[38;2;240;231;222m██[38;2;241;236;227m██[38;2;147;104;94m██[38;2;241;166;151m██[38;2;240;191;166m██[38;2;239;212;178m██[38;2;239;211;178m████████[38;2;240;196;169m██[38;2;211;96;107m██[38;2;241;168;152m██████████[38;2;92;24;23m██[38;2;211;48;44m██[38;2;119;40;64m██[38;2;139;56;79m██
[38;2;213;104;113m██[38;2;239;212;179m██[38;2;214;105;115m██[38;2;174;104;100m██[38;2;212;101;112m██[38;2;241;169;152m██[38;2;240;168;152m██[38;2;242;168;152m██[38;2;161;156;150m██[38;2;240;231;222m██[38;2;241;235;227m██[38;2;209;93;103m██[38;2;231;145;137m██[38;2;95;55;49m  [38;2;240;168;152m██[38;2;241;168;152m████[38;2;240;168;152m██[38;2;241;168;152m██[38;2;240;167;152m██[38;2;240;168;151m██[38;2;241;167;152m██[38;2;101;51;53m██[38;2;241;170;153m██[38;2;241;168;152m████[38;2;240;168;151m██[38;2;240;168;152m██[38;2;96;62;57m  [38;2;211;48;44m████[38;2;212;49;44m██
[38;2;213;104;114m██[38;2;210;98;105m██[38;2;218;105;116m██[38;2;254;141;110m██[38;2;230;209;176m██[38;2;212;102;112m██[38;2;214;104;114m██[38;2;183;177;172m  [38;2;238;221;214m██[38;2;217;111;114m██[38;2;236;155;144m██[38;2;226;169;168m██[38;2;239;231;222m██[38;2;213;126;106m██[38;2;240;167;152m██[38;2;241;168;152m████████[38;2;241;169;153m██[38;2;211;92;102m██[38;2;241;168;152m██[38;2;173;103;83m██[38;2;242;168;153m██[38;2;240;168;152m██[38;2;241;168;152m██████[38;2;210;150;136m██[38;2;212;48;44m██[38;2;211;48;44m████
[38;2;235;153;143m██[38;2;241;167;152m██[38;2;119;66;59m██[38;2;245;199;184m██[38;2;233;222;213m██[38;2;238;196;170m██[38;2;88;81;78m  [38;2;242;224;217m██[38;2;241;234;226m██[38;2;248;184;168m██[38;2;249;180;163m██[38;2;240;231;222m████[38;2;240;234;225m██[38;2;220;112;119m██[38;2;241;168;152m██████[38;2;241;167;152m██[38;2;241;168;152m██[38;2;203;74;90m██[38;2;208;87;98m██[38;2;182;179;175m██[38;2;244;135;108m██[38;2;243;171;155m██[38;2;241;168;152m██████[38;2;245;170;155m██[38;2;214;48;44m██[38;2;211;48;44m████
[38;2;241;168;152m████[38;2;250;144;113m██[38;2;240;231;222m██[38;2;0;0;0m████[38;2;2;1;1m██[38;2;15;17;16m██[38;2;1;1;1m██[38;2;7;6;5m██[38;2;101;100;96m██[38;2;252;150;128m██[38;2;240;230;222m██[38;2;240;231;222m██[38;2;103;94;92m██[38;2;218;116;120m██[38;2;215;107;116m████[38;2;242;170;153m██[38;2;240;168;152m██[38;2;241;167;151m██[38;2;233;148;139m██[38;2;192;94;100m██[38;2;240;231;222m██[38;2;250;139;111m██[38;2;243;171;154m██[38;2;240;168;152m██[38;2;241;168;152m████[38;2;188;44;41m██[38;2;212;48;44m██[38;2;211;48;44m██
[38;2;241;168;152m██[38;2;244;171;156m██[38;2;247;180;160m██[38;2;25;23;22m██[38;2;72;80;80m██[38;2;127;163;229m██[38;2;70;114;252m██[38;2;71;115;255m██[38;2;49;93;235m██[38;2;201;237;236m██[38;2;32;9;9m██[38;2;244;224;213m██[38;2;241;223;214m██[38;2;241;224;215m██[38;2;241;226;217m██[38;2;220;183;159m██[38;2;98;52;52m██[38;2;218;116;121m  [38;2;213;104;115m██[38;2;213;104;114m██[38;2;215;108;116m██[38;2;232;147;139m██[38;2;216;139;137m██[38;2;227;133;129m██[38;2;243;237;229m██[38;2;243;223;214m██[38;2;174;121;110m██[38;2;241;168;152m██[38;2;234;153;142m██[38;2;80;37;38m  [38;2;211;48;44m████
[38;2;241;168;152m██[38;2;218;153;140m██[38;2;66;12;8m██[38;2;189;224;227m██[38;2;79;119;226m██[38;2;71;114;255m██[38;2;255;255;255m████[38;2;72;116;255m██[38;2;74;118;255m██[38;2;199;236;235m██[38;2;178;68;65m██[38;2;245;216;205m██[38;2;245;216;204m████[38;2;247;219;209m██[38;2;119;108;101m██[38;2;245;217;207m██[38;2;111;101;94m██[38;2;242;219;184m██[38;2;239;211;178m██[38;2;244;214;181m██[38;2;241;231;222m██[38;2;173;159;152m██[38;2;241;227;218m██[38;2;240;232;223m██[38;2;241;233;225m██[38;2;192;171;161m██[38;2;217;106;116m██[38;2;222;108;118m██[38;2;212;49;44m██[38;2;211;48;44m██
[38;2;241;168;152m██[38;2;147;100;92m██[38;2;110;19;12m██[38;2;250;251;255m██[38;2;73;117;255m██[38;2;71;115;255m██[38;2;214;224;254m██[38;2;181;201;253m██[38;2;112;147;254m██[38;2;70;114;255m██[38;2;69;110;224m██[38;2;179;118;115m██[38;2;248;209;195m████[38;2;247;209;195m██[38;2;248;209;195m██[38;2;247;210;198m██[38;2;246;214;202m██[38;2;245;214;203m██[38;2;246;215;203m██[38;2;251;222;211m██[38;2;224;204;195m██[38;2;1;0;0m██[38;2;0;0;0m██████[38;2;149;144;140m██[38;2;239;231;222m██[38;2;240;231;222m██[38;2;206;118;94m██[38;2;215;49;44m██[38;2;212;48;44m██
[38;2;241;168;151m██[38;2;106;76;69m██[38;2;182;89;79m██[38;2;80;116;231m██[38;2;72;116;255m██[38;2;99;152;254m██[38;2;100;154;254m██[38;2;73;116;255m██[38;2;68;112;255m██[38;2;73;117;255m██[38;2;57;99;226m██[38;2;190;228;233m██[38;2;247;206;193m██[38;2;248;208;194m██[38;2;248;208;195m██[38;2;248;208;194m████[38;2;248;208;195m██[38;2;247;209;195m██[38;2;248;210;197m██[38;2;229;164;149m██[38;2;143;137;137m██[38;2;171;206;229m██[38;2;81;121;223m██[38;2;80;119;219m██[38;2;175;212;235m██[38;2;93;105;105m██[38;2;20;19;19m██[38;2;181;175;169m██[38;2;255;134;105m██[38;2;133;35;28m██[38;2;148;107;97m██
[38;2;241;168;152m██[38;2;97;74;67m██[38;2;240;230;221m██[38;2;63;101;229m██[38;2;113;172;254m██[38;2;142;218;253m██[38;2;143;218;253m██████[38;2;141;216;253m██[38;2;42;85;231m██[38;2;253;239;233m██[38;2;249;172;168m██[38;2;249;171;167m████[38;2;249;173;169m██[38;2;249;178;172m██[38;2;247;193;185m██[38;2;247;208;194m██[38;2;248;210;197m██[38;2;189;231;235m██[38;2;46;91;239m██[38;2;70;115;255m██[38;2;255;255;255m██[38;2;204;217;254m██[38;2;73;117;255m██[38;2;57;102;246m██[38;2;99;111;113m██[38;2;190;185;179m██[38;2;253;155;127m██[38;2;244;170;155m██[38;2;241;168;152m██
[38;2;241;168;152m██[38;2;130;93;86m██[38;2;240;231;222m██[38;2;255;254;254m██[38;2;63;107;248m██[38;2;144;219;253m██[38;2;143;218;253m██████[38;2;99;154;254m██[38;2;210;222;247m██[38;2;248;168;164m██[38;2;250;167;164m██[38;2;250;165;162m██[38;2;250;163;161m██[38;2;250;162;161m██[38;2;250;165;162m██[38;2;250;168;164m██[38;2;249;175;170m██[38;2;247;188;181m██[38;2;211;224;247m██[38;2;73;117;255m██[38;2;220;229;254m██[38;2;255;255;255m██[38;2;251;252;254m██[38;2;66;112;255m██[38;2;72;116;255m██[38;2;150;186;230m██[38;2;2;2;2m██[38;2;247;174;153m██[38;2;242;171;154m██[38;2;241;168;152m██
[38;2;223;127;128m██[38;2;216;151;138m██[38;2;240;231;222m██[38;2;220;244;244m██[38;2;202;238;237m██[38;2;174;194;253m██[38;2;122;186;254m██[38;2;144;221;253m██[38;2;92;144;254m██[38;2;74;111;231m██[38;2;251;215;209m██[38;2;249;170;166m██[38;2;250;166;163m██[38;2;250;163;161m████████[38;2;250;166;163m██[38;2;249;170;166m██[38;2;250;213;207m██[38;2;63;101;225m██[38;2;73;117;255m██[38;2;73;116;255m██[38;2;72;115;255m██[38;2;72;117;255m██[38;2;202;215;254m██[38;2;74;117;255m██[38;2;67;108;226m██[38;2;41;11;10m██[38;2;249;181;159m██[38;2;243;169;152m██[38;2;241;168;152m██
[38;2;212;106;115m██[38;2;222;122;125m██[38;2;224;245;245m██[38;2;192;235;234m████[38;2;192;234;234m██[38;2;190;234;234m██[38;2;208;240;239m██[38;2;215;225;246m██[38;2;249;204;198m██[38;2;248;174;170m██[38;2;249;169;165m██[38;2;249;166;163m██[38;2;250;163;161m████████[38;2;250;166;163m██[38;2;249;169;165m██[38;2;250;221;215m██[38;2;61;101;227m██[38;2;85;134;254m██[38;2;143;218;253m██[38;2;143;217;253m██[38;2;145;221;253m██[38;2;87;136;254m██[38;2;73;117;255m██[38;2;126;164;224m██[38;2;115;21;13m██[38;2;241;162;141m██[38;2;241;168;152m████
[38;2;143;126;111m██[38;2;212;102;112m██[38;2;183;220;221m██[38;2;190;234;234m██[38;2;191;234;234m████[38;2;192;235;234m██[38;2;190;234;234m██[38;2;243;210;202m██[38;2;246;194;186m██[38;2;248;180;175m██[38;2;249;171;167m██[38;2;250;166;163m██[38;2;250;163;161m████████[38;2;250;166;163m██[38;2;249;169;165m██[38;2;249;181;177m██[38;2;128;158;234m██[38;2;143;218;253m██[38;2;143;217;253m██[38;2;143;218;253m██[38;2;143;217;253m██[38;2;143;218;253m██[38;2;80;128;254m██[38;2;218;228;251m██[38;2;239;224;217m██[38;2;171;99;84m██[38;2;241;167;152m██[38;2;241;167;151m██
[38;2;254;143;112m██[38;2;209;189;160m██[38;2;211;155;141m██[38;2;187;234;236m██[38;2;187;234;235m██[38;2;188;234;234m██[38;2;189;234;234m██[38;2;214;243;242m██[38;2;242;221;211m██[38;2;174;65;66m██[38;2;224;86;74m██[38;2;175;92;85m██[38;2;248;195;186m██[38;2;248;178;174m██[38;2;249;172;168m██[38;2;249;169;165m██[38;2;249;168;164m██[38;2;249;170;166m██[38;2;248;175;171m██[38;2;248;178;174m██[38;2;253;254;254m██[38;2;76;120;255m██[38;2;108;167;254m██[38;2;143;218;253m██[38;2;144;219;253m██[38;2;101;157;254m██[38;2;68;112;253m██[38;2;248;240;233m██[38;2;241;228;218m██[38;2;51;29;25m  [38;2;241;168;152m██[38;2;241;167;152m██
[38;2;251;140;109m██[38;2;241;232;223m██[38;2;127;144;144m██[38;2;136;139;133m██[38;2;184;234;237m██[38;2;186;234;237m██[38;2;187;234;237m██[38;2;248;249;248m██[38;2;241;232;223m██[38;2;231;99;84m██[38;2;232;102;92m██[38;2;240;153;143m██[38;2;252;171;160m██[38;2;251;172;159m██[38;2;232;150;138m██[38;2;197;111;104m██[38;2;186;106;102m██[38;2;246;198;188m██[38;2;247;194;186m██[38;2;247;197;190m██[38;2;247;200;192m██[38;2;251;253;252m██[38;2;222;237;247m██[38;2;223;237;251m██[38;2;228;242;248m██[38;2;195;236;236m██[38;2;199;237;237m██[38;2;240;230;221m████[38;2;196;138;127m██[38;2;241;167;152m██[38;2;241;169;153m██
[38;2;160;90;73m██[38;2;245;239;232m██[38;2;177;233;241m██[38;2;179;233;240m██[38;2;180;234;239m████[38;2;182;233;238m██[38;2;244;238;231m██[38;2;240;231;222m██[38;2;240;230;222m████[38;2;240;231;222m██[38;2;239;230;221m██[38;2;241;233;224m██[38;2;221;193;185m██[38;2;203;118;107m██[38;2;254;173;161m██[38;2;255;170;160m██[38;2;214;127;121m██[38;2;240;227;218m██[38;2;242;222;211m██[38;2;195;235;236m██[38;2;192;235;234m██[38;2;192;234;233m██[38;2;192;235;234m██[38;2;192;235;233m██[38;2;192;235;234m██[38;2;241;232;223m██[38;2;242;233;225m██[38;2;242;169;153m██[38;2;225;133;131m██[38;2;203;76;91m██
[38;2;105;55;55m  [38;2;248;244;239m██[38;2;173;233;243m████[38;2;173;233;242m██[38;2;176;233;241m██[38;2;177;233;241m██[38;2;242;234;225m██[38;2;240;231;222m██████████████████[38;2;231;219;210m██[38;2;218;191;182m██[38;2;240;231;222m██[38;2;240;230;221m██[38;2;189;234;234m██[38;2;190;235;235m██[38;2;190;235;234m██[38;2;191;235;234m██[38;2;192;235;234m████[38;2;244;235;227m██[38;2;101;96;95m██[38;2;216;117;121m██[38;2;210;102;108m██[38;2;219;118;122m██
[38;2;2;2;2m  [38;2;239;236;233m██[38;2;165;232;246m██[38;2;167;232;245m██[38;2;168;232;245m██[38;2;168;232;244m██[38;2;171;232;243m██[38;2;242;232;223m██[38;2;240;231;222m██████[38;2;240;230;222m██[38;2;240;231;222m████████████████[38;2;240;230;221m██[38;2;186;234;237m██[38;2;187;234;236m██[38;2;186;234;237m██[38;2;187;234;234m████[38;2;189;234;234m██[38;2;237;231;224m██[38;2;241;220;184m██[38;2;218;124;123m██[38;2;241;167;152m██[38;2;213;103;114m██
[38;2;0;0;0m  [38;2;252;250;249m  [38;2;161;232;248m██[38;2;162;232;248m██[38;2;162;231;247m██[38;2;163;232;247m██[38;2;165;232;246m██[38;2;242;232;223m██[38;2;240;231;222m████████████████████████[38;2;240;230;221m██[38;2;181;233;239m██[38;2;183;234;238m██[38;2;183;234;237m██[38;2;184;234;237m██[38;2;186;234;236m██[38;2;187;234;236m██[38;2;242;236;227m██[38;2;232;134;105m██[38;2;240;168;152m██[38;2;241;168;152m██[38;2;214;105;115m██
[38;2;0;0;0m  [38;2;255;255;255m  [38;2;156;230;250m██[38;2;157;231;250m██[38;2;157;231;249m██[38;2;158;231;249m██[38;2;159;231;248m██[38;2;242;233;225m██[38;2;240;231;222m████[38;2;240;230;222m████[38;2;239;231;222m████[38;2;240;231;222m██[38;2;240;231;221m██[38;2;240;231;222m████[38;2;239;231;221m██[38;2;239;231;222m██[38;2;242;233;224m██[38;2;177;233;241m██[38;2;177;233;240m██[38;2;178;233;240m██[38;2;180;234;239m████[38;2;182;234;238m██[38;2;254;137;108m██[38;2;79;45;41m██[38;2;241;168;152m██[38;2;238;160;147m██[38;2;218;120;123m██[0m
