
[38;2;0;0;0m    [38;2;11;27;65m██[38;2;0;0;0m    [38;2;14;23;75m██[38;2;0;0;0m    [38;2;16;23;76m██[38;2;167;48;0m██[38;2;168;52;0m██[38;2;82;33;45m██[38;2;62;20;49m██[38;2;172;57;0m██[38;2;179;60;0m██[38;2;173;60;0m██[38;2;28;23;73m██[38;2;180;58;0m██[38;2;181;60;0m██[38;2;21;21;78m██[38;2;182;61;0m██[38;2;180;60;0m██[38;2;20;25;71m██[38;2;107;43;6m  [38;2;0;0;0m    [38;2;11;23;76m██[38;2;0;0;0m          
[38;2;0;0;0m    [38;2;12;23;76m██[38;2;0;0;0m    [38;2;17;24;75m  [38;2;84;26;6m  [38;2;237;104;14m██[38;2;18;24;79m██[38;2;164;49;0m██[38;2;166;47;0m██[38;2;71;30;35m██[38;2;52;22;49m██[38;2;170;55;0m██[38;2;174;55;0m██[38;2;173;55;0m██[38;2;29;24;73m██[38;2;174;59;0m██[38;2;172;60;0m██[38;2;27;27;72m██[38;2;180;60;0m██[38;2;172;59;0m██[38;2;21;21;79m██[38;2;168;54;0m██[38;2;243;104;4m██[38;2;0;0;0m  [38;2;16;26;76m██[38;2;0;0;0m          
[38;2;0;0;0m    [38;2;13;28;70m██[38;2;0;0;0m    [38;2;17;23;76m██[38;2;162;41;0m██[38;2;159;46;0m██[38;2;21;22;81m██[38;2;162;48;0m██[38;2;163;46;0m██[38;2;64;27;53m██[38;2;102;36;40m██[38;2;169;52;0m██[38;2;169;54;0m██[38;2;159;53;1m██[38;2;35;24;74m██[38;2;170;53;0m██[38;2;172;55;0m██[38;2;31;25;70m██[38;2;172;54;0m██[38;2;169;55;0m██[38;2;23;23;79m██[38;2;166;51;0m██[38;2;168;53;0m██[38;2;169;45;0m██[38;2;12;25;76m██[38;2;0;0;0m          
[38;2;0;0;0m  [38;2;0;1;3m  [38;2;21;26;70m██[38;2;0;0;0m  [38;2;236;91;5m██[38;2;21;21;78m██[38;2;160;46;0m██[38;2;159;44;0m██[38;2;22;23;77m██[38;2;155;46;1m██[38;2;158;55;0m██[38;2;30;26;78m██[38;2;163;47;1m██[38;2;168;52;0m████[38;2;164;51;4m██[38;2;44;26;70m██[38;2;170;54;0m██[38;2;166;53;1m██[38;2;28;24;83m██[38;2;168;54;0m██[38;2;171;55;0m██[38;2;23;25;80m██[38;2;166;46;0m██[38;2;167;47;0m██[38;2;140;51;12m██[38;2;23;25;74m██[38;2;0;0;0m          
[38;2;0;0;0m    [38;2;15;25;69m██[38;2;148;48;16m██[38;2;167;41;0m██[38;2;21;22;81m██[38;2;154;45;0m██[38;2;153;46;0m██[38;2;27;25;79m██[38;2;160;48;0m██[38;2;163;47;0m██[38;2;46;24;71m██[38;2;100;31;19m██[38;2;167;49;0m██[38;2;169;51;0m██[38;2;165;54;6m██[38;2;40;24;80m██[38;2;168;53;0m██[38;2;163;52;1m██[38;2;29;28;77m██[38;2;169;52;0m██[38;2;172;49;0m██[38;2;29;25;84m██[38;2;161;47;0m██[38;2;163;48;0m██[38;2;121;37;23m██[38;2;30;26;69m██[38;2;159;44;0m██[38;2;0;0;0m        
[38;2;0;0;0m    [38;2;13;26;79m██[38;2;239;94;0m██[38;2;159;43;0m██[38;2;23;23;81m██[38;2;154;44;0m██[38;2;154;46;0m██[38;2;34;24;80m██[38;2;163;50;0m██[38;2;169;53;0m██[38;2;53;22;59m██[38;2;71;23;16m██[38;2;135;28;1m██[38;2;169;50;0m██[38;2;146;44;9m██[38;2;47;29;69m██[38;2;166;46;0m██[38;2;168;47;0m██[38;2;38;30;81m██[38;2;168;51;0m██[38;2;169;49;0m██[38;2;28;25;83m██[38;2;162;46;0m██[38;2;163;48;0m██[38;2;131;41;12m██[38;2;41;23;75m██[38;2;162;47;0m██[38;2;224;88;9m██[38;2;0;0;0m      
[38;2;0;0;0m    [38;2;24;29;80m██[38;2;235;93;0m██[38;2;154;41;0m██[38;2;24;24;75m██[38;2;152;44;0m████[38;2;31;25;77m██[38;2;165;48;0m██[38;2;169;53;0m██[38;2;79;30;55m██[38;2;140;48;17m██[38;2;168;50;0m██[38;2;170;53;0m██[38;2;175;68;22m██[38;2;36;29;70m██[38;2;161;49;0m██[38;2;164;51;0m██[38;2;29;28;88m██[38;2;170;54;0m██[38;2;181;57;0m██[38;2;34;28;82m██[38;2;163;47;0m██[38;2;163;50;0m██[38;2;163;51;0m██[38;2;24;23;86m██[38;2;210;86;16m██[38;2;240;97;0m██[38;2;5;0;0m  [38;2;0;0;0m    
[38;2;0;0;0m  [38;2;7;11;23m  [38;2;46;18;48m██[38;2;151;41;0m██[38;2;148;44;0m██[38;2;24;23;81m██[38;2;152;44;0m██[38;2;157;44;0m██[38;2;24;25;85m██[38;2;162;46;0m██[38;2;163;49;0m██[38;2;58;27;71m██[38;2;65;16;16m██[38;2;164;51;0m██[38;2;169;55;0m██[38;2;165;53;4m██[38;2;29;33;86m██[38;2;165;51;0m██[38;2;161;53;0m██[38;2;30;29;86m██[38;2;170;54;0m████[38;2;164;55;0m██[38;2;161;52;0m██[38;2;163;50;0m██[38;2;159;45;5m██[38;2;34;24;83m██[38;2;162;47;0m██[38;2;165;48;0m██[38;2;215;76;7m██[38;2;0;0;0m    
[38;2;0;0;0m    [38;2;205;74;8m██[38;2;150;41;0m██[38;2;145;39;0m██[38;2;32;23;83m██[38;2;152;44;0m██[38;2;157;44;0m██[38;2;25;32;81m██[38;2;160;47;0m██[38;2;156;54;0m██[38;2;48;27;69m██[38;2;133;44;10m██[38;2;165;52;0m██[38;2;167;54;0m██[38;2;157;47;7m██[38;2;31;34;80m██[38;2;163;51;0m██[38;2;160;51;0m██[38;2;31;34;83m██[38;2;166;51;0m██[38;2;161;49;0m██[38;2;159;53;0m██[38;2;140;37;0m██[38;2;161;47;0m██[38;2;148;47;5m██[38;2;33;26;84m██[38;2;118;39;0m██[38;2;154;44;0m██[38;2;156;42;0m██[38;2;3;0;0m  [38;2;0;0;0m  
[38;2;0;0;0m    [38;2;157;39;0m██[38;2;150;42;0m██[38;2;102;27;0m██[38;2;24;28;87m██[38;2;152;44;0m██[38;2;155;44;0m██[38;2;33;28;88m██[38;2;158;46;0m██[38;2;163;45;0m██[38;2;107;33;32m██[38;2;29;39;69m██[38;2;165;51;0m████[38;2;117;30;2m██[38;2;42;32;87m██[38;2;161;50;1m██[38;2;161;54;0m██[38;2;34;34;95m██[38;2;162;52;0m██[38;2;151;51;7m██[38;2;142;47;4m██[38;2;154;52;0m██[38;2;160;50;0m██[38;2;103;38;35m██[38;2;33;30;80m██[38;2;153;46;0m██[38;2;151;43;0m██[38;2;116;29;0m██[38;2;243;100;1m██[38;2;0;0;0m  
[38;2;0;0;0m    [38;2;153;42;0m██[38;2;149;41;0m██[38;2;105;29;0m██[38;2;27;28;87m██[38;2;152;44;0m██[38;2;150;44;1m██[38;2;159;43;0m██[38;2;158;45;0m██[38;2;160;47;0m██[38;2;85;39;46m██[38;2;55;26;89m██[38;2;163;51;0m██[38;2;164;54;0m██[38;2;158;59;0m██[38;2;36;36;89m██[38;2;129;41;5m██[38;2;158;52;4m██[38;2;162;59;2m██[38;2;158;57;5m██[38;2;154;56;0m██[38;2;156;52;3m██[38;2;158;56;7m██[38;2;154;55;0m██[38;2;139;38;20m██[38;2;90;36;31m██[38;2;154;45;0m██[38;2;151;43;0m██[38;2;145;43;0m██[38;2;150;42;0m██[38;2;0;0;0m  
[38;2;0;0;0m  [38;2;12;1;0m  [38;2;152;41;0m██[38;2;149;40;0m██[38;2;148;42;4m██[38;2;32;26;92m██[38;2;151;43;0m██[38;2;105;23;0m██[38;2;158;47;0m██[38;2;158;50;2m██[38;2;158;49;0m██[38;2;68;33;68m██[38;2;93;29;35m██[38;2;160;55;0m██[38;2;155;54;2m██[38;2;92;30;26m██[38;2;38;39;91m██[38;2;154;57;8m██[38;2;114;42;13m██[38;2;157;60;6m██[38;2;107;46;23m██[38;2;153;56;7m██[38;2;133;177;205m██[38;2;146;120;122m██[38;2;154;52;2m██[38;2;124;31;4m██[38;2;158;48;0m██[38;2;153;44;0m██[38;2;151;41;0m██[38;2;149;40;0m██[38;2;142;40;0m██[38;2;0;0;0m  
[38;2;0;0;0m  [38;2;24;7;2m  [38;2;148;44;0m██[38;2;147;39;0m██[38;2;101;32;26m██[38;2;43;23;90m██[38;2;154;44;0m██[38;2;155;44;0m██[38;2;158;48;0m██[38;2;134;40;2m██[38;2;115;31;1m██[38;2;40;35;95m██[38;2;158;57;3m██[38;2;157;58;8m██[38;2;154;59;5m██[38;2;45;42;92m██[38;2;125;54;40m██[38;2;137;189;219m██[38;2;152;59;12m██[38;2;81;41;40m██[38;2;158;66;10m██[38;2;118;34;6m██[38;2;141;184;210m██[38;2;139;180;210m██[38;2;153;59;5m██[38;2;154;49;5m██[38;2;159;50;0m██[38;2;155;44;0m██[38;2;147;44;0m██[38;2;140;40;0m██[38;2;141;40;0m██[38;2;18;0;0m  
[38;2;0;0;0m  [38;2;16;5;0m  [38;2;149;42;0m██[38;2;146;40;0m██[38;2;52;28;64m██[38;2;95;37;15m██[38;2;154;45;0m██[38;2;156;48;0m██[38;2;160;48;0m██[38;2;156;51;7m██[38;2;152;56;7m██[38;2;153;57;12m██[38;2;160;58;3m██[38;2;161;62;10m██[38;2;122;39;4m██[38;2;46;52;97m██[38;2;127;171;202m██[38;2;156;71;20m██[38;2;125;55;32m██[38;2;145;187;208m██[38;2;160;66;18m██[38;2;141;186;217m██[38;2;143;185;212m██[38;2;139;184;209m██[38;2;164;59;9m██[38;2;159;57;3m██[38;2;154;52;2m██[38;2;156;42;0m██[38;2;147;44;0m██[38;2;139;38;0m██[38;2;14;0;0m  [38;2;192;93;25m  
[38;2;0;0;0m  [38;2;6;0;0m  [38;2;151;43;0m██[38;2;150;40;0m██[38;2;131;42;4m██[38;2;36;30;90m██[38;2;151;48;0m██[38;2;157;47;0m██[38;2;156;49;2m██[38;2;122;28;2m██[38;2;160;58;6m██[38;2;162;65;9m██[38;2;161;69;12m██[38;2;169;175;198m██[38;2;147;191;217m██[38;2;49;59;105m██[38;2;81;55;89m██[38;2;72;42;41m██[38;2;147;191;216m██[38;2;158;70;43m██[38;2;100;55;39m██[38;2;145;190;216m██[38;2;143;189;214m██[38;2;142;188;213m██[38;2;154;184;206m██[38;2;152;55;9m██[38;2;154;52;2m██[38;2;150;45;0m██[38;2;145;41;0m██[38;2;134;42;0m██[38;2;0;0;0m  [38;2;234;98;9m██
[38;2;0;0;0m  [38;2;7;0;0m  [38;2;152;41;0m██[38;2;109;25;0m██[38;2;66;17;3m██[38;2;86;16;0m██[38;2;152;49;0m██[38;2;155;51;1m██[38;2;158;52;4m██[38;2;154;57;7m██[38;2;161;64;10m██[38;2;157;65;30m██[38;2;147;188;217m██[38;2;150;191;220m██[38;2;151;183;213m██[38;2;68;35;33m██[38;2;112;139;153m██[38;2;153;195;223m██[38;2;151;193;221m██[38;2;154;81;36m██[38;2;150;191;219m██[38;2;150;192;221m██[38;2;145;190;215m██[38;2;142;189;214m██[38;2;144;185;212m██[38;2;154;62;10m██[38;2;150;52;4m██[38;2;150;47;0m██[38;2;142;41;0m██[38;2;139;40;0m██[38;2;0;0;0m  [38;2;227;93;11m██
[38;2;0;0;0m  [38;2;27;9;2m  [38;2;158;42;0m██[38;2;153;43;0m██[38;2;123;88;70m██[38;2;66;10;0m██[38;2;153;50;0m██[38;2;157;54;3m██[38;2;156;60;7m██[38;2;163;65;7m██[38;2;149;186;213m██[38;2;150;189;219m██[38;2;150;190;219m██[38;2;154;191;219m██[38;2;149;140;151m██[38;2;154;196;223m██[38;2;154;195;223m████[38;2;161;83;42m██[38;2;152;195;223m██[38;2;151;194;223m██[38;2;151;193;222m██[38;2;150;192;221m██[38;2;145;190;215m██[38;2;145;187;214m██[38;2;147;186;213m██[38;2;149;60;2m██[38;2;138;48;4m██[38;2;144;42;0m██[38;2;135;42;7m██[38;2;0;0;0m  [38;2;171;68;17m  
[38;2;0;0;0m  [38;2;132;42;8m██[38;2;156;43;0m██[38;2;164;45;0m██[38;2;255;239;205m██[38;2;246;229;199m██[38;2;154;57;0m██[38;2;155;58;4m██[38;2;161;64;7m██[38;2;137;160;184m██[38;2;147;187;215m██[38;2;150;191;220m██[38;2;155;188;221m██[38;2;154;192;222m██[38;2;154;195;223m██[38;2;155;198;226m████[38;2;91;62;69m██[38;2;155;195;225m██[38;2;154;195;222m██[38;2;152;195;223m██[38;2;150;194;219m██[38;2;151;194;219m██[38;2;148;191;215m██[38;2;147;186;214m██[38;2;135;191;217m██[38;2;148;55;13m██[38;2;149;45;5m██[38;2;141;42;0m██[38;2;29;2;2m  [38;2;0;0;0m  [38;2;21;0;0m  
[38;2;0;0;0m  [38;2;242;108;19m██[38;2;151;42;0m██[38;2;160;45;0m██[38;2;223;153;107m██[38;2;254;232;205m██[38;2;162;59;0m██[38;2;163;62;0m██[38;2;165;67;5m██[38;2;157;178;204m██[38;2;108;115;136m██[38;2;233;224;226m██[38;2;174;165;171m██[38;2;122;128;138m██[38;2;160;196;230m██[38;2;158;198;225m██[38;2;67;97;127m██[38;2;156;199;226m██[38;2;154;198;226m██[38;2;156;195;224m██[38;2;156;194;222m██[38;2;157;200;225m██[38;2;124;139;156m██[38;2;80;97;121m██[38;2;154;186;219m██[38;2;158;178;209m██[38;2;119;46;10m██[38;2;149;50;5m██[38;2;143;43;0m██[38;2;0;0;0m      
[38;2;0;0;0m  [38;2;237;94;2m██[38;2;153;45;0m██[38;2;157;48;0m██[38;2;255;235;189m██[38;2;248;164;100m██[38;2;167;59;0m██[38;2;164;65;2m██[38;2;163;65;11m██[38;2;123;138;149m██[38;2;255;255;250m██[38;2;255;255;255m██████[38;2;207;201;203m██[38;2;160;198;223m██[38;2;158;199;220m██[38;2;160;194;219m██[38;2;160;198;223m██[38;2;158;194;224m██[38;2;164;195;222m██[38;2;255;255;254m██[38;2;255;255;255m████[38;2;255;253;254m██[38;2;117;71;54m██[38;2;152;53;12m██[38;2;114;39;13m██[38;2;126;34;1m██[38;2;0;0;0m      
[38;2;0;0;0m  [38;2;233;89;6m██[38;2;127;28;0m██[38;2;148;47;0m██[38;2;120;52;22m██[38;2;216;154;124m██[38;2;165;61;0m██[38;2;162;63;4m██[38;2;163;64;13m██[38;2;164;66;33m██[38;2;130;128;135m██[38;2;168;143;140m██[38;2;222;212;213m██[38;2;202;180;178m██[38;2;167;193;213m██[38;2;166;197;215m██[38;2;164;194;223m██[38;2;163;194;223m██[38;2;165;200;221m██[38;2;119;149;171m██[38;2;159;196;222m██[38;2;182;169;166m██[38;2;250;249;247m██[38;2;251;246;248m██[38;2;182;178;183m██[38;2;162;69;17m██[38;2;147;56;11m██[38;2;0;0;0m  [38;2;143;45;2m██[38;2;0;0;0m      
[38;2;0;0;0m  [38;2;145;39;0m██[38;2;139;39;0m██[38;2;142;46;0m██[38;2;150;50;0m██[38;2;144;50;4m██[38;2;130;87;58m██[38;2;162;64;3m██[38;2;165;61;15m██[38;2;168;72;16m██[38;2;159;178;216m██[38;2;159;190;219m██[38;2;169;193;214m██[38;2;162;194;225m██[38;2;169;194;216m██[38;2;111;121;146m██[38;2;168;193;217m██[38;2;178;202;225m██[38;2;173;194;217m██[38;2;170;194;215m██[38;2;164;198;228m██[38;2;166;190;219m██[38;2;155;189;215m██[38;2;155;192;209m██[38;2;147;187;215m██[38;2;76;24;7m██[38;2;147;51;11m██[38;2;0;0;0m  [38;2;73;12;12m  [38;2;4;3;4m  [38;2;0;0;0m    
[38;2;0;0;0m  [38;2;140;37;0m██[38;2;137;41;0m██[38;2;139;43;0m██[38;2;142;45;0m██[38;2;147;50;0m██[38;2;159;51;0m██[38;2;157;59;5m██[38;2;163;70;12m██[38;2;146;182;208m██[38;2;209;193;206m██[38;2;158;187;215m██[38;2;167;183;212m██[38;2;175;185;211m██[38;2;177;188;215m██[38;2;176;190;215m██[38;2;179;191;217m██[38;2;183;191;215m██[38;2;179;190;217m██[38;2;119;126;159m██[38;2;170;184;214m██[38;2;170;184;212m██[38;2;159;187;213m██[38;2;156;186;218m██[38;2;148;183;209m██[38;2;161;67;15m██[38;2;138;51;13m██[38;2;0;0;0m    [38;2;134;43;1m██[38;2;0;0;0m    
[38;2;195;64;2m██[38;2;134;37;0m██[38;2;138;36;0m██[38;2;133;40;0m██[38;2;140;44;0m██[38;2;146;48;0m██[38;2;150;55;0m██[38;2;152;57;4m██[38;2;162;66;14m██[38;2;255;238;203m██[38;2;240;212;185m██[38;2;255;237;203m██[38;2;255;240;209m██[38;2;255;243;211m██[38;2;255;244;211m████[38;2;255;243;211m██[38;2;255;244;211m██[38;2;255;243;211m████[38;2;255;240;209m████[38;2;255;240;207m██[38;2;255;240;202m██[38;2;255;235;202m██[38;2;120;44;11m██[38;2;147;57;9m██[38;2;0;0;0m      [38;2;223;98;21m██[38;2;0;0;0m  
[38;2;84;14;0m██[38;2;129;37;0m██[38;2;130;38;0m██[38;2;133;40;0m██[38;2;137;43;0m██[38;2;143;46;0m██[38;2;149;53;0m██[38;2;140;51;7m██[38;2;147;57;12m██[38;2;144;57;16m██[38;2;255;235;201m██[38;2;255;239;205m██[38;2;255;239;209m██[38;2;255;240;209m██[38;2;255;244;211m██[38;2;255;243;211m██████[38;2;255;240;209m██████[38;2;255;242;206m██[38;2;255;240;203m██[38;2;255;237;204m██[38;2;255;235;201m██[38;2;127;43;9m██[38;2;147;53;6m██[38;2;59;12;13m  [38;2;0;0;0m      [38;2;1;0;14m  
[38;2;127;34;0m██[38;2;124;34;0m██[38;2;126;34;0m██[38;2;130;40;0m██[38;2;138;42;1m██[38;2;137;43;3m██[38;2;147;49;0m██[38;2;146;54;4m██[38;2;153;60;5m██[38;2;141;55;12m██[38;2;159;66;21m██[38;2;255;234;204m██[38;2;255;238;203m██[38;2;255;242;206m████[38;2;237;196;162m██[38;2;255;199;153m██[38;2;255;199;156m██[38;2;255;198;153m██[38;2;236;194;154m██[38;2;255;239;203m██[38;2;255;238;203m██[38;2;255;237;204m██[38;2;255;234;201m██[38;2;159;69;16m██[38;2;157;58;12m██[38;2;145;57;6m██[38;2;235;101;16m██[38;2;0;0;0m        
[38;2;123;35;0m██████[38;2;126;38;0m██[38;2;94;24;0m██[38;2;134;43;0m██[38;2;141;51;0m██[38;2;145;56;4m██[38;2;136;56;18m██[38;2;138;60;13m██[38;2;155;67;21m██[38;2;253;251;254m██[38;2;247;213;218m██[38;2;255;239;197m██[38;2;255;237;203m██[38;2;255;238;203m████[38;2;255;237;203m██[38;2;255;240;203m██[38;2;255;238;203m██[38;2;255;237;204m████[38;2;220;184;151m██[38;2;171;74;20m██[38;2;160;68;12m██[38;2;108;32;7m██[38;2;145;53;5m██[38;2;223;94;8m██[38;2;0;0;0m        
[38;2;120;30;0m██[38;2;121;33;0m██[38;2;122;37;0m██[38;2;124;39;0m██[38;2;109;27;0m██[38;2;134;43;0m██[38;2;137;44;3m██[38;2;145;55;3m██[38;2;122;48;9m██[38;2;130;57;18m██[38;2;148;73;20m██[38;2;255;254;255m██[38;2;231;209;206m██[38;2;255;180;122m██[38;2;255;185;121m██[38;2;239;196;151m██[38;2;255;236;199m██[38;2;255;234;203m██[38;2;255;232;201m██[38;2;224;197;173m██[38;2;180;84;35m██[38;2;169;74;29m██[38;2;158;69;21m██[38;2;164;71;17m██[38;2;156;65;10m██[38;2;146;56;11m██[38;2;137;48;5m██[38;2;115;32;3m██[38;2;0;0;0m        
[38;2;115;31;0m██[38;2;119;35;0m██[38;2;121;36;0m██[38;2;125;39;0m██[38;2;131;40;0m██[38;2;133;44;0m██[38;2;110;45;15m██[38;2;145;53;6m██[38;2;112;42;14m██[38;2;196;149;149m██[38;2;255;254;251m██[38;2;255;255;255m██[38;2;255;251;252m██[38;2;255;183;120m██[38;2;255;185;122m██[38;2;255;185;120m██[38;2;255;186;121m████[38;2;241;207;201m██[38;2;255;255;255m██[38;2;215;187;179m██[38;2;163;79;25m██[38;2;148;67;19m██[38;2;162;70;16m██[38;2;146;65;13m██[38;2;145;56;6m██[38;2;134;46;5m██[38;2;129;45;2m██[38;2;104;43;14m██[38;2;71;25;19m██[38;2;0;0;0m    
[38;2;79;15;0m██[38;2;116;35;0m██[38;2;172;121;118m██[38;2;116;43;12m██[38;2;131;43;0m██[38;2;133;44;0m██[38;2;138;49;4m██[38;2;144;55;9m██[38;2;196;168;156m██[38;2;206;179;171m██[38;2;255;255;255m██████[38;2;253;245;242m██[38;2;255;186;121m██[38;2;255;183;121m██[38;2;255;186;121m██[38;2;255;184;119m██[38;2;254;181;116m██[38;2;255;253;255m██[38;2;254;254;251m██[38;2;211;184;175m██[38;2;206;182;174m██[38;2;163;67;19m██[38;2;152;63;13m██[38;2;141;55;4m██[38;2;124;49;16m██[38;2;127;44;5m██[38;2;121;36;4m██[38;2;1;0;2m  [38;2;123;34;3m██[38;2;0;0;0m  
[38;2;113;32;0m██[38;2;118;38;0m██[38;2;166;143;140m██[38;2;126;41;0m██[38;2;131;43;0m██[38;2;132;44;3m██[38;2;137;49;6m██[38;2;122;48;11m██[38;2;196;168;156m██[38;2;206;177;168m██[38;2;207;181;172m██[38;2;255;255;255m████████[38;2;255;183;121m██[38;2;255;182;121m██[38;2;255;183;121m██[38;2;255;233;200m██[38;2;255;255;254m██[38;2;255;255;255m██[38;2;210;184;179m██[38;2;203;186;175m██[38;2;205;178;170m██[38;2;144;61;28m██[38;2;145;54;12m██[38;2;131;46;7m██[38;2;202;169;152m██[38;2;116;40;5m██[38;2;11;5;15m  [38;2;120;37;1m██[38;2;124;35;4m██
[38;2;118;35;0m██[38;2;117;84;70m██[38;2;122;40;2m██[38;2;124;43;0m██[38;2;125;43;0m██[38;2;131;44;3m██[38;2;132;52;6m██[38;2;145;55;12m██[38;2;188;159;151m██[38;2;178;151;142m██[38;2;202;178;168m██[38;2;255;254;252m██[38;2;255;255;255m████████[38;2;255;237;194m██[38;2;255;230;201m██[38;2;255;235;201m██[38;2;255;255;255m██[38;2;203;193;193m██[38;2;209;182;173m██[38;2;207;180;172m██[38;2;205;177;172m██[38;2;202;174;169m██[38;2;161;103;90m██[38;2;133;48;10m██[38;2;126;42;5m██[38;2;190;157;161m██[38;2;79;32;27m  [38;2;14;6;14m  [38;2;113;38;4m██[0m
