
[38;2;0;0;0m                    [38;2;135;135;135m  [38;2;0;0;0m██[38;2;1;1;1m████████████████████████████████████
[38;2;0;0;0m                [38;2;39;39;39m  [38;2;26;26;26m  [38;2;1;1;1m████████████████████████████████████████
[38;2;0;0;0m              [38;2;106;106;106m  [38;2;2;2;2m██[38;2;1;1;1m██████████████████████████████████████████
[38;2;127;127;127m  [38;2;4;4;4m██[38;2;43;43;43m  [38;2;51;51;51m  [38;2;52;52;52m  [38;2;16;16;16m  [38;2;99;99;99m██[38;2;0;0;0m██[38;2;1;1;1m████████████████████████████████████████████
[38;2;127;127;127m  [38;2;1;1;1m████████[38;2;147;147;147m██[38;2;2;2;2m██[38;2;1;1;1m████[38;2;0;0;0m██[38;2;1;1;1m████████████████████████████████████████
[38;2;0;0;0m  ██[38;2;1;1;1m████[38;2;56;56;56m██[38;2;45;45;45m██[38;2;1;1;1m██████[38;2;54;54;54m██[38;2;0;0;0m██[38;2;1;1;1m██████████████████████████████████████
[38;2;0;0;0m  [38;2;19;19;19m██[38;2;1;1;1m██[38;2;0;0;0m██[38;2;176;176;176m██[38;2;0;0;0m██[38;2;1;1;1m████[38;2;127;127;127m██[38;2;0;0;0m██[38;2;1;1;1m████████████████████████████████████████
[38;2;0;0;0m  [38;2;153;153;153m  [38;2;1;1;1m██[38;2;113;113;113m██[38;2;0;0;0m██[38;2;1;1;1m████[38;2;8;8;8m██[38;2;18;18;18m██[38;2;1;1;1m██████████████████████████████████████████
[38;2;0;0;0m    [38;2;6;6;6m██[38;2;70;70;70m██[38;2;1;1;1m██████[38;2;181;181;181m██[38;2;1;1;1m████████████████████████████████████████████
[38;2;0;0;0m    [38;2;39;39;39m██[38;2;1;1;1m██████[38;2;7;7;7m██[38;2;22;22;22m██[38;2;1;1;1m██████████[38;2;0;0;0m██[38;2;1;1;1m████████████████████████████████
[38;2;0;0;0m    [38;2;63;63;63m  [38;2;1;1;1m██████[38;2;175;175;175m██[38;2;1;1;1m██████[38;2;16;16;16m██[38;2;1;1;1m████[38;2;58;58;58m██[38;2;1;1;1m████████████████████████████████
[38;2;0;0;0m    ██[38;2;1;1;1m████[38;2;0;0;0m██[38;2;129;129;129m██[38;2;1;1;1m████[38;2;13;13;13m██[38;2;152;152;152m██[38;2;1;1;1m██[38;2;71;71;71m██[38;2;15;15;15m██[38;2;1;1;1m██████████████[38;2;8;8;8m██[38;2;0;0;0m████[38;2;1;1;1m████████████
[38;2;0;0;0m  [38;2;91;91;91m  [38;2;1;1;1m██████[38;2;31;31;31m██[38;2;5;5;5m██[38;2;1;1;1m██[38;2;6;6;6m██[38;2;232;232;232m██[38;2;3;3;3m██[38;2;4;4;4m██[38;2;230;230;230m██[38;2;0;0;0m██[38;2;1;1;1m██████████████[38;2;97;97;97m██[38;2;0;0;0m██[38;2;56;56;56m██[38;2;1;1;1m████████████
[38;2;0;0;0m  [38;2;91;91;91m  [38;2;1;1;1m██████[38;2;164;164;164m██[38;2;1;1;1m██[38;2;0;0;0m██[38;2;230;230;230m██[38;2;203;203;203m██[38;2;1;1;1m██[38;2;228;228;228m██[38;2;231;231;231m██[38;2;1;1;1m████████████████[38;2;212;212;212m██[38;2;0;0;0m██[38;2;165;165;165m██[38;2;1;1;1m████████████
[38;2;0;0;0m  [38;2;14;14;14m██[38;2;1;1;1m██████[38;2;172;172;172m██[38;2;1;1;1m██[38;2;199;199;199m██[38;2;233;233;233m██[38;2;63;63;63m██[38;2;83;83;83m██[38;2;236;236;236m██[38;2;216;216;216m██[38;2;1;1;1m██████████████[38;2;0;0;0m██[38;2;234;234;234m██[38;2;0;0;0m██[38;2;200;200;200m██[38;2;0;0;0m██[38;2;1;1;1m██████████
[38;2;0;0;0m  ██[38;2;1;1;1m██████[38;2;14;14;14m██[38;2;52;52;52m██[38;2;231;231;231m██[38;2;227;227;227m██[38;2;0;0;0m██[38;2;226;226;226m██[38;2;223;223;223m██[38;2;182;182;182m██[38;2;1;1;1m██████████████[38;2;40;40;40m██[38;2;228;228;228m██[38;2;2;2;2m██[38;2;198;198;198m██[38;2;80;80;80m██[38;2;1;1;1m██████████
[38;2;74;74;74m  [38;2;1;1;1m██████████[38;2;233;233;233m██[38;2;236;236;236m██[38;2;223;223;223m██[38;2;162;162;162m██[38;2;230;230;230m██[38;2;237;237;237m██[38;2;187;187;187m██[38;2;1;1;1m██[38;2;2;2;2m██[38;2;1;1;1m██████████[38;2;180;180;180m██[38;2;231;231;231m██[38;2;53;53;53m██[38;2;186;186;186m██[38;2;198;198;198m██[38;2;1;1;1m██████████
[38;2;116;116;116m  [38;2;1;1;1m██████[38;2;0;0;0m██[38;2;7;7;7m██[38;2;229;229;229m██[38;2;232;232;232m██[38;2;147;147;147m██[38;2;232;232;232m██[38;2;227;227;227m██[38;2;233;233;233m██[38;2;197;197;197m██[38;2;0;0;0m██[38;2;23;23;23m██[38;2;1;1;1m████████[38;2;0;0;0m██[38;2;214;214;214m██[38;2;155;155;155m██[38;2;132;132;132m██[38;2;156;156;156m██[38;2;233;233;233m██[38;2;63;63;63m██[38;2;1;1;1m████████
[38;2;41;41;41m  [38;2;1;1;1m██████[38;2;0;0;0m██[38;2;28;28;28m██[38;2;230;230;230m██[38;2;234;234;234m██[38;2;189;189;189m██[38;2;234;234;234m██[38;2;227;227;227m██[38;2;232;232;232m██[38;2;225;225;225m██[38;2;0;0;0m██[38;2;90;90;90m██[38;2;1;1;1m████████[38;2;3;3;3m██[38;2;234;234;234m██[38;2;228;228;228m██[38;2;234;234;234m██[38;2;106;106;106m██[38;2;233;233;233m██[38;2;235;235;235m██[38;2;0;0;0m██[38;2;1;1;1m██████
[38;2;10;10;10m██[38;2;1;1;1m██████[38;2;19;19;19m██[38;2;46;46;46m██[38;2;235;235;235m██[38;2;237;237;237m██[38;2;232;232;232m██[38;2;237;237;237m██[38;2;232;232;232m██[38;2;236;236;236m██[38;2;233;233;233m██[38;2;5;5;5m██[38;2;205;205;205m██[38;2;1;1;1m██████[38;2;0;0;0m██[38;2;68;68;68m██[38;2;237;237;237m██[38;2;231;231;231m██[38;2;236;236;236m██[38;2;73;73;73m██[38;2;236;236;236m██[38;2;235;235;235m██[38;2;114;114;114m██[38;2;1;1;1m██████
[38;2;0;0;0m██[38;2;1;1;1m██████[38;2;69;69;69m██[38;2;135;135;135m██[38;2;228;228;228m██[38;2;230;230;230m██[38;2;225;225;225m██[38;2;229;229;229m██[38;2;225;225;225m██[38;2;229;229;229m██[38;2;225;225;225m██[38;2;41;41;41m██[38;2;229;229;229m██[38;2;0;0;0m██[38;2;1;1;1m████[38;2;75;75;75m██[38;2;139;139;139m██[38;2;230;230;230m██[38;2;223;223;223m██[38;2;229;229;229m██[38;2;224;224;224m██[38;2;231;231;231m██[38;2;227;227;227m████[38;2;6;6;6m██[38;2;50;50;50m██[38;2;1;1;1m██
[38;2;0;0;0m██[38;2;1;1;1m██████[38;2;111;111;111m██[38;2;237;237;237m██[38;2;236;236;236m██[38;2;231;231;231m██[38;2;233;233;233m██[38;2;237;237;237m██[38;2;234;234;234m██[38;2;241;241;241m██[38;2;235;235;235m██[38;2;201;201;201m██[38;2;235;235;235m██[38;2;146;146;146m██[38;2;1;1;1m████[38;2;152;152;152m██[38;2;183;183;183m██[38;2;239;239;239m██[38;2;234;234;234m██[38;2;237;237;237m██[38;2;234;234;234m██[38;2;237;237;237m██[38;2;236;236;236m██[38;2;234;234;234m██[38;2;238;238;238m██[38;2;99;99;99m██[38;2;44;44;44m██
[38;2;0;0;0m██[38;2;1;1;1m██████[38;2;88;88;88m██[38;2;229;229;229m██[38;2;219;219;219m██[38;2;79;79;79m██[38;2;65;65;65m██[38;2;73;73;73m██[38;2;15;15;15m██[38;2;4;4;4m██[38;2;121;121;121m██[38;2;231;231;231m██[38;2;230;230;230m████[38;2;4;4;4m██[38;2;1;1;1m██[38;2;153;153;153m██[38;2;164;164;164m██[38;2;230;230;230m██[38;2;226;226;226m██[38;2;202;202;202m██[38;2;215;215;215m██[38;2;232;232;232m██[38;2;229;229;229m██[38;2;227;227;227m██[38;2;230;230;230m██[38;2;228;228;228m██[38;2;232;232;232m██
[38;2;0;0;0m██[38;2;1;1;1m██████[38;2;53;53;53m██[38;2;232;232;232m██[38;2;234;234;234m██[38;2;214;214;214m██[38;2;116;116;116m██[38;2;138;138;138m██[38;2;185;185;185m██[38;2;238;238;238m██[38;2;230;230;230m██[38;2;233;233;233m████[38;2;234;234;234m██[38;2;222;222;222m██[38;2;0;0;0m██[38;2;143;143;143m██[38;2;231;231;231m██[38;2;235;235;235m██[38;2;230;230;230m██[38;2;179;179;179m██[38;2;142;142;142m██[38;2;237;237;237m██[38;2;233;233;233m██[38;2;232;232;232m██[38;2;234;234;234m██[38;2;231;231;231m██[38;2;234;234;234m██
[38;2;1;1;1m████████[38;2;53;53;53m██[38;2;232;232;232m██[38;2;233;233;233m██[38;2;236;236;236m██[38;2;232;232;232m██[38;2;235;235;235m██[38;2;231;231;231m██[38;2;236;236;236m██[38;2;230;230;230m██[38;2;233;233;233m████[38;2;230;230;230m██[38;2;233;233;233m██[38;2;177;177;177m██[38;2;82;82;82m██[38;2;230;230;230m██[38;2;237;237;237m██[38;2;229;229;229m██[38;2;207;207;207m██[38;2;12;12;12m██[38;2;24;24;24m██[38;2;42;42;42m██[38;2;138;138;138m██[38;2;149;149;149m██[38;2;156;156;156m██[38;2;234;234;234m██
[38;2;1;1;1m████████[38;2;55;55;55m██[38;2;228;228;228m██[38;2;227;227;227m██[38;2;231;231;231m██[38;2;226;226;226m██[38;2;229;229;229m██[38;2;225;225;225m██[38;2;231;231;231m██[38;2;227;227;227m██[38;2;230;230;230m██[38;2;227;227;227m██[38;2;229;229;229m██[38;2;230;230;230m██[38;2;227;227;227m██[38;2;204;204;204m██[38;2;227;227;227m██[38;2;230;230;230m██[38;2;224;224;224m██[38;2;231;231;231m██[38;2;227;227;227m████[38;2;107;107;107m██[38;2;24;24;24m██[38;2;25;25;25m██[38;2;61;61;61m██[38;2;94;94;94m██
[38;2;0;0;0m██[38;2;1;1;1m██████[38;2;108;108;108m██[38;2;236;236;236m██[38;2;235;235;235m██[38;2;238;238;238m██[38;2;234;234;234m██[38;2;238;238;238m██[38;2;233;233;233m██[38;2;238;238;238m██[38;2;233;233;233m██[38;2;237;237;237m██[38;2;236;236;236m██████[38;2;234;234;234m██[38;2;237;237;237m██[38;2;234;234;234m██[38;2;237;237;237m██[38;2;233;233;233m██[38;2;238;238;238m██[38;2;233;233;233m██[38;2;237;237;237m██[38;2;236;236;236m████[38;2;237;237;237m██[38;2;234;234;234m██[38;2;239;239;239m██
[38;2;1;1;1m██████[38;2;0;0;0m██[38;2;181;181;181m██[38;2;227;227;227m██[38;2;226;226;226m██[38;2;229;229;229m██[38;2;225;225;225m██[38;2;230;230;230m██[38;2;223;223;223m██[38;2;229;229;229m██[38;2;225;225;225m██[38;2;227;227;227m██[38;2;226;226;226m████[38;2;228;228;228m██[38;2;225;225;225m██[38;2;230;230;230m██[38;2;225;225;225m██[38;2;231;231;231m██[38;2;225;225;225m██[38;2;231;231;231m██[38;2;226;226;226m██[38;2;229;229;229m██[38;2;226;226;226m████[38;2;228;228;228m██[38;2;226;226;226m██[38;2;229;229;229m██
[38;2;1;1;1m██████[38;2;2;2;2m██[38;2;235;235;235m██[38;2;234;234;234m██[38;2;233;233;233m██[38;2;237;237;237m██[38;2;232;232;232m██[38;2;235;235;235m██[38;2;231;231;231m██[38;2;237;237;237m██[38;2;207;207;207m██[38;2;235;235;235m████[38;2;236;236;236m██[38;2;234;234;234m██[38;2;233;233;233m██[38;2;236;236;236m██[38;2;233;233;233m██[38;2;236;236;236m██[38;2;230;230;230m██[38;2;235;235;235m██[38;2;233;233;233m██[38;2;235;235;235m████[38;2;232;232;232m██[38;2;236;236;236m██[38;2;232;232;232m██[38;2;236;236;236m██
[38;2;0;0;0m██[38;2;1;1;1m████[38;2;2;2;2m██[38;2;235;235;235m██[38;2;231;231;231m██[38;2;233;233;233m██[38;2;235;235;235m██[38;2;230;230;230m██[38;2;232;232;232m██[38;2;229;229;229m██[38;2;235;235;235m██[38;2;229;229;229m██[38;2;218;218;218m██[38;2;227;227;227m██[38;2;228;228;228m██[38;2;199;199;199m██[38;2;185;185;185m██[38;2;236;236;236m██[38;2;230;230;230m██[38;2;234;234;234m██[38;2;230;230;230m██[38;2;235;235;235m██[38;2;230;230;230m██[38;2;234;234;234m██[38;2;232;232;232m██[38;2;231;231;231m██[38;2;233;233;233m██[38;2;230;230;230m██[38;2;235;235;235m██
[38;2;0;0;0m██[38;2;1;1;1m████[38;2;0;0;0m██[38;2;214;214;214m██[38;2;230;230;230m████[38;2;232;232;232m██[38;2;228;228;228m██[38;2;232;232;232m██[38;2;227;227;227m██[38;2;232;232;232m██[38;2;229;229;229m██[38;2;231;231;231m██[38;2;230;230;230m████[38;2;229;229;229m████[38;2;225;225;225m██[38;2;175;175;175m██[38;2;170;170;170m██[38;2;165;165;165m██[38;2;232;232;232m██[38;2;228;228;228m██[38;2;232;232;232m██[38;2;231;231;231m██[38;2;229;229;229m██[38;2;232;232;232m██[38;2;229;229;229m██[38;2;235;235;235m██
[38;2;16;16;16m██[38;2;0;0;0m██[38;2;1;1;1m████[38;2;51;51;51m██[38;2;235;235;235m████[38;2;237;237;237m██[38;2;233;233;233m██[38;2;236;236;236m██[38;2;231;231;231m██[38;2;237;237;237m██[38;2;233;233;233m██[38;2;235;235;235m████████[38;2;233;233;233m██[38;2;235;235;235m██[38;2;232;232;232m██[38;2;237;237;237m██[38;2;232;232;232m██[38;2;235;235;235m██[38;2;233;233;233m██[38;2;236;236;236m██[38;2;234;234;234m██[38;2;232;232;232m██[38;2;236;236;236m██[38;2;232;232;232m██[38;2;219;219;219m██[0m
