
[38;2;179;234;196m  [38;2;179;233;197m  [38;2;179;234;197m    [38;2;176;234;191m  [38;2;155;245;167m  [38;2;157;243;168m  [38;2;163;229;169m  [38;2;172;208;182m  [38;2;165;223;159m  [38;2;201;186;166m  [38;2;245;191;191m  [38;2;255;198;200m██[38;2;255;197;199m██[38;2;255;198;200m██[38;2;255;198;199m██[38;2;255;198;198m██[38;2;255;198;199m██[38;2;255;198;200m██[38;2;246;190;191m██[38;2;202;186;162m  [38;2;188;221;176m  [38;2;188;230;173m  [38;2;216;250;215m  [38;2;217;246;211m  [38;2;195;232;183m  [38;2;205;230;183m        [38;2;205;230;182m  [38;2;205;230;183m  
[38;2;179;234;197m  [38;2;179;234;196m  [38;2;179;234;197m    [38;2;176;234;191m  [38;2;155;245;167m  [38;2;157;243;168m  [38;2;161;225;166m  [38;2;222;184;176m  [38;2;255;196;195m██[38;2;255;195;198m████████████████[38;2;254;195;197m██[38;2;255;195;197m██[38;2;255;193;198m██[38;2;255;195;197m██[38;2;211;178;162m  [38;2;217;252;217m  [38;2;217;247;211m  [38;2;195;232;183m  [38;2;205;230;183m    [38;2;204;229;183m  [38;2;205;230;182m  [38;2;205;229;183m  [38;2;205;230;183m  
[38;2;179;234;197m      [38;2;180;234;197m  [38;2;176;234;191m  [38;2;155;244;167m  [38;2;178;212;170m  [38;2;254;207;209m██[38;2;254;198;199m██[38;2;235;177;179m██[38;2;255;194;197m██[38;2;255;195;196m██[38;2;255;195;197m██████████[38;2;255;194;197m██[38;2;255;195;197m██[38;2;229;169;168m██[38;2;255;193;197m██[38;2;255;193;196m██[38;2;232;173;175m██[38;2;254;194;193m██[38;2;214;238;204m  [38;2;195;232;183m  [38;2;205;230;183m    [38;2;205;229;182m  [38;2;205;230;183m      
[38;2;179;234;197m  [38;2;180;234;197m  [38;2;179;234;197m  [38;2;179;233;197m  [38;2;176;234;191m  [38;2;219;221;206m  [38;2;254;208;208m██[38;2;255;198;201m██[38;2;229;170;172m██[38;2;255;193;196m████[38;2;255;195;197m██[38;2;253;194;196m██[38;2;255;194;197m██████[38;2;252;192;194m██[38;2;255;194;197m████[38;2;254;193;197m██[38;2;255;195;198m██[38;2;255;192;195m██[38;2;255;191;195m██[38;2;237;174;177m██[38;2;246;185;184m██[38;2;193;221;175m  [38;2;205;230;183m            
[38;2;166;239;180m      [38;2;168;239;182m  [38;2;240;238;231m██[38;2;253;209;207m██[38;2;255;198;199m██[38;2;253;193;197m██[38;2;255;190;194m██[38;2;255;191;195m██[38;2;255;192;195m██[38;2;229;165;168m██[38;2;255;193;196m██[38;2;255;192;195m████[38;2;255;193;195m██[38;2;252;190;192m██[38;2;255;192;195m████[38;2;255;191;195m██[38;2;229;165;166m██[38;2;255;189;193m██[38;2;255;189;192m██[38;2;254;190;194m██[38;2;254;191;196m██[38;2;254;188;189m██[38;2;198;232;184m  [38;2;199;235;186m  [38;2;199;235;187m        
[38;2;154;243;168m      [38;2;223;227;211m  [38;2;253;212;211m██[38;2;255;197;201m██[38;2;255;189;193m██[38;2;252;186;190m██[38;2;255;189;192m██[38;2;255;189;193m████[38;2;251;189;193m██[38;2;255;190;193m████[38;2;255;189;193m██[38;2;255;190;193m██[38;2;251;188;190m██[38;2;255;190;193m██[38;2;255;190;192m████[38;2;252;189;191m██[38;2;255;189;192m██[38;2;255;188;191m██[38;2;255;187;191m██[38;2;234;167;167m██[38;2;222;156;155m██[38;2;255;188;190m██[38;2;191;238;189m    [38;2;191;237;189m  [38;2;191;237;188m  [38;2;191;238;189m  
[38;2;156;243;166m    [38;2;167;220;167m  [38;2;251;236;233m██[38;2;255;199;201m██[38;2;255;188;191m██[38;2;248;182;185m██[38;2;255;186;190m██[38;2;255;187;190m████[38;2;245;177;182m██[38;2;255;189;191m██[38;2;255;189;192m██[38;2;255;188;191m██[38;2;255;189;192m████[38;2;245;180;182m██[38;2;255;189;193m██[38;2;255;188;191m██████[38;2;248;181;183m██[38;2;255;186;190m██[38;2;255;184;189m██[38;2;255;184;187m██[38;2;247;180;180m██[38;2;253;183;186m██[38;2;200;182;158m  [38;2;200;237;188m        
[38;2;165;232;169m  [38;2;164;233;169m  [38;2;254;251;245m██[38;2;254;207;206m██[38;2;255;192;195m██[38;2;255;185;187m██[38;2;237;172;170m██[38;2;255;187;190m██[38;2;255;185;189m██[38;2;255;184;188m██[38;2;231;166;166m██[38;2;255;192;194m██[38;2;255;189;193m██[38;2;255;187;191m██[38;2;255;186;189m██[38;2;255;186;190m██[38;2;232;164;164m██[38;2;255;186;190m██[38;2;255;187;190m██[38;2;255;186;190m██[38;2;255;185;189m██[38;2;228;159;160m██[38;2;255;183;188m██[38;2;255;183;186m████[38;2;216;129;130m██[38;2;210;141;139m██[38;2;255;184;188m██[38;2;201;237;187m  [38;2;201;236;186m      
[38;2;201;244;216m  [38;2;204;211;197m  [38;2;251;231;227m██[38;2;251;226;224m██[38;2;255;194;197m██[38;2;255;186;188m██[38;2;254;202;205m██[38;2;255;193;196m██[38;2;255;186;190m██[38;2;255;183;186m██[38;2;251;199;201m██[38;2;252;244;240m██[38;2;255;193;196m██[38;2;255;185;189m██[38;2;255;184;186m██[38;2;255;184;187m██[38;2;220;135;134m██[38;2;255;184;187m████[38;2;255;183;187m██[38;2;255;183;186m██[38;2;250;179;181m██[38;2;255;183;186m██[38;2;255;182;185m██[38;2;239;153;158m██[38;2;231;133;136m██[38;2;254;182;186m██[38;2;255;179;183m██[38;2;195;215;178m  [38;2;197;239;193m      
[38;2;197;252;206m  [38;2;253;250;244m██[38;2;252;248;242m██[38;2;251;233;231m██[38;2;254;198;199m██[38;2;251;187;189m██[38;2;253;224;220m██[38;2;255;194;197m██[38;2;255;183;186m████[38;2;255;196;198m██[38;2;252;206;207m██[38;2;255;189;193m██[38;2;255;183;186m██[38;2;255;182;185m████[38;2;218;131;129m██[38;2;255;183;187m██[38;2;255;183;186m████[38;2;255;182;185m██[38;2;253;181;184m██[38;2;255;179;183m██[38;2;251;172;178m██[38;2;230;128;129m██[38;2;228;126;127m██[38;2;244;165;168m██[38;2;253;175;179m██[38;2;224;160;155m  [38;2;203;233;192m      
[38;2;182;207;177m  [38;2;251;248;243m██[38;2;252;247;242m██[38;2;254;210;210m██[38;2;252;194;196m██[38;2;250;178;181m██[38;2;255;185;189m██[38;2;255;184;187m██[38;2;255;179;183m██[38;2;255;182;186m██[38;2;255;183;186m██[38;2;255;184;187m██[38;2;255;181;184m██[38;2;255;179;183m██[38;2;255;179;182m██[38;2;255;179;183m██[38;2;219;141;137m██[38;2;234;149;149m██[38;2;255;181;184m██[38;2;255;180;183m██[38;2;255;179;183m██[38;2;254;178;183m██[38;2;247;164;168m██[38;2;227;127;127m██[38;2;228;121;122m██[38;2;227;121;122m██[38;2;223;137;139m██[38;2;247;168;172m██[38;2;254;176;179m██[38;2;188;247;190m  [38;2;188;245;190m    
[38;2;210;218;200m  [38;2;250;221;219m██[38;2;253;210;210m██[38;2;255;189;191m██[38;2;230;155;156m██[38;2;250;171;175m██[38;2;255;175;180m██[38;2;255;177;180m██[38;2;255;177;181m██[38;2;210;140;135m██[38;2;255;177;182m██[38;2;255;178;179m██[38;2;255;176;180m██[38;2;255;175;181m████[38;2;255;176;180m██[38;2;217;152;146m██[38;2;211;147;140m██[38;2;255;179;184m██[38;2;255;176;182m██[38;2;255;176;181m██[38;2;232;137;137m██[38;2;228;122;124m██[38;2;226;119;121m██[38;2;226;117;118m██[38;2;226;116;117m██[38;2;210;116;115m██[38;2;246;162;166m██[38;2;255;172;176m██[38;2;195;244;194m  [38;2;195;244;193m    
[38;2;243;239;231m  [38;2;255;196;199m██[38;2;255;180;182m██[38;2;255;173;177m██[38;2;237;153;157m██[38;2;252;171;176m██[38;2;255;173;178m██[38;2;255;173;179m██[38;2;239;157;160m██[38;2;209;154;143m██[38;2;222;148;148m██[38;2;255;174;179m████[38;2;255;173;177m████[38;2;252;170;173m██[38;2;226;171;162m██[38;2;233;185;176m██[38;2;234;137;140m██[38;2;245;158;162m██[38;2;210;109;109m██[38;2;221;116;118m██[38;2;228;118;119m██[38;2;224;114;115m██[38;2;225;112;114m██[38;2;225;111;113m██[38;2;206;109;107m██[38;2;246;161;165m██[38;2;255;170;174m██[38;2;200;236;190m  [38;2;201;241;194m    
[38;2;251;244;238m██[38;2;255;185;187m██[38;2;255;170;175m██[38;2;255;167;172m██[38;2;249;162;167m██[38;2;253;168;174m██[38;2;247;165;170m██[38;2;247;166;170m██[38;2;222;120;121m██[38;2;232;185;176m██[38;2;214;145;142m██[38;2;255;172;176m████[38;2;255;170;174m██[38;2;255;171;175m██[38;2;250;164;168m██[38;2;232;182;173m██[38;2;233;187;178m██[38;2;206;135;130m██[38;2;226;119;120m██[38;2;225;116;117m██[38;2;222;113;114m██[38;2;196;96;93m██[38;2;224;110;112m██[38;2;223;109;111m██[38;2;222;109;110m██[38;2;201;98;98m██[38;2;249;163;168m██[38;2;255;166;171m██[38;2;199;231;192m  [38;2;197;245;200m    
[38;2;252;238;234m██[38;2;255;178;181m██[38;2;255;164;170m██[38;2;255;162;169m██[38;2;254;163;169m██[38;2;250;161;166m██[38;2;230;148;149m██[38;2;253;166;169m██[38;2;202;127;122m██[38;2;237;188;179m██[38;2;207;145;138m██[38;2;253;169;173m██[38;2;255;168;173m██[38;2;255;168;174m██[38;2;246;152;157m██[38;2;231;126;129m██[38;2;235;188;179m██[38;2;234;187;178m██[38;2;234;188;178m██[38;2;226;118;117m██[38;2;222;112;113m██[38;2;202;107;103m██[38;2;209;105;103m██[38;2;224;107;110m██[38;2;223;106;109m████[38;2;200;97;96m██[38;2;253;162;169m██[38;2;255;164;170m██[38;2;200;215;179m  [38;2;193;246;194m    
[38;2;254;232;229m██[38;2;255;165;170m██[38;2;255;159;166m████[38;2;252;158;164m██[38;2;243;151;157m██[38;2;229;178;169m██[38;2;222;113;115m██[38;2;235;184;175m██[38;2;234;187;178m██[38;2;207;142;135m██[38;2;209;119;117m██[38;2;224;110;112m██[38;2;224;107;110m██[38;2;221;104;107m██[38;2;224;110;112m██[38;2;236;189;180m██[38;2;234;187;178m██[38;2;232;185;175m██[38;2;208;147;139m██[38;2;220;111;111m██[38;2;221;163;152m██[38;2;203;100;99m██[38;2;220;103;106m██[38;2;220;101;105m██[38;2;220;101;104m██[38;2;201;99;100m██[38;2;255;161;167m██[38;2;254;161;168m██[38;2;205;203;175m  [38;2;199;245;201m  [38;2;199;245;200m  
[38;2;250;229;225m██[38;2;250;153;159m██[38;2;242;137;142m██[38;2;235;121;126m██[38;2;220;111;113m██[38;2;222;111;114m██[38;2;234;187;177m██[38;2;220;111;112m██[38;2;221;174;164m██[38;2;211;165;154m██[38;2;180;120;111m██[38;2;235;187;177m██[38;2;221;106;108m██[38;2;220;100;104m██[38;2;220;100;102m██[38;2;222;106;109m██[38;2;234;188;179m██[38;2;233;186;177m██[38;2;198;157;147m██[38;2;168;133;123m██[38;2;165;93;90m██[38;2;227;181;172m██[38;2;188;93;89m██[38;2;218;99;103m██[38;2;219;99;101m██[38;2;218;99;103m██[38;2;221;122;125m██[38;2;255;157;165m██[38;2;249;154;160m██[38;2;210;193;169m  [38;2;209;244;203m    
[38;2;220;195;186m  [38;2;207;99;97m  [38;2;219;95;99m██[38;2;218;91;97m██[38;2;194;78;79m██[38;2;216;98;101m██[38;2;234;185;175m██[38;2;169;123;113m██[38;2;113;92;84m██[38;2;110;94;86m██[38;2;120;96;85m██[38;2;227;182;171m██[38;2;201;112;109m██[38;2;220;98;103m██[38;2;221;98;101m██[38;2;214;103;104m██[38;2;251;245;231m██[38;2;191;174;161m██[38;2;228;223;209m██[38;2;251;247;232m██[38;2;246;240;226m██[38;2;164;149;136m██[38;2;159;85;83m██[38;2;220;96;99m██[38;2;219;95;98m██[38;2;202;86;89m██[38;2;204;104;104m██[38;2;255;155;163m██[38;2;255;158;165m██[38;2;216;186;166m  [38;2;226;242;207m    
[38;2;161;167;123m  [38;2;163;135;102m  [38;2;217;92;95m██[38;2;217;88;93m██[38;2;215;87;91m██[38;2;216;94;98m██[38;2;122;93;83m██[38;2;202;192;182m██[38;2;253;248;234m██[38;2;252;248;233m██[38;2;253;252;237m██[38;2;249;241;227m██[38;2;237;188;180m██[38;2;217;102;105m██[38;2;220;101;104m██[38;2;200;117;116m██[38;2;251;247;233m████[38;2;252;247;233m██[38;2;251;247;233m██████[38;2;207;98;100m██[38;2;218;94;97m██[38;2;218;93;97m██[38;2;171;71;68m██[38;2;216;98;101m██[38;2;255;152;162m██[38;2;255;154;161m██[38;2;213;169;154m  [38;2;225;220;192m    
[38;2;146;223;153m  [38;2;148;204;138m  [38;2;213;95;92m██[38;2;216;87;92m████[38;2;206;92;92m██[38;2;254;252;238m██[38;2;251;247;233m████████[38;2;251;247;232m██[38;2;247;231;218m██[38;2;237;215;202m██[38;2;222;111;113m██[38;2;217;186;175m██[38;2;253;246;234m██[38;2;251;247;233m██[38;2;251;246;232m██[38;2;250;240;227m██[38;2;252;244;231m██[38;2;252;248;234m██[38;2;182;91;85m██[38;2;217;93;96m██[38;2;216;94;97m██[38;2;184;105;100m██[38;2;213;99;100m██[38;2;254;151;158m██[38;2;255;151;159m██[38;2;190;142;127m  [38;2;224;201;181m    
[38;2;144;226;153m  [38;2;161;250;175m  [38;2;202;96;89m  [38;2;215;88;92m██[38;2;215;87;92m██[38;2;206;92;92m██[38;2;254;252;238m██[38;2;250;244;229m██[38;2;246;182;179m██[38;2;250;223;213m██[38;2;251;247;233m████[38;2;252;247;233m██[38;2;247;242;227m██[38;2;223;197;183m██[38;2;252;249;235m██[38;2;251;248;233m██[38;2;252;248;233m██[38;2;251;246;233m██[38;2;252;250;235m██[38;2;252;251;236m██[38;2;251;249;235m██[38;2;205;170;157m██[38;2;214;95;97m██[38;2;194;89;87m██[38;2;177;108;99m██[38;2;197;153;143m██[38;2;237;123;128m██[38;2;255;150;158m██[38;2;196;131;120m  [38;2;221;214;185m    
[38;2;157;244;169m  [38;2;160;247;171m  [38;2;158;223;155m  [38;2;213;93;95m██[38;2;193;79;79m██[38;2;216;99;101m██[38;2;252;248;234m██[38;2;252;248;233m██[38;2;252;247;233m██████[38;2;252;246;233m██[38;2;252;247;233m██[38;2;252;247;232m████████████[38;2;251;247;233m██[38;2;252;247;233m██[38;2;251;247;232m██[38;2;193;134;127m██[38;2;218;101;103m██[38;2;234;189;178m██[38;2;248;235;220m██[38;2;210;179;167m██[38;2;216;95;98m██[38;2;253;146;155m██[38;2;216;110;112m██[38;2;212;245;208m    
[38;2;163;246;173m      [38;2;168;116;91m  [38;2;212;94;96m██[38;2;193;108;104m██[38;2;253;253;238m██[38;2;251;247;233m██[38;2;252;247;233m██[38;2;252;248;233m██[38;2;251;247;233m██[38;2;251;247;232m██[38;2;252;248;233m██[38;2;252;248;234m██[38;2;246;238;224m██[38;2;228;200;189m██[38;2;223;168;162m██[38;2;234;209;196m██[38;2;251;248;232m██[38;2;251;248;233m██[38;2;251;248;232m██[38;2;252;247;233m██[38;2;192;110;107m██[38;2;225;193;181m██[38;2;234;187;178m██[38;2;252;240;228m██[38;2;209;96;98m██[38;2;216;88;92m██[38;2;242;133;139m██[38;2;236;125;130m██[38;2;231;253;221m  [38;2;230;252;219m  
[38;2;166;245;172m  [38;2;166;244;173m  [38;2;166;245;173m  [38;2;166;246;174m  [38;2;208;101;99m██[38;2;254;253;237m██[38;2;224;207;193m██[38;2;251;247;233m██[38;2;251;248;233m██[38;2;251;247;233m████[38;2;252;248;233m██[38;2;218;150;150m██[38;2;233;160;162m██[38;2;249;173;176m████[38;2;250;174;177m██[38;2;240;173;173m██[38;2;251;247;233m██[38;2;252;247;233m██[38;2;251;247;233m██[38;2;252;247;233m██[38;2;188;127;120m██[38;2;252;247;233m██[38;2;254;248;234m██[38;2;207;93;94m██[38;2;214;86;90m██[38;2;215;82;89m██[38;2;205;90;93m██[38;2;250;135;144m██[38;2;224;219;198m  [38;2;236;254;224m  
[38;2;169;249;177m      [38;2;169;250;178m  [38;2;215;104;103m██[38;2;173;86;81m██[38;2;232;226;210m██[38;2;251;247;233m██[38;2;251;247;232m██[38;2;251;247;233m████[38;2;252;247;233m██[38;2;214;146;146m██[38;2;248;171;174m██[38;2;248;173;173m██[38;2;248;172;175m██[38;2;249;173;176m██[38;2;243;174;174m██[38;2;252;247;233m██[38;2;251;247;233m██[38;2;252;248;233m██[38;2;251;247;233m██[38;2;250;249;237m██[38;2;216;95;99m██[38;2;184;79;76m██[38;2;212;83;83m██[38;2;214;80;87m████[38;2;213;81;87m██[38;2;255;135;144m██[38;2;196;125;115m  [38;2;218;250;215m  
[38;2;157;228;162m      [38;2;157;230;163m  [38;2;216;103;99m██[38;2;214;95;97m██[38;2;207;102;100m██[38;2;254;254;242m██[38;2;252;247;233m██[38;2;251;247;232m██[38;2;251;248;232m██[38;2;252;247;232m██[38;2;227;169;164m██[38;2;248;173;175m██[38;2;248;173;173m██[38;2;248;173;174m██[38;2;249;173;176m██[38;2;238;174;173m██[38;2;251;248;233m██[38;2;251;247;233m██[38;2;252;247;233m██[38;2;254;250;237m██[38;2;214;94;96m██[38;2;212;82;88m██[38;2;190;67;70m██[38;2;212;79;83m██[38;2;213;78;84m████[38;2;215;79;86m██[38;2;225;97;103m██[38;2;210;93;95m██[38;2;233;253;228m  
[38;2;142;206;141m      [38;2;141;208;142m  [38;2;215;101;97m██[38;2;216;91;95m██[38;2;211;92;93m██[38;2;215;102;104m██[38;2;251;249;234m██[38;2;251;247;232m████[38;2;252;248;233m██[38;2;251;248;230m██[38;2;248;180;179m██[38;2;249;175;177m██[38;2;250;174;177m██[38;2;250;179;181m██[38;2;248;240;226m██[38;2;251;247;233m██[38;2;251;247;232m██[38;2;252;249;234m██[38;2;213;93;96m██[38;2;212;81;87m██[38;2;213;76;81m██[38;2;212;76;82m██[38;2;196;72;73m██[38;2;212;76;79m████[38;2;212;77;79m██[38;2;193;71;74m██[38;2;212;88;91m██[38;2;234;241;217m  
[38;2;170;246;178m      [38;2;169;247;178m  [38;2;214;98;96m██[38;2;215;89;93m██[38;2;208;86;89m██[38;2;216;91;95m██[38;2;216;100;101m██[38;2;253;251;237m██[38;2;252;246;233m██[38;2;251;247;233m██[38;2;252;248;233m██[38;2;251;248;233m██[38;2;242;231;218m██[38;2;244;230;217m██[38;2;252;248;233m██[38;2;251;247;233m████[38;2;249;245;231m██[38;2;164;100;93m██[38;2;212;80;85m██[38;2;211;76;81m██[38;2;211;76;79m██[38;2;212;75;81m██[38;2;183;63;63m██[38;2;211;76;78m████[38;2;211;75;77m██[38;2;204;71;76m██[38;2;211;80;86m██[38;2;203;161;146m  
[38;2;148;208;150m      [38;2;147;208;149m  [38;2;215;95;96m██[38;2;215;88;93m██[38;2;207;82;85m██[38;2;215;87;92m██[38;2;215;90;93m██[38;2;216;96;100m██[38;2;212;162;153m██[38;2;251;247;232m██[38;2;252;246;233m██[38;2;252;247;233m██[38;2;252;246;232m██[38;2;251;247;233m██████[38;2;224;212;197m██[38;2;234;186;177m██[38;2;122;94;85m██[38;2;110;66;62m██[38;2;211;75;78m████[38;2;211;75;77m██[38;2;207;72;79m██[38;2;211;75;77m██[38;2;211;75;78m██[38;2;211;73;76m██[38;2;211;74;77m██[38;2;209;75;82m██[38;2;204;86;88m  
[38;2;112;153;101m      [38;2;112;152;101m  [38;2;213;94;95m██[38;2;215;86;90m██[38;2;205;78;82m██[38;2;215;84;90m██[38;2;214;84;89m██[38;2;213;86;90m██[38;2;212;91;93m██[38;2;207;95;96m██[38;2;206;191;180m██[38;2;253;247;233m██[38;2;252;246;232m██[38;2;251;248;233m██[38;2;252;249;234m██[38;2;211;174;162m██[38;2;236;187;177m██[38;2;103;85;77m██[38;2;87;75;72m██[38;2;97;76;73m██[38;2;211;73;77m██████[38;2;183;61;62m██[38;2;210;74;77m██[38;2;211;73;77m██[38;2;210;73;76m████[38;2;194;69;71m██[38;2;210;83;86m██
[38;2;178;220;178m      [38;2;177;219;177m  [38;2;212;94;94m██[38;2;215;83;90m██[38;2;204;78;82m██[38;2;215;82;89m██[38;2;216;81;89m██[38;2;215;81;88m██[38;2;214;82;88m██[38;2;142;67;65m██[38;2;117;92;85m██[38;2;234;185;174m██[38;2;209;180;167m██[38;2;207;181;167m██[38;2;229;182;171m██[38;2;133;106;98m██[38;2;89;78;74m██[38;2;85;76;72m██[38;2;101;94;90m██[38;2;115;103;101m██[38;2;215;73;80m██[38;2;210;73;76m████[38;2;210;73;77m██[38;2;201;69;75m██[38;2;210;73;76m████[38;2;210;72;76m██[38;2;197;67;70m██[38;2;209;77;81m██
[38;2;174;242;184m      [38;2;173;242;184m  [38;2;212;93;93m██[38;2;214;83;88m██[38;2;207;78;83m██[38;2;215;81;88m██████[38;2;215;81;87m██[38;2;166;70;70m██[38;2;86;71;70m██[38;2;87;75;72m██[38;2;87;76;73m██[38;2;88;77;73m██[38;2;87;76;73m██[38;2;86;75;72m██[38;2;86;77;73m██[38;2;113;106;102m██[38;2;112;106;103m██[38;2;113;106;103m██[38;2;136;78;76m  [38;2;212;73;80m██[38;2;210;72;78m██[38;2;210;72;76m██[38;2;186;61;65m██[38;2;209;72;75m██[38;2;210;73;76m██████[38;2;207;74;81m██[0m
