
[38;2;0;0;0m          [38;2;112;85;74m  [38;2;124;89;77m██[38;2;125;89;77m██[38;2;118;88;76m██[38;2;158;127;112m██[38;2;164;128;113m██[38;2;180;145;130m██[38;2;184;151;136m██[38;2;157;124;108m██[38;2;159;124;109m██[38;2;192;159;144m██[38;2;171;138;124m██[38;2;153;128;114m██[38;2;199;176;166m  [38;2;138;123;123m  [38;2;0;0;0m            
[38;2;0;0;0m        [38;2;17;17;17m  [38;2;114;81;68m  [38;2;114;81;69m██[38;2;190;157;144m██[38;2;176;143;129m██[38;2;172;141;125m██[38;2;162;129;113m██[38;2;162;125;111m██[38;2;148;116;103m██[38;2;208;177;163m██[38;2;199;167;153m██[38;2;163;126;112m██[38;2;165;133;118m██[38;2;175;144;131m██[38;2;188;163;150m██[38;2;191;174;163m  [38;2;117;117;79m  [38;2;0;0;0m          
[38;2;0;0;0m        [38;2;100;104;102m  [38;2;128;97;83m  [38;2;153;119;104m██[38;2;187;154;139m██[38;2;202;169;154m██[38;2;167;136;121m██[38;2;163;128;113m██[38;2;114;84;71m██[38;2;153;117;104m██[38;2;156;122;107m██[38;2;158;124;109m██[38;2;162;125;111m██[38;2;163;131;114m██[38;2;166;134;120m██[38;2;176;153;139m██[38;2;224;206;196m██[38;2;239;228;222m  [38;2;92;90;89m  [38;2;0;0;0m        
[38;2;0;0;0m      [38;2;78;48;48m  [38;2;149;116;102m  [38;2;144;111;96m██[38;2;155;121;106m██[38;2;179;144;130m██[38;2;206;171;158m██[38;2;167;136;120m██[38;2;128;95;81m██[38;2;150;117;102m██[38;2;154;119;105m██[38;2;158;124;109m██[38;2;163;129;113m██[38;2;163;130;113m██[38;2;170;138;123m██[38;2;167;138;125m██[38;2;182;156;143m██[38;2;223;202;192m██[38;2;220;205;197m██[38;2;235;225;220m  [38;2;104;92;92m  [38;2;0;0;0m      
[38;2;0;0;0m    [38;2;13;13;13m  [38;2;140;115;103m  [38;2;141;109;94m██[38;2;149;113;101m██[38;2;163;130;113m██[38;2;166;129;115m██[38;2;213;181;166m██[38;2;164;133;118m██[38;2;170;137;122m██[38;2;154;121;105m██[38;2;152;118;103m██[38;2;159;124;109m██[38;2;162;128;113m██[38;2;173;142;127m██[38;2;173;142;128m██[38;2;181;150;136m██[38;2;205;179;166m██[38;2;201;180;168m██[38;2;212;197;185m██[38;2;221;211;206m██[38;2;226;217;211m  [38;2;27;27;27m  [38;2;0;0;0m    
[38;2;0;0;0m    [38;2;44;42;42m  [38;2;164;132;118m  [38;2;154;117;105m██[38;2;161;128;112m██[38;2;163;130;113m██[38;2;163;130;114m██[38;2;186;155;142m██[38;2;163;132;117m██[38;2;170;137;122m██[38;2;170;137;121m██[38;2;167;134;121m██[38;2;189;158;145m██[38;2;162;129;114m██[38;2;207;173;159m██[38;2;188;157;142m██[38;2;193;161;146m██[38;2;174;147;132m██[38;2;195;169;157m██[38;2;200;181;171m██[38;2;219;205;197m██[38;2;230;219;215m  [38;2;88;88;88m  [38;2;0;0;0m    
[38;2;0;0;0m    [38;2;153;123;109m  [38;2;155;121;106m██[38;2;138;104;91m██[38;2;162;129;113m██[38;2;162;130;113m██[38;2;182;150;137m██[38;2;182;150;138m██[38;2;152;120;105m██[38;2;162;129;115m██[38;2;163;130;115m██[38;2;145;115;101m██[38;2;187;154;140m██[38;2;144;112;97m██[38;2;215;183;169m██[38;2;184;152;138m██[38;2;192;159;145m██[38;2;167;139;126m██[38;2;187;162;148m██[38;2;200;176;164m██[38;2;201;185;171m██[38;2;220;208;200m██[38;2;209;200;191m  [38;2;0;0;0m    
[38;2;0;0;0m  [38;2;45;45;45m  [38;2;125;92;80m  [38;2;125;89;77m██[38;2;136;103;88m██[38;2;153;120;104m██[38;2;156;122;106m██[38;2;181;149;137m██[38;2;169;138;124m██[38;2;153;117;104m██[38;2;156;126;110m██[38;2;139;106;93m██[38;2;119;87;74m██[38;2;138;103;89m██[38;2;127;94;81m██[38;2;186;154;140m██[38;2;182;150;135m██[38;2;181;149;134m██[38;2;166;135;121m██[38;2;185;155;141m██[38;2;195;170;157m██[38;2;192;169;158m██[38;2;206;190;174m██[38;2;223;208;199m  [38;2;86;86;86m  [38;2;0;0;0m  
[38;2;0;0;0m  [38;2;124;124;124m  [38;2;125;89;77m  [38;2;125;89;76m██[38;2;146;112;98m██[38;2;153;121;105m██[38;2;153;120;104m██[38;2;165;132;117m██[38;2;139;107;93m██[38;2;150;117;102m██[38;2;147;113;99m██[38;2;125;95;82m██[38;2;119;87;74m██[38;2;131;97;83m██[38;2;133;99;86m██[38;2;169;136;121m██[38;2;184;152;138m██[38;2;183;150;135m██[38;2;176;142;129m██[38;2;171;135;122m██[38;2;181;156;142m██[38;2;213;202;196m██[38;2;191;168;154m██[38;2;209;192;180m  [38;2;85;44;43m  [38;2;0;0;0m  
[38;2;0;0;0m  [38;2;135;122;116m  [38;2;125;89;76m██[38;2;125;89;77m██[38;2;155;118;105m██[38;2;158;125;108m██[38;2;154;121;105m██[38;2;136;102;88m██[38;2;139;104;91m██[38;2;139;105;91m████[38;2;114;81;70m██[38;2;138;108;94m██[38;2;133;100;85m██[38;2;144;110;96m██[38;2;157;123;108m██[38;2;194;162;149m██[38;2;184;155;140m██[38;2;179;144;130m██[38;2;233;182;170m██[38;2;161;138;112m██[38;2;183;166;154m██[38;2;194;169;157m██[38;2;197;173;160m██[38;2;73;67;63m  [38;2;0;0;0m  
[38;2;42;42;42m  [38;2;126;89;77m  [38;2;122;87;75m██[38;2;125;89;77m██[38;2;155;119;105m██[38;2;158;125;109m██[38;2;155;123;107m██[38;2;153;120;106m██[38;2;133;99;85m██[38;2;133;100;85m██[38;2;132;98;84m██[38;2;226;172;162m██[38;2;127;93;80m██[38;2;134;105;90m██[38;2;146;111;97m██[38;2;138;105;91m██[38;2;194;162;149m██[38;2;194;162;148m██[38;2;187;144;133m██[38;2;242;206;189m██[38;2;192;147;132m██[38;2;189;159;145m██[38;2;208;186;175m██[38;2;202;177;166m██[38;2;68;57;50m  [38;2;0;0;0m  
[38;2;89;89;89m  [38;2;115;81;71m  [38;2;125;89;76m██[38;2;123;87;75m██[38;2;154;121;105m██[38;2;156;122;106m██[38;2;151;117;102m██[38;2;122;91;78m██[38;2;133;100;86m██[38;2;132;98;84m██[38;2;203;147;138m██[38;2;246;219;206m██[38;2;126;91;78m██[38;2;133;100;85m██[38;2;135;101;88m██[38;2;131;98;84m██[38;2;195;162;149m██[38;2;179;150;136m██[38;2;203;151;140m██[38;2;232;200;186m██[38;2;242;206;194m██[38;2;183;148;134m██[38;2;247;243;239m██[38;2;213;187;174m██[38;2;146;135;128m  [38;2;0;0;0m  
[38;2;147;130;122m  [38;2;112;77;81m██[38;2;124;88;76m██[38;2;123;87;75m██[38;2;162;128;113m██[38;2;184;159;148m██[38;2;149;116;101m██[38;2;123;91;78m██[38;2;138;103;90m██[38;2;171;123;113m██[38;2;240;208;198m██[38;2;246;228;217m██[38;2;176;152;139m██[38;2;144;108;95m██[38;2;143;109;95m██[38;2;154;121;108m██[38;2;196;165;151m██[38;2;168;136;123m██[38;2;243;212;199m██[38;2;188;168;159m██[38;2;204;181;169m██[38;2;233;193;180m██[38;2;253;252;251m██[38;2;215;190;179m██[38;2;219;192;179m  [38;2;92;57;57m  
[38;2;126;90;78m  [38;2;117;80;84m  [38;2;124;88;76m████[38;2;170;138;124m██[38;2;211;201;196m██[38;2;148;117;102m██[38;2;124;93;80m██[38;2;153;111;99m██[38;2;49;37;34m██[38;2;7;7;7m██[38;2;10;5;3m██[38;2;107;64;41m██[38;2;202;171;157m██[38;2;136;105;91m██[38;2;161;128;112m██[38;2;160;130;117m██[38;2;194;168;156m██[38;2;87;53;36m██[38;2;61;50;46m██[38;2;105;93;86m██[38;2;120;110;104m██[38;2;247;244;241m██[38;2;213;187;175m██[38;2;222;197;183m  [38;2;116;189;189m  
[38;2;127;92;80m  [38;2;118;80;85m  [38;2;124;88;76m████[38;2;177;145;132m██[38;2;214;207;201m██[38;2;150;116;102m██[38;2;141;108;94m██[38;2;18;13;11m██[38;2;225;194;180m██[38;2;74;22;10m██[38;2;254;253;254m██[38;2;209;186;175m██[38;2;239;228;216m██[38;2;197;182;170m██[38;2;154;123;108m██[38;2;163;135;122m██[38;2;242;232;220m██[38;2;77;41;30m██[38;2;254;253;253m██[38;2;175;145;132m██[38;2;101;85;77m██[38;2;242;238;235m██[38;2;212;185;172m██[38;2;210;189;177m██[38;2;86;77;71m  
[38;2;141;114;102m  [38;2;119;81;86m  [38;2;127;91;78m██[38;2;126;90;78m██[38;2;209;185;174m██[38;2;214;206;200m██[38;2;173;142;130m██[38;2;198;172;158m██[38;2;185;157;142m██[38;2;236;234;233m██[38;2;136;81;51m██[38;2;158;117;93m██[38;2;252;251;251m██[38;2;255;243;231m██[38;2;254;242;230m████[38;2;224;214;201m██[38;2;254;242;230m██[38;2;148;101;66m██[38;2;137;63;33m██[38;2;244;241;240m██[38;2;207;190;176m██[38;2;254;251;246m██[38;2;222;197;183m██[38;2;202;187;179m  [38;2;131;123;148m  
[38;2;58;45;39m  [38;2;130;101;104m  [38;2;126;91;78m██[38;2;125;89;77m██[38;2;244;241;237m██[38;2;252;252;250m██[38;2;94;72;61m  [38;2;155;125;112m██[38;2;208;195;185m██[38;2;254;254;254m██[38;2;216;196;150m██[38;2;208;179;137m██[38;2;254;246;238m██[38;2;255;243;231m████████[38;2;255;242;230m██[38;2;230;223;212m██[38;2;225;189;157m██[38;2;244;242;240m██[38;2;110;91;84m██[38;2;251;249;246m██[38;2;224;202;191m██[38;2;198;190;183m  [38;2;104;126;121m  
[38;2;125;123;108m  [38;2;138;115;115m  [38;2;113;82;73m██[38;2;124;89;77m██[38;2;198;187;181m██[38;2;255;255;251m██[38;2;66;51;42m██[38;2;85;67;56m██[38;2;254;240;228m██[38;2;216;200;189m██[38;2;200;185;176m██[38;2;228;212;203m██[38;2;253;238;226m██[38;2;255;243;231m████████[38;2;254;242;230m██[38;2;232;220;211m██[38;2;210;191;182m██[38;2;251;230;221m██[38;2;59;45;36m██[38;2;236;230;225m██[38;2;225;203;193m██[38;2;219;211;206m  [38;2;96;90;86m  
[38;2;137;120;110m  [38;2;142;121;121m██[38;2;130;108;106m██[38;2;124;88;76m██[38;2;125;103;93m██[38;2;255;255;251m██[38;2;177;157;147m██[38;2;51;33;22m██[38;2;238;229;218m██[38;2;247;221;211m██[38;2;246;213;204m██[38;2;247;217;207m██[38;2;251;232;221m██[38;2;254;241;229m██[38;2;255;243;231m████[38;2;254;242;230m██[38;2;248;234;222m██[38;2;251;230;220m██[38;2;223;194;183m██[38;2;86;70;62m██[38;2;230;223;219m██[38;2;212;186;175m██[38;2;213;200;194m  [38;2;115;113;111m  [38;2;116;74;74m  
[38;2;109;81;80m  [38;2;142;120;120m██[38;2;142;121;121m██[38;2;125;89;77m██[38;2;109;76;65m██[38;2;254;254;251m██[38;2;220;214;211m██[38;2;171;145;132m██[38;2;77;59;49m██[38;2;106;86;76m██[38;2;245;213;205m██[38;2;249;222;213m██[38;2;252;236;224m██[38;2;255;242;230m██[38;2;255;243;231m██████[38;2;254;241;229m██[38;2;249;234;222m██[38;2;226;220;215m██[38;2;109;83;81m██[38;2;126;99;95m██[38;2;186;162;149m██[38;2;189;171;161m  [38;2;224;214;209m  [38;2;104;104;81m  
[38;2;120;87;89m  [38;2;142;120;120m████[38;2;121;98;94m██[38;2;108;76;64m██[38;2;191;175;166m██[38;2;253;253;251m██[38;2;141;119;119m██[38;2;129;108;107m██[38;2;250;234;222m██[38;2;251;233;222m██[38;2;253;238;226m██[38;2;254;241;229m██[38;2;255;243;231m██████████[38;2;254;242;230m██[38;2;208;198;186m██[38;2;145;119;112m██[38;2;171;143;129m██[38;2;192;168;155m██[38;2;192;169;158m  [38;2;88;82;80m  [38;2;0;0;0m  
[38;2;136;111;112m██[38;2;141;120;120m██████[38;2;93;67;56m██[38;2;135;107;96m██[38;2;253;252;250m██[38;2;136;117;115m██[38;2;137;117;116m██[38;2;168;121;110m██[38;2;253;242;230m██[38;2;255;243;231m████████[38;2;254;242;230m██[38;2;239;228;215m██[38;2;255;243;231m██[38;2;245;239;228m██[38;2;147;124;126m██[38;2;138;114;114m██[38;2;172;145;132m██[38;2;191;167;154m██[38;2;205;181;168m  [38;2;95;68;63m  [38;2;0;0;0m  
[38;2;142;120;120m████████[38;2;133;112;112m██[38;2;125;89;77m██[38;2;135;114;114m██[38;2;250;249;247m██[38;2;143;122;123m██[38;2;205;141;135m██[38;2;191;129;122m██[38;2;251;244;234m██[38;2;254;242;230m██[38;2;255;243;231m████████[38;2;249;243;233m██[38;2;144;123;123m██[38;2;145;121;123m██[38;2;120;88;75m██[38;2;144;121;115m██[38;2;191;167;154m██[38;2;203;178;167m  [38;2;124;121;121m  [38;2;0;0;0m  
[38;2;141;120;120m████████[38;2;143;121;121m██[38;2;125;88;76m██[38;2;139;118;118m██[38;2;142;121;122m██[38;2;152;137;130m██[38;2;221;164;154m██[38;2;203;138;132m██[38;2;203;139;133m██[38;2;175;121;111m██[38;2;246;239;227m██[38;2;254;241;229m██[38;2;254;242;230m██[38;2;249;243;231m██[38;2;144;123;124m██[38;2;141;120;120m██[38;2;141;118;118m██[38;2;182;150;136m██[38;2;153;132;132m██[38;2;190;167;153m██[38;2;200;176;163m  [38;2;81;80;75m  [38;2;0;0;0m  
[38;2;47;71;83m██[38;2;49;72;83m██[38;2;49;71;83m██[38;2;48;70;82m██[38;2;49;78;88m██[38;2;95;75;67m██[38;2;156;126;112m██[38;2;147;124;124m██[38;2;146;125;126m██[38;2;244;210;197m██[38;2;220;163;152m██[38;2;204;138;132m██[38;2;203;138;132m██[38;2;211;144;139m██[38;2;142;105;93m██[38;2;162;143;130m██[38;2;146;126;118m██[38;2;142;121;122m██[38;2;142;120;120m██[38;2;163;130;116m██[38;2;153;125;114m██[38;2;151;129;131m██[38;2;188;164;151m██[38;2;199;175;162m██[38;2;184;175;170m  [38;2;0;0;0m  
[38;2;48;70;81m██[38;2;59;93;100m██[38;2;58;91;99m████[38;2;61;97;104m██[38;2;60;97;105m██[38;2;115;85;74m██[38;2;70;92;95m██[38;2;164;145;130m██[38;2;250;220;209m██[38;2;242;205;190m██[38;2;220;170;158m██[38;2;242;238;226m██[38;2;223;187;176m██[38;2;196;145;135m██[38;2;110;89;84m██[38;2;150;131;122m██[38;2;250;238;226m██[38;2;250;241;229m██[38;2;185;153;137m██[38;2;146;122;124m██[38;2;150;127;130m██[38;2;176;152;141m██[38;2;197;172;160m██[38;2;192;175;164m  [38;2;0;0;0m  
[38;2;51;86;95m██[38;2;60;92;100m██[38;2;57;90;98m██[38;2;59;95;99m██[38;2;50;77;82m██[38;2;55;86;90m██[38;2;79;74;68m██[38;2;70;121;126m██[38;2;149;132;117m██[38;2;128;109;97m██[38;2;173;148;134m██[38;2;37;37;36m██[38;2;182;152;140m██[38;2;227;184;171m██[38;2;219;165;156m██[38;2;121;103;92m██[38;2;54;52;50m██[38;2;74;96;98m██[38;2;34;40;40m██[38;2;61;97;103m██[38;2;59;92;99m██[38;2;64;81;86m██[38;2;127;119;111m██[38;2;199;173;160m██[38;2;207;186;175m  [38;2;68;63;63m  
[38;2;190;168;154m██[38;2;195;175;160m██[38;2;207;190;176m██[38;2;174;170;159m██[38;2;98;103;101m██[38;2;59;91;97m██[38;2;59;99;106m██[38;2;80;101;102m██[38;2;159;139;126m██[38;2;161;141;126m██[38;2;32;32;32m██[38;2;35;35;35m██[38;2;192;182;172m██[38;2;30;30;30m██[38;2;242;208;195m██[38;2;156;141;133m██[38;2;36;36;36m██[38;2;125;120;115m██[38;2;36;35;35m██[38;2;52;75;75m██[38;2;65;102;108m██[38;2;70;113;118m██[38;2;84;133;138m██[38;2;180;178;169m██[38;2;207;184;173m  [38;2;93;68;68m  
[38;2;202;182;168m██[38;2;190;167;153m██[38;2;193;171;157m██[38;2;189;169;153m██[38;2;197;178;162m██[38;2;199;180;165m██[38;2;190;171;155m██[38;2;204;186;171m██[38;2;203;186;170m██[38;2;37;36;33m██[38;2;32;32;32m██[38;2;37;37;37m██[38;2;254;247;236m██[38;2;105;94;88m██[38;2;249;221;209m██[38;2;163;151;143m██[38;2;96;93;88m██[38;2;33;34;33m██[38;2;36;36;36m██[38;2;28;30;30m██[38;2;200;186;172m██[38;2;196;175;160m██[38;2;214;197;185m██[38;2;211;198;182m██[38;2;202;178;166m  [38;2;83;75;72m  
[38;2;187;167;152m██[38;2;200;181;166m██[38;2;199;178;164m██[38;2;190;170;154m██[38;2;191;171;155m██[38;2;189;169;153m██[38;2;200;181;166m██[38;2;190;170;154m██[38;2;155;141;130m██[38;2;26;26;26m██[38;2;25;28;26m██[38;2;33;33;33m██[38;2;156;147;140m██[38;2;170;143;133m██[38;2;252;232;222m██[38;2;156;145;138m██[38;2;162;155;147m██[38;2;211;202;194m██[38;2;36;36;36m████[38;2;179;161;147m██[38;2;190;171;155m██[38;2;198;173;161m██[38;2;217;204;188m██[38;2;199;175;162m██[38;2;145;136;131m  
[38;2;129;107;90m██[38;2;150;128;112m██[38;2;181;162;146m██[38;2;186;163;148m██[38;2;190;167;152m██[38;2;202;182;168m██[38;2;206;188;174m██[38;2;193;173;158m██[38;2;7;7;6m██[38;2;14;13;12m██[38;2;26;26;26m██[38;2;16;14;12m██[38;2;150;141;133m██[38;2;207;199;193m██[38;2;255;242;230m██[38;2;187;174;166m██[38;2;25;25;25m██[38;2;224;182;172m██[38;2;20;20;19m██[38;2;34;34;34m██[38;2;33;33;32m██[38;2;200;181;166m██[38;2;204;184;169m██[38;2;211;194;181m██[38;2;195;170;157m██[38;2;178;159;149m  
[38;2;119;98;83m██[38;2;131;107;91m██[38;2;136;114;96m██[38;2;168;146;131m██[38;2;190;166;153m██[38;2;186;163;148m██[38;2;190;169;154m██[38;2;84;74;66m██[38;2;10;9;8m████[38;2;25;25;25m██[38;2;118;96;89m██[38;2;171;162;157m██[38;2;213;204;199m██[38;2;231;199;187m██[38;2;160;144;134m██[38;2;139;122;110m██[38;2;103;78;72m██[38;2;24;21;19m██[38;2;26;30;27m██[38;2;32;32;32m██[38;2;163;143;128m██[38;2;190;170;154m██[38;2;197;174;161m██[38;2;183;158;145m  [38;2;205;181;169m  [0m
