
[38;2;0;0;0m      [38;2;183;53;38m  [38;2;174;51;37m  [38;2;193;58;40m  [38;2;217;126;63m██[38;2;193;61;41m██[38;2;233;182;88m██[38;2;211;145;85m██[38;2;174;122;69m██[38;2;213;175;82m██[38;2;249;210;91m██[38;2;193;54;39m██[38;2;194;56;40m██[38;2;178;117;60m██[38;2;202;141;81m██[38;2;122;58;39m██[38;2;194;56;40m██[38;2;180;69;43m██[38;2;208;143;84m██[38;2;254;214;93m██[38;2;255;214;93m██[38;2;237;205;89m██[38;2;255;214;93m██[38;2;254;214;92m██[38;2;254;214;93m██[38;2;0;0;0m          
[38;2;0;0;0m      [38;2;10;4;4m  [38;2;168;50;36m██[38;2;179;52;38m██[38;2;197;65;42m██[38;2;211;144;85m██[38;2;213;146;85m██[38;2;246;212;92m██[38;2;193;63;42m██[38;2;238;190;89m██[38;2;211;145;85m██[38;2;194;55;40m██[38;2;226;145;70m██[38;2;194;56;40m██[38;2;186;54;38m██[38;2;147;111;54m██[38;2;214;112;59m██[38;2;193;55;39m██[38;2;194;56;40m██[38;2;156;103;62m██[38;2;255;214;93m██[38;2;255;215;93m██[38;2;238;207;89m██[38;2;218;156;86m██[38;2;243;207;90m██[38;2;247;213;93m██[38;2;0;0;0m  [38;2;134;123;57m  [38;2;0;0;0m    
[38;2;0;0;0m      [38;2;79;31;25m  [38;2;184;53;38m  [38;2;194;55;39m██[38;2;232;180;89m██[38;2;188;109;68m██[38;2;212;146;85m████[38;2;190;61;42m██[38;2;177;54;38m██[38;2;212;146;85m██[38;2;157;55;39m██[38;2;252;210;91m██[38;2;226;143;69m██[38;2;213;112;59m██[38;2;193;55;39m██[38;2;198;67;43m██[38;2;255;214;93m██[38;2;213;109;57m██[38;2;194;56;40m██[38;2;198;136;79m██[38;2;255;214;93m██[38;2;207;142;83m██[38;2;203;141;82m██[38;2;254;213;92m██[38;2;255;214;93m██[38;2;186;164;73m  [38;2;85;77;41m  [38;2;0;0;0m    
[38;2;0;0;0m      [38;2;180;52;38m  [38;2;30;12;10m  [38;2;206;92;52m██[38;2;171;63;41m██[38;2;215;150;86m██[38;2;149;103;62m██[38;2;232;183;89m██[38;2;118;71;46m██[38;2;193;56;40m██[38;2;193;55;39m██[38;2;143;54;38m██[38;2;227;146;70m██[38;2;255;213;93m██[38;2;255;215;93m██[38;2;234;166;77m██[38;2;215;114;59m██[38;2;211;171;84m██[38;2;249;207;92m██[38;2;253;212;92m██[38;2;192;55;39m██[38;2;213;148;85m██[38;2;195;171;76m██[38;2;169;117;70m██[38;2;238;191;90m██[38;2;254;214;93m██[38;2;255;214;93m██[38;2;160;138;64m  [38;2;19;19;18m  [38;2;0;0;0m  
[38;2;0;0;0m      [38;2;13;12;11m  [38;2;197;56;40m██[38;2;192;54;39m██[38;2;140;33;43m██[38;2;215;154;85m██[38;2;214;147;85m██[38;2;181;106;64m██[38;2;192;133;78m██[38;2;158;48;35m██[38;2;202;79;48m██[38;2;254;217;94m██[38;2;235;166;76m██[38;2;255;214;93m██[38;2;242;196;91m██[38;2;255;214;93m██[38;2;218;157;86m██[38;2;203;139;82m██[38;2;189;131;77m██[38;2;212;146;85m██[38;2;252;211;92m██[38;2;213;147;86m██[38;2;254;214;92m██[38;2;106;93;43m██[38;2;209;143;84m██[38;2;252;213;92m██[38;2;225;196;86m██[38;2;208;182;80m██[38;2;42;37;19m  [38;2;0;0;0m  
[38;2;0;0;0m    [38;2;4;4;5m  [38;2;141;44;33m  [38;2;123;40;30m  [38;2;23;19;21m  [38;2;140;32;44m██[38;2;129;35;42m██[38;2;214;149;85m██[38;2;151;68;45m██[38;2;194;56;40m██[38;2;206;75;46m██[38;2;211;101;55m██[38;2;253;213;92m██[38;2;238;191;90m██[38;2;209;143;85m██[38;2;211;146;85m██[38;2;204;141;82m██[38;2;195;134;79m██[38;2;212;146;85m██[38;2;213;146;85m██[38;2;191;132;78m██[38;2;211;146;85m██[38;2;239;195;91m██[38;2;166;115;69m██[38;2;254;213;92m██[38;2;132;95;56m██[38;2;255;214;92m██[38;2;255;213;93m██[38;2;169;147;67m██[38;2;138;123;58m  [38;2;0;0;0m  
[38;2;0;0;0m          [38;2;232;201;92m██[38;2;179;133;72m██[38;2;211;146;85m██[38;2;160;112;67m██[38;2;209;144;84m██[38;2;163;96;59m██[38;2;251;211;91m██[38;2;255;214;93m██[38;2;247;206;91m██[38;2;210;143;85m██[38;2;186;129;76m██[38;2;180;124;74m██[38;2;165;115;69m██[38;2;155;114;80m██[38;2;214;193;159m██[38;2;252;220;180m██[38;2;175;139;102m██[38;2;199;140;84m██[38;2;211;145;84m██[38;2;211;146;85m██[38;2;211;144;85m██[38;2;229;200;88m██[38;2;242;198;90m██[38;2;202;172;81m██[38;2;255;214;93m██[38;2;251;211;92m██[38;2;206;90;51m██
[38;2;0;0;0m        [38;2;14;5;6m  [38;2;34;17;18m  [38;2;179;156;71m  [38;2;211;145;84m██[38;2;211;146;84m██[38;2;252;212;92m██[38;2;255;214;93m████[38;2;246;208;91m██[38;2;211;145;85m██[38;2;212;147;85m██[38;2;211;146;85m██[38;2;159;117;79m██[38;2;254;216;178m██[38;2;254;217;177m██[38;2;209;167;139m██[38;2;254;217;178m████[38;2;254;216;178m██[38;2;254;219;180m██[38;2;199;137;80m██[38;2;208;144;84m██[38;2;224;172;87m██[38;2;198;138;79m██[38;2;254;214;92m██[38;2;255;214;93m██[38;2;245;196;86m██[38;2;128;41;31m██
[38;2;0;0;0m    [38;2;155;139;64m  [38;2;0;0;0m    [38;2;60;53;29m  [38;2;206;143;83m██[38;2;254;215;93m██[38;2;254;214;92m██[38;2;213;148;85m██[38;2;217;186;83m██[38;2;255;214;93m██[38;2;220;160;86m██[38;2;211;146;85m██[38;2;186;129;76m██[38;2;224;197;160m██[38;2;254;217;178m██[38;2;254;216;178m██[38;2;254;217;178m██[38;2;247;212;174m██[38;2;254;217;178m██████████[38;2;174;136;95m██[38;2;205;140;80m██[38;2;173;120;72m██[38;2;211;148;83m██[38;2;252;217;94m██[38;2;223;152;71m██[38;2;214;113;59m██
[38;2;0;0;0m    [38;2;3;3;3m  [38;2;255;213;93m██[38;2;238;203;88m██[38;2;250;210;92m██[38;2;216;153;85m██[38;2;237;189;89m██[38;2;211;146;85m██[38;2;202;174;80m██[38;2;255;216;93m██[38;2;156;112;69m██[38;2;241;195;90m██[38;2;211;146;85m██[38;2;236;205;168m██[38;2;254;216;178m██████[38;2;131;115;95m██[38;2;254;217;178m██[38;2;254;216;178m██[38;2;254;217;178m██[38;2;254;216;178m██[38;2;254;217;178m██████[38;2;252;216;177m██[38;2;247;215;176m██[38;2;211;145;85m██[38;2;211;146;84m██[38;2;251;214;93m██[38;2;195;56;40m██
[38;2;0;0;2m  [38;2;0;0;0m  [38;2;49;43;25m  [38;2;245;208;90m██[38;2;239;195;90m██[38;2;206;144;83m██[38;2;220;185;83m██[38;2;231;197;87m██[38;2;211;145;85m██[38;2;246;215;176m██[38;2;210;162;135m██[38;2;233;184;89m██[38;2;255;214;92m██[38;2;186;128;76m██[38;2;254;217;178m██[38;2;244;210;172m██[38;2;241;214;176m██[38;2;252;219;180m██[38;2;43;34;29m██[38;2;245;216;177m██[38;2;254;217;178m████████████████[38;2;205;141;81m██[38;2;228;171;87m██[38;2;191;56;39m██[38;2;192;55;39m  
[38;2;255;214;93m████[38;2;225;168;87m██[38;2;208;143;83m██[38;2;205;141;82m██[38;2;203;140;81m██[38;2;212;172;84m██[38;2;211;146;85m██[38;2;196;134;78m██[38;2;204;161;134m██[38;2;196;151;127m██[38;2;255;214;93m████[38;2;189;135;76m██[38;2;254;217;178m████[38;2;244;210;173m██[38;2;32;23;21m██[38;2;34;24;21m████[38;2;101;88;74m██[38;2;254;217;178m██████[38;2;254;217;177m██[38;2;254;216;178m██[38;2;254;217;178m████[38;2;181;127;73m██[38;2;201;129;64m██[38;2;205;82;49m██[38;2;115;38;30m  
[38;2;213;148;85m██[38;2;180;151;73m██[38;2;201;139;81m██[38;2;202;139;81m██[38;2;211;146;85m██[38;2;209;144;84m██[38;2;208;174;82m██[38;2;212;146;85m██[38;2;155;108;64m██[38;2;206;166;138m██[38;2;179;151;85m██[38;2;228;177;87m██[38;2;255;213;93m██[38;2;203;162;78m██[38;2;254;216;178m████████[38;2;227;185;153m██[38;2;114;88;74m██[38;2;34;24;22m██[38;2;177;158;130m██[38;2;254;216;178m██[38;2;254;217;178m██[38;2;254;216;178m██████[38;2;243;210;172m██[38;2;213;147;86m  [38;2;167;68;42m  [38;2;0;0;0m    
[38;2;249;211;92m██[38;2;205;163;81m██[38;2;227;191;86m██[38;2;187;137;75m██[38;2;212;174;83m██[38;2;250;210;92m██[38;2;212;146;85m██[38;2;204;141;82m██[38;2;213;146;85m██[38;2;183;144;119m██[38;2;245;207;92m██[38;2;217;153;86m██[38;2;230;183;88m██[38;2;254;215;93m██[38;2;254;217;178m██[38;2;193;175;144m██[38;2;254;218;178m██[38;2;253;218;179m██[38;2;239;206;169m██[38;2;217;179;148m██[38;2;210;162;135m██[38;2;147;131;108m██[38;2;254;217;178m██[38;2;254;217;177m██[38;2;254;217;178m████[38;2;254;219;179m██[38;2;116;102;85m██[38;2;22;20;13m  [38;2;25;10;8m  [38;2;127;6;6m  [38;2;0;0;0m  
[38;2;194;134;79m██[38;2;185;128;75m██[38;2;255;215;93m██[38;2;251;213;93m██[38;2;249;207;92m██[38;2;192;138;77m██[38;2;173;120;71m██[38;2;211;146;85m████[38;2;179;159;114m██[38;2;254;214;93m██[38;2;239;189;90m██[38;2;231;177;88m██[38;2;253;214;93m██[38;2;244;211;173m██[38;2;252;216;177m██[38;2;153;137;113m██[38;2;209;183;150m██[38;2;158;141;117m██[38;2;137;123;102m██[38;2;189;148;123m██[38;2;254;217;178m████████[38;2;86;74;62m██[38;2;34;24;22m██[38;2;120;108;52m  [38;2;80;70;31m  [38;2;8;7;7m  [38;2;0;0;0m    
[38;2;196;154;78m██[38;2;233;197;87m██[38;2;251;214;93m██[38;2;250;208;92m██[38;2;235;185;89m██[38;2;209;147;83m██[38;2;225;168;87m██[38;2;214;149;85m██[38;2;211;176;82m██[38;2;205;180;93m██[38;2;252;209;91m██[38;2;216;175;80m██[38;2;254;216;93m██[38;2;193;162;121m██[38;2;214;189;116m██[38;2;254;217;178m████[38;2;254;216;178m██[38;2;254;217;178m██[38;2;252;217;178m██[38;2;238;209;171m██[38;2;253;217;178m██[38;2;254;217;178m██[38;2;253;217;178m██[38;2;198;156;129m██[38;2;225;182;151m██[38;2;214;192;157m██[38;2;93;84;42m  [38;2;0;0;0m        
[38;2;223;194;99m██[38;2;199;176;80m██[38;2;255;214;93m██[38;2;253;212;92m██[38;2;219;158;86m██[38;2;238;188;90m██[38;2;245;201;91m██[38;2;212;146;85m██[38;2;35;14;11m██[38;2;174;53;40m██[38;2;193;56;40m██[38;2;221;191;84m██[38;2;255;214;93m██[38;2;210;176;140m██[38;2;248;212;175m██[38;2;253;217;178m██[38;2;254;217;178m████[38;2;254;217;177m██[38;2;254;217;178m██████[38;2;252;215;177m██[38;2;121;108;89m██[38;2;147;131;108m██[38;2;253;217;178m██[38;2;10;10;10m  [38;2;0;0;0m          
[38;2;197;194;192m██[38;2;255;214;93m██[38;2;255;214;92m██[38;2;206;170;80m██[38;2;255;214;93m██[38;2;206;184;101m██[38;2;204;140;83m██[38;2;26;8;7m██[38;2;36;13;11m██[38;2;194;56;40m██[38;2;167;107;65m██[38;2;254;216;93m██[38;2;253;210;91m██[38;2;249;212;91m██[38;2;254;217;178m██[38;2;254;216;178m██[38;2;254;217;178m██[38;2;254;216;178m██[38;2;254;217;178m██[38;2;254;216;178m██[38;2;254;217;178m██[38;2;254;216;178m██[38;2;186;162;134m██[38;2;253;217;178m██[38;2;254;218;179m██[38;2;217;184;84m██[38;2;1;1;1m  [38;2;0;0;0m          
[38;2;208;197;155m██[38;2;238;205;93m██[38;2;187;177;141m██[38;2;241;206;91m██[38;2;194;190;184m██[38;2;185;172;121m██[38;2;209;205;202m██[38;2;36;13;11m████[38;2;168;59;41m██[38;2;172;102;62m██[38;2;207;93;52m██[38;2;194;57;40m██[38;2;211;103;55m██[38;2;254;217;178m████████████████[38;2;250;215;176m██[38;2;254;217;177m██[38;2;201;182;149m██[38;2;235;187;90m██[38;2;16;14;9m  [38;2;1;1;1m  [38;2;0;0;0m        
[38;2;209;194;129m██[38;2;223;220;218m██[38;2;223;200;97m██[38;2;209;206;203m████[38;2;155;152;147m██[38;2;209;206;203m██[38;2;36;13;11m██[38;2;35;13;11m██[38;2;218;188;83m██[38;2;176;110;66m██[38;2;191;54;39m██[38;2;194;56;40m██[38;2;194;58;40m██[38;2;254;216;178m████[38;2;254;217;178m██[38;2;207;184;151m██[38;2;254;216;178m████[38;2;253;217;178m██[38;2;184;164;135m██[38;2;175;155;127m██[38;2;253;218;179m██[38;2;222;165;88m██[38;2;0;0;0m              
[38;2;254;252;251m████[38;2;210;206;203m██[38;2;221;219;216m██[38;2;208;206;203m████[38;2;204;201;198m██[38;2;58;24;20m██[38;2;227;142;69m██[38;2;252;210;91m██[38;2;228;173;88m██[38;2;198;146;69m██[38;2;162;115;113m██[38;2;174;58;43m██[38;2;250;216;177m██[38;2;254;217;178m██████[38;2;219;194;159m██[38;2;227;200;163m██[38;2;253;217;178m██████[38;2;118;105;49m██[38;2;52;46;25m  [38;2;0;0;0m              
[38;2;254;252;250m██[38;2;254;252;251m██[38;2;202;199;196m██[38;2;254;252;250m██[38;2;254;252;251m██[38;2;213;210;207m██[38;2;181;178;175m██[38;2;198;68;44m██[38;2;193;55;39m██[38;2;255;214;93m████[38;2;199;174;77m██[38;2;191;191;197m██[38;2;192;192;199m██[38;2;40;34;30m██[38;2;253;217;178m██[38;2;254;217;178m████[38;2;177;144;120m██[38;2;213;183;150m██[38;2;254;217;178m██[38;2;249;215;176m██[38;2;139;122;56m██[38;2;234;167;77m██[38;2;0;0;0m                
[38;2;254;252;251m██[38;2;249;248;247m██[38;2;194;191;188m██[38;2;254;251;251m██[38;2;254;252;251m██[38;2;238;236;235m██[38;2;112;101;98m██[38;2;194;55;40m██[38;2;193;55;39m██[38;2;232;157;73m██[38;2;247;199;87m██[38;2;146;59;37m██[38;2;36;13;11m██[38;2;191;190;197m██[38;2;186;185;192m██[38;2;44;44;45m██[38;2;251;215;177m██[38;2;254;216;178m██[38;2;254;217;178m██[38;2;253;217;178m██[38;2;135;112;88m██[38;2;253;212;92m██[38;2;228;151;72m██[38;2;193;53;39m██[38;2;9;3;25m  [38;2;0;0;0m              
[38;2;254;252;251m██[38;2;212;209;206m██[38;2;178;176;174m██[38;2;254;252;251m████[38;2;244;243;242m██[38;2;49;21;18m██[38;2;160;48;35m██[38;2;173;52;38m██[38;2;205;88;50m██[38;2;193;53;39m██[38;2;164;50;36m██[38;2;36;12;11m██[38;2;124;118;122m██[38;2;179;178;185m██[38;2;171;170;176m██[38;2;175;174;180m██[38;2;209;185;153m██[38;2;179;166;148m██[38;2;223;164;87m██[38;2;184;52;38m██[38;2;190;52;38m██[38;2;188;54;39m██[38;2;147;42;33m██[38;2;194;55;40m██[38;2;25;19;20m  [38;2;0;0;0m            
[38;2;254;252;251m██[38;2;209;206;203m██[38;2;195;193;190m██[38;2;254;252;251m████[38;2;248;247;245m██[38;2;33;9;7m██[38;2;31;13;11m██[38;2;189;55;39m██[38;2;194;55;39m██[38;2;191;64;42m██[38;2;194;56;40m██[38;2;33;10;8m██[38;2;167;167;172m██[38;2;168;167;173m██[38;2;186;185;192m██[38;2;34;13;11m██[38;2;85;72;70m██[38;2;210;207;204m██[38;2;243;200;92m██[38;2;172;100;56m██[38;2;154;93;56m██[38;2;206;200;197m██[38;2;175;53;40m  [38;2;2;0;0m  [38;2;0;0;0m              
[38;2;232;230;228m██[38;2;209;206;203m██[38;2;224;222;220m██[38;2;254;252;251m████[38;2;249;247;246m██[38;2;36;13;11m██[38;2;34;14;12m██[38;2;32;12;10m██[38;2;194;56;40m██[38;2;166;49;35m██[38;2;190;55;39m██[38;2;37;13;11m██[38;2;50;35;35m██[38;2;172;171;177m██[38;2;37;17;16m██[38;2;35;13;11m██[38;2;34;11;10m██[38;2;207;204;202m██[38;2;243;191;85m██[38;2;159;70;42m██[38;2;249;206;92m██[38;2;204;202;200m██[38;2;240;240;239m██[38;2;248;247;246m██[38;2;18;18;18m  [38;2;0;0;0m            
[38;2;222;219;217m██[38;2;187;185;182m██[38;2;254;252;251m██████[38;2;250;247;246m██[38;2;39;16;13m██[38;2;36;13;11m████[38;2;194;56;40m██[38;2;157;47;35m██[38;2;36;13;11m██[38;2;137;97;38m██[38;2;160;126;54m██[38;2;35;12;10m██[38;2;36;13;11m██████[38;2;218;214;212m██[38;2;210;101;54m██[38;2;254;215;93m██[38;2;250;208;92m██[38;2;218;192;84m██[38;2;254;252;251m██[38;2;223;225;226m██[38;2;251;249;248m██[38;2;2;2;2m  [38;2;0;0;0m          
[38;2;213;210;207m██[38;2;237;235;233m██[38;2;254;252;251m██[38;2;254;252;250m██[38;2;254;252;251m██[38;2;238;237;236m██[38;2;36;13;11m██[38;2;79;54;48m██[38;2;36;13;11m██[38;2;37;13;11m██[38;2;196;56;40m██[38;2;36;13;11m██[38;2;140;106;40m██[38;2;141;107;40m██[38;2;35;12;10m████[38;2;36;13;11m████[38;2;243;242;241m██[38;2;193;54;38m██[38;2;202;81;48m██[38;2;253;212;92m██[38;2;240;182;82m██[38;2;194;55;39m██[38;2;238;234;233m██[38;2;254;252;250m██[38;2;182;180;180m██[38;2;0;0;0m          
[38;2;212;209;206m██[38;2;254;252;250m████████[38;2;196;193;192m██[38;2;36;13;11m██[38;2;85;60;53m██[38;2;70;45;40m██[38;2;36;13;11m██[38;2;34;13;11m██[38;2;41;15;12m██[38;2;36;13;11m██████[38;2;66;41;36m██[38;2;36;13;11m████[38;2;209;207;207m██[38;2;190;54;38m██[38;2;183;54;38m██[38;2;243;195;86m██[38;2;163;87;78m██[38;2;175;49;34m██[38;2;254;252;250m██[38;2;248;246;246m██[38;2;254;252;251m██[38;2;18;18;18m  [38;2;0;0;0m        
[38;2;254;252;251m██[38;2;254;252;250m██[38;2;254;252;251m██[38;2;254;252;250m████[38;2;73;62;61m██[38;2;36;13;11m████[38;2;84;59;52m██[38;2;46;22;19m██[38;2;35;13;11m██[38;2;36;13;11m██████[38;2;49;25;22m██[38;2;36;13;11m██[38;2;35;12;10m██[38;2;81;57;49m██[38;2;154;148;147m██[38;2;253;251;250m██[38;2;167;48;34m██[38;2;194;55;39m██[38;2;254;252;251m██[38;2;199;182;180m██[38;2;254;252;251m████[38;2;249;248;247m██[38;2;187;186;186m██[38;2;0;0;0m        
[38;2;254;252;250m██[38;2;254;252;251m██[38;2;254;252;250m████[38;2;254;252;251m██[38;2;63;41;36m██[38;2;47;24;21m██[38;2;36;13;11m██[38;2;77;52;46m██[38;2;84;59;52m██[38;2;38;16;13m██[38;2;36;13;11m████[38;2;35;12;10m██[38;2;81;56;50m██[38;2;47;24;20m██[38;2;84;59;52m████[38;2;100;89;89m██[38;2;213;193;190m██[38;2;172;88;77m██[38;2;219;217;215m██[38;2;253;251;250m██[38;2;254;252;250m██████[38;2;250;249;248m██[38;2;232;230;229m██[38;2;12;12;12m  [38;2;0;0;0m      
[38;2;254;252;251m██[38;2;254;251;250m██[38;2;254;252;250m██████[38;2;84;58;52m██[38;2;84;59;52m██[38;2;36;13;11m████[38;2;83;58;51m████[38;2;36;13;11m████[38;2;83;58;51m██[38;2;64;40;35m██[38;2;142;132;129m██[38;2;169;163;160m██[38;2;100;82;77m██[38;2;62;44;41m██[38;2;254;252;250m██[38;2;253;251;250m██[38;2;194;191;188m██[38;2;254;252;250m████████[38;2;254;252;251m██[38;2;206;205;205m██[38;2;71;70;69m  [38;2;0;0;0m      [0m
