
[38;2;0;0;0m                        [38;2;59;16;8m  [38;2;155;111;45m  [38;2;116;76;28m  [38;2;91;52;19m  [38;2;150;101;30m  [38;2;122;83;27m  [38;2;138;105;28m  [38;2;70;31;14m  [38;2;8;0;0m  [38;2;56;0;0m  [38;2;0;0;0m                    
[38;2;0;0;0m                      [38;2;29;0;0m  [38;2;97;12;4m  [38;2;107;14;4m██[38;2;174;112;40m██[38;2;166;105;38m██[38;2;94;43;22m██[38;2;160;103;36m██[38;2;147;90;32m  [38;2;98;14;4m  [38;2;151;40;14m  [38;2;97;33;18m  [38;2;0;0;0m                    
[38;2;0;0;0m                      [38;2;22;0;0m  [38;2;114;15;4m  [38;2;173;101;35m██[38;2;101;42;21m██[38;2;107;46;26m██[38;2;176;109;37m██[38;2;112;49;24m██[38;2;109;47;23m██[38;2;186;114;38m██[38;2;101;12;6m  [38;2;86;0;0m  [38;2;0;0;0m                    
[38;2;16;0;0m  [38;2;0;0;0m                      [38;2;139;20;9m  [38;2;186;118;60m██[38;2;236;165;113m██[38;2;250;179;123m██[38;2;210;137;96m██[38;2;251;180;124m██[38;2;219;151;103m██[38;2;216;140;42m██[38;2;140;19;6m  [38;2;45;26;14m  [38;2;0;0;0m                    
[38;2;69;28;10m  [38;2;63;26;15m  [38;2;27;0;0m  [38;2;0;0;0m                [38;2;94;67;0m  [38;2;151;86;34m  [38;2;232;169;117m██[38;2;44;9;5m██[38;2;251;193;129m██[38;2;253;192;131m██[38;2;67;29;19m██[38;2;167;113;80m██[38;2;225;152;34m  [38;2;193;116;44m  [38;2;47;0;0m  [38;2;0;0;0m                    
[38;2;16;0;0m  [38;2;74;27;12m  [38;2;85;41;20m  [38;2;82;5;0m  [38;2;0;0;0m          [38;2;12;0;0m  [38;2;93;24;0m  [38;2;225;169;36m  [38;2;155;92;33m██[38;2;231;178;123m██[38;2;168;58;35m██[38;2;170;106;78m██[38;2;223;157;111m██[38;2;174;85;60m██[38;2;213;176;137m██[38;2;108;49;31m██[38;2;92;36;22m  [38;2;19;3;0m  [38;2;0;0;0m  [38;2;41;0;0m  [38;2;0;0;0m                
[38;2;129;47;18m  [38;2;54;18;8m  [38;2;116;65;46m  [38;2;103;75;67m  [38;2;43;24;24m  [38;2;0;0;0m  [38;2;221;214;1m  [38;2;81;32;12m  [38;2;89;44;0m  [38;2;102;45;21m  [38;2;197;109;43m  [38;2;222;150;46m  [38;2;242;157;37m██[38;2;189;134;63m██[38;2;254;211;145m██[38;2;254;213;146m██[38;2;186;103;71m██[38;2;253;209;146m██[38;2;248;201;137m██[38;2;196;113;36m██[38;2;131;58;27m██[38;2;158;74;40m  [38;2;140;70;69m  [38;2;125;58;28m  [38;2;154;77;75m  [38;2;1;0;0m  [38;2;0;0;0m            
[38;2;141;50;20m  [38;2;145;61;32m██[38;2;153;94;71m██[38;2;147;111;100m██[38;2;121;94;89m  [38;2;143;107;142m  [38;2;11;5;2m  [38;2;66;27;11m  [38;2;104;48;28m  [38;2;165;100;40m  [38;2;225;150;43m██[38;2;209;137;39m██[38;2;198;32;8m██[38;2;170;72;37m██[38;2;252;215;148m██[38;2;234;190;130m██[38;2;226;184;128m██[38;2;241;199;138m██[38;2;177;105;66m██[38;2;210;38;12m██[38;2;214;134;44m██[38;2;152;79;35m██[38;2;114;52;27m  [38;2;107;49;27m██[38;2;92;43;22m  [38;2;83;39;19m  [38;2;0;0;0m            
[38;2;142;52;22m  [38;2;149;66;35m██[38;2;166;105;84m██[38;2;172;131;119m██[38;2;159;125;115m██[38;2;138;109;102m  [38;2;130;82;63m  [38;2;132;64;34m  [38;2;169;94;42m██[38;2;253;190;40m██[38;2;182;32;10m██[38;2;234;130;30m██[38;2;238;179;26m██[38;2;156;80;52m██[38;2;132;66;52m██[38;2;253;214;150m██[38;2;250;209;147m██[38;2;197;136;94m██[38;2;172;76;41m██[38;2;184;49;16m██[38;2;134;61;31m██[38;2;199;114;39m██[38;2;220;150;38m██[38;2;147;72;32m  [38;2;130;58;31m  [38;2;11;1;0m  [38;2;0;0;0m            
[38;2;145;52;20m██[38;2;152;68;38m██[38;2;169;107;86m██[38;2;180;135;121m██[38;2;179;140;130m██[38;2;172;135;124m██[38;2;171;132;123m██[38;2;136;75;46m██[38;2;155;76;39m██[38;2;191;146;128m██[38;2;184;132;120m██[38;2;172;32;11m██[38;2;194;147;137m██[38;2;189;140;129m██[38;2;75;29;17m██[38;2;35;8;3m██[38;2;153;111;108m██[38;2;46;9;5m██[38;2;142;76;58m██[38;2;186;51;20m██[38;2;187;34;15m██[38;2;204;31;10m██[38;2;154;68;39m██[38;2;147;67;33m██[38;2;131;61;32m  [38;2;9;4;2m  [38;2;0;0;0m        [38;2;45;0;0m  [38;2;98;38;14m  
[38;2;188;6;5m██[38;2;174;18;13m██[38;2;168;106;88m██[38;2;183;138;128m██[38;2;183;142;133m██[38;2;181;139;129m██[38;2;158;124;112m██[38;2;236;224;197m██[38;2;253;254;223m██[38;2;220;205;180m██[38;2;187;150;132m██[38;2;186;145;128m██[38;2;186;139;129m██[38;2;86;42;27m██[38;2;33;5;3m██[38;2;26;1;0m██[38;2;54;21;11m██[38;2;25;0;1m██[38;2;33;4;3m██[38;2;173;126;117m██[38;2;110;61;50m██[38;2;137;74;52m██[38;2;107;37;22m  [38;2;19;8;5m  [38;2;71;0;0m  [38;2;71;30;12m  [38;2;18;0;0m  [38;2;0;0;0m    [38;2;47;0;0m  [38;2;95;39;14m  [38;2;138;53;21m██
[38;2;65;2;3m  [38;2;67;1;2m  [38;2;69;1;2m██[38;2;68;0;2m██[38;2;66;2;2m██[38;2;111;80;78m██[38;2;101;73;68m██[38;2;97;71;66m██[38;2;104;88;73m██[38;2;190;183;159m██[38;2;217;211;183m██[38;2;187;170;145m██[38;2;32;7;5m██[38;2;38;9;4m██[38;2;72;24;8m██[38;2;31;5;3m██[38;2;33;7;3m██[38;2;22;1;2m██[38;2;125;91;89m██[38;2;129;92;91m██[38;2;161;120;109m██[38;2;163;124;114m  [38;2;129;60;60m  [38;2;0;0;0m          [38;2;143;143;0m  [38;2;107;48;26m  [38;2;113;44;19m██[38;2;129;47;19m██
[38;2;27;0;3m  [38;2;45;0;0m  [38;2;81;2;3m  [38;2;85;28;26m██[38;2;114;77;73m██[38;2;116;85;83m██[38;2;105;76;72m██[38;2;51;30;24m██[38;2;27;8;0m██[38;2;27;7;0m██[38;2;61;19;11m██[38;2;77;28;13m██[38;2;25;3;3m██[38;2;73;26;10m██[38;2;38;11;5m██[38;2;69;22;9m██[38;2;32;7;6m██[38;2;32;10;8m██[38;2;24;2;4m██[38;2;41;11;6m██[38;2;87;59;54m██[38;2;153;114;104m██[38;2;150;111;103m  [38;2;59;59;59m  [38;2;0;0;0m      [38;2;71;71;71m  [38;2;151;114;103m  [38;2;128;75;54m  [38;2;139;62;32m██[38;2;140;53;23m██
[38;2;50;1;3m  [38;2;27;0;0m  [38;2;172;6;7m  [38;2;235;203;189m██[38;2;238;205;191m██[38;2;225;192;178m██[38;2;54;27;24m██[38;2;27;5;0m██[38;2;26;4;0m██[38;2;23;5;1m██[38;2;65;22;11m██[38;2;74;25;11m██[38;2;41;10;6m██[38;2;26;3;3m██[38;2;73;25;9m██[38;2;48;13;6m██[38;2;49;15;7m██[38;2;76;30;11m██[38;2;46;13;7m██[38;2;22;2;1m██[38;2;26;5;1m██[38;2;220;214;184m██[38;2;188;156;142m██[38;2;157;118;107m  [38;2;109;109;55m  [38;2;0;0;0m  [38;2;86;86;86m  [38;2;144;112;105m  [38;2;151;115;104m██[38;2;167;118;99m██[38;2;163;90;61m██[38;2;150;62;29m██
[38;2;48;0;0m  [38;2;61;1;1m  [38;2;191;5;5m██[38;2;192;8;9m██[38;2;196;62;57m██[38;2;178;67;59m██[38;2;47;12;6m██[38;2;76;26;9m██[38;2;78;27;12m██[38;2;74;26;11m██[38;2;77;28;10m██[38;2;74;26;10m██[38;2;32;5;4m██[38;2;76;25;10m██[38;2;77;25;11m██[38;2;74;26;10m██[38;2;47;14;7m██[38;2;18;1;0m██[38;2;20;2;0m██[38;2;22;2;0m██[38;2;25;4;0m██[38;2;30;10;4m██[38;2;253;252;216m██[38;2;232;210;182m██[38;2;162;124;113m  [38;2;172;135;124m  [38;2;149;113;102m  [38;2;167;128;114m██[38;2;185;140;125m██[38;2;186;140;122m██[38;2;178;111;88m██[38;2;160;70;39m██
[38;2;0;0;0m  [38;2;56;2;2m  [38;2;140;4;5m██[38;2;209;6;7m██[38;2;204;104;99m██[38;2;123;73;59m██[38;2;174;130;120m██[38;2;123;69;59m██[38;2;87;29;12m██[38;2;84;29;11m██[38;2;78;26;11m██[38;2;71;22;9m██[38;2;80;26;11m██[38;2;79;26;10m██[38;2;79;27;11m████[38;2;78;27;9m██[38;2;40;11;5m██[38;2;21;2;1m██[38;2;53;15;7m██[38;2;80;30;12m██[38;2;50;17;6m██[38;2;115;80;70m██[38;2;254;252;220m██[38;2;253;252;217m██[38;2;176;132;115m██[38;2;199;164;142m██[38;2;195;149;129m██[38;2;200;154;135m██[38;2;197;148;128m██[38;2;189;123;99m██[38;2;168;81;45m██
[38;2;0;0;0m    [38;2;58;6;4m  [38;2;175;7;8m██[38;2;189;165;151m██[38;2;182;98;70m██[38;2;221;148;105m██[38;2;175;105;80m██[38;2;91;28;11m██[38;2;88;28;10m██[38;2;116;76;70m██[38;2;86;29;11m██[38;2;83;29;11m██[38;2;64;19;8m██[38;2;78;26;11m██[38;2;80;27;10m██[38;2;80;26;11m██[38;2;72;24;8m██[38;2;128;65;32m██[38;2;81;27;11m██[38;2;82;30;11m██[38;2;95;54;42m██[38;2;132;92;85m██[38;2;143;103;91m██[38;2;249;248;223m██[38;2;253;252;231m██[38;2;224;213;190m██[38;2;207;165;142m██[38;2;225;206;181m██[38;2;202;164;139m██[38;2;202;141;108m██[38;2;182;89;49m██
[38;2;0;0;0m    [38;2;54;2;1m  [38;2;50;13;5m██[38;2;192;39;31m██[38;2;172;35;14m██[38;2;220;151;94m██[38;2;203;104;70m██[38;2;98;30;12m██[38;2;249;204;185m██[38;2;239;196;178m██[38;2;93;32;14m██[38;2;88;29;11m██[38;2;86;28;9m██[38;2;84;27;10m██[38;2;28;5;1m██[38;2;29;5;1m██[38;2;74;25;10m██[38;2;79;27;10m██[38;2;49;14;6m██[38;2;38;9;3m██[38;2;143;98;84m██[38;2;207;166;146m██[38;2;234;197;175m██[38;2;237;207;182m██[38;2;241;235;215m██[38;2;253;254;233m██[38;2;253;253;233m██[38;2;254;253;237m██[38;2;232;215;184m██[38;2;227;182;137m██[38;2;248;180;32m██
[38;2;0;0;0m    [38;2;80;2;4m  [38;2;178;5;6m  [38;2;217;66;21m██[38;2;234;134;51m██[38;2;249;88;32m██[38;2;199;127;81m██[38;2;205;171;150m██[38;2;254;224;203m██[38;2;254;218;196m██[38;2;146;95;77m██[38;2;94;31;14m██[38;2;90;30;11m██[38;2;89;30;11m██[38;2;85;29;10m██[38;2;76;25;11m██[38;2;31;5;2m██[38;2;27;4;1m██[38;2;69;22;10m██[38;2;82;31;12m██[38;2;248;211;189m██[38;2;215;144;115m██[38;2;215;147;117m██[38;2;231;147;126m██[38;2;219;97;82m██[38;2;214;151;131m██[38;2;252;252;232m██[38;2;254;254;229m██[38;2;253;254;205m██[38;2;253;239;135m██[38;2;252;195;34m██
[38;2;0;0;0m    [38;2;31;0;0m  [38;2;138;7;5m  [38;2;141;29;16m██[38;2;167;53;23m██[38;2;198;51;25m██[38;2;211;164;102m██[38;2;254;242;217m██[38;2;253;238;213m██[38;2;254;236;210m██[38;2;210;177;154m██[38;2;101;34;17m██[38;2;95;33;14m██[38;2;92;32;12m██[38;2;91;33;13m██[38;2;91;31;13m██[38;2;86;31;12m██[38;2;82;32;14m██[38;2;88;32;13m██[38;2;86;31;14m██[38;2;219;186;123m██[38;2;223;190;124m██[38;2;172;115;97m██[38;2;231;177;71m██[38;2;221;30;20m██[38;2;239;15;12m██[38;2;236;13;8m██[38;2;224;162;135m██[38;2;253;251;177m  [38;2;254;219;98m██[38;2;253;183;25m██
[38;2;0;0;0m      [38;2;34;7;4m  [38;2;109;39;28m██[38;2;229;74;36m██[38;2;219;83;37m██[38;2;222;24;16m  [38;2;238;10;7m  [38;2;200;143;123m██[38;2;253;245;217m██[38;2;154;115;93m██[38;2;104;38;15m██[38;2;95;35;13m██[38;2;53;17;4m██[38;2;37;11;3m██[38;2;39;12;4m██[38;2;38;13;5m██[38;2;39;14;5m██[38;2;39;12;2m██[38;2;61;19;7m██[38;2;101;37;12m██[38;2;221;139;96m██[38;2;222;181;120m██[38;2;244;227;216m██[38;2;231;10;6m██[38;2;227;13;10m  [38;2;223;12;6m  [38;2;215;13;5m  [38;2;95;77;67m  [38;2;197;130;56m  [38;2;249;158;48m  
[38;2;0;0;0m    [38;2;31;7;3m  [38;2;79;25;14m  [38;2;210;62;37m  [38;2;145;14;9m  [38;2;126;40;22m  [38;2;192;9;8m  [38;2;92;9;4m  [38;2;219;110;93m  [38;2;219;154;134m██[38;2;249;247;214m██[38;2;128;81;70m██[38;2;246;245;211m██[38;2;243;240;210m██[38;2;251;250;219m██[38;2;253;252;221m██[38;2;213;187;157m██[38;2;253;253;225m██[38;2;209;188;158m██[38;2;248;247;215m██[38;2;116;69;55m██[38;2;246;223;139m██[38;2;226;9;3m██[38;2;233;11;7m██[38;2;191;11;8m  [38;2;154;0;0m  [38;2;130;0;0m  [38;2;93;18;11m  [38;2;70;0;0m  [38;2;0;0;0m  [38;2;114;0;0m  
[38;2;0;0;0m  [38;2;32;7;4m  [38;2;64;14;3m  [38;2;173;35;19m  [38;2;204;78;60m  [38;2;185;69;32m  [38;2;0;0;0m      [38;2;26;75;2m  [38;2;233;12;8m  [38;2;222;13;10m██[38;2;172;153;132m██[38;2;143;122;103m██[38;2;146;129;109m██[38;2;140;121;102m██[38;2;138;121;102m██[38;2;199;165;143m██[38;2;229;204;174m██[38;2;178;148;128m██[38;2;201;172;152m██[38;2;203;142;132m██[38;2;239;10;6m██[38;2;237;11;10m██[38;2;231;10;8m██[38;2;215;9;5m██[38;2;193;19;16m  [38;2;170;12;11m  [38;2;35;0;0m  [38;2;0;0;0m      
[38;2;38;7;0m  [38;2;69;15;4m  [38;2;182;25;8m  [38;2;73;49;26m  [38;2;0;0;0m          [38;2;27;0;0m  [38;2;142;14;8m  [38;2;39;4;3m  [38;2;36;5;1m██[38;2;36;7;2m██[38;2;39;10;4m██[38;2;36;9;0m██[38;2;35;8;0m██[38;2;36;9;0m██[38;2;33;9;2m██[38;2;32;7;1m██[38;2;34;5;0m██[38;2;36;4;2m██[38;2;199;10;8m  [38;2;179;6;8m  [38;2;214;9;10m  [38;2;202;8;4m  [38;2;169;16;11m  [38;2;96;0;0m  [38;2;0;0;0m        
[38;2;82;15;5m  [38;2;176;21;7m  [38;2;151;122;103m  [38;2;0;0;0m              [38;2;89;29;29m  [38;2;31;2;0m  [38;2;32;4;1m██[38;2;33;4;1m██[38;2;90;32;12m██[38;2;33;5;1m██[38;2;33;5;2m██[38;2;39;7;3m██[38;2;55;16;9m██[38;2;29;3;1m██[38;2;27;1;0m██[38;2;27;2;0m██[38;2;199;9;12m  [38;2;124;0;0m  [38;2;7;0;0m  [38;2;123;0;0m  [38;2;4;2;0m  [38;2;0;0;0m          
[38;2;208;28;6m██[38;2;232;161;116m  [38;2;0;0;0m                [38;2;27;0;1m  [38;2;27;2;0m██[38;2;32;3;0m██[38;2;59;17;9m██[38;2;32;5;2m██[38;2;29;3;0m██[38;2;28;3;0m██[38;2;71;23;9m██[38;2;71;21;9m██[38;2;32;4;2m██[38;2;22;3;3m██[38;2;52;16;9m██[38;2;24;1;2m  [38;2;0;0;0m                  
[38;2;251;183;137m  [38;2;151;151;139m  [38;2;0;0;0m              [38;2;21;3;0m  [38;2;23;3;1m  [38;2;27;1;2m████[38;2;72;23;10m██[38;2;26;1;1m██[38;2;27;3;0m██[38;2;35;6;4m██[38;2;30;4;3m██[38;2;72;22;10m██[38;2;21;2;2m██[38;2;36;6;4m██[38;2;39;9;5m██[38;2;20;1;2m  [38;2;0;0;0m                  
[38;2;131;78;65m  [38;2;0;0;0m                [38;2;22;1;0m  [38;2;26;0;1m████[38;2;26;1;1m██[38;2;26;3;1m██[38;2;23;2;1m██[38;2;24;3;1m██[38;2;81;23;11m██[38;2;24;1;1m██[38;2;70;20;9m██[38;2;23;3;1m██[38;2;38;7;5m██[38;2;21;0;2m██[38;2;21;2;3m  [38;2;24;1;0m  [38;2;0;0;0m                
[38;2;0;0;0m                [38;2;41;9;4m  [38;2;72;21;7m██[38;2;24;1;2m██[38;2;26;0;1m██[38;2;23;2;2m██[38;2;23;3;2m████[38;2;22;2;2m██[38;2;70;21;7m██[38;2;21;2;2m██[38;2;57;15;7m██[38;2;22;2;1m██[38;2;37;6;6m██[38;2;22;2;4m██[38;2;25;3;5m██[38;2;19;1;2m  [38;2;0;0;0m                
[38;2;0;0;0m              [38;2;29;0;0m  [38;2;69;19;6m  [38;2;80;23;6m██[38;2;85;22;7m██[38;2;22;2;1m██[38;2;23;3;2m██████[38;2;24;2;1m██[38;2;29;4;3m██[38;2;21;1;1m██[38;2;29;5;3m██[38;2;21;0;2m██[38;2;30;6;7m██[38;2;22;2;4m██[38;2;21;1;3m██[38;2;66;19;7m██[38;2;20;3;1m  [38;2;0;0;0m              
[38;2;0;0;0m            [38;2;46;0;0m  [38;2;135;89;77m  [38;2;76;21;7m██[38;2;85;23;7m██[38;2;84;23;8m██[38;2;28;2;2m██[38;2;22;2;1m██████[38;2;45;10;5m██[38;2;22;1;1m██[38;2;22;2;1m██[38;2;20;0;2m██[38;2;21;1;3m██[38;2;20;2;2m██[38;2;24;3;3m██[38;2;46;10;6m██[38;2;60;17;7m██[38;2;62;19;7m  [38;2;1;0;0m  [38;2;0;0;0m            
[38;2;0;0;0m        [38;2;14;14;14m  [38;2;66;42;40m  [38;2;174;138;122m  [38;2;67;14;2m██[38;2;84;21;7m██[38;2;85;23;8m██[38;2;43;7;3m██[38;2;79;22;6m██[38;2;72;21;7m██[38;2;23;1;1m██[38;2;22;2;1m██[38;2;61;16;7m██[38;2;22;2;3m██[38;2;25;3;3m██[38;2;20;1;3m██[38;2;21;0;3m██[38;2;54;13;6m██[38;2;76;22;8m██[38;2;76;23;8m██[38;2;64;17;7m██[38;2;67;20;7m██[38;2;59;18;9m  [38;2;3;1;1m  [38;2;0;0;0m          [0m
