
[38;2;93;88;90m  [38;2;249;212;224m  [38;2;249;208;221m  [38;2;249;208;220m  [38;2;234;195;205m  [38;2;143;125;130m  [38;2;16;17;17m  [38;2;1;1;1m  [38;2;0;0;0m    [38;2;1;1;1m    [38;2;56;54;55m  [38;2;125;118;120m  [38;2;173;166;170m  [38;2;193;185;189m  [38;2;186;180;184m  [38;2;147;140;143m  [38;2;69;66;67m  [38;2;1;1;1m    [38;2;0;0;0m          [38;2;57;55;56m  [38;2;205;187;194m  [38;2;249;215;226m  [38;2;250;204;216m  [38;2;250;200;213m██[38;2;189;173;179m  
[38;2;136;127;130m  [38;2;247;198;211m██[38;2;57;48;50m  [38;2;93;75;80m██[38;2;196;160;170m██[38;2;247;199;212m██[38;2;246;195;208m██[38;2;250;206;219m  [38;2;79;69;71m  [38;2;189;181;185m  [38;2;250;215;226m  [38;2;245;193;206m██[38;2;247;195;209m██[38;2;246;195;209m██[38;2;246;195;208m██[38;2;249;198;211m██[38;2;248;196;209m██[38;2;248;197;210m██[38;2;246;195;209m██[38;2;245;193;206m██[38;2;250;216;226m  [38;2;138;130;133m  [38;2;6;6;6m  [38;2;2;2;2m  [38;2;161;152;156m  [38;2;248;197;210m  [38;2;247;196;209m██[38;2;245;194;207m██[38;2;239;191;203m██[38;2;135;110;116m██[38;2;162;130;139m  [38;2;173;146;154m  
[38;2;121;114;116m  [38;2;247;197;211m██[38;2;34;34;34m██[38;2;32;32;32m████[38;2;35;35;35m██[38;2;96;79;84m██[38;2;245;194;208m██[38;2;245;195;208m██[38;2;246;195;208m██[38;2;245;195;208m████[38;2;245;194;207m██[38;2;221;177;189m██[38;2;214;203;207m  [38;2;251;214;224m██[38;2;247;195;209m██[38;2;248;197;211m██[38;2;246;195;208m██[38;2;245;195;208m██████[38;2;244;192;205m  [38;2;243;191;204m  [38;2;245;195;208m██[38;2;244;194;207m██[38;2;192;154;165m██[38;2;22;23;23m██[38;2;33;33;33m██[38;2;32;32;32m██[38;2;117;96;102m  [38;2;117;94;101m  
[38;2;77;74;75m  [38;2;247;198;212m██[38;2;34;34;34m██[38;2;30;30;30m██████[38;2;76;63;66m██[38;2;245;194;208m████████[38;2;245;193;207m██[38;2;167;152;157m██[38;2;246;200;212m██[38;2;245;194;208m██[38;2;246;194;208m██████[38;2;245;194;208m██[38;2;246;194;208m██[38;2;245;194;208m██████████[38;2;20;19;18m██[38;2;31;31;31m██[38;2;30;30;30m██████[38;2;154;122;131m██[38;2;44;35;38m  
[38;2;20;20;20m  [38;2;244;193;206m██[38;2;20;21;21m██[38;2;29;29;29m██[38;2;30;30;30m██[38;2;162;129;137m██[38;2;246;194;207m██[38;2;246;194;206m██████[38;2;245;193;207m██[38;2;165;151;154m██[38;2;246;195;209m██[38;2;245;194;207m████████████[38;2;245;194;206m██[38;2;245;194;207m██[38;2;246;194;206m██████[38;2;245;192;205m██[38;2;201;13;32m██[38;2;193;156;166m  [38;2;29;29;29m████[38;2;30;30;30m██[38;2;208;166;178m██[38;2;2;2;2m  
[38;2;2;2;2m  [38;2;243;189;203m██[38;2;64;51;55m██[38;2;29;28;29m██[38;2;250;198;212m██[38;2;246;192;207m██[38;2;246;193;207m████████[38;2;176;139;149m██[38;2;249;210;220m██[38;2;245;192;207m██[38;2;245;193;207m██[38;2;246;193;207m████████[38;2;245;193;207m██[38;2;246;192;207m██[38;2;245;193;207m██[38;2;236;187;201m██[38;2;246;193;207m████[38;2;254;231;235m██[38;2;206;8;32m██[38;2;245;192;206m██[38;2;197;7;19m██[38;2;113;89;91m██[38;2;33;32;32m██[38;2;254;202;216m  [38;2;101;101;101m  
[38;2;1;1;1m  [38;2;249;203;217m  [38;2;246;193;207m██[38;2;250;198;212m██[38;2;246;193;206m████[38;2;245;193;206m██[38;2;246;193;206m████[38;2;243;191;204m██[38;2;246;236;241m██[38;2;246;193;206m██[38;2;245;193;206m██[38;2;246;193;206m████████████[38;2;245;193;206m██[38;2;246;193;206m██[38;2;216;162;176m██[38;2;243;191;205m██[38;2;245;193;206m██[38;2;213;57;75m██[38;2;153;1;13m██[38;2;248;204;218m██[38;2;201;5;29m██[38;2;205;149;161m██[38;2;253;203;218m██[38;2;197;158;170m  [38;2;0;0;0m  
[38;2;2;2;2m  [38;2;237;187;200m  [38;2;246;192;206m████████[38;2;246;192;205m██████[38;2;192;149;160m██[38;2;246;198;210m██[38;2;246;192;206m██[38;2;245;192;206m██[38;2;246;192;206m██[38;2;246;191;206m████████[38;2;246;192;206m████[38;2;245;191;205m████[38;2;253;204;219m██[38;2;251;212;219m██[38;2;201;6;29m██[38;2;206;156;167m██[38;2;212;59;78m██[38;2;204;7;31m██[38;2;246;193;207m██[38;2;246;192;206m██[38;2;244;190;204m██[38;2;18;13;14m  
[38;2;211;203;207m  [38;2;246;192;206m████████████████[38;2;143;133;136m██[38;2;245;192;206m██[38;2;246;192;206m██████████████████[38;2;236;153;169m██[38;2;198;4;17m██[38;2;198;4;18m██[38;2;201;7;30m██[38;2;212;7;32m██[38;2;243;188;203m██[38;2;199;4;27m██[38;2;179;1;15m██[38;2;245;191;205m██[38;2;246;192;206m████[38;2;247;193;207m  
[38;2;245;194;207m██[38;2;245;192;206m██[38;2;246;192;206m████████████[38;2;245;191;205m██[38;2;236;223;227m██[38;2;246;192;206m██[38;2;245;192;206m██[38;2;246;192;206m████[38;2;245;192;206m██[38;2;246;192;206m████[38;2;245;192;206m██[38;2;246;192;206m████[38;2;214;144;157m██[38;2;121;0;11m██[38;2;115;0;6m██[38;2;97;2;11m██[38;2;232;178;191m██[38;2;245;193;207m██[38;2;199;5;28m██[38;2;197;1;20m██[38;2;245;190;204m██[38;2;246;192;206m██[38;2;245;192;206m██[38;2;246;192;206m██
[38;2;245;192;206m██[38;2;246;192;206m██████[38;2;245;192;206m██[38;2;246;192;206m██████[38;2;244;190;204m██[38;2;240;234;240m  [38;2;246;192;206m██[38;2;245;192;206m██[38;2;246;192;206m██████[38;2;245;192;206m████[38;2;246;192;206m██████[38;2;247;197;207m██[38;2;202;22;34m██[38;2;199;8;26m██[38;2;200;5;26m██[38;2;201;18;29m██[38;2;230;131;141m██[38;2;160;28;41m██[38;2;199;5;28m██[38;2;200;12;28m██[38;2;246;195;209m██[38;2;246;192;206m██[38;2;245;192;206m██
[38;2;246;192;206m████[38;2;245;192;206m██[38;2;246;192;206m██[38;2;245;192;206m██[38;2;246;192;206m██████[38;2;244;191;205m██[38;2;238;224;228m██[38;2;246;192;206m██[38;2;245;192;206m██[38;2;246;192;206m██[38;2;245;192;206m██[38;2;246;192;206m████████[38;2;245;192;206m██[38;2;245;191;205m██[38;2;202;139;148m██[38;2;115;2;14m██[38;2;111;15;26m██[38;2;115;11;22m██[38;2;199;1;23m██[38;2;201;5;28m██[38;2;200;4;25m██[38;2;170;100;109m██[38;2;199;5;28m██[38;2;141;63;71m██[38;2;246;192;206m████
[38;2;245;192;206m██████[38;2;245;191;206m██[38;2;245;192;206m████████[38;2;245;191;206m██[38;2;162;154;156m██[38;2;245;192;206m██[38;2;246;192;206m██[38;2;245;191;206m██[38;2;245;192;206m██████████[38;2;245;191;205m██[38;2;218;157;172m██[38;2;217;174;186m██[38;2;245;191;205m██████[38;2;246;191;205m██[38;2;163;31;45m██[38;2;200;5;28m██[38;2;200;4;26m██[38;2;237;188;202m██[38;2;246;193;207m██[38;2;245;192;206m████
[38;2;246;192;206m██████[38;2;186;142;153m██[38;2;245;192;206m██████████[38;2;101;83;88m██[38;2;245;191;205m██[38;2;246;192;206m██[38;2;245;192;206m████[38;2;246;192;206m████████[38;2;214;157;171m  [38;2;227;185;199m██[38;2;245;192;206m██████████[38;2;245;190;204m██[38;2;183;16;33m██[38;2;206;6;30m██[38;2;209;160;173m██[38;2;245;192;206m██[38;2;246;192;206m████
[38;2;245;192;206m████[38;2;246;192;206m██[38;2;189;153;163m██[38;2;248;196;210m██[38;2;246;192;206m██[38;2;245;191;206m██[38;2;246;192;206m██[38;2;245;192;206m██[38;2;252;201;216m██[38;2;233;176;191m██[38;2;245;192;206m████[38;2;246;192;206m██[38;2;245;192;206m██████[38;2;248;193;208m██[38;2;201;142;157m██[38;2;122;85;95m██[38;2;245;191;205m██[38;2;246;192;206m██[38;2;245;191;206m██[38;2;246;192;206m██[38;2;245;192;206m████[38;2;246;191;205m██[38;2;175;116;125m██[38;2;241;187;201m██[38;2;246;192;206m██[38;2;245;192;206m████
[38;2;245;192;206m████[38;2;225;179;193m██[38;2;247;247;247m██[38;2;44;43;43m██[38;2;202;162;173m██[38;2;245;191;205m██[38;2;246;192;206m██[38;2;245;192;206m████[38;2;78;60;65m██[38;2;241;186;200m██[38;2;245;192;206m██[38;2;246;192;206m██[38;2;245;192;206m██████[38;2;200;155;167m██[38;2;245;191;205m██[38;2;198;136;152m██[38;2;246;192;206m██[38;2;245;192;205m██[38;2;246;192;206m████[38;2;245;192;206m████[38;2;247;194;208m██[38;2;128;128;128m██[38;2;207;208;208m██[38;2;245;191;205m██[38;2;245;192;206m████
[38;2;245;192;206m██[38;2;245;191;205m██[38;2;133;132;133m██[38;2;230;230;230m██[38;2;0;0;0m████[38;2;14;11;12m██[38;2;236;186;199m██[38;2;244;191;204m██[38;2;245;192;206m██[38;2;244;190;204m██[38;2;96;68;75m  [38;2;224;166;181m██[38;2;245;191;205m██[38;2;245;192;206m██████[38;2;246;192;206m██[38;2;239;183;198m██[38;2;127;88;98m██[38;2;245;191;205m██[38;2;246;192;206m██[38;2;245;192;206m██[38;2;245;191;205m██[38;2;248;196;210m██[38;2;82;65;70m██[38;2;1;0;0m██[38;2;1;1;1m██[38;2;247;247;247m██[38;2;175;140;150m  [38;2;245;192;206m████
[38;2;246;192;206m██[38;2;247;196;211m██[38;2;251;251;251m██[38;2;55;55;55m██[38;2;0;0;0m██████████[38;2;177;142;152m██[38;2;247;196;210m██[38;2;243;189;203m██[38;2;139;110;118m██[38;2;178;121;135m██[38;2;218;158;174m██[38;2;234;178;192m██[38;2;234;176;191m██[38;2;210;149;164m██[38;2;159;109;122m██[38;2;247;195;209m██[38;2;245;191;205m██[38;2;248;194;208m██[38;2;211;168;181m██[38;2;29;23;24m██[38;2;2;1;1m██[38;2;0;0;0m██████[38;2;220;220;220m██[38;2;130;131;130m██[38;2;244;191;205m██[38;2;245;192;206m██
[38;2;245;192;206m██[38;2;226;178;191m██[38;2;247;247;247m██[38;2;0;0;1m██[38;2;0;0;0m████████[38;2;3;3;3m██[38;2;243;243;243m██[38;2;251;251;251m██[38;2;19;19;19m██[38;2;121;121;121m██[38;2;185;91;115m██[38;2;192;98;122m██[38;2;105;54;67m██[38;2;96;50;62m██[38;2;171;89;111m██[38;2;164;92;111m  [38;2;116;105;108m██[38;2;3;3;3m██[38;2;248;248;248m██[38;2;246;246;246m██[38;2;0;0;0m██████████[38;2;138;140;142m██[38;2;244;244;244m██[38;2;248;193;208m██[38;2;245;192;206m██
[38;2;246;192;206m██[38;2;232;182;195m██[38;2;248;248;248m██[38;2;22;41;50m██[38;2;0;0;0m██████████[38;2;219;219;219m██[38;2;246;246;246m██[38;2;65;65;65m██[38;2;235;238;238m██[38;2;205;104;130m██[38;2;206;104;131m██[38;2;207;105;131m██[38;2;207;106;132m██[38;2;208;107;133m██[38;2;206;107;133m  [38;2;250;249;250m██[38;2;0;0;0m██[38;2;247;247;247m████[38;2;1;1;1m██[38;2;0;0;0m██████[38;2;0;3;4m██[38;2;156;158;158m██[38;2;251;251;252m██[38;2;248;195;209m██[38;2;246;192;206m██
[38;2;245;191;205m██[38;2;247;193;207m██[38;2;236;236;236m██[38;2;221;220;219m██[38;2;6;66;91m██[38;2;0;1;1m██[38;2;0;0;0m████████[38;2;1;1;1m██[38;2;230;230;230m██[38;2;115;113;114m██[38;2;206;108;134m██[38;2;207;107;133m████[38;2;207;108;134m██[38;2;208;109;135m██[38;2;214;117;142m██[38;2;252;252;252m██[38;2;45;45;45m██[38;2;2;2;2m████[38;2;0;0;0m████████[38;2;1;59;82m██[38;2;246;246;245m██[38;2;146;148;147m██[38;2;244;190;204m██[38;2;245;192;206m██
[38;2;159;126;135m██[38;2;246;194;208m██[38;2;254;248;251m██[38;2;251;237;242m██[38;2;107;101;101m██[38;2;35;125;162m██[38;2;32;110;143m██[38;2;2;10;13m██[38;2;0;1;1m██[38;2;0;4;6m██[38;2;47;58;64m██[38;2;245;245;245m██[38;2;182;104;124m██[38;2;213;117;142m██[38;2;212;115;140m██████[38;2;213;118;142m██[38;2;216;125;148m██[38;2;97;96;96m██[38;2;248;248;248m██[38;2;3;6;9m██[38;2;0;0;0m████[38;2;1;6;8m██[38;2;29;100;129m██[38;2;45;158;204m██[38;2;78;88;92m  [38;2;88;84;86m██[38;2;95;83;87m  [38;2;189;148;159m██[38;2;245;191;205m██
[38;2;246;192;206m██[38;2;255;235;239m██[38;2;255;233;238m██[38;2;255;234;238m████[38;2;253;233;238m██[38;2;246;194;209m██[38;2;34;93;118m  [38;2;15;39;53m██[38;2;219;216;215m██[38;2;248;248;248m██[38;2;103;106;106m██[38;2;222;139;161m██[38;2;219;131;154m██[38;2;218;128;151m██[38;2;218;127;151m██[38;2;218;128;151m██[38;2;219;131;154m██[38;2;222;139;160m██[38;2;223;147;166m██[38;2;249;249;249m██[38;2;252;252;252m██[38;2;14;37;52m██[38;2;0;57;81m██[38;2;36;131;171m  [38;2;204;158;169m██[38;2;252;230;235m██[38;2;255;234;238m████[38;2;255;233;238m██[38;2;251;216;225m██[38;2;250;195;209m██
[38;2;246;191;206m██[38;2;254;233;238m██[38;2;255;234;238m██████[38;2;255;234;239m██[38;2;246;192;205m██[38;2;243;189;203m██[38;2;36;37;37m  [38;2;247;247;247m██[38;2;108;111;110m██[38;2;233;164;181m██[38;2;230;153;173m██[38;2;227;148;168m██[38;2;225;145;166m██[38;2;225;144;166m██[38;2;235;152;173m██[38;2;227;147;168m██[38;2;229;152;172m██[38;2;232;159;178m██[38;2;173;124;137m██[38;2;251;250;251m██[38;2;247;247;247m██[38;2;43;32;35m██[38;2;244;190;204m██[38;2;246;192;205m██[38;2;255;234;239m██[38;2;255;234;238m██████[38;2;251;218;227m██[38;2;246;191;206m██
[38;2;246;191;205m██[38;2;246;190;204m██[38;2;254;232;237m██[38;2;255;232;238m████[38;2;252;223;231m██[38;2;246;191;205m████[38;2;244;189;203m██[38;2;114;87;95m██[38;2;238;178;193m██[38;2;237;170;187m██[38;2;234;164;182m██[38;2;232;160;178m██[38;2;116;79;89m██[38;2;228;155;174m██[38;2;237;162;181m██[38;2;220;152;169m██[38;2;233;163;181m██[38;2;236;167;185m██[38;2;238;173;190m██[38;2;248;189;205m██[38;2;86;67;72m██[38;2;245;190;204m██[38;2;246;191;205m██[38;2;246;190;205m██[38;2;254;232;238m██[38;2;255;232;238m████[38;2;254;232;238m██[38;2;245;190;204m██[38;2;246;191;205m██
[38;2;244;188;203m██[38;2;245;188;203m████[38;2;244;188;203m██████[38;2;245;188;203m████[38;2;245;188;202m██[38;2;248;191;207m██[38;2;241;181;196m██[38;2;238;176;192m██[38;2;237;172;188m██[38;2;234;167;184m██[38;2;220;155;172m██[38;2;236;167;184m████[38;2;198;141;156m██[38;2;237;171;187m██[38;2;238;175;191m██[38;2;239;179;195m██[38;2;136;104;113m██[38;2;243;186;201m██[38;2;245;188;203m████[38;2;244;188;203m████[38;2;245;188;203m██[38;2;245;188;202m██[38;2;245;188;203m██████
[38;2;244;185;200m██[38;2;245;186;201m████[38;2;245;185;201m██[38;2;245;186;201m████████[38;2;244;185;201m██[38;2;244;184;200m██[38;2;194;146;159m  [38;2;240;180;195m██[38;2;238;178;193m██[38;2;237;176;191m██[38;2;237;175;191m██[38;2;238;175;191m██[38;2;237;175;191m██[38;2;238;176;192m██[38;2;238;178;193m██[38;2;239;179;194m██[38;2;242;182;197m██[38;2;246;186;202m██[38;2;245;186;201m████[38;2;244;185;201m██[38;2;244;185;200m██[38;2;244;185;201m██[38;2;244;186;200m██[38;2;244;185;201m██[38;2;245;185;201m██[38;2;245;186;201m██[38;2;245;185;201m██
[38;2;198;130;147m  [38;2;244;184;199m██[38;2;243;183;198m████████████████[38;2;241;180;196m██[38;2;243;182;197m██[38;2;243;181;197m████[38;2;242;181;197m██[38;2;243;181;197m██[38;2;242;181;197m████[38;2;243;181;197m██████[38;2;243;183;198m████████████████████[38;2;240;178;194m██
[38;2;80;53;78m  [38;2;190;123;139m██[38;2;238;173;189m██[38;2;243;179;195m████████████[38;2;244;179;195m██████[38;2;243;179;195m████[38;2;244;179;195m██████████[38;2;243;179;195m████████████[38;2;244;179;195m██████[38;2;243;179;195m████[38;2;237;172;188m██[38;2;194;124;141m  
[38;2;0;0;0m  [38;2;65;41;46m  [38;2;189;119;136m██[38;2;202;133;149m██[38;2;243;177;193m██[38;2;243;176;193m██████████████████████[38;2;243;176;192m██[38;2;243;176;193m██████████████████████[38;2;242;175;192m██[38;2;211;143;160m██[38;2;189;119;136m  [38;2;4;3;3m  
[38;2;0;0;0m    [38;2;84;52;60m  [38;2;186;114;131m████[38;2;214;144;161m██[38;2;243;174;191m██[38;2;242;173;190m██████████████████████████████████████[38;2;241;172;189m██[38;2;235;165;182m██[38;2;186;115;131m██[38;2;185;114;131m██[38;2;57;41;42m  [38;2;0;0;0m  
[38;2;0;0;0m      [38;2;43;26;30m  [38;2;184;110;127m██[38;2;184;111;128m██[38;2;184;111;127m██[38;2;194;121;138m██[38;2;235;164;181m██[38;2;243;171;188m██[38;2;241;170;187m██[38;2;242;170;187m████████████████████[38;2;241;170;187m██[38;2;242;170;187m██[38;2;241;169;187m██[38;2;244;172;189m██[38;2;218;146;163m██[38;2;183;110;127m██[38;2;184;111;128m██[38;2;188;113;131m  [38;2;9;5;6m  [38;2;0;0;0m    [0m
