
[38;2;0;0;0m                    [38;2;100;69;57m  [38;2;207;211;214m  [38;2;100;110;102m  [38;2;0;0;0m                  [38;2;87;87;87m  [38;2;220;224;226m  
[38;2;0;0;0m                    [38;2;113;92;79m  [38;2;199;225;217m  [38;2;138;138;138m  [38;2;0;0;0m                [38;2;105;102;105m  [38;2;204;199;210m  [38;2;254;254;253m  
[38;2;0;0;0m                  [38;2;0;62;0m  [38;2;105;85;70m  [38;2;223;225;226m  [38;2;116;116;116m  [38;2;0;0;0m            [38;2;7;7;7m  [38;2;109;105;109m  [38;2;169;173;178m  [38;2;223;225;227m██[38;2;253;253;253m  
[38;2;0;0;0m                    [38;2;106;81;72m  [38;2;196;199;199m  [38;2;0;0;0m            [38;2;68;70;72m  [38;2;186;192;197m  [38;2;251;253;253m██[38;2;154;159;166m██[38;2;125;128;133m██[38;2;169;169;210m  
[38;2;84;83;84m  [38;2;48;37;37m  [38;2;0;0;0m          [38;2;32;32;16m  [38;2;5;5;4m  [38;2;204;214;66m  [38;2;166;171;176m  [38;2;186;190;194m  [38;2;194;195;201m  [38;2;195;199;205m  [38;2;201;203;213m  [38;2;37;38;39m  [38;2;105;105;105m  [38;2;211;215;216m  [38;2;228;235;241m  [38;2;253;253;255m██[38;2;246;246;247m██[38;2;105;111;115m██[38;2;79;86;91m██[38;2;253;253;253m  
[38;2;248;248;251m  [38;2;240;220;241m  [38;2;79;76;82m  [38;2;0;0;0m  [38;2;13;13;13m  [38;2;0;0;0m  [38;2;13;11;10m  [38;2;175;178;182m  [38;2;205;209;214m  [38;2;236;244;246m██[38;2;252;254;254m██[38;2;247;250;251m██[38;2;241;247;247m██[38;2;242;246;247m██[38;2;226;235;239m██[38;2;205;214;216m██[38;2;217;225;229m  [38;2;227;235;239m██[38;2;244;247;249m██[38;2;253;255;254m██[38;2;135;139;143m██[38;2;57;65;69m██[38;2;149;153;159m██[38;2;253;254;253m  
[38;2;252;252;253m██[38;2;253;253;254m██[38;2;247;248;251m██[38;2;229;237;243m  [38;2;233;240;244m  [38;2;231;211;192m  [38;2;209;204;214m  [38;2;232;240;241m██[38;2;246;250;250m██[38;2;253;254;254m██[38;2;222;254;241m██[38;2;254;254;254m██[38;2;248;249;250m██[38;2;252;252;253m██[38;2;249;252;251m██[38;2;226;251;242m██[38;2;233;241;244m██[38;2;237;241;244m██[38;2;235;242;244m██[38;2;248;250;250m██[38;2;46;53;59m██[38;2;56;65;69m██[38;2;100;105;112m██[38;2;252;252;253m  
[38;2;163;166;170m██[38;2;252;253;254m██[38;2;247;253;250m██[38;2;247;254;252m██[38;2;222;232;239m██[38;2;223;230;237m██[38;2;214;220;227m██[38;2;240;244;247m██[38;2;254;255;255m██[38;2;252;253;253m██[38;2;246;253;251m██[38;2;236;252;246m██[38;2;217;254;239m██[38;2;214;253;237m██[38;2;236;253;246m██[38;2;249;250;252m██[38;2;253;254;254m██[38;2;252;254;253m██[38;2;233;240;241m██[38;2;252;253;253m██[38;2;157;159;164m██[38;2;58;66;70m██[38;2;124;129;133m██[38;2;138;138;138m  
[38;2;191;193;195m██[38;2;252;253;253m██[38;2;253;253;253m██[38;2;246;252;250m██[38;2;238;248;246m██[38;2;227;234;241m██[38;2;241;248;248m██[38;2;252;253;253m██[38;2;251;253;252m████[38;2;252;253;254m██[38;2;247;253;251m██[38;2;243;252;249m██[38;2;245;249;249m██[38;2;236;239;242m██[38;2;239;244;246m██[38;2;223;226;229m██[38;2;235;240;245m██[38;2;248;251;253m██[38;2;248;253;252m██[38;2;252;254;253m██[38;2;59;63;69m██[38;2;87;94;99m  [38;2;91;91;91m  
[38;2;56;63;68m██[38;2;86;93;97m██[38;2;252;253;253m████[38;2;246;253;251m██[38;2;239;245;245m██[38;2;197;200;206m██[38;2;232;239;243m██[38;2;234;241;244m██[38;2;228;232;234m██[38;2;242;246;248m██[38;2;235;241;245m██[38;2;234;239;242m██[38;2;238;243;244m██[38;2;168;171;177m██[38;2;221;231;238m██[38;2;220;228;234m██[38;2;220;230;236m██[38;2;235;241;244m██[38;2;253;254;254m██[38;2;251;253;252m██[38;2;155;157;162m██[38;2;122;128;133m  [38;2;72;72;72m  
[38;2;167;172;176m██[38;2;58;66;70m██[38;2;227;228;229m██[38;2;252;254;254m██[38;2;249;253;252m██[38;2;201;207;212m██[38;2;225;233;239m██[38;2;223;231;239m██[38;2;204;212;217m██[38;2;230;237;241m██[38;2;230;238;241m██[38;2;223;230;237m██[38;2;222;230;236m██[38;2;193;197;202m██[38;2;198;201;207m██[38;2;222;230;236m██[38;2;224;231;240m██[38;2;126;130;137m██[38;2;250;250;250m██[38;2;250;252;252m██[38;2;251;254;253m██[38;2;247;251;250m██[38;2;197;201;207m  [38;2;0;0;0m  
[38;2;188;192;198m  [38;2;58;67;71m██[38;2;241;242;243m██[38;2;251;252;253m██[38;2;251;253;253m██[38;2;165;170;176m██[38;2;251;252;252m██[38;2;248;249;250m██[38;2;123;129;135m██[38;2;222;231;239m██[38;2;216;224;228m██[38;2;222;232;238m██[38;2;222;231;238m██[38;2;216;219;223m██[38;2;223;232;239m██[38;2;206;209;212m██[38;2;253;254;254m██[38;2;247;250;249m██[38;2;251;252;253m██[38;2;253;254;254m██[38;2;250;254;252m██[38;2;248;253;251m  [38;2;75;79;88m  [38;2;0;0;0m  
[38;2;138;140;143m  [38;2;115;120;126m██[38;2;249;250;251m██[38;2;254;254;254m██[38;2;252;253;253m██[38;2;188;193;197m██[38;2;253;253;253m██[38;2;254;254;254m██[38;2;142;145;151m██[38;2;251;252;252m██[38;2;215;222;224m██[38;2;253;253;253m██[38;2;254;255;255m██[38;2;248;249;249m██[38;2;219;227;233m██[38;2;150;150;155m██[38;2;254;254;255m██[38;2;252;253;253m██[38;2;129;133;139m██[38;2;253;254;254m██[38;2;235;239;240m██[38;2;254;254;254m██[38;2;211;214;218m  [38;2;0;0;0m  
[38;2;132;132;132m  [38;2;169;174;180m  [38;2;226;231;235m██[38;2;254;254;254m████[38;2;181;185;189m██[38;2;254;254;254m████[38;2;141;145;152m██[38;2;253;253;254m██[38;2;213;218;222m██[38;2;253;254;254m██[38;2;254;254;254m████[38;2;190;195;201m██[38;2;167;169;172m██[38;2;254;254;254m██[38;2;209;213;216m██[38;2;231;233;234m██[38;2;245;247;249m██[38;2;217;222;225m██[38;2;254;254;254m██[38;2;246;247;248m  [38;2;126;126;138m  
[38;2;0;0;0m  [38;2;192;193;193m  [38;2;245;248;249m  [38;2;254;254;254m██[38;2;251;252;253m██[38;2;185;189;196m██[38;2;234;239;241m██[38;2;241;246;247m██[38;2;130;131;136m██[38;2;238;240;241m██[38;2;206;210;216m██[38;2;230;237;240m██[38;2;231;238;239m██[38;2;234;241;242m██[38;2;156;161;167m██[38;2;186;191;195m██[38;2;224;232;236m██[38;2;231;239;241m██[38;2;234;240;244m██[38;2;196;201;205m██[38;2;227;234;239m██[38;2;214;220;224m██[38;2;212;219;223m  [38;2;70;70;87m  
[38;2;0;0;0m  [38;2;81;83;85m  [38;2;242;243;244m██[38;2;220;226;230m██[38;2;241;244;246m██[38;2;187;190;196m██[38;2;232;239;241m██[38;2;224;229;231m██[38;2;158;120;108m██[38;2;218;220;224m██[38;2;200;205;209m██[38;2;237;239;246m██[38;2;233;239;242m██[38;2;231;238;240m██[38;2;147;150;154m██[38;2;190;195;201m██[38;2;185;190;195m██[38;2;236;239;244m██[38;2;189;191;194m██[38;2;150;117;107m██[38;2;237;240;245m██[38;2;187;192;197m██[38;2;208;214;217m██[38;2;119;115;107m  
[38;2;0;0;0m  [38;2;102;103;104m  [38;2;231;236;239m██[38;2;231;239;239m██[38;2;239;245;248m██[38;2;186;190;195m██[38;2;237;240;247m██[38;2;228;231;232m██[38;2;204;148;129m██[38;2;208;211;214m██[38;2;200;204;209m██[38;2;246;247;250m██[38;2;239;243;245m██[38;2;237;242;245m██[38;2;143;142;146m██[38;2;190;197;202m██[38;2;161;122;109m██[38;2;191;196;200m██[38;2;128;130;135m██[38;2;186;144;131m██[38;2;230;232;237m██[38;2;171;174;179m██[38;2;228;231;231m██[38;2;193;196;202m  
[38;2;0;0;0m  [38;2;172;173;177m  [38;2;174;177;183m██[38;2;234;239;245m██[38;2;246;250;252m██[38;2;183;187;191m██[38;2;242;244;245m██[38;2;183;188;191m██[38;2;206;155;138m██[38;2;195;200;204m██[38;2;214;217;221m██[38;2;249;250;251m██[38;2;250;252;252m██[38;2;250;251;252m██[38;2;121;110;107m██[38;2;192;200;204m██[38;2;212;163;147m██[38;2;181;185;190m██[38;2;115;86;78m██[38;2;206;150;133m██[38;2;212;216;220m██[38;2;229;231;233m██[38;2;226;234;236m██[38;2;212;219;222m  
[38;2;122;122;122m  [38;2;195;196;202m  [38;2;233;236;238m██[38;2;240;246;246m██[38;2;241;246;247m██[38;2;178;184;189m██[38;2;250;251;251m██[38;2;188;191;197m██[38;2;234;199;183m██[38;2;192;194;197m██[38;2;246;246;246m██[38;2;250;251;252m██[38;2;253;253;254m██[38;2;252;253;253m██[38;2;151;112;100m██[38;2;177;181;186m██[38;2;253;238;224m██[38;2;179;130;114m██[38;2;184;131;115m██[38;2;228;184;165m██[38;2;173;178;184m██[38;2;242;244;244m██[38;2;233;239;242m██[38;2;235;226;212m  
[38;2;138;138;138m  [38;2;245;229;246m  [38;2;246;248;249m██[38;2;241;245;246m██[38;2;240;242;242m██[38;2;141;122;118m██[38;2;170;166;169m██[38;2;148;123;115m██[38;2;254;241;229m██[38;2;190;144;130m██[38;2;186;164;158m██[38;2;185;188;192m██[38;2;252;253;254m██[38;2;242;243;245m██[38;2;175;127;112m██[38;2;151;124;118m██[38;2;228;214;203m██[38;2;159;119;106m██[38;2;173;127;113m██[38;2;246;224;209m██[38;2;153;146;147m██[38;2;251;252;253m██[38;2;250;251;252m██[38;2;240;244;247m  
[38;2;38;38;38m  [38;2;227;207;227m  [38;2;253;254;253m██[38;2;243;247;248m██[38;2;235;241;241m██[38;2;213;152;133m██[38;2;178;132;114m██[38;2;220;166;147m██[38;2;83;75;74m██[38;2;110;102;101m██[38;2;203;150;132m██[38;2;186;192;196m██[38;2;252;252;252m██[38;2;219;221;224m██[38;2;164;126;114m██[38;2;241;224;210m██[38;2;107;92;90m██[38;2;42;68;101m██[38;2;79;100;122m██[38;2;99;84;79m██[38;2;142;120;114m██[38;2;254;254;254m██[38;2;192;196;200m██[38;2;253;253;253m  
[38;2;33;58;58m  [38;2;207;182;208m  [38;2;252;253;253m██[38;2;248;248;249m██[38;2;224;228;231m██[38;2;215;159;140m██[38;2;148;134;131m██[38;2;148;150;152m██[38;2;34;66;105m██[38;2;61;97;135m██[38;2;209;215;216m██[38;2;205;154;135m██[38;2;157;159;163m██[38;2;209;160;142m██[38;2;198;181;173m██[38;2;253;239;224m██[38;2;208;205;208m██[38;2;106;138;154m██[38;2;169;238;240m██[38;2;249;251;251m██[38;2;106;82;76m██[38;2;224;226;228m██[38;2;135;137;144m██[38;2;252;252;252m  
[38;2;58;58;58m  [38;2;191;190;199m  [38;2;253;253;253m██[38;2;249;250;251m██[38;2;194;200;203m██[38;2;188;141;124m██[38;2;221;205;197m██[38;2;241;241;242m██[38;2;155;156;152m██[38;2;216;179;171m██[38;2;215;193;185m██[38;2;254;214;204m██[38;2;234;192;178m██[38;2;253;222;210m██[38;2;255;223;211m██[38;2;254;219;207m██[38;2;252;199;187m██[38;2;248;192;180m██[38;2;251;196;185m██[38;2;254;199;188m██[38;2;180;131;119m██[38;2;191;197;200m██[38;2;187;190;194m██[38;2;246;246;246m  
[38;2;28;28;29m  [38;2;198;200;204m  [38;2;247;248;250m██[38;2;250;250;252m██[38;2;190;191;198m██[38;2;148;112;102m██[38;2;253;212;200m██[38;2;253;196;186m██[38;2;249;182;173m██[38;2;250;183;175m██[38;2;252;189;179m██[38;2;255;198;188m██[38;2;254;205;193m██[38;2;231;189;177m██[38;2;253;215;205m██[38;2;252;191;182m██[38;2;243;176;166m██[38;2;248;186;175m██[38;2;252;190;180m██[38;2;247;186;175m██[38;2;185;133;122m██[38;2;153;158;164m██[38;2;251;251;252m██[38;2;207;208;210m  
[38;2;86;86;86m  [38;2;200;202;204m  [38;2;248;249;250m██[38;2;247;249;251m██[38;2;234;237;238m██[38;2;133;125;123m██[38;2;243;180;169m██[38;2;253;192;183m██[38;2;242;177;166m██[38;2;253;194;184m██[38;2;254;203;191m██[38;2;253;215;206m██[38;2;254;222;211m██[38;2;243;177;166m██[38;2;255;223;211m██[38;2;255;226;212m██[38;2;254;216;205m██[38;2;255;217;207m██[38;2;254;217;207m██[38;2;255;216;205m██[38;2;178;132;120m██[38;2;149;153;161m██[38;2;236;239;239m██[38;2;185;186;191m  
[38;2;36;36;36m  [38;2;154;153;152m  [38;2;248;248;249m██[38;2;254;254;254m██[38;2;233;235;235m██[38;2;162;159;162m██[38;2;254;226;216m██[38;2;255;223;212m██[38;2;254;221;211m██[38;2;255;229;217m██[38;2;255;238;223m████[38;2;254;237;227m██[38;2;232;143;136m██[38;2;255;238;226m██[38;2;253;237;228m██[38;2;253;236;226m██[38;2;255;239;228m████[38;2;255;238;228m██[38;2;172;154;148m██[38;2;180;187;192m██[38;2;194;196;199m██[38;2;218;219;221m  
[38;2;111;102;86m  [38;2;159;160;157m  [38;2;245;246;247m  [38;2;254;254;255m██[38;2;252;252;253m██[38;2;161;162;166m██[38;2;253;236;221m██[38;2;255;239;224m██[38;2;255;238;228m██[38;2;255;239;230m██[38;2;217;193;184m██[38;2;165;124;118m██[38;2;170;130;124m██[38;2;163;111;103m██[38;2;178;106;97m██[38;2;191;105;97m██[38;2;166;77;73m██[38;2;254;238;227m██[38;2;255;239;230m██[38;2;254;238;230m██[38;2;204;205;208m██[38;2;157;162;167m██[38;2;247;248;248m██[38;2;162;166;170m  
[38;2;193;192;193m  [38;2;177;177;180m  [38;2;241;242;242m██[38;2;254;254;253m██[38;2;254;254;254m██[38;2;136;140;146m██[38;2;140;130;127m██[38;2;255;239;224m██[38;2;255;238;229m██[38;2;254;239;228m██[38;2;196;138;127m██[38;2;254;172;152m██[38;2;254;172;155m██[38;2;253;170;152m██[38;2;255;173;154m██[38;2;254;172;154m██[38;2;254;175;156m██[38;2;254;238;228m██[38;2;255;239;229m██[38;2;247;239;231m██[38;2;227;222;223m██[38;2;117;121;127m██[38;2;198;203;205m██[38;2;200;201;203m  
[38;2;183;186;185m  [38;2;202;206;205m  [38;2;214;217;217m██[38;2;253;253;250m██[38;2;249;249;254m██[38;2;183;190;193m██[38;2;182;188;190m██[38;2;244;234;223m██[38;2;255;239;229m██[38;2;255;238;229m██[38;2;211;172;162m██[38;2;254;174;157m██[38;2;254;173;155m██[38;2;254;172;156m██[38;2;254;173;155m██[38;2;253;172;155m██[38;2;209;188;176m██[38;2;255;239;229m██[38;2;254;242;232m██[38;2;182;189;191m██[38;2;200;201;202m██[38;2;180;186;190m██[38;2;220;221;222m██[38;2;61;64;67m  
[38;2;27;18;26m  [38;2;226;227;223m  [38;2;212;215;215m██[38;2;251;251;251m██[38;2;249;249;250m██[38;2;187;194;196m██[38;2;184;191;192m██[38;2;154;158;163m██[38;2;166;156;152m██[38;2;254;238;230m██[38;2;216;166;154m██[38;2;252;242;230m██[38;2;205;172;160m██[38;2;208;154;139m██[38;2;204;165;153m██[38;2;245;234;224m██[38;2;254;238;229m██[38;2;237;227;216m██[38;2;181;188;190m██[38;2;181;188;189m██[38;2;153;157;162m████[38;2;247;248;248m  [38;2;97;97;97m  
[38;2;66;66;68m  [38;2;249;246;236m██[38;2;201;205;206m██[38;2;252;252;250m██[38;2;241;245;245m██[38;2;184;191;192m██[38;2;159;165;167m██[38;2;186;193;195m██[38;2;181;188;190m██[38;2;178;184;187m██[38;2;158;154;152m██[38;2;235;226;217m██[38;2;254;238;230m██[38;2;254;239;228m██[38;2;253;238;226m██[38;2;220;213;204m██[38;2;164;165;168m██[38;2;181;188;190m██[38;2;182;188;190m██[38;2;179;187;188m██[38;2;169;174;178m██[38;2;164;169;174m██[38;2;201;204;207m  [38;2;102;102;102m  
[38;2;139;137;140m  [38;2;231;230;222m██[38;2;197;200;199m██[38;2;251;250;248m██[38;2;241;244;246m██[38;2;180;188;189m██[38;2;150;157;159m██[38;2;180;188;188m██[38;2;181;188;189m██[38;2;160;166;170m██[38;2;170;175;177m██[38;2;205;148;132m██[38;2;204;147;130m██[38;2;193;154;141m██[38;2;198;143;128m██[38;2;205;147;131m██[38;2;181;189;190m██[38;2;181;188;190m██[38;2;180;188;189m██[38;2;160;164;170m██[38;2;203;207;211m██[38;2;150;155;160m██[38;2;244;244;241m  [38;2;87;87;87m  [0m
