
[38;2;0;0;0m            [38;2;2;2;2m  [38;2;27;28;34m██[38;2;142;139;139m██[38;2;168;162;159m██[38;2;21;19;24m██[38;2;3;2;3m  [38;2;0;0;0m                  [38;2;21;20;25m  [38;2;27;28;35m  [38;2;30;31;39m  [38;2;22;21;25m  [38;2;0;0;0m            
[38;2;0;0;0m            [38;2;110;106;108m██[38;2;228;227;226m██[38;2;233;233;232m██[38;2;234;233;233m██[38;2;206;203;201m██[38;2;119;114;115m██[38;2;7;6;6m  [38;2;43;43;48m  [38;2;98;94;97m██[38;2;92;90;92m██[38;2;22;22;27m██[38;2;21;21;27m  [38;2;19;17;21m  [38;2;5;5;5m  [38;2;25;25;31m██[38;2;26;26;33m██[38;2;29;30;38m██[38;2;30;32;39m██[38;2;31;32;39m██[38;2;29;30;36m  [38;2;0;0;0m          
[38;2;0;0;0m          [38;2;22;21;26m  [38;2;227;226;225m██[38;2;234;233;233m██[38;2;237;237;237m██[38;2;239;239;239m██[38;2;219;218;216m██[38;2;202;198;197m██[38;2;236;236;236m██[38;2;244;244;244m██[38;2;247;247;247m██[38;2;237;236;236m██[38;2;24;23;29m██[38;2;27;24;30m██[38;2;30;24;30m██[38;2;33;24;32m██[38;2;35;25;34m██[38;2;35;29;37m██[38;2;33;27;36m██[38;2;30;31;38m██[38;2;33;35;43m██[38;2;34;37;44m██[38;2;0;0;0m          
[38;2;0;0;0m          [38;2;30;31;38m██[38;2;233;233;232m██[38;2;237;237;237m██[38;2;241;241;241m██[38;2;244;244;244m██[38;2;246;246;246m██[38;2;247;247;246m██[38;2;248;248;247m██[38;2;250;250;250m██[38;2;251;251;251m██[38;2;241;241;241m██[38;2;34;19;28m██[38;2;40;22;33m██[38;2;47;23;34m██[38;2;49;22;34m██[38;2;54;25;37m██[38;2;49;25;36m██[38;2;45;27;38m██[38;2;41;28;39m██[38;2;33;33;40m██[38;2;33;35;42m██[38;2;0;0;0m          
[38;2;0;0;0m          [38;2;17;15;20m  [38;2;226;225;224m██[38;2;132;125;125m██[38;2;245;245;245m██[38;2;249;249;249m██[38;2;250;250;249m██[38;2;251;251;251m██[38;2;252;252;252m██[38;2;253;253;253m██[38;2;254;254;254m██[38;2;241;241;241m██[38;2;56;20;31m██[38;2;59;20;32m██[38;2;70;21;34m██[38;2;75;22;36m██[38;2;74;24;37m██[38;2;78;26;40m██[38;2;182;32;68m██[38;2;50;26;38m██[38;2;34;30;37m██[38;2;33;35;42m██[38;2;0;0;0m          
[38;2;0;0;0m          [38;2;4;3;3m  [38;2;133;130;131m██[38;2;242;242;242m██[38;2;248;248;248m██[38;2;250;250;250m██[38;2;247;247;246m██[38;2;196;174;177m██[38;2;245;244;244m██[38;2;255;255;255m████[38;2;239;240;239m██[38;2;75;15;28m██[38;2;80;17;31m██[38;2;144;26;57m██[38;2;192;33;74m██[38;2;189;31;72m██[38;2;140;28;58m██[38;2;185;33;69m██[38;2;51;26;37m██[38;2;42;29;40m██[38;2;28;30;36m  [38;2;0;0;0m          
[38;2;0;0;0m          [38;2;38;39;45m██[38;2;237;237;236m██[38;2;245;245;245m██[38;2;249;249;249m██[38;2;251;251;251m██[38;2;113;56;69m██[38;2;86;26;40m██[38;2;202;182;185m██[38;2;244;244;244m██[38;2;217;202;204m██[38;2;162;116;125m██[38;2;85;25;40m██[38;2;81;20;34m██[38;2;74;15;27m██[38;2;126;25;51m██[38;2;83;17;33m██[38;2;82;21;35m██[38;2;82;24;39m██[38;2;49;25;37m██[38;2;42;37;46m██[38;2;30;31;39m██[38;2;0;0;0m          
[38;2;0;0;0m        [38;2;11;8;10m  [38;2;224;223;221m██[38;2;239;239;239m██[38;2;245;245;245m██[38;2;249;249;248m██[38;2;252;252;252m██[38;2;249;249;248m██[38;2;240;240;240m██[38;2;144;86;96m██[38;2;234;233;233m██[38;2;177;151;154m██[38;2;79;38;50m██[38;2;88;44;56m██[38;2;242;242;241m██[38;2;154;119;126m██[38;2;58;13;24m██[38;2;65;13;25m██[38;2;64;16;28m██[38;2;52;18;27m██[38;2;43;27;38m██[38;2;118;113;114m██[38;2;31;33;40m██[38;2;25;26;32m  [38;2;0;0;0m        
[38;2;0;0;0m        [38;2;41;41;47m██[38;2;232;232;231m██[38;2;239;239;239m██[38;2;246;246;246m██[38;2;250;250;249m██[38;2;253;253;253m██[38;2;249;249;249m██[38;2;179;147;151m██[38;2;252;252;252m██[38;2;255;255;255m██[38;2;248;248;247m██[38;2;54;37;47m██[38;2;227;226;225m██[38;2;253;253;253m████[38;2;207;204;202m██[38;2;46;16;24m██[38;2;40;13;21m██[38;2;36;17;25m██[38;2;46;34;45m██[38;2;153;149;148m██[38;2;30;31;38m██[38;2;31;32;39m██[38;2;0;0;0m        
[38;2;0;0;0m        [38;2;208;206;204m██[38;2;234;233;233m██[38;2;241;241;241m██[38;2;247;247;246m██[38;2;250;250;250m██[38;2;253;253;253m██[38;2;168;137;141m██[38;2;247;247;247m██[38;2;254;254;254m████[38;2;250;250;250m██[38;2;101;87;93m██[38;2;251;251;251m██[38;2;255;255;255m██[38;2;252;252;252m██[38;2;229;228;228m██[38;2;34;21;30m██[38;2;28;13;18m██[38;2;41;39;44m██[38;2;187;182;179m██[38;2;68;67;71m██[38;2;26;27;34m██[38;2;27;28;35m██[38;2;0;0;0m        
[38;2;0;0;0m      [38;2;11;8;10m  [38;2;218;216;215m██[38;2;234;233;233m██[38;2;243;243;243m██[38;2;247;247;247m██[38;2;250;250;250m████[38;2;167;158;157m██[38;2;217;215;214m██[38;2;239;239;239m██[38;2;227;225;225m██[38;2;211;208;206m██[38;2;23;22;26m██[38;2;197;193;192m██[38;2;231;230;229m██[38;2;221;220;218m██[38;2;203;199;197m██[38;2;37;38;45m██[38;2;204;201;199m██[38;2;25;24;29m██[38;2;134;128;127m██[38;2;81;77;81m██[38;2;28;28;35m██[38;2;30;32;39m██[38;2;1;0;0m  [38;2;0;0;0m      
[38;2;0;0;0m      [38;2;16;14;17m  [38;2;225;224;223m██[38;2;236;236;236m██[38;2;244;244;244m██[38;2;248;248;247m██[38;2;251;251;251m██[38;2;249;249;248m██[38;2;244;244;244m██[38;2;231;229;229m██[38;2;27;27;32m██[38;2;11;8;10m██[38;2;8;4;5m██[38;2;26;27;33m██[38;2;246;246;246m██[38;2;204;199;198m██[38;2;168;164;164m██[38;2;207;203;200m██[38;2;23;23;28m██[38;2;218;216;214m██[38;2;25;24;31m██[38;2;23;23;29m██[38;2;23;22;28m██[38;2;25;26;32m██[38;2;30;31;39m██[38;2;22;22;26m  [38;2;0;0;0m      
[38;2;0;0;0m      [38;2;18;16;20m  [38;2;229;228;227m██[38;2;238;238;238m██[38;2;245;245;245m██[38;2;249;249;249m██[38;2;252;252;252m██[38;2;248;248;248m██[38;2;246;246;246m██[38;2;255;255;255m██[38;2;52;52;58m██[38;2;4;1;0m██[38;2;5;1;1m██[38;2;11;8;11m██[38;2;243;243;243m██[38;2;46;45;50m██[38;2;48;48;54m██[38;2;218;217;215m██[38;2;18;16;19m██[38;2;19;17;21m██[38;2;42;43;49m██[38;2;152;145;144m██[38;2;22;22;27m██[38;2;24;24;30m██[38;2;30;32;39m██[38;2;26;27;34m  [38;2;0;0;0m      
[38;2;0;0;0m      [38;2;17;14;18m  [38;2;230;230;229m██[38;2;239;239;239m██[38;2;246;246;246m██[38;2;250;250;250m██[38;2;254;254;254m██[38;2;249;249;249m██[38;2;242;242;242m██[38;2;255;255;255m██[38;2;82;81;84m██[38;2;5;1;0m████[38;2;4;1;0m██[38;2;71;70;74m██[38;2;11;7;9m██[38;2;9;5;7m██[38;2;160;153;151m██[38;2;79;78;82m██[38;2;43;41;46m██[38;2;47;46;51m██[38;2;27;27;33m██[38;2;21;20;24m██[38;2;25;25;32m██[38;2;30;30;38m██[38;2;26;26;33m  [38;2;0;0;0m      
[38;2;0;0;0m      [38;2;14;12;15m  [38;2;230;229;229m██[38;2;243;243;243m██[38;2;247;247;246m██[38;2;252;252;252m██[38;2;254;254;254m██[38;2;253;253;253m██[38;2;229;228;227m██[38;2;255;255;255m██[38;2;212;210;208m██[38;2;5;1;0m██████[38;2;6;2;3m██[38;2;8;4;6m██[38;2;125;120;121m██[38;2;8;3;5m██[38;2;170;165;164m██[38;2;201;197;194m██[38;2;14;12;15m██[38;2;16;15;18m██[38;2;21;19;24m██[38;2;25;25;32m██[38;2;27;28;36m██[38;2;25;25;31m  [38;2;0;0;0m      
[38;2;0;0;0m      [38;2;9;8;10m  [38;2;230;229;228m██[38;2;245;245;245m██[38;2;250;250;250m██[38;2;253;253;253m██[38;2;255;255;255m████[38;2;146;140;138m██[38;2;253;253;253m██[38;2;247;247;246m██[38;2;12;9;12m██[38;2;5;1;0m██[38;2;9;6;7m██[38;2;93;90;93m██[38;2;15;13;16m██[38;2;241;241;241m██[38;2;24;22;27m██[38;2;177;174;173m██[38;2;19;17;21m██[38;2;11;8;10m██[38;2;15;12;16m██[38;2;20;18;22m██[38;2;22;22;28m██[38;2;25;25;31m██[38;2;22;21;26m  [38;2;0;0;0m      
[38;2;0;0;0m        [38;2;225;224;223m██[38;2;247;247;246m██[38;2;251;251;251m██[38;2;254;254;254m██[38;2;255;255;255m████[38;2;246;246;246m██[38;2;240;240;239m██[38;2;250;250;250m██[38;2;79;77;81m██[38;2;5;1;0m██[38;2;12;9;11m██[38;2;231;230;230m██[38;2;29;29;36m██[38;2;250;250;250m██[38;2;207;204;202m██[38;2;9;5;6m██[38;2;9;5;7m██[38;2;9;4;6m██[38;2;14;12;15m██[38;2;19;17;22m██[38;2;22;22;28m██[38;2;26;27;33m██[38;2;5;4;4m  [38;2;0;0;0m      
[38;2;0;0;0m        [38;2;172;167;166m██[38;2;250;250;249m██[38;2;253;253;253m██[38;2;255;255;255m██████[38;2;254;254;254m██[38;2;80;78;81m██[38;2;240;240;240m██[38;2;242;242;242m██[38;2;89;86;90m██[38;2;19;17;22m██[38;2;237;236;237m██[38;2;43;44;51m██[38;2;78;75;79m██[38;2;179;173;171m██[38;2;9;5;7m██[38;2;10;5;7m██[38;2;10;6;8m██[38;2;12;10;12m██[38;2;17;15;19m██[38;2;23;23;30m██[38;2;25;25;31m██[38;2;27;27;34m  [38;2;0;0;0m      
[38;2;0;0;0m      [38;2;9;6;8m  [38;2;231;230;230m██[38;2;251;251;251m██[38;2;254;254;254m██[38;2;255;255;255m████████[38;2;249;249;249m██[38;2;86;84;86m██[38;2;233;233;232m██[38;2;237;237;237m██[38;2;233;233;232m██[38;2;232;232;231m██[38;2;237;237;237m██[38;2;215;215;213m██[38;2;16;13;17m██[38;2;8;4;6m██[38;2;8;3;5m██[38;2;10;6;8m██[38;2;13;10;13m██[38;2;17;15;19m██[38;2;21;21;27m██[38;2;25;25;32m██[38;2;30;31;38m██[38;2;7;6;4m  [38;2;0;0;0m    
[38;2;0;0;0m      [38;2;67;66;70m██[38;2;248;248;247m██[38;2;253;253;253m██[38;2;255;255;255m████████████[38;2;248;248;248m██[38;2;76;74;77m██[38;2;185;179;176m██[38;2;197;193;189m██[38;2;198;194;190m██[38;2;182;176;172m██[38;2;11;7;9m██[38;2;6;1;2m██[38;2;7;3;5m██[38;2;8;4;6m██[38;2;10;5;7m██[38;2;12;8;10m██[38;2;17;15;19m██[38;2;21;21;26m██[38;2;23;23;29m██[38;2;27;28;36m██[38;2;31;33;40m  [38;2;0;0;0m    
[38;2;0;0;0m    [38;2;15;12;15m  [38;2;239;239;239m██[38;2;250;250;250m██[38;2;254;254;254m██[38;2;255;255;255m██████████████[38;2;252;252;252m██[38;2;227;226;225m██[38;2;75;73;75m██[38;2;5;1;0m████[38;2;5;0;0m██[38;2;6;1;2m██[38;2;7;2;4m██[38;2;9;4;6m██[38;2;11;8;10m██[38;2;12;9;12m██[38;2;17;15;19m██[38;2;20;19;24m██[38;2;22;22;28m██[38;2;29;31;38m██[38;2;33;35;42m██[38;2;0;0;0m    
[38;2;0;0;0m    [38;2;70;68;72m██[38;2;248;248;247m██[38;2;251;251;251m██[38;2;254;254;254m██[38;2;255;255;255m██████████████████[38;2;167;162;162m██[38;2;5;1;0m████[38;2;5;1;1m██[38;2;7;2;4m████[38;2;8;4;6m██[38;2;11;8;10m██[38;2;13;11;13m██[38;2;16;14;18m██[38;2;21;20;24m██[38;2;22;22;28m██[38;2;29;30;38m██[38;2;34;36;43m██[38;2;30;32;39m  [38;2;0;0;0m  
[38;2;0;0;0m  [38;2;12;9;11m  [38;2;235;235;234m██[38;2;250;250;250m██[38;2;253;253;253m██[38;2;255;255;255m████████████████████[38;2;169;165;165m██[38;2;4;1;0m██[38;2;5;1;0m████[38;2;7;2;3m██[38;2;7;3;4m██[38;2;9;5;7m██[38;2;11;6;8m██[38;2;12;9;12m██[38;2;15;13;16m██[38;2;18;17;21m██[38;2;23;23;29m██[38;2;28;29;36m██[38;2;31;33;39m██[38;2;27;28;35m██[38;2;0;0;0m  
[38;2;0;0;0m  [38;2;30;31;38m██[38;2;245;245;245m██[38;2;250;250;250m██[38;2;254;254;254m██[38;2;255;255;255m████████████████████[38;2;176;173;172m██[38;2;5;1;0m████[38;2;6;1;1m██[38;2;7;2;3m██[38;2;7;3;5m██[38;2;10;6;8m██[38;2;11;7;9m██[38;2;14;12;15m██[38;2;15;13;16m██[38;2;21;20;26m██[38;2;22;21;26m██[38;2;26;27;34m██[38;2;28;29;36m██[38;2;31;32;39m██[38;2;22;21;26m  
[38;2;0;1;0m  [38;2;225;224;222m██[38;2;248;248;247m██[38;2;250;250;250m████[38;2;254;254;254m██[38;2;255;255;255m██████████████████[38;2;178;175;175m██[38;2;5;1;0m████[38;2;6;1;2m██[38;2;7;3;4m██[38;2;8;4;6m██[38;2;10;6;8m██[38;2;11;7;10m██[38;2;13;11;14m██[38;2;15;13;16m██[38;2;19;17;21m██[38;2;23;23;28m██[38;2;25;26;33m██[38;2;27;28;35m██[38;2;32;33;40m██[38;2;33;34;42m  
[38;2;18;16;20m  [38;2;242;242;242m██[38;2;249;249;248m██[38;2;252;252;252m██[38;2;158;153;152m██[38;2;253;253;253m██[38;2;255;255;255m██████████████████[38;2;177;174;174m██[38;2;5;1;0m████[38;2;6;2;3m██[38;2;8;3;5m██[38;2;9;4;6m██[38;2;9;5;7m██[38;2;11;7;10m██[38;2;12;10;13m██[38;2;14;13;15m██[38;2;19;17;21m██[38;2;25;25;33m██[38;2;24;24;31m██[38;2;28;30;37m██[38;2;31;33;40m██[38;2;33;35;42m██
[38;2;33;35;41m██[38;2;244;244;244m██[38;2;250;250;250m██[38;2;253;253;253m██[38;2;57;57;62m██[38;2;252;252;252m██[38;2;255;255;255m██████████████████[38;2;178;176;175m██[38;2;5;1;0m██[38;2;5;1;2m██[38;2;5;1;1m██[38;2;8;3;5m██[38;2;9;5;7m██[38;2;10;6;8m██[38;2;11;8;10m██[38;2;13;11;14m██[38;2;14;13;16m██[38;2;25;26;32m██[38;2;26;27;34m██[38;2;27;28;35m██[38;2;30;32;39m██[38;2;30;32;40m██[38;2;37;38;46m██
[38;2;98;91;93m██[38;2;243;243;243m██[38;2;250;250;250m██[38;2;254;254;254m██[38;2;187;183;182m██[38;2;206;203;202m██[38;2;251;251;251m██[38;2;255;255;255m████████████████[38;2;167;162;161m██[38;2;5;1;0m██[38;2;6;1;1m██[38;2;5;1;1m██[38;2;6;1;2m██[38;2;10;5;7m██[38;2;10;6;8m██[38;2;11;8;10m██[38;2;13;10;13m██[38;2;22;22;28m██[38;2;163;158;157m██[38;2;25;26;33m██[38;2;27;27;35m██[38;2;29;31;38m██[38;2;33;35;41m██[38;2;36;38;44m██
[38;2;34;33;39m██[38;2;228;227;226m██[38;2;249;249;249m██[38;2;254;254;254m██[38;2;253;253;253m██[38;2;175;171;171m██[38;2;33;34;42m██[38;2;56;56;63m██[38;2;132;129;130m██[38;2;146;143;144m██[38;2;134;132;134m██[38;2;41;42;48m██[38;2;213;212;210m██[38;2;253;253;253m██[38;2;255;255;255m██[38;2;191;189;189m██[38;2;5;1;0m██[38;2;6;1;2m██[38;2;14;11;14m██[38;2;58;55;60m██[38;2;20;20;24m██[38;2;14;11;14m██[38;2;18;17;21m██[38;2;53;51;57m██[38;2;46;47;53m██[38;2;25;26;33m██[38;2;25;25;32m██[38;2;27;28;36m██[38;2;31;33;40m██[38;2;36;38;46m████
[38;2;11;8;10m██[38;2;211;208;207m██[38;2;246;246;246m██[38;2;253;253;253m██[38;2;255;255;255m████[38;2;251;251;251m██[38;2;244;244;243m██[38;2;231;230;229m██[38;2;226;224;224m██[38;2;222;220;219m██[38;2;238;238;237m██[38;2;19;17;21m██[38;2;230;229;228m██[38;2;247;247;247m██[38;2;197;195;194m██[38;2;6;1;1m██[38;2;8;4;6m██[38;2;29;29;36m██[38;2;22;21;26m██[38;2;25;25;32m██[38;2;27;29;36m██[38;2;29;30;38m██[38;2;25;25;31m██[38;2;24;24;31m██[38;2;25;26;33m██[38;2;25;25;32m██[38;2;30;32;39m██[38;2;33;35;43m██[38;2;37;39;46m██[38;2;28;28;33m  
[38;2;3;3;2m  [38;2;172;166;164m██[38;2;217;216;214m██[38;2;246;246;246m██[38;2;255;255;255m████████████[38;2;251;251;251m██[38;2;148;142;143m██[38;2;14;12;15m██[38;2;23;22;26m██[38;2;43;43;50m██[38;2;138;134;135m██[38;2;121;117;118m██[38;2;29;28;35m██[38;2;23;22;28m██[38;2;19;17;22m██[38;2;21;19;24m██[38;2;20;18;23m██[38;2;19;18;21m██[38;2;19;17;21m██[38;2;22;20;26m██[38;2;23;23;29m██[38;2;25;25;32m██[38;2;30;31;38m██[38;2;34;37;43m██[38;2;35;37;44m██[38;2;0;0;0m  
[38;2;0;0;0m  [38;2;9;6;7m  [38;2;144;139;138m██[38;2;217;216;214m██[38;2;231;230;230m██[38;2;253;253;253m██[38;2;255;255;255m██████████[38;2;254;254;254m██[38;2;166;162;161m██[38;2;214;212;210m██[38;2;253;253;253m██[38;2;255;255;255m████[38;2;241;240;240m██[38;2;19;17;21m██[38;2;17;14;19m██[38;2;19;16;21m██[38;2;18;16;20m██[38;2;18;17;21m██[38;2;20;18;22m██[38;2;22;22;27m██[38;2;25;25;32m██[38;2;27;28;35m██[38;2;31;33;39m██[38;2;33;34;42m██[38;2;0;0;0m    [0m
