
[38;2;254;254;254m  [38;2;237;234;249m██[38;2;238;234;249m██[38;2;1;1;1m██[38;2;255;255;255m                                                
[38;2;238;234;248m██[38;2;251;251;251m  [38;2;254;254;254m  [38;2;238;234;248m██[38;2;255;255;255m                                                
[38;2;238;234;249m██[38;2;105;105;105m██[38;2;254;254;254m  [38;2;238;234;249m██[38;2;255;255;255m                                                
[38;2;248;248;248m  [38;2;253;253;253m  [38;2;238;234;248m██[38;2;0;0;0m██[38;2;255;255;255m                                      [38;2;218;218;218m  [38;2;33;33;33m██[38;2;238;233;248m██[38;2;237;233;248m██[38;2;254;254;254m  
[38;2;254;254;254m    [38;2;238;234;249m██[38;2;254;254;254m  [38;2;255;255;255m                                      [38;2;217;217;217m  [38;2;238;234;248m██[38;2;254;254;255m  [38;2;159;159;159m  [38;2;238;234;249m██
[38;2;254;254;254m    [38;2;0;0;0m██[38;2;57;57;57m  [38;2;255;255;255m                                      [38;2;156;156;156m  [38;2;17;17;15m  [38;2;248;248;248m  [38;2;3;3;3m██[38;2;238;234;248m██
[38;2;254;254;254m    [38;2;238;234;248m██[38;2;237;233;248m██[38;2;254;254;254m      [38;2;253;253;253m  [38;2;254;254;254m        [38;2;148;156;144m  [38;2;174;167;155m  [38;2;161;165;149m  [38;2;122;130;116m  [38;2;233;233;233m  [38;2;252;252;252m  [38;2;254;254;254m    [38;2;253;255;254m  [38;2;254;254;254m    [38;2;173;173;173m  [38;2;221;221;221m  [38;2;238;233;249m██[38;2;238;233;248m██[38;2;186;186;186m  
[38;2;255;255;255m    [38;2;254;254;254m          [38;2;253;253;253m  [38;2;251;254;252m  [38;2;239;235;243m██[38;2;239;233;237m██[38;2;186;172;162m██[38;2;80;76;100m██[38;2;82;80;93m██[38;2;82;80;111m██[38;2;168;160;162m██[38;2;117;106;97m██[38;2;93;88;89m██[38;2;84;74;65m██[38;2;150;153;154m  [38;2;253;255;254m  [38;2;254;254;254m    [38;2;215;215;215m  [38;2;238;234;249m██[38;2;208;208;208m  [38;2;230;230;230m    
[38;2;255;255;255m    [38;2;254;254;254m          [38;2;243;235;245m██[38;2;237;234;247m██[38;2;237;235;242m██[38;2;80;83;108m██[38;2;140;136;109m██[38;2;238;234;250m██[38;2;237;235;249m██[38;2;239;233;251m██[38;2;242;234;253m██[38;2;238;235;250m██[38;2;238;233;248m██[38;2;237;234;248m██[38;2;236;231;249m██[38;2;156;136;125m██[38;2;254;254;254m    [38;2;24;24;24m██[38;2;238;234;248m██[38;2;172;172;172m  [38;2;227;227;227m  [38;2;240;240;240m  
[38;2;255;255;255m    [38;2;254;254;254m        [38;2;240;232;242m██[38;2;237;234;248m██[38;2;238;232;245m██[38;2;81;82;102m██[38;2;239;233;233m██[38;2;238;234;248m██[38;2;238;234;249m██[38;2;235;231;246m██[38;2;238;234;248m██[38;2;238;234;249m██[38;2;239;235;250m██[38;2;238;233;249m██[38;2;235;227;230m██[38;2;238;234;248m██[38;2;239;235;249m██[38;2;244;232;232m██[38;2;254;254;254m  [38;2;38;38;38m██[38;2;167;165;171m  [38;2;187;187;187m  [38;2;213;213;213m  [38;2;227;227;227m  
[38;2;255;255;255m    [38;2;254;254;254m      [38;2;237;233;247m██[38;2;239;235;249m██[38;2;237;234;251m██[38;2;79;81;95m██[38;2;238;232;236m██[38;2;180;177;184m██[38;2;238;233;248m██[38;2;242;234;255m██[38;2;239;235;252m██[38;2;239;235;250m██[38;2;238;234;249m██[38;2;238;234;248m████[38;2;241;232;253m██[38;2;238;234;248m██[38;2;238;234;249m██[38;2;238;233;248m██[38;2;150;169;163m  [38;2;253;253;253m      [38;2;255;255;255m    
[38;2;255;255;255m    [38;2;254;254;254m    [38;2;236;224;212m██[38;2;238;234;249m██[38;2;238;235;247m██[38;2;231;224;215m██[38;2;106;98;84m██[38;2;237;234;249m██[38;2;237;234;241m██[38;2;238;233;255m██[38;2;244;235;254m██[38;2;240;234;248m██[38;2;238;234;250m██[38;2;247;233;224m██[38;2;237;233;250m██[38;2;238;234;249m██[38;2;238;234;248m██[38;2;242;232;243m██[38;2;243;231;245m██[38;2;239;236;245m██[38;2;237;237;251m██[38;2;254;254;254m      [38;2;255;255;255m    
[38;2;255;255;255m    [38;2;254;254;252m    [38;2;236;237;253m██[38;2;238;234;248m██[38;2;237;234;249m██[38;2;86;82;90m██[38;2;240;235;249m██[38;2;190;185;191m██[38;2;239;234;247m██[38;2;238;234;247m██[38;2;136;121;114m██[38;2;183;174;174m██[38;2;238;233;248m██[38;2;232;219;201m██[38;2;239;235;250m██[38;2;238;233;248m██[38;2;238;234;244m██[38;2;177;156;142m██[38;2;243;233;235m██[38;2;239;235;249m██[38;2;240;234;241m██[38;2;201;195;191m  [38;2;254;254;254m    [38;2;255;255;255m    
[38;2;255;255;255m    [38;2;254;254;254m    [38;2;238;234;249m██[38;2;237;233;249m██[38;2;237;234;250m██[38;2;100;99;91m██[38;2;239;235;250m██[38;2;222;215;205m██[38;2;238;233;254m██[38;2;240;235;243m██[38;2;147;136;131m██[38;2;238;233;249m██[38;2;237;233;251m██[38;2;125;109;95m██[38;2;241;234;249m██[38;2;237;233;248m██[38;2;238;234;248m██[38;2;106;95;81m██[38;2;240;233;254m██[38;2;237;234;248m██[38;2;187;177;171m██[38;2;236;236;247m██[38;2;254;254;254m    [38;2;255;255;255m    
[38;2;255;255;255m    [38;2;254;254;254m  [38;2;106;109;95m██[38;2;238;234;248m████[38;2;238;235;247m██[38;2;241;235;236m██[38;2;238;234;249m██[38;2;241;228;220m██[38;2;239;235;249m██[38;2;238;234;248m██[38;2;200;175;142m██[38;2;238;234;248m██[38;2;242;232;249m██[38;2;101;82;65m██[38;2;150;147;130m██[38;2;238;234;248m██[38;2;237;233;253m██[38;2;174;163;140m██[38;2;242;230;247m██[38;2;239;235;249m██[38;2;213;207;201m██[38;2;244;234;244m██[38;2;254;254;254m    [38;2;255;255;255m    
[38;2;255;255;255m    [38;2;254;254;254m  [38;2;223;225;211m██[38;2;238;234;249m████[38;2;239;235;249m██[38;2;236;236;247m██[38;2;238;234;249m██[38;2;180;161;144m██[38;2;238;234;248m████[38;2;227;190;174m██[38;2;238;234;249m██[38;2;241;236;249m██[38;2;124;104;78m██[38;2;201;192;193m██[38;2;239;235;250m██[38;2;236;236;249m██[38;2;218;200;193m██[38;2;235;235;245m██[38;2;238;234;249m██[38;2;239;232;248m██[38;2;239;235;245m██[38;2;254;254;254m    [38;2;255;255;255m    
[38;2;255;255;255m    [38;2;254;254;254m  [38;2;248;232;229m██[38;2;238;234;249m████[38;2;236;232;245m██[38;2;237;235;244m██[38;2;239;235;250m██[38;2;139;119;108m██[38;2;238;234;249m██[38;2;239;235;250m██[38;2;218;181;164m██[38;2;238;234;248m██[38;2;240;234;248m██[38;2;172;142;116m██[38;2;245;242;253m██[38;2;239;235;250m██[38;2;235;234;248m██[38;2;226;218;212m██[38;2;230;222;244m██[38;2;238;236;249m██[38;2;238;232;254m██[38;2;238;235;246m██[38;2;162;145;130m██[38;2;254;254;254m  [38;2;255;255;255m    
[38;2;255;255;255m    [38;2;254;254;254m  [38;2;232;238;246m██[38;2;238;234;248m██[38;2;238;234;249m██[38;2;229;226;240m██[38;2;234;236;245m██[38;2;238;234;249m██[38;2;142;123;109m██[38;2;238;234;248m██[38;2;240;236;250m██[38;2;230;190;182m██[38;2;237;233;250m██[38;2;240;234;249m██[38;2;217;182;152m██[38;2;107;90;64m██[38;2;238;234;248m██[38;2;237;235;247m██[38;2;191;174;147m██[38;2;190;174;197m██[38;2;238;234;249m██[38;2;219;212;198m██[38;2;238;234;248m██[38;2;237;233;236m██[38;2;254;254;254m  [38;2;255;255;255m    
[38;2;255;255;255m    [38;2;254;254;254m  [38;2;234;236;250m██[38;2;246;241;243m██[38;2;238;235;244m██[38;2;156;140;158m██[38;2;238;234;242m██[38;2;239;235;250m██[38;2;174;155;140m██[38;2;237;236;251m██[38;2;240;233;240m██[38;2;233;198;171m██[38;2;238;227;236m██[38;2;239;236;246m██[38;2;226;195;166m██[38;2;194;178;132m██[38;2;241;237;236m██[38;2;224;213;198m██[38;2;81;64;45m██[38;2;97;79;56m██[38;2;93;81;63m██[38;2;140;118;92m██[38;2;237;237;247m██[38;2;212;212;208m  [38;2;254;254;254m  [38;2;255;255;255m    
[38;2;255;255;255m    [38;2;253;254;254m  [38;2;234;238;247m██[38;2;241;236;244m██[38;2;238;235;247m██[38;2;168;153;146m██[38;2;234;237;247m██[38;2;237;235;249m██[38;2;182;165;167m██[38;2;94;78;86m██[38;2;81;72;68m██[38;2;63;59;100m██[38;2;218;210;185m██[38;2;246;233;213m██[38;2;252;236;221m████[38;2;251;235;220m██[38;2;245;228;210m██[38;2;58;62;125m██[38;2;167;172;208m██[38;2;206;206;197m██[38;2;251;229;207m██[38;2;237;234;244m██[38;2;254;254;254m    [38;2;255;255;255m    
[38;2;255;255;255m    [38;2;228;237;229m  [38;2;233;231;249m██[38;2;237;233;248m██[38;2;230;225;246m██[38;2;191;173;180m██[38;2;237;232;253m██[38;2;236;234;246m██[38;2;143;129;111m██[38;2;250;246;241m██[38;2;58;58;137m██[38;2;111;115;183m██[38;2;57;60;135m██[38;2;249;242;229m██[38;2;252;236;221m██[38;2;253;237;222m██[38;2;252;236;220m██[38;2;251;244;222m██[38;2;66;66;139m██[38;2;50;66;150m██[38;2;91;84;72m██[38;2;229;214;185m██[38;2;244;236;241m██[38;2;254;254;253m  [38;2;254;254;254m  [38;2;255;255;255m    
[38;2;255;255;255m    [38;2;244;241;239m██[38;2;237;229;239m██[38;2;238;234;249m██[38;2;190;184;211m██[38;2;183;166;165m██[38;2;238;231;249m██[38;2;241;232;248m██[38;2;132;118;95m██[38;2;248;239;241m██[38;2;103;94;177m██[38;2;55;65;134m██[38;2;88;99;170m██[38;2;250;243;230m██[38;2;252;236;221m████[38;2;251;234;220m██[38;2;252;233;226m██[38;2;219;253;254m██[38;2;89;186;224m██[38;2;244;238;227m██[38;2;134;120;100m██[38;2;236;229;235m██[38;2;254;254;254m    [38;2;255;255;255m    
[38;2;255;255;255m    [38;2;236;235;251m██[38;2;174;158;168m██[38;2;236;232;247m██[38;2;190;180;215m██[38;2;252;233;206m██[38;2;238;221;239m██[38;2;240;223;241m██[38;2;225;206;208m██[38;2;249;229;207m██[38;2;251;218;205m██[38;2;131;185;186m██[38;2;97;106;69m██[38;2;250;234;219m██[38;2;250;234;220m██[38;2;251;234;220m██[38;2;251;235;220m██[38;2;250;232;219m██[38;2;248;225;221m██[38;2;253;219;217m██[38;2;249;221;217m██[38;2;235;215;209m██[38;2;240;217;247m██[38;2;254;254;254m    [38;2;255;255;255m    
[38;2;255;255;255m    [38;2;238;237;254m██[38;2;160;143;148m██[38;2;237;233;248m██[38;2;187;180;214m██[38;2;210;185;157m██[38;2;245;203;217m██[38;2;207;177;174m██[38;2;242;212;231m██[38;2;251;216;212m██[38;2;254;226;223m██[38;2;240;223;215m██[38;2;249;226;215m██[38;2;250;234;218m██[38;2;252;236;221m████[38;2;251;234;220m██[38;2;250;232;218m██[38;2;249;225;214m██[38;2;237;187;191m██[38;2;239;191;191m██[38;2;140;112;91m██[38;2;246;203;233m██[38;2;254;254;254m    [38;2;255;255;255m    
[38;2;255;255;255m    [38;2;232;235;252m██[38;2;168;157;157m██[38;2;219;211;231m██[38;2;186;179;209m██[38;2;211;196;173m██[38;2;150;116;107m██[38;2;175;128;119m██[38;2;248;190;234m██[38;2;248;220;213m██[38;2;248;215;210m██[38;2;248;218;214m██[38;2;250;227;217m██[38;2;250;234;219m██[38;2;251;234;220m██[38;2;250;235;220m██[38;2;252;236;221m██[38;2;249;234;218m██[38;2;248;228;217m██[38;2;253;220;213m██[38;2;249;223;214m██[38;2;212;166;165m██[38;2;252;190;246m██[38;2;254;254;254m    [38;2;255;255;255m    
[38;2;255;255;255m    [38;2;177;181;164m██[38;2;189;177;202m██[38;2;186;176;212m██[38;2;234;229;252m██[38;2;185;180;217m██[38;2;127;105;95m██[38;2;244;187;226m██[38;2;249;187;226m██[38;2;250;231;217m██[38;2;250;227;215m██[38;2;248;228;218m██[38;2;251;232;221m██[38;2;251;234;220m██[38;2;251;235;220m██[38;2;252;236;221m████[38;2;250;234;220m██[38;2;252;234;222m██[38;2;249;233;221m██[38;2;253;235;213m██[38;2;250;180;238m██[38;2;247;178;230m██[38;2;254;254;254m    [38;2;255;255;255m    
[38;2;255;255;255m    [38;2;253;253;253m  [38;2;241;232;239m██[38;2;194;184;204m██[38;2;186;176;212m██[38;2;185;176;213m██[38;2;189;179;206m██[38;2;240;176;236m██[38;2;248;185;226m██[38;2;212;194;171m██[38;2;251;233;218m██[38;2;249;234;218m██[38;2;251;235;220m██[38;2;250;234;219m██[38;2;252;236;223m██[38;2;250;236;216m██[38;2;251;235;220m██[38;2;252;236;221m██[38;2;249;232;207m██[38;2;164;148;142m██[38;2;249;250;250m  [38;2;242;178;237m██[38;2;229;174;222m██[38;2;254;254;254m    [38;2;255;255;255m    
[38;2;255;255;255m    [38;2;254;254;254m    [38;2;160;149;140m██[38;2;185;175;201m██[38;2;183;177;209m██[38;2;181;168;152m██[38;2;200;157;200m██[38;2;203;157;166m██[38;2;123;89;96m██[38;2;133;116;111m██[38;2;111;85;53m██[38;2;125;99;61m██[38;2;145;120;88m██[38;2;193;159;137m██[38;2;113;96;88m██[38;2;176;155;163m██[38;2;185;173;215m██[38;2;133;116;121m██[38;2;196;170;208m██[38;2;243;244;243m  [38;2;221;163;234m██[38;2;144;109;133m██[38;2;253;253;253m    [38;2;255;255;255m    
[38;2;255;255;255m    [38;2;254;254;254m  [38;2;255;254;254m  [38;2;145;167;212m██[38;2;77;77;102m██[38;2;61;58;68m██[38;2;183;169;186m██[38;2;120;132;126m██[38;2;185;138;210m██[38;2;200;146;224m██[38;2;207;193;212m██[38;2;206;194;206m██[38;2;205;193;202m██[38;2;205;193;207m██[38;2;212;197;177m██[38;2;205;194;204m██[38;2;189;176;201m██[38;2;186;171;175m██[38;2;115;85;62m██[38;2;254;254;254m  [38;2;114;112;107m  [38;2;192;145;226m██[38;2;255;253;254m  [38;2;254;254;254m    [38;2;255;255;255m    
[38;2;255;255;255m    [38;2;254;254;254m    [38;2;83;82;104m██[38;2;57;54;88m██[38;2;54;57;85m██[38;2;59;56;74m██[38;2;254;254;254m  [38;2;170;138;209m██[38;2;181;137;235m██[38;2;209;195;209m██[38;2;206;193;206m██[38;2;206;193;205m██[38;2;206;193;209m██[38;2;207;194;206m██[38;2;244;243;248m██[38;2;83;73;72m██[38;2;55;55;86m██[38;2;122;121;117m  [38;2;254;254;254m  [38;2;191;140;198m██[38;2;122;88;109m██[38;2;254;254;254m      [38;2;255;255;255m    
[38;2;255;255;255m      [38;2;254;254;254m  [38;2;84;82;102m██[38;2;56;56;86m██[38;2;55;57;86m██[38;2;254;253;254m  [38;2;254;254;254m  [38;2;224;228;224m  [38;2;120;86;110m██[38;2;123;101;86m██[38;2;246;236;223m██[38;2;160;149;124m██[38;2;241;237;222m██[38;2;244;241;230m██[38;2;221;217;202m██[38;2;118;107;86m██[38;2;82;79;96m██[38;2;253;253;253m  [38;2;254;254;254m    [38;2;149;131;149m  [38;2;254;254;254m      [38;2;255;255;255m    
[38;2;255;255;255m    [38;2;254;254;253m  [38;2;77;82;111m██[38;2;80;81;113m██[38;2;76;76;104m██[38;2;131;135;140m  [38;2;254;254;254m    [38;2;248;242;241m██[38;2;242;246;247m██[38;2;244;244;241m██[38;2;243;243;246m██[38;2;243;243;243m████[38;2;244;244;244m████[38;2;242;243;246m██[38;2;63;61;73m██[38;2;95;91;87m██[38;2;254;254;254m      [38;2;253;253;253m  [38;2;254;254;254m    [38;2;255;255;255m    [0m
