
[38;2;0;0;0m                [38;2;147;119;120m██[38;2;0;0;0m                  [38;2;18;7;4m  [38;2;0;0;0m              
[38;2;0;0;0m                [38;2;140;121;116m██[38;2;0;0;0m                  [38;2;89;47;33m  [38;2;97;50;41m  [38;2;0;0;0m            
[38;2;0;0;0m              [38;2;96;56;40m  [38;2;141;121;116m██[38;2;0;0;0m                    [38;2;139;119;113m██[38;2;0;0;0m            
[38;2;0;0;0m              [38;2;81;45;30m  [38;2;82;68;67m██[38;2;148;127;123m██[38;2;0;0;0m                  [38;2;144;123;122m██[38;2;90;27;8m  [38;2;0;0;0m          
[38;2;0;0;0m                [38;2;143;124;116m██[38;2;152;133;134m██[38;2;155;119;104m  [38;2;0;0;0m                [38;2;147;126;123m██[38;2;136;116;113m██[38;2;0;0;0m          
[38;2;0;0;0m                [38;2;138;124;117m██[38;2;142;122;116m██[38;2;255;192;214m██[38;2;255;157;168m██[38;2;0;0;0m        [38;2;87;18;48m  [38;2;255;190;211m██[38;2;33;21;18m  [38;2;136;117;111m██[38;2;94;75;71m██[38;2;0;0;0m          
[38;2;0;0;0m                [38;2;108;86;86m██[38;2;139;118;114m██[38;2;147;126;121m██[38;2;255;137;147m██[38;2;255;255;255m  [38;2;254;254;254m  [38;2;149;99;68m  [38;2;119;65;53m  [38;2;90;6;24m  [38;2;255;200;226m██[38;2;84;43;38m  [38;2;145;124;119m██[38;2;243;126;136m██[38;2;254;166;176m  [38;2;255;255;255m  [38;2;0;0;0m      
[38;2;0;0;0m                  [38;2;146;128;123m██[38;2;241;147;155m██[38;2;255;54;180m██[38;2;80;88;104m██[38;2;199;219;244m██[38;2;197;192;215m██[38;2;181;185;194m██[38;2;213;184;194m██[38;2;255;155;165m████[38;2;146;132;129m██[38;2;180;130;134m██[38;2;255;147;156m██[38;2;255;255;255m  [38;2;0;0;0m      
[38;2;0;0;0m                  [38;2;113;86;86m  [38;2;246;243;243m██[38;2;169;146;141m██[38;2;136;121;118m██[38;2;255;187;205m██[38;2;255;152;161m██[38;2;218;230;243m██[38;2;58;58;64m██[38;2;224;156;165m██[38;2;203;75;148m██[38;2;197;216;241m██[38;2;71;55;60m██[38;2;255;113;128m██[38;2;255;145;154m██[38;2;0;0;0m      
[38;2;0;0;0m                  [38;2;218;100;113m  [38;2;94;85;88m██[38;2;140;131;136m██[38;2;191;203;219m██[38;2;192;214;241m██[38;2;195;210;234m██[38;2;21;21;28m██[38;2;253;233;245m██[38;2;159;141;144m██[38;2;134;128;131m██[38;2;193;213;238m██[38;2;191;213;233m██[38;2;0;0;0m          
[38;2;0;0;0m                [38;2;255;254;254m  [38;2;119;116;127m██[38;2;152;155;170m██[38;2;189;211;235m██[38;2;155;166;184m██[38;2;195;215;241m██[38;2;184;195;224m██[38;2;251;230;247m██[38;2;252;230;246m██[38;2;164;24;26m██[38;2;188;67;63m██[38;2;155;149;159m██[38;2;198;216;240m██[38;2;195;212;225m██[38;2;0;0;0m        
[38;2;0;0;0m                [38;2;205;208;219m██[38;2;125;136;170m██[38;2;130;140;167m██[38;2;197;212;238m██[38;2;191;214;239m██[38;2;66;67;86m██[38;2;188;192;198m██[38;2;249;230;245m██[38;2;251;233;249m██[38;2;177;18;20m██[38;2;185;17;24m██[38;2;249;233;249m██[38;2;136;143;159m██[38;2;205;220;238m██[38;2;98;68;55m  [38;2;0;0;0m      
[38;2;0;0;0m              [38;2;166;150;151m  [38;2;93;100;131m██[38;2;185;205;232m██[38;2;192;212;239m██[38;2;192;210;228m██[38;2;144;156;172m██[38;2;12;8;22m██[38;2;220;222;238m██[38;2;150;143;151m██[38;2;100;93;97m██[38;2;251;232;246m██[38;2;190;154;161m██[38;2;246;227;246m██[38;2;200;190;201m██[38;2;195;217;237m██[38;2;198;211;227m██[38;2;0;0;0m  [38;2;129;19;24m  [38;2;75;25;18m  
[38;2;0;0;0m              [38;2;123;137;162m██[38;2;144;160;192m██[38;2;152;168;191m██[38;2;190;215;240m██[38;2;194;213;242m██[38;2;162;172;208m██[38;2;4;4;15m██[38;2;246;241;248m██[38;2;243;229;244m██[38;2;151;139;151m██[38;2;247;235;249m██[38;2;249;230;243m██[38;2;250;231;248m██[38;2;242;232;245m██[38;2;245;238;245m██[38;2;190;209;229m██[38;2;54;45;41m  [38;2;0;0;0m    
[38;2;0;0;0m            [38;2;149;154;169m██[38;2;143;154;180m██[38;2;190;214;241m██[38;2;164;179;205m██[38;2;194;212;223m██[38;2;121;133;145m██[38;2;60;67;93m██[38;2;211;221;243m██[38;2;18;17;22m██[38;2;66;51;67m██[38;2;158;132;171m██[38;2;109;102;109m██[38;2;251;231;246m██[38;2;247;231;246m██[38;2;15;7;17m██[38;2;245;231;241m██[38;2;127;138;160m██[38;2;199;213;228m██[38;2;0;0;0m    
[38;2;0;0;0m            [38;2;213;217;234m██[38;2;170;177;215m██[38;2;195;212;240m██[38;2;197;215;241m██[38;2;194;210;233m██[38;2;162;174;212m██[38;2;170;179;207m██[38;2;7;10;28m██[38;2;140;132;139m██[38;2;249;228;247m██[38;2;248;231;244m██[38;2;224;212;226m██[38;2;250;232;248m██[38;2;246;233;243m██[38;2;216;194;228m██[38;2;253;235;251m██[38;2;115;117;127m██[38;2;196;208;241m██[38;2;0;0;0m    
[38;2;0;0;0m          [38;2;164;164;185m██[38;2;154;169;202m██[38;2;163;178;212m██[38;2;167;181;216m██[38;2;192;213;243m██[38;2;194;214;238m██[38;2;163;176;212m██[38;2;241;233;252m██[38;2;234;221;231m██[38;2;227;197;206m██[38;2;230;173;193m██[38;2;240;202;217m██[38;2;243;221;236m██[38;2;250;230;247m██[38;2;248;232;248m██[38;2;74;53;59m██[38;2;236;182;200m██[38;2;82;42;53m██[38;2;134;138;159m██[38;2;13;0;0m  [38;2;0;0;0m  
[38;2;0;0;0m          [38;2;185;204;227m██[38;2;119;124;161m██[38;2;151;165;200m██[38;2;121;135;169m██[38;2;183;203;229m██[38;2;163;176;210m██[38;2;147;156;190m██[38;2;134;141;149m██[38;2;245;217;234m██[38;2;229;176;188m██[38;2;194;92;121m██[38;2;241;185;205m██[38;2;226;207;220m██[38;2;249;231;249m██[38;2;250;232;248m██[38;2;249;203;222m██[38;2;217;150;171m██[38;2;148;90;116m██[38;2;200;198;230m██[38;2;80;69;81m  [38;2;0;0;0m  
[38;2;0;0;0m        [38;2;112;72;67m  [38;2;88;92;124m██[38;2;165;175;210m██[38;2;199;216;246m██[38;2;140;150;185m██[38;2;154;172;194m██[38;2;162;178;211m██[38;2;74;76;90m██[38;2;75;68;84m██[38;2;252;227;248m██[38;2;178;97;105m██[38;2;206;141;151m██[38;2;250;225;238m██[38;2;250;231;249m██[38;2;249;232;248m██[38;2;99;63;71m██[38;2;236;226;226m██[38;2;249;222;238m██[38;2;75;69;84m██[38;2;160;176;202m██[38;2;196;213;240m██[38;2;0;0;0m  
[38;2;0;0;0m        [38;2;201;216;239m██[38;2;141;155;184m██[38;2;162;178;212m██[38;2;153;167;202m██[38;2;186;202;234m██[38;2;200;216;241m██[38;2;124;139;172m██[38;2;92;97;119m██[38;2;192;209;230m██[38;2;249;232;246m██[38;2;248;229;248m██[38;2;250;232;246m██[38;2;250;231;246m██[38;2;250;232;246m██[38;2;206;193;202m██[38;2;161;154;161m██[38;2;19;17;20m██[38;2;248;237;247m██[38;2;165;176;206m██[38;2;191;211;238m██[38;2;168;190;212m██[38;2;0;0;0m  
[38;2;0;0;0m        [38;2;188;209;229m██[38;2;141;157;191m██[38;2;163;177;211m██[38;2;163;178;211m██[38;2;196;213;237m██[38;2;175;188;207m██[38;2;115;130;163m██[38;2;163;166;191m██[38;2;194;202;222m██[38;2;31;21;29m██[38;2;249;233;248m██[38;2;249;232;246m██[38;2;249;232;245m██[38;2;250;232;245m██[38;2;178;29;44m██[38;2;41;4;8m██[38;2;251;237;249m██[38;2;251;233;247m██[38;2;162;177;210m██[38;2;166;184;204m██[38;2;187;207;225m██[38;2;0;0;0m  
[38;2;0;0;0m      [38;2;29;15;22m  [38;2;171;186;217m██[38;2;134;141;166m██[38;2;161;175;210m██[38;2;146;159;188m██[38;2;150;166;187m██[38;2;111;117;143m██[38;2;107;110;138m██[38;2;73;78;92m██[38;2;76;79;108m██[38;2;201;196;202m██[38;2;171;166;174m██[38;2;250;232;246m██[38;2;249;232;246m██[38;2;249;231;248m██[38;2;188;25;46m██[38;2;174;36;46m██[38;2;221;194;211m██[38;2;248;239;249m██[38;2;189;205;232m██[38;2;175;192;223m██[38;2;190;205;233m██[38;2;0;0;0m  
[38;2;0;0;0m      [38;2;189;205;230m██[38;2;161;175;210m██[38;2;163;177;210m██[38;2;141;155;190m██[38;2;147;156;186m██[38;2;178;196;220m██[38;2;119;116;122m██[38;2;247;232;247m██[38;2;250;233;249m██[38;2;178;171;179m██[38;2;99;97;103m██[38;2;160;148;157m██[38;2;49;47;52m██[38;2;251;231;246m██[38;2;251;230;247m██[38;2;115;104;113m██[38;2;187;33;53m██[38;2;253;233;247m██[38;2;77;82;101m██[38;2;200;219;245m██[38;2;199;212;241m██[38;2;117;135;156m██[38;2;0;0;0m  
[38;2;0;0;0m    [38;2;18;0;0m  [38;2;194;212;233m██[38;2;148;161;195m██[38;2;164;179;211m██[38;2;147;162;192m██[38;2;99;104;137m██[38;2;248;231;247m██[38;2;208;198;206m██[38;2;226;213;227m██[38;2;214;202;216m██[38;2;245;228;242m██[38;2;207;198;203m██[38;2;216;209;216m██[38;2;156;151;157m██[38;2;199;193;200m██[38;2;162;153;164m██[38;2;245;230;244m██[38;2;131;126;135m██[38;2;243;227;238m██[38;2;213;223;245m██[38;2;197;214;240m██[38;2;198;213;239m██[38;2;194;214;241m██[38;2;146;76;65m  
[38;2;0;0;0m    [38;2;195;206;231m██[38;2;162;175;202m██[38;2;138;151;183m██[38;2;94;101;130m██[38;2;164;180;216m██[38;2;158;151;160m██[38;2;195;185;194m██[38;2;246;232;247m██[38;2;249;231;245m██[38;2;250;232;245m██[38;2;186;168;185m██[38;2;28;24;28m██[38;2;212;203;213m██[38;2;250;232;248m██[38;2;181;175;182m██[38;2;239;228;238m██[38;2;43;44;59m██[38;2;214;213;218m██[38;2;131;143;168m██[38;2;186;196;222m██[38;2;192;212;239m██[38;2;202;212;236m██[38;2;195;215;242m██[38;2;104;66;54m  
[38;2;0;0;0m    [38;2;104;115;145m██[38;2;120;134;169m██[38;2;164;179;210m██[38;2;145;159;188m██[38;2;175;183;210m██[38;2;219;206;217m██[38;2;206;196;205m██[38;2;249;232;248m██[38;2;247;230;244m██[38;2;250;232;246m██[38;2;249;231;245m██[38;2;241;231;242m██[38;2;248;232;246m██[38;2;250;232;247m██[38;2;244;229;239m██[38;2;13;12;18m██[38;2;74;79;105m██[38;2;138;146;177m██[38;2;68;75;93m██[38;2;185;190;221m██[38;2;194;213;243m██[38;2;200;208;234m██[38;2;191;211;238m██[38;2;132;102;104m  
[38;2;0;0;0m  [38;2;83;57;46m  [38;2;90;97;117m██[38;2;157;172;206m██[38;2;164;176;211m██[38;2;159;171;201m██[38;2;239;232;240m██[38;2;215;205;214m██[38;2;249;231;246m██[38;2;249;232;245m██[38;2;114;103;114m██[38;2;250;232;246m██[38;2;250;233;249m██[38;2;253;244;250m██[38;2;247;228;246m██[38;2;250;232;248m██[38;2;48;43;50m██[38;2;144;148;164m██[38;2;161;169;196m██[38;2;204;217;242m██[38;2;163;173;199m██[38;2;133;144;176m██[38;2;194;214;241m██[38;2;200;211;241m██[38;2;194;214;241m██[38;2;230;217;234m██
[38;2;0;0;0m  [38;2;201;212;238m██[38;2;194;205;233m██[38;2;101;116;145m██[38;2;163;175;207m██[38;2;41;46;66m██[38;2;205;193;203m██[38;2;197;190;198m██[38;2;249;232;247m██[38;2;250;232;245m██[38;2;249;231;244m██[38;2;249;232;245m██[38;2;248;231;248m██[38;2;47;38;42m██[38;2;233;222;236m██[38;2;203;187;203m██[38;2;224;210;225m██[38;2;224;213;225m██[38;2;230;215;230m██[38;2;23;23;35m██[38;2;186;203;219m██[38;2;63;66;81m██[38;2;196;213;241m██[38;2;199;215;243m██[38;2;192;213;240m██[38;2;213;220;232m██
[38;2;0;0;0m  [38;2;195;209;243m██[38;2;87;93;122m██[38;2;159;172;206m██[38;2;81;86;124m██[38;2;174;177;200m██[38;2;188;176;186m██[38;2;209;197;207m██[38;2;250;232;245m██[38;2;250;232;246m████[38;2;250;232;247m██[38;2;248;231;247m██[38;2;249;230;249m██[38;2;237;225;235m██[38;2;251;231;249m██[38;2;137;129;137m██[38;2;249;231;245m██[38;2;250;230;245m██[38;2;250;230;250m██[38;2;138;149;163m██[38;2;195;208;235m██[38;2;190;209;239m██[38;2;197;212;241m██[38;2;194;214;241m██[38;2;187;192;208m██
[38;2;115;89;97m  [38;2;148;152;181m██[38;2;160;168;206m██[38;2;179;186;215m██[38;2;141;152;180m██[38;2;240;230;240m██[38;2;212;200;210m██[38;2;211;201;212m██[38;2;249;232;245m██[38;2;250;232;246m██[38;2;246;231;244m██[38;2;245;231;246m██[38;2;249;234;244m██[38;2;250;232;246m██[38;2;251;233;249m██[38;2;250;232;249m██[38;2;243;230;244m██[38;2;249;232;245m██[38;2;249;231;245m██[38;2;181;169;181m██[38;2;159;173;186m██[38;2;195;214;246m██[38;2;165;176;210m██[38;2;195;209;237m██[38;2;192;214;238m██[38;2;199;140;79m██
[38;2;101;109;132m██[38;2;143;153;191m██[38;2;128;135;170m██[38;2;131;138;156m██[38;2;162;174;206m██[38;2;237;225;235m██[38;2;204;194;203m██[38;2;198;188;199m██[38;2;249;232;246m██[38;2;250;232;247m██[38;2;248;230;248m██[38;2;246;233;245m██[38;2;248;232;248m██[38;2;249;232;245m██[38;2;250;232;245m██[38;2;249;231;245m██[38;2;252;230;245m██[38;2;249;231;246m██[38;2;249;232;246m██[38;2;233;219;232m██[38;2;174;185;217m██[38;2;201;223;244m██[38;2;171;184;219m██[38;2;196;210;238m██[38;2;178;198;224m██[38;2;109;90;84m██
[38;2;194;213;245m██[38;2;123;134;165m██[38;2;144;157;185m██[38;2;132;137;166m██[38;2;160;170;196m██[38;2;212;208;212m██[38;2;204;199;205m██[38;2;197;187;196m██[38;2;249;231;248m██[38;2;251;233;247m██[38;2;249;231;247m██[38;2;251;233;249m██[38;2;249;232;246m██[38;2;250;231;245m██[38;2;239;225;238m██[38;2;249;232;245m██[38;2;250;231;245m██[38;2;249;231;246m██[38;2;250;231;246m██[38;2;247;233;246m██[38;2;37;43;66m██[38;2;122;139;155m██[38;2;163;178;210m██[38;2;195;210;240m██[38;2;190;209;239m██[38;2;150;157;175m██[0m
