
[38;2;0;0;0m        [38;2;55;57;60m  [38;2;76;80;92m  [38;2;70;73;82m██[38;2;70;73;83m██████████[38;2;83;86;96m██[38;2;70;73;83m████████████████████[38;2;70;72;82m██[38;2;69;74;85m██[38;2;110;116;130m  [38;2;54;56;59m  [38;2;0;0;0m        
[38;2;0;0;0m      [38;2;22;104;104m  [38;2;80;85;98m  [38;2;101;106;120m██[38;2;70;74;85m██[38;2;70;73;83m████████[38;2;78;82;92m██[38;2;69;74;86m██[38;2;70;73;83m██████████████████████[38;2;105;108;122m██[38;2;70;75;88m██[38;2;112;118;135m  [38;2;40;63;63m  [38;2;0;0;0m      
[38;2;0;0;0m    [38;2;16;16;16m  [38;2;100;105;117m  [38;2;90;95;106m██[38;2;73;79;91m██[38;2;70;74;85m██[38;2;70;73;83m██████[38;2;70;73;82m██[38;2;117;121;137m██[38;2;71;74;84m██[38;2;70;73;83m████████████████████[38;2;71;73;84m██[38;2;72;75;86m██[38;2;111;116;129m██[38;2;88;93;106m██[38;2;105;112;128m  [38;2;16;16;16m  [38;2;0;0;0m    
[38;2;0;0;0m    [38;2;113;114;115m  [38;2;105;112;126m  [38;2;121;130;148m██[38;2;94;99;115m██[38;2;75;79;91m██[38;2;72;78;88m██[38;2;72;75;87m████[38;2;69;75;85m██[38;2;111;120;134m██[38;2;72;75;85m██[38;2;71;74;84m██[38;2;70;73;83m████████[38;2;71;74;84m██████[38;2;71;74;85m██[38;2;71;74;84m██[38;2;73;76;87m██[38;2;78;83;95m██[38;2;120;126;144m██[38;2;93;100;114m██[38;2;117;126;144m  [38;2;112;113;115m  [38;2;0;0;0m    
[38;2;0;0;0m  [38;2;0;0;9m  [38;2;107;114;128m  [38;2;113;120;136m██[38;2;127;135;155m██[38;2;127;134;152m██[38;2;124;132;151m██[38;2;121;130;148m██[38;2;117;123;142m██[38;2;122;128;146m██[38;2;103;111;128m██[38;2;123;132;149m██[38;2;122;130;147m██[38;2;121;127;145m██[38;2;120;126;142m██[38;2;117;124;142m██[38;2;116;123;141m██[38;2;117;123;141m████[38;2;120;126;144m██[38;2;120;127;145m██[38;2;121;126;147m██[38;2;122;128;147m██[38;2;124;130;148m██[38;2;124;133;151m██[38;2;127;134;153m██[38;2;128;135;154m██[38;2;123;132;149m██[38;2;105;114;131m  [38;2;0;0;9m  [38;2;0;0;0m  
[38;2;0;0;0m    [38;2;113;119;135m  [38;2;124;130;148m██[38;2;124;131;147m██[38;2;113;119;136m██[38;2;84;91;101m██[38;2;73;80;92m██[38;2;57;62;70m██[38;2;77;81;93m██[38;2;95;102;115m██[38;2;118;124;142m██[38;2;96;101;116m██[38;2;84;89;103m██[38;2;75;80;92m██[38;2;58;64;73m██[38;2;56;62;70m██[38;2;53;57;66m██[38;2;59;62;72m██[38;2;71;76;87m██[38;2;75;80;92m██[38;2;66;71;81m██[38;2;73;77;87m██[38;2;84;88;98m██[38;2;93;98;111m██[38;2;103;108;122m██[38;2;120;126;143m██[38;2;104;112;127m██[38;2;117;123;142m  [38;2;0;0;126m  [38;2;0;0;0m  
[38;2;0;0;0m  [38;2;35;35;63m  [38;2;97;103;119m  [38;2;112;119;135m██[38;2;71;74;85m██[38;2;70;73;83m██[38;2;49;53;59m██[38;2;49;53;58m██[38;2;58;62;69m██[38;2;70;73;83m██[38;2;73;79;91m██[38;2;112;119;137m██[38;2;71;74;87m██[38;2;70;73;83m██[38;2;68;71;81m██[38;2;49;53;58m██[38;2;50;52;58m██[38;2;49;52;58m██[38;2;35;44;56m██[38;2;69;72;82m████[38;2;49;53;59m██[38;2;49;53;58m████[38;2;70;73;83m████[38;2;73;76;87m██[38;2;113;119;135m██[38;2;105;108;126m  [38;2;17;23;31m  [38;2;0;0;0m  
[38;2;0;0;0m  [38;2;50;54;59m  [38;2;113;119;135m  [38;2;85;90;106m██[38;2;70;73;83m██[38;2;64;67;77m██[38;2;48;52;59m██[38;2;48;52;58m██[38;2;61;65;72m██[38;2;69;72;81m██[38;2;51;54;67m██[38;2;115;122;140m██[38;2;70;75;87m██[38;2;70;73;83m██[38;2;67;70;80m██[38;2;48;52;58m██[38;2;50;51;57m██[38;2;48;51;57m██[38;2;32;46;62m██[38;2;66;69;80m██[38;2;67;70;80m██[38;2;48;52;57m██[38;2;48;52;58m████[38;2;61;64;75m██[38;2;69;72;82m██[38;2;71;74;85m██[38;2;118;124;140m██[38;2;75;81;92m  [38;2;37;40;48m  [38;2;0;0;0m  
[38;2;0;0;0m  [38;2;88;93;112m  [38;2;117;126;142m██[38;2;72;76;89m██[38;2;70;73;83m██[38;2;52;56;63m██[38;2;48;52;57m████[38;2;65;68;75m██[38;2;66;69;80m██[38;2;33;46;60m██[38;2;103;113;129m██[38;2;73;78;92m██[38;2;70;73;83m██[38;2;67;70;81m██[38;2;48;52;57m████[38;2;47;50;58m██[38;2;29;44;63m██[38;2;55;60;72m██[38;2;65;69;80m██[38;2;46;50;54m██[38;2;48;52;57m████[38;2;50;54;59m██[38;2;69;72;82m██[38;2;70;73;83m██[38;2;113;119;134m██[38;2;69;73;84m██[38;2;43;46;55m  [38;2;0;0;0m  
[38;2;0;0;0m  [38;2;84;87;98m  [38;2;117;125;141m██[38;2;70;74;86m██[38;2;69;72;82m██[38;2;48;52;58m████[38;2;47;51;56m██[38;2;64;67;75m██[38;2;64;68;78m██[38;2;31;44;64m██[38;2;68;79;94m██[38;2;107;112;129m██[38;2;71;73;84m██[38;2;69;71;82m██[38;2;48;52;58m██[38;2;48;52;57m██[38;2;46;49;57m██[38;2;29;44;63m██[38;2;32;45;61m██[38;2;65;68;79m██[38;2;33;42;54m██[38;2;48;51;57m██[38;2;48;50;56m██[38;2;49;53;58m██[38;2;67;71;79m██[38;2;70;73;83m██[38;2;102;108;120m██[38;2;52;56;65m██[38;2;78;83;100m  [38;2;0;0;0m  
[38;2;0;0;0m  [38;2;51;53;59m  [38;2;117;124;138m██[38;2;69;74;85m██[38;2;68;71;81m██[38;2;49;53;58m██[38;2;48;52;56m██[38;2;34;41;50m██[38;2;58;60;70m██[38;2;49;53;67m██[38;2;34;48;66m██[38;2;74;85;102m██[38;2;115;123;138m██[38;2;72;74;83m██[38;2;69;72;82m██[38;2;49;53;59m██[38;2;48;52;57m██[38;2;45;48;56m██[38;2;30;44;64m██[38;2;53;64;81m██[38;2;66;67;78m██[38;2;33;41;54m██[38;2;44;48;53m██[38;2;48;52;57m██[38;2;48;52;58m██[38;2;60;64;72m██[38;2;70;73;83m██[38;2;97;101;116m██[38;2;51;54;62m██[38;2;75;79;93m  [38;2;0;0;0m  
[38;2;0;0;0m  [38;2;43;46;53m  [38;2;115;121;136m██[38;2;70;75;85m██[38;2;66;69;80m██[38;2;48;52;58m██[38;2;48;51;57m██[38;2;37;49;66m██[38;2;62;65;74m██[38;2;35;44;58m██[38;2;55;63;77m██[38;2;53;59;72m██[38;2;70;75;88m██[38;2;93;97;109m██[38;2;71;73;85m██[38;2;54;57;66m██[38;2;47;51;57m██[38;2;42;46;52m██[38;2;34;45;61m██[38;2;44;54;64m██[38;2;52;56;66m██[38;2;49;55;70m██[38;2;33;44;58m██[38;2;48;52;56m██[38;2;48;52;57m██[38;2;51;55;62m██[38;2;70;73;82m██[38;2;96;100;114m██[38;2;50;54;61m██[38;2;44;47;59m  [38;2;0;0;0m  
[38;2;0;0;0m  [38;2;34;37;45m  [38;2;102;109;124m██[38;2;71;76;85m██[38;2;63;66;77m██[38;2;48;52;58m██[38;2;40;45;55m██[38;2;70;80;98m██[38;2;60;62;71m██[38;2;38;44;57m██[38;2;67;71;81m██[38;2;48;56;73m██[38;2;34;50;67m██[38;2;108;115;131m██[38;2;71;75;88m██[38;2;64;68;76m██[38;2;50;51;57m██[38;2;42;45;52m██[38;2;32;48;68m██[38;2;62;71;81m██[38;2;67;73;81m██[38;2;58;60;66m██[38;2;37;47;60m██[38;2;41;46;58m██[38;2;48;52;57m██[38;2;48;52;58m██[38;2;70;73;82m██[38;2;95;100;114m██[38;2;49;52;60m  [38;2;18;19;24m  [38;2;0;0;0m  
[38;2;0;0;0m  [38;2;21;22;27m  [38;2;69;74;84m  [38;2;75;78;90m██[38;2;60;64;72m██[38;2;48;52;58m██[38;2;43;53;70m██[38;2;64;65;73m██[38;2;73;70;73m██[38;2;185;184;185m██[38;2;174;172;172m██[38;2;65;61;63m██[38;2;81;88;98m██[38;2;87;94;109m██[38;2;105;108;122m██[38;2;70;73;82m██[38;2;49;53;59m██[38;2;41;47;56m██[38;2;56;64;73m██[38;2;78;71;74m██[38;2;187;182;183m██[38;2;98;95;95m██[38;2;90;88;89m██[38;2;40;46;56m██[38;2;48;52;57m████[38;2;68;72;81m██[38;2;101;105;120m██[38;2;59;62;72m  [38;2;10;10;10m  [38;2;0;0;0m  
[38;2;0;0;0m    [38;2;101;103;118m  [38;2;92;96;110m██[38;2;59;65;72m██[38;2;47;51;56m██[38;2;59;62;73m██[38;2;194;193;192m██[38;2;161;160;158m██[38;2;231;231;228m██[38;2;222;223;220m██[38;2;226;226;226m██[38;2;76;78;84m██[38;2;136;146;162m██[38;2;95;99;115m██[38;2;76;80;93m██[38;2;51;54;62m██[38;2;43;50;62m██[38;2;93;101;106m██[38;2;227;227;225m██[38;2;176;176;174m██[38;2;223;220;219m██[38;2;227;227;226m██[38;2;181;182;182m██[38;2;47;46;51m██[38;2;48;52;59m██[38;2;67;70;78m██[38;2;105;110;124m██[38;2;92;95;107m  [38;2;0;0;0m    
[38;2;0;0;0m  [38;2;62;62;69m  [38;2;74;79;92m  [38;2;96;102;113m██[38;2;58;63;71m██[38;2;46;52;61m██[38;2;79;81;93m██[38;2;231;230;230m██[38;2;242;242;240m██[38;2;241;241;239m██[38;2;191;192;189m██[38;2;237;238;237m██[38;2;180;182;186m██[38;2;104;117;138m██[38;2;107;120;138m██[38;2;99;108;121m██[38;2;63;67;74m██[38;2;50;57;68m██[38;2;190;198;205m██[38;2;237;238;235m██[38;2;155;155;153m██[38;2;242;239;237m██[38;2;242;243;242m██[38;2;231;231;231m██[38;2;60;63;65m██[38;2;43;50;60m██[38;2;61;65;73m██[38;2;73;74;86m██[38;2;70;73;84m  [38;2;19;22;28m  [38;2;0;0;0m  
[38;2;0;0;0m  [38;2;94;102;115m  [38;2;53;57;66m██[38;2;80;74;73m██[38;2;60;62;73m██[38;2;81;90;104m██[38;2;117;128;144m██[38;2;231;234;233m██[38;2;244;245;241m██[38;2;245;245;242m██[38;2;243;243;241m██[38;2;241;240;243m██[38;2;168;176;186m██[38;2;120;133;154m██[38;2;122;133;151m██[38;2;117;130;148m██[38;2;106;112;126m██[38;2;63;69;80m██[38;2;166;176;184m██[38;2;240;240;237m██[38;2;242;243;240m██[38;2;244;245;242m██[38;2;244;244;243m██[38;2;233;233;233m██[38;2;114;122;136m██[38;2;74;87;108m██[38;2;59;60;68m██[38;2;83;79;77m██[38;2;52;56;62m██[38;2;95;101;115m  [38;2;0;0;0m  
[38;2;42;45;49m  [38;2;55;61;70m  [38;2;48;53;61m  [38;2;149;127;114m██[38;2;68;70;79m██[38;2;110;118;131m██[38;2;126;138;155m██[38;2;148;155;171m██[38;2;234;234;234m██[38;2;235;235;236m██[38;2;237;237;237m██[38;2;227;228;230m██[38;2;143;150;159m██[38;2;142;150;163m██[38;2;143;150;163m██[38;2;144;150;161m██[38;2;139;144;156m██[38;2;87;91;103m██[38;2;139;148;160m██[38;2;194;194;196m██[38;2;236;236;237m██[38;2;231;231;233m██[38;2;231;231;232m██[38;2;156;162;171m██[38;2;126;136;155m██[38;2;99;107;121m██[38;2;83;85;94m██[38;2;135;109;100m  [38;2;47;49;57m  [38;2;54;60;70m  [38;2;67;73;88m  
[38;2;48;54;64m  [38;2;22;26;29m  [38;2;50;50;52m  [38;2;159;131;115m  [38;2;103;103;114m██[38;2;96;101;111m██[38;2;138;147;164m██[38;2;137;148;167m██[38;2;140;147;163m██[38;2;146;150;163m██[38;2;129;129;141m██[38;2;159;158;164m██[38;2;171;170;171m██[38;2;177;171;171m██[38;2;68;85;102m██[38;2;182;172;172m██[38;2;183;176;172m██[38;2;175;170;170m██[38;2;169;167;172m██[38;2;161;163;172m██[38;2;145;149;163m██[38;2;116;122;146m██[38;2;111;113;139m██[38;2;144;152;167m██[38;2;141;150;163m██[38;2;81;86;97m██[38;2;105;107;119m██[38;2;181;147;130m  [38;2;117;58;58m  [38;2;4;5;6m  [38;2;57;67;78m  
[38;2;0;0;0m    [38;2;85;85;85m  [38;2;202;176;158m  [38;2;113;112;116m██[38;2;77;76;81m██[38;2;165;165;170m██[38;2;164;166;174m██[38;2;167;168;176m██[38;2;176;175;179m██[38;2;191;182;178m██[38;2;204;189;180m██[38;2;214;194;185m██[38;2;217;198;183m██[38;2;108;113;122m██[38;2;222;198;184m██[38;2;223;201;185m██[38;2;217;197;184m██[38;2;210;194;181m██[38;2;204;189;181m██[38;2;194;181;177m██[38;2;145;140;150m██[38;2;140;136;150m██[38;2;180;175;175m██[38;2;178;171;170m██[38;2;60;60;65m██[38;2;119;120;131m██[38;2;204;179;161m  [38;2;20;20;20m  [38;2;0;0;0m    
[38;2;0;0;0m      [38;2;160;148;141m  [38;2;132;116;111m██[38;2;59;58;63m██[38;2;199;184;175m██[38;2;204;190;183m██[38;2;207;194;183m██[38;2;218;198;186m██[38;2;228;205;186m██[38;2;237;209;189m██[38;2;241;212;190m██[38;2;240;213;189m██[38;2;241;212;188m██[38;2;242;214;191m██[38;2;244;214;189m██[38;2;240;213;189m██[38;2;238;211;187m██[38;2;237;209;188m██[38;2;232;207;186m██[38;2;224;203;186m██[38;2;220;201;191m██[38;2;222;199;185m██[38;2;210;190;174m██[38;2;59;60;70m██[38;2;108;107;116m██[38;2;180;166;156m  [38;2;0;0;0m      
[38;2;0;0;0m      [38;2;162;96;96m  [38;2;148;130;115m  [38;2;68;69;76m██[38;2;222;198;179m██[38;2;236;209;188m██[38;2;238;211;187m██[38;2;242;213;191m██[38;2;246;215;190m██[38;2;246;216;190m██[38;2;247;218;191m██████[38;2;248;219;192m██████[38;2;247;218;191m████[38;2;246;216;190m██[38;2;244;216;190m██[38;2;246;214;189m██[38;2;242;211;186m██[38;2;204;183;164m██[38;2;70;72;84m██[38;2;132;126;123m  [38;2;94;94;94m  [38;2;0;0;0m      
[38;2;0;0;0m        [38;2;76;74;76m  [38;2;101;101;112m  [38;2;222;197;178m██[38;2;245;215;190m██[38;2;248;218;192m████[38;2;248;219;191m██[38;2;248;219;192m██[38;2;249;219;192m██[38;2;249;220;192m████[38;2;249;220;193m██[38;2;248;219;192m████[38;2;247;219;191m██[38;2;247;218;191m██[38;2;248;219;192m██[38;2;248;218;192m████[38;2;241;212;187m██[38;2;112;96;93m██[38;2;92;95;107m  [38;2;125;151;151m  [38;2;0;0;0m        
[38;2;0;0;0m          [38;2;109;113;126m  [38;2;130;117;108m██[38;2;241;213;186m██[38;2;251;230;211m██[38;2;247;218;192m██[38;2;248;219;192m██[38;2;249;220;192m██████[38;2;248;219;192m██[38;2;247;218;192m██[38;2;247;218;190m████[38;2;244;217;190m██[38;2;241;211;185m██[38;2;247;218;192m██[38;2;247;220;195m██[38;2;248;222;196m██[38;2;232;205;179m██[38;2;56;55;60m██[38;2;106;111;124m  [38;2;0;0;93m  [38;2;0;0;0m        
[38;2;0;0;0m          [38;2;37;41;70m  [38;2;58;58;67m  [38;2;227;197;175m██[38;2;238;208;184m██[38;2;248;218;192m██[38;2;250;220;193m██[38;2;248;219;192m██[38;2;246;216;189m██[38;2;247;217;191m██[38;2;247;218;191m██[38;2;248;218;192m██[38;2;247;213;189m██[38;2;226;195;173m██[38;2;195;164;143m██[38;2;246;215;187m██[38;2;248;218;192m██[38;2;248;219;194m██[38;2;243;213;187m██[38;2;203;177;161m██[38;2;55;57;64m██[38;2;80;83;96m  [38;2;29;29;40m  [38;2;0;0;0m        
[38;2;0;0;0m          [38;2;6;6;6m  [38;2;70;73;81m  [38;2;57;55;56m██[38;2;230;199;177m██[38;2;245;215;190m██[38;2;248;219;191m████[38;2;247;217;191m██[38;2;248;219;192m████[38;2;248;219;191m██[38;2;245;217;190m██[38;2;243;218;186m██[38;2;246;217;189m██[38;2;247;218;190m██[38;2;247;218;191m██[38;2;245;215;189m██[38;2;230;201;178m██[38;2;59;54;54m██[38;2;74;79;89m██[38;2;50;54;63m  [38;2;43;46;54m  [38;2;0;0;0m        
[38;2;0;0;0m            [38;2;75;79;88m  [38;2;48;49;54m  [38;2;56;53;56m  [38;2;226;200;177m██[38;2;243;213;187m██[38;2;247;218;191m██[38;2;248;219;192m████[38;2;249;219;192m████[38;2;248;219;192m████[38;2;249;219;192m██[38;2;248;219;194m██[38;2;244;215;188m██[38;2;230;201;176m██[38;2;67;60;57m██[38;2;49;50;57m██[38;2;104;106;120m  [38;2;25;25;25m  [38;2;51;57;62m  [38;2;0;0;0m        
[38;2;0;0;0m          [38;2;0;0;4m  [38;2;45;49;55m  [38;2;44;46;52m  [38;2;47;47;54m  [38;2;57;56;62m██[38;2;205;178;158m██[38;2;245;213;188m██[38;2;248;217;191m██[38;2;248;218;192m██[38;2;250;220;193m██████[38;2;248;219;191m██[38;2;247;217;190m██[38;2;237;207;183m██[38;2;225;196;174m██[38;2;61;57;62m██[38;2;49;51;56m  [38;2;46;47;55m  [38;2;67;69;79m  [38;2;0;0;0m  [38;2;1;1;1m  [38;2;0;0;0m        
[38;2;0;0;0m            [38;2;44;46;54m  [38;2;41;42;48m  [38;2;42;45;50m  [38;2;50;52;58m██[38;2;107;87;78m  [38;2;179;144;123m██[38;2;245;212;187m██[38;2;246;214;186m██[38;2;248;218;189m██[38;2;247;219;189m██[38;2;248;219;192m██[38;2;245;215;188m██[38;2;245;213;187m██[38;2;172;137;114m██[38;2;206;162;136m██[38;2;55;53;62m██[38;2;24;24;28m  [38;2;51;52;62m  [38;2;48;50;60m  [38;2;0;0;0m            
[38;2;0;0;0m          [38;2;0;0;18m  [38;2;37;39;44m  [38;2;5;5;6m  [38;2;42;42;49m  [38;2;45;46;55m  [38;2;23;18;21m  [38;2;209;161;135m██[38;2;218;172;144m██[38;2;180;145;122m██[38;2;244;212;184m██[38;2;245;214;185m██[38;2;243;214;186m██[38;2;175;138;117m██[38;2;217;172;144m██[38;2;219;172;142m██[38;2;205;162;133m██[38;2;54;52;61m██[38;2;23;21;26m  [38;2;73;77;92m  [38;2;43;46;55m  [38;2;0;0;0m            
[38;2;0;0;0m          [38;2;14;14;22m  [38;2;0;0;0m    [38;2;40;41;48m  [38;2;22;22;24m  [38;2;86;86;86m  [38;2;205;158;130m  [38;2;219;171;141m██[38;2;221;173;141m██[38;2;217;171;141m██[38;2;200;157;130m██[38;2;220;173;144m██[38;2;220;173;141m██[38;2;221;173;141m██[38;2;219;172;140m██[38;2;206;160;130m  [38;2;45;43;53m  [38;2;22;21;26m  [38;2;9;9;9m  [38;2;0;0;0m              
[38;2;0;0;0m                [38;2;35;37;47m  [38;2;0;0;0m  [38;2;69;69;69m  [38;2;189;149;124m  [38;2;219;172;140m██[38;2;222;174;143m██[38;2;222;174;142m██[38;2;221;174;142m██[38;2;221;173;141m██[38;2;222;174;142m██[38;2;222;173;141m██[38;2;220;173;141m██[38;2;207;160;131m  [38;2;9;7;12m  [38;2;21;21;25m  [38;2;0;0;0m                [0m
