
[38;2;0;0;0m                        [38;2;1;1;1m██[38;2;48;38;38m  [38;2;235;188;188m  [38;2;239;191;191m██  [38;2;224;179;179m  [38;2;7;6;6m██[38;2;1;1;1m██[38;2;0;0;0m                          
[38;2;0;0;0m                  [38;2;1;1;1m  [38;2;238;191;191m██████  ████          [38;2;0;0;0m██[38;2;1;1;1m██[38;2;0;0;0m                    
[38;2;0;0;0m        ██    [38;2;1;1;1m  [38;2;239;190;190m  [38;2;239;191;191m  ████[38;2;238;191;191m  [38;2;239;191;191m████████████  [38;2;239;190;190m  [38;2;158;52;60m██[38;2;1;1;1m██[38;2;224;179;179m  [38;2;0;0;0m                  
[38;2;0;0;0m        [38;2;1;1;1m  [38;2;0;0;0m  [38;2;13;10;10m██[38;2;238;191;191m████  ██[38;2;179;142;142m  [38;2;1;1;1m████████[38;2;41;33;33m██[38;2;239;191;191m██[38;2;238;191;191m████[38;2;24;19;19m██[38;2;158;53;60m██[38;2;1;1;1m██[38;2;238;191;191m██  [38;2;1;1;1m██[38;2;0;0;0m              
[38;2;0;0;0m          [38;2;171;80;85m██[38;2;1;1;1m██[38;2;238;191;191m██[38;2;11;8;8m██[38;2;1;1;1m██[38;2;236;233;240m██[38;2;235;232;239m██[38;2;236;233;240m██[38;2;235;232;239m██[38;2;236;232;239m██[38;2;235;232;239m██[38;2;236;232;239m██[38;2;236;233;240m██[38;2;125;123;127m██[38;2;1;1;1m████[38;2;167;70;76m██[38;2;1;1;1m██[38;2;239;191;191m██    [38;2;1;1;1m██[38;2;0;0;0m            
[38;2;0;0;0m        ██[38;2;190;116;118m██[38;2;158;53;60m██[38;2;0;0;0m██[38;2;235;233;239m██[38;2;236;233;239m██[38;2;234;229;235m██[38;2;234;228;232m██[38;2;234;227;232m████[38;2;234;228;233m██[38;2;234;229;234m██[38;2;235;230;236m██[38;2;235;231;236m██[38;2;235;233;239m██[38;2;236;233;240m██[38;2;158;52;59m██[38;2;186;106;110m██[38;2;1;1;1m██[38;2;238;191;191m  ████  [38;2;1;1;1m██[38;2;0;0;0m          
[38;2;0;0;0m        [38;2;239;191;191m██[38;2;0;0;0m██[38;2;174;82;88m██[38;2;231;229;235m██[38;2;235;232;239m██[38;2;235;230;236m██[38;2;233;226;230m████[38;2;232;225;228m██[38;2;234;229;234m██[38;2;234;229;233m██[38;2;234;229;234m██[38;2;235;230;236m██[38;2;234;229;235m██[38;2;235;230;235m██[38;2;236;233;239m██[38;2;133;45;50m██[38;2;194;121;124m██[38;2;0;0;0m██[38;2;238;191;191m  ██[38;2;239;191;191m████[38;2;247;223;223m██[38;2;0;0;0m          
[38;2;0;0;0m      [38;2;220;176;176m██[38;2;1;1;1m██[38;2;207;204;211m██[38;2;166;103;106m██[38;2;236;233;239m██[38;2;234;230;235m██[38;2;1;1;1m████[38;2;245;218;218m  [38;2;249;232;232m██[38;2;244;213;213m██[38;2;248;230;230m██[38;2;242;206;206m██[38;2;214;171;171m██[38;2;1;1;1m██[38;2;3;3;3m██[38;2;235;233;239m██[38;2;0;0;0m██[38;2;1;1;1m██[38;2;235;233;239m██[38;2;1;1;1m██[38;2;238;191;191m████[38;2;239;194;194m██[38;2;249;232;232m██[38;2;9;8;8m██[38;2;0;0;0m        
[38;2;0;0;0m    ██[38;2;236;188;188m██[38;2;234;230;236m██[38;2;232;225;227m██[38;2;1;1;1m██[38;2;0;0;0m██[38;2;244;215;215m██[38;2;249;229;229m██[38;2;247;221;221m  [38;2;247;223;223m██[38;2;250;233;233m██[38;2;249;230;230m██[38;2;249;232;232m██[38;2;248;227;227m██[38;2;244;214;214m██[38;2;246;218;218m  [38;2;244;213;213m██[38;2;2;2;2m██[38;2;235;232;239m██[38;2;234;231;236m██[38;2;233;227;231m██[38;2;236;233;240m██[38;2;3;2;2m██[38;2;238;190;190m  [38;2;248;226;226m██[38;2;250;233;233m████[38;2;1;1;1m  [38;2;0;0;0m      
[38;2;0;0;0m    [38;2;221;177;177m  [38;2;1;1;1m██[38;2;232;225;227m██[38;2;0;0;0m██[38;2;235;230;235m██[38;2;44;35;35m██[38;2;247;224;224m██[38;2;249;233;233m██[38;2;248;230;230m██[38;2;246;222;222m██[38;2;249;233;233m██[38;2;248;231;231m██[38;2;249;232;232m██[38;2;248;228;228m██[38;2;248;230;230m████[38;2;239;193;193m██[38;2;247;225;225m██[38;2;100;99;101m██[38;2;215;190;190m██[38;2;0;0;0m██[38;2;233;226;229m██[38;2;235;232;239m██[38;2;238;191;191m██[38;2;248;228;228m██[38;2;249;233;233m████[38;2;1;1;1m██[38;2;0;0;0m      
[38;2;0;0;0m    [38;2;239;191;191m██[38;2;233;227;231m██[38;2;1;1;1m██[38;2;239;191;191m████[38;2;3;2;2m██[38;2;245;215;215m██[38;2;250;233;233m██[38;2;248;228;228m██[38;2;241;200;200m██[38;2;249;230;230m██[38;2;247;224;224m██[38;2;244;214;214m██[38;2;244;213;213m  [38;2;242;204;204m  [38;2;246;221;221m██[38;2;239;191;191m  [38;2;240;196;196m██[38;2;249;229;229m██[38;2;249;231;231m██[38;2;241;198;198m██[38;2;28;22;22m██[38;2;235;230;235m██[38;2;1;1;1m██[38;2;248;228;228m██[38;2;249;233;233m████[38;2;187;170;170m██[38;2;0;0;0m      
[38;2;0;0;0m  [38;2;1;1;1m██████[38;2;239;194;194m██[38;2;241;201;201m██[38;2;186;148;148m██[38;2;239;191;191m  [38;2;129;104;104m██[38;2;246;222;222m██[38;2;242;206;206m  [38;2;43;34;34m██[38;2;245;217;217m██[38;2;241;202;202m██[38;2;238;191;191m████████  [38;2;227;181;181m  [38;2;244;215;215m██[38;2;248;227;227m██[38;2;246;221;221m██[38;2;244;213;213m  [38;2;230;194;194m██[38;2;235;233;239m██[38;2;248;231;231m██[38;2;249;233;233m████[38;2;247;227;227m██[38;2;0;0;0m      
[38;2;0;0;0m  [38;2;93;74;74m  [38;2;0;0;0m██[38;2;243;210;210m  [38;2;248;231;231m██[38;2;240;197;197m  [38;2;1;1;1m██[38;2;160;113;113m██[38;2;223;178;178m██[38;2;239;192;192m██[38;2;239;191;191m  [38;2;7;5;5m██[38;2;239;191;191m██  ██████[38;2;238;191;191m██[38;2;239;191;191m██[38;2;37;26;26m██[38;2;239;190;190m██[38;2;239;191;191m██[38;2;240;198;198m  [38;2;239;195;195m██[38;2;244;212;212m██[38;2;85;71;71m██[38;2;201;168;168m██[38;2;247;225;225m██[38;2;250;233;233m██[38;2;249;232;232m██[38;2;1;1;1m  [38;2;0;0;0m    
[38;2;0;0;0m  [38;2;238;191;191m  [38;2;243;208;208m  [38;2;248;232;232m██[38;2;248;230;230m██[38;2;241;202;202m  [38;2;1;1;1m████[38;2;238;191;191m  [38;2;239;191;191m██[38;2;238;191;191m  [38;2;1;1;1m██[38;2;238;190;190m██[38;2;238;191;191m  [38;2;239;191;191m  [38;2;211;169;169m██[38;2;238;191;191m██[38;2;19;14;14m██[38;2;238;191;191m██[38;2;26;18;18m██[38;2;239;191;191m██[38;2;238;191;191m██  ████[38;2;239;191;191m██[38;2;184;147;147m  [38;2;238;191;191m  [38;2;238;192;192m██[38;2;243;209;209m██[38;2;1;1;1m██[38;2;0;0;0m    
[38;2;0;0;0m  [38;2;240;199;199m  [38;2;247;226;226m██[38;2;245;215;215m  [38;2;247;225;225m██[38;2;239;191;191m██[38;2;0;0;0m██[38;2;1;1;1m██[38;2;239;191;191m██    [38;2;1;1;1m██[38;2;239;191;191m████  [38;2;8;6;6m██[38;2;239;191;191m  [38;2;0;0;0m██[38;2;14;11;11m██[38;2;0;0;0m████[38;2;238;190;190m██[38;2;239;191;191m██████████  ████[38;2;1;1;1m██[38;2;0;0;0m    
[38;2;0;0;0m  [38;2;238;191;191m  [38;2;241;200;200m  [38;2;238;191;191m  [38;2;241;206;206m██[38;2;238;191;191m██[38;2;0;0;0m██[38;2;6;5;5m██[38;2;227;182;182m██[38;2;238;191;191m    [38;2;0;0;0m██[38;2;238;191;191m████  [38;2;1;1;1m██[38;2;238;191;191m██[38;2;0;0;0m██[38;2;216;173;173m██[38;2;1;1;1m██[38;2;238;191;191m██[38;2;239;191;191m██[38;2;238;191;191m████    ██  ████[38;2;1;1;1m██[38;2;0;0;0m    
[38;2;0;0;0m  [38;2;239;191;191m      [38;2;238;190;190m  [38;2;164;117;117m██[38;2;179;153;145m██[38;2;10;8;8m██[38;2;0;0;0m██[38;2;239;191;191m  ██[38;2;0;0;0m██[38;2;239;191;191m████  [38;2;1;1;1m██[38;2;239;191;191m██[38;2;0;0;0m██[38;2;1;1;1m██[38;2;152;130;123m██[38;2;238;190;190m████[38;2;237;189;189m  [38;2;239;191;191m██[38;2;238;191;191m  [38;2;239;191;191m  [38;2;41;32;32m██[38;2;239;191;191m██[38;2;239;190;190m  [38;2;239;191;191m██[38;2;0;0;0m██    
[38;2;0;0;0m  [38;2;238;191;191m    [38;2;238;190;190m  [38;2;150;107;107m██[38;2;1;1;1m██[38;2;211;179;171m██[38;2;0;0;0m████[38;2;238;191;191m██[38;2;58;42;42m██[38;2;0;0;0m██[38;2;238;191;191m██[38;2;231;183;183m██[38;2;238;191;191m██[38;2;1;1;1m██[38;2;238;191;191m██[38;2;0;0;0m  [38;2;1;1;1m██[38;2;31;26;25m██[38;2;1;1;1m██[38;2;239;191;191m██[38;2;83;59;59m██[38;2;238;191;191m██    [38;2;1;1;1m██[38;2;238;191;191m  ██[38;2;238;190;190m  [38;2;0;0;0m██    
[38;2;0;0;0m  [38;2;239;191;191m  ██[38;2;239;190;190m██[38;2;47;33;33m██[38;2;8;7;6m██[38;2;196;167;159m██[38;2;0;0;0m████[38;2;238;190;190m██[38;2;1;1;1m██[38;2;212;169;169m██[38;2;12;9;9m██[38;2;1;1;1m██[38;2;239;191;191m██[38;2;231;184;184m██[38;2;0;0;0m████████[38;2;53;45;43m██[38;2;199;152;152m██[38;2;2;1;1m██[38;2;239;191;191m  ██[38;2;238;190;190m  [38;2;2;1;1m██[38;2;239;190;190m  [38;2;238;191;191m██[38;2;239;191;191m██[38;2;1;1;1m██[38;2;0;0;0m    
[38;2;0;0;0m  [38;2;226;181;181m██[38;2;238;191;191m██[38;2;238;190;190m██[38;2;0;0;0m██████[38;2;118;154;146m██[38;2;222;231;228m██[38;2;0;0;0m██[38;2;4;3;3m██[38;2;28;23;23m██[38;2;0;0;0m██[38;2;238;191;191m██[38;2;25;20;20m██[38;2;1;1;1m██[38;2;15;17;17m██[38;2;192;208;205m██[38;2;83;129;118m██[38;2;1;1;1m██[38;2;21;21;21m██[38;2;0;0;0m██[38;2;1;1;1m██[38;2;238;191;191m  [38;2;239;191;191m██[38;2;230;179;181m██[38;2;146;76;96m██[38;2;239;191;191m██[38;2;238;190;190m  [38;2;238;191;191m██[38;2;1;1;1m██[38;2;0;0;0m    
[38;2;0;0;0m  [38;2;18;15;15m██[38;2;239;191;191m████[38;2;1;1;1m██[38;2;191;187;188m██[38;2;1;1;1m██[38;2;0;0;0m██[38;2;82;113;106m██[38;2;1;1;1m██[38;2;243;230;216m██[38;2;244;229;216m██[38;2;243;230;216m██[38;2;244;229;216m  [38;2;243;229;216m  [38;2;235;227;228m██[38;2;105;158;148m██[38;2;0;0;0m████[38;2;1;1;1m██[38;2;227;222;224m██[38;2;0;0;0m████[38;2;238;191;191m██[38;2;239;194;194m██[38;2;4;2;3m██[38;2;1;1;1m██[38;2;240;191;191m██[38;2;238;191;191m██[38;2;239;191;191m  [38;2;93;74;74m  [38;2;0;0;0m    
[38;2;0;0;0m  [38;2;1;1;1m██[38;2;238;191;191m████[38;2;1;1;1m██[38;2;227;222;224m██[38;2;1;1;1m██[38;2;0;0;0m██[38;2;112;168;158m██[38;2;1;1;1m██[38;2;243;230;217m██[38;2;243;229;217m██[38;2;243;229;216m  [38;2;243;230;217m██████[38;2;1;1;1m██[38;2;112;168;158m████[38;2;1;1;1m██[38;2;240;231;235m██[38;2;243;230;217m██[38;2;1;1;1m██[38;2;248;229;229m██[38;2;241;200;200m██[38;2;1;1;1m██[38;2;249;231;214m██[38;2;232;185;185m██[38;2;238;191;191m██  [38;2;235;188;188m  [38;2;0;0;0m    
[38;2;0;0;0m    [38;2;239;191;191m████[38;2;1;1;1m██[38;2;243;230;216m██[38;2;159;153;156m██[38;2;193;230;216m██[38;2;188;224;212m██[38;2;243;234;238m██[38;2;243;230;216m██[38;2;244;230;216m██[38;2;243;230;216m██████  [38;2;241;233;237m██[38;2;190;228;214m██[38;2;82;98;92m██[38;2;242;233;237m██[38;2;243;230;216m  [38;2;243;229;216m  [38;2;1;1;1m██[38;2;249;231;231m██[38;2;233;185;187m██[38;2;1;1;1m██[38;2;250;231;213m██[38;2;194;142;148m  [38;2;239;191;191m██    [38;2;0;0;0m    
[38;2;0;0;0m    [38;2;238;191;191m██[38;2;238;190;190m██[38;2;1;1;1m██[38;2;243;230;217m██████[38;2;244;230;217m██[38;2;243;229;216m██[38;2;243;230;217m████[38;2;243;230;216m██[38;2;243;230;217m████  ████████    [38;2;1;1;1m██[38;2;246;221;221m  [38;2;146;77;97m██[38;2;128;109;104m██[38;2;155;143;132m██[38;2;146;77;96m██[38;2;238;191;191m      [38;2;0;0;0m    
[38;2;0;0;0m    [38;2;241;199;199m██[38;2;239;194;194m██[38;2;1;1;1m██[38;2;243;230;216m██████[38;2;244;230;217m██[38;2;243;230;217m████[38;2;243;230;216m████████[38;2;243;229;216m  [38;2;243;230;216m████████    [38;2;1;1;1m██[38;2;239;191;191m██[38;2;145;75;95m██[38;2;244;223;207m██[38;2;1;1;1m██[38;2;146;76;96m██[38;2;239;191;191m  ████[38;2;0;0;0m    
[38;2;0;0;0m    [38;2;17;14;14m██[38;2;242;208;208m██[38;2;1;1;1m██[38;2;243;230;217m████████████[38;2;243;229;216m██[38;2;243;230;217m████  ██████████    [38;2;1;1;1m██[38;2;238;191;191m██[38;2;5;2;3m██[38;2;18;17;16m██[38;2;146;76;96m██[38;2;145;77;97m██[38;2;238;191;191m██████[38;2;1;1;1m██[38;2;0;0;0m  
[38;2;0;0;0m    [38;2;1;1;1m██[38;2;238;192;192m██[38;2;114;92;92m██[38;2;243;230;216m  ████[38;2;244;230;217m██[38;2;243;230;217m██[38;2;1;1;1m████████████[38;2;243;230;216m██████      [38;2;3;3;3m██[38;2;176;113;126m██[38;2;0;0;0m██[38;2;130;68;85m██[38;2;146;76;96m██[38;2;146;75;96m██[38;2;239;191;191m██████[38;2;1;1;1m██[38;2;0;0;0m  
[38;2;0;0;0m      [38;2;238;191;191m██[38;2;238;190;190m██[38;2;219;192;183m  [38;2;243;230;217m  ██████████[38;2;244;230;217m██[38;2;243;230;217m██[38;2;244;229;216m  [38;2;243;230;217m██████        [38;2;7;5;5m██[38;2;146;76;96m██[38;2;1;1;1m██[38;2;146;76;96m██████[38;2;238;191;191m██████[38;2;80;64;64m  [38;2;0;0;0m  
[38;2;0;0;0m      [38;2;81;64;64m██[38;2;239;191;191m██[38;2;0;0;0m██[38;2;243;230;216m    ██████████  [38;2;244;229;217m  [38;2;243;230;216m██  ██      [38;2;243;229;216m  [38;2;14;11;11m██[38;2;146;75;96m██[38;2;1;1;1m██[38;2;146;75;96m████[38;2;146;76;96m██[38;2;238;190;190m  [38;2;239;191;191m  [38;2;239;190;190m██[38;2;239;191;191m██[38;2;0;0;0m  
[38;2;0;0;0m  [38;2;1;1;1m██[38;2;12;11;11m██[38;2;0;0;0m██[38;2;1;1;1m████[38;2;0;0;0m██[38;2;244;230;217m  [38;2;243;230;217m████████      ████[38;2;0;0;0m██████[38;2;1;1;1m████[38;2;12;10;10m██[38;2;146;76;96m██[38;2;88;46;58m██[38;2;146;76;96m████████[38;2;238;191;191m██████[38;2;0;0;0m  
[38;2;0;0;0m  [38;2;244;230;217m██[38;2;231;218;206m██[38;2;1;1;1m████[38;2;243;230;216m██[38;2;6;4;4m██[38;2;1;1;1m████[38;2;243;230;216m██            [38;2;243;230;217m  [38;2;243;230;216m████[38;2;11;10;9m██[38;2;10;8;8m██[38;2;238;220;208m██[38;2;17;14;14m██[38;2;146;75;96m████████████[38;2;239;191;191m██████[38;2;1;1;1m██
[38;2;230;227;215m  [38;2;229;226;214m████[38;2;230;227;215m████[38;2;229;226;214m██[38;2;230;227;215m  [38;2;229;226;214m  ████[38;2;230;227;215m██[38;2;229;226;214m██[38;2;230;227;215m████[38;2;229;226;214m████████████████[38;2;230;227;215m  [38;2;229;226;214m████[38;2;230;227;215m██[38;2;229;226;214m  ██████████[38;2;230;227;215m██[0m
