
[38;2;0;0;0m                                                    [38;2;2;1;1m  [38;2;203;160;104m██[38;2;244;194;111m██[38;2;228;176;104m██[38;2;90;56;51m  [38;2;0;0;0m  [38;2;80;44;35m  [38;2;28;18;20m  [38;2;0;0;0m    
[38;2;0;0;0m                                                    [38;2;5;4;2m  [38;2;240;198;114m██[38;2;240;199;96m██[38;2;238;198;105m██[38;2;236;193;92m██[38;2;95;51;30m██[38;2;101;63;68m██[38;2;93;52;50m██[38;2;0;0;0m    
[38;2;0;0;0m                                                      [38;2;161;127;115m  [38;2;153;99;49m██[38;2;210;165;99m██[38;2;208;163;102m██[38;2;98;50;29m██[38;2;88;40;40m██[38;2;91;44;34m██[38;2;63;40;43m  [38;2;0;0;0m  
[38;2;0;0;0m                                                    [38;2;75;46;34m  [38;2;212;146;71m██[38;2;220;146;70m██[38;2;215;148;65m██[38;2;209;146;81m██[38;2;94;44;48m██[38;2;105;48;25m██[38;2;240;202;88m██[38;2;244;193;117m██[38;2;100;80;71m  
[38;2;0;0;0m                                                      [38;2;148;98;62m  [38;2;184;127;86m██[38;2;94;58;37m  [38;2;92;48;57m██[38;2;101;57;50m██[38;2;203;136;63m██[38;2;125;78;27m██[38;2;242;198;94m██[38;2;204;155;103m██
[38;2;0;0;0m                                                              [38;2;4;3;2m  [38;2;218;160;74m██[38;2;213;139;75m██[38;2;93;52;25m██[38;2;216;168;124m██
[38;2;0;0;0m                                                                [38;2;110;66;33m██[38;2;243;168;96m██[38;2;0;0;0m    
[38;2;0;0;0m                                    [38;2;43;32;33m  [38;2;80;51;50m  [38;2;78;51;48m  [38;2;91;61;64m  [38;2;12;9;9m  [38;2;0;0;0m                          
[38;2;0;0;0m                                    [38;2;143;157;145m██[38;2;115;167;151m██[38;2;115;166;155m██[38;2;120;160;150m██[38;2;81;106;104m██[38;2;86;90;88m██[38;2;107;92;85m██[38;2;139;136;128m██[38;2;143;147;135m██[38;2;77;51;47m██[38;2;102;72;78m  [38;2;0;0;0m              
[38;2;0;0;0m                                    [38;2;74;55;50m██[38;2;114;162;152m██[38;2;76;104;98m██[38;2;171;210;198m██[38;2;163;205;189m██[38;2;162;204;191m██[38;2;159;208;192m██[38;2;159;204;185m██[38;2;92;53;54m██[38;2;96;51;46m██[38;2;236;162;141m██[38;2;128;69;62m██[38;2;55;41;42m  [38;2;0;0;0m          
[38;2;0;0;0m                                    [38;2;158;129;134m  [38;2;128;149;140m██[38;2;172;203;190m██[38;2;164;205;189m██[38;2;158;204;192m██[38;2;163;202;185m██[38;2;163;207;188m██[38;2;168;209;193m██[38;2;70;65;57m██[38;2;95;40;38m██[38;2;221;161;148m██[38;2;231;159;139m██[38;2;183;126;115m██[38;2;14;9;9m  [38;2;0;0;0m        
[38;2;0;0;0m                                  [38;2;79;38;41m  [38;2;172;197;181m██[38;2;163;209;191m██[38;2;170;203;190m██[38;2;164;205;189m██[38;2;156;202;185m██[38;2;172;208;192m██[38;2;159;164;159m██[38;2;71;55;50m██[38;2;93;50;53m██[38;2;116;59;71m██[38;2;101;43;43m██[38;2;236;156;153m██[38;2;199;180;157m██[38;2;87;57;54m██[38;2;0;0;0m        
[38;2;0;0;0m        [38;2;48;36;32m  [38;2;89;48;48m  [38;2;0;0;0m        [38;2;44;24;26m  [38;2;91;64;59m  [38;2;99;71;74m  [38;2;0;0;0m  [38;2;3;2;2m  [38;2;78;48;49m  [38;2;97;77;76m██[38;2;171;193;184m██[38;2;169;195;187m██[38;2;150;197;179m██[38;2;159;197;184m██[38;2;174;197;185m██[38;2;98;63;60m██[38;2;135;76;86m██[38;2;139;82;93m██[38;2;133;76;86m██[38;2;95;56;59m██[38;2;91;50;52m██[38;2;77;50;49m██[38;2;168;200;183m██[38;2;164;208;189m██[38;2;174;205;185m██[38;2;0;0;0m        
[38;2;0;0;0m  [38;2;89;58;57m  [38;2;82;58;59m  [38;2;124;93;91m  [38;2;155;201;142m██[38;2;159;201;151m██[38;2;77;51;53m  [38;2;82;45;46m  [38;2;147;150;107m██[38;2;180;212;145m██[38;2;190;222;140m██[38;2;192;227;150m██[38;2;202;221;142m██[38;2;72;47;38m██[38;2;170;184;180m██[38;2;147;192;179m██[38;2;158;199;188m██[38;2;151;195;188m██[38;2;89;44;49m██[38;2;83;34;35m██[38;2;172;207;190m██[38;2;131;76;79m██[38;2;108;52;59m██[38;2;103;63;66m██[38;2;167;201;187m██[38;2;165;207;193m██[38;2;159;203;188m██[38;2;163;201;188m██[38;2;169;204;192m██[38;2;165;208;189m████[38;2;159;205;185m██[38;2;80;47;51m  [38;2;0;0;0m      
[38;2;70;52;50m  [38;2;159;206;150m██[38;2;155;195;142m██[38;2;158;198;146m██[38;2;155;202;143m██[38;2;91;126;89m██[38;2;98;133;95m██[38;2;168;207;141m██[38;2;170;204;143m██[38;2;180;218;143m██[38;2;188;224;135m██[38;2;196;227;139m██[38;2;94;122;82m██[38;2;155;194;191m██[38;2;151;188;177m██[38;2;143;195;179m██[38;2;146;190;177m██[38;2;197;155;145m██[38;2;185;116;109m██[38;2;159;98;92m██[38;2;156;204;188m██[38;2;161;201;185m██[38;2;178;203;190m██[38;2;155;174;163m██[38;2;156;201;184m██[38;2;163;207;190m██[38;2;159;203;185m██[38;2;166;207;191m██[38;2;158;201;184m██[38;2;162;207;187m██[38;2;165;207;189m██[38;2;160;204;186m██[38;2;83;41;47m  [38;2;0;0;0m      
[38;2;72;58;53m  [38;2;82;140;87m██[38;2;111;155;103m██[38;2;89;143;93m██[38;2;90;141;102m██[38;2;92;137;99m██[38;2;160;200;145m██[38;2;119;166;112m██[38;2;155;199;143m██[38;2;181;217;142m██[38;2;192;224;139m██[38;2;195;228;136m██[38;2;177;205;144m██[38;2;142;174;163m██[38;2;148;189;181m██[38;2;141;194;178m██[38;2;153;190;174m██[38;2;223;143;134m██[38;2;224;145;133m██[38;2;225;146;131m██[38;2;164;193;177m██[38;2;157;200;183m██[38;2;159;205;187m██[38;2;160;204;187m██[38;2;158;200;184m██[38;2;161;204;187m██[38;2;158;201;184m██[38;2;161;204;187m██[38;2;162;205;188m██[38;2;161;204;185m██[38;2;164;207;188m██[38;2;163;208;190m██[38;2;89;49;54m  [38;2;0;0;0m      
[38;2;91;66;67m  [38;2;84;86;64m██[38;2;94;133;95m██[38;2;87;141;97m██[38;2;89;142;91m██[38;2;98;148;98m██[38;2;154;202;149m██[38;2;163;207;146m██[38;2;162;205;141m██[38;2;171;214;157m██[38;2;164;206;129m██[38;2;193;226;140m██[38;2;198;228;141m██[38;2;161;185;143m██[38;2;54;75;73m██[38;2;61;95;86m██[38;2;151;191;171m██[38;2;214;149;141m██[38;2;219;149;133m██[38;2;224;146;134m██[38;2;157;192;180m██[38;2;155;197;182m██[38;2;158;197;183m██[38;2;151;195;179m██[38;2;157;200;184m██[38;2;160;203;186m████[38;2;161;204;187m████[38;2;162;205;186m██[38;2;163;206;188m██[38;2;163;205;188m██[38;2;84;45;49m  [38;2;0;0;0m      
[38;2;109;140;104m██[38;2;86;143;93m██[38;2;79;122;90m██[38;2;99;143;103m██[38;2;87;141;102m██[38;2;109;157;108m██[38;2;153;201;144m██[38;2;156;201;144m██[38;2;155;200;143m██[38;2;165;210;145m██[38;2;191;223;148m██[38;2;121;156;90m██[38;2;55;77;50m██[38;2;81;113;114m██[38;2;101;147;135m██[38;2;103;146;139m██[38;2;148;189;179m██[38;2;152;186;174m██[38;2;174;179;166m██[38;2;160;190;175m██[38;2;150;191;179m██[38;2;148;190;178m██[38;2;151;193;181m██[38;2;152;194;180m██[38;2;160;202;188m██[38;2;159;202;185m████[38;2;161;204;187m████[38;2;162;205;188m██[38;2;165;208;191m██[38;2;165;205;189m██[38;2;81;51;51m  [38;2;0;0;0m      
[38;2;77;41;41m  [38;2;91;58;54m  [38;2;87;83;73m██[38;2;93;140;106m██[38;2;91;141;95m██[38;2;107;155;106m██[38;2;155;201;140m██[38;2;156;201;144m██[38;2;155;201;144m██[38;2;151;199;137m██[38;2;159;205;141m██[38;2;57;82;68m██[38;2;105;145;136m██[38;2;100;148;152m██[38;2;105;147;139m██[38;2;148;190;178m██[38;2;147;192;176m██[38;2;147;191;178m██[38;2;152;189;181m██[38;2;145;193;180m██[38;2;151;188;178m██[38;2;150;192;180m██[38;2;152;194;182m██[38;2;156;198;184m██[38;2;151;193;179m██[38;2;153;196;179m██[38;2;154;197;180m██[38;2;161;204;187m██[38;2;159;202;185m██[38;2;162;205;188m██[38;2;157;200;183m██[38;2;159;198;182m██[38;2;71;43;43m  [38;2;0;0;0m      
[38;2;0;0;0m  [38;2;18;14;13m  [38;2;88;138;96m██[38;2;92;135;103m██[38;2;91;139;104m██[38;2;93;142;99m██[38;2;155;203;139m██[38;2;156;201;145m██[38;2;156;200;146m██[38;2;159;198;147m██[38;2;55;80;69m██[38;2;101;146;135m██[38;2;102;144;140m██[38;2;103;147;141m██[38;2;147;189;179m██[38;2;147;189;177m██[38;2;149;191;179m██████[38;2;147;190;178m██[38;2;151;189;178m██[38;2;149;189;178m██[38;2;148;188;177m██[38;2;149;191;179m██[38;2;147;189;177m██[38;2;156;198;186m██[38;2;156;199;182m████[38;2;159;202;185m██[38;2;158;201;184m██[38;2;155;198;181m██[38;2;169;189;177m██[38;2;0;0;0m        
[38;2;0;0;0m  [38;2;71;53;47m  [38;2;93;144;103m██[38;2;58;96;73m██[38;2;88;141;104m██[38;2;89;138;112m██[38;2;98;150;110m██[38;2;110;157;117m██[38;2;149;198;144m██[38;2;44;72;57m██[38;2;105;145;141m██[38;2;101;147;141m██[38;2;104;147;139m██[38;2;132;173;165m██[38;2;151;189;178m██[38;2;146;188;176m██[38;2;147;190;178m██[38;2;148;191;179m██[38;2;147;190;178m████[38;2;150;189;178m██[38;2;149;189;178m██[38;2;151;191;180m██[38;2;147;189;177m██[38;2;146;188;176m██[38;2;146;187;179m██[38;2;158;200;188m██[38;2;156;199;182m██[38;2;155;198;181m██[38;2;154;197;180m██[38;2;154;196;179m██[38;2;124;125;116m██[38;2;0;0;0m        
[38;2;0;0;0m  [38;2;80;64;56m██[38;2;87;137;100m██[38;2;99;137;111m██[38;2;93;138;105m██[38;2;92;139;106m████[38;2;89;140;102m██[38;2;55;82;75m██[38;2;98;143;132m██[38;2;101;147;142m██[38;2;101;147;140m██[38;2;102;145;135m██[38;2;144;186;176m██[38;2;140;182;172m██[38;2;145;187;175m██[38;2;146;188;176m██[38;2;147;187;176m██[38;2;147;188;177m██[38;2;149;189;178m████████[38;2;147;189;177m██[38;2;147;190;178m██[38;2;147;189;177m██[38;2;152;194;182m██[38;2;151;193;178m██[38;2;153;196;181m██[38;2;151;195;180m██[38;2;155;199;182m██[38;2;79;55;53m██[38;2;0;0;0m        
[38;2;0;0;0m  [38;2;87;84;71m██[38;2;86;141;106m██[38;2;93;137;106m██[38;2;52;88;70m██[38;2;93;139;110m██[38;2;92;138;109m██[38;2;76;102;86m██[38;2;101;148;137m██[38;2;102;146;142m██[38;2;101;147;140m██[38;2;103;146;139m██[38;2;148;188;179m██[38;2;142;184;174m██[38;2;142;183;174m██[38;2;147;189;177m██[38;2;144;186;174m██[38;2;147;187;176m██[38;2;146;186;175m██[38;2;149;189;178m██[38;2;147;187;176m██[38;2;147;188;177m██[38;2;148;188;177m██[38;2;147;189;177m████[38;2;149;191;179m██[38;2;150;192;180m██[38;2;152;194;182m████[38;2;149;193;183m██[38;2;146;189;172m██[38;2;79;43;47m  [38;2;0;0;0m        
[38;2;0;0;0m  [38;2;73;62;52m██[38;2;89;140;105m██[38;2;92;138;108m██[38;2;90;137;110m██[38;2;62;104;81m██[38;2;102;136;114m██[38;2;58;90;82m██[38;2;103;147;140m██[38;2;93;140;130m██[38;2;76;119;110m██[38;2;76;117;109m██[38;2;115;153;142m██[38;2;128;165;157m██[38;2;142;183;173m██[38;2;142;184;174m██[38;2;143;185;175m██[38;2;141;183;173m██[38;2;146;188;178m██[38;2;144;186;174m██[38;2;147;188;177m██[38;2;149;189;178m██[38;2;146;186;175m██[38;2;149;189;178m██[38;2;148;188;177m██[38;2;152;194;182m████[38;2;151;193;181m██[38;2;150;193;180m██[38;2;155;191;183m██[38;2;166;188;180m██[38;2;0;0;0m          
[38;2;0;0;0m  [38;2;79;53;51m  [38;2;88;139;108m██[38;2;91;138;108m██[38;2;91;138;111m██[38;2;89;139;112m██[38;2;51;76;64m██[38;2;96;151;141m██[38;2;104;146;139m██[38;2;75;118;109m██[38;2;79;119;111m██[38;2;81;122;114m██[38;2;111;149;138m██[38;2;111;147;140m██[38;2;143;185;175m██[38;2;142;183;174m██████[38;2;143;185;175m██[38;2;142;184;172m██[38;2;147;189;177m██[38;2;147;187;176m██[38;2;149;189;178m██[38;2;147;187;176m██[38;2;148;188;177m██[38;2;149;191;179m██[38;2;151;193;181m██[38;2;150;192;180m██[38;2;149;191;179m██[38;2;153;193;184m██[38;2;80;52;54m██[38;2;0;0;0m          
[38;2;0;0;0m  [38;2;8;5;5m  [38;2;119;126;110m██[38;2;103;131;116m██[38;2;90;136;124m██[38;2;93;135;117m██[38;2;56;87;82m██[38;2;102;147;140m██[38;2;102;147;139m██[38;2;76;117;109m██[38;2;78;119;111m██[38;2;86;127;119m██[38;2;109;149;138m██[38;2;111;147;140m██[38;2;125;167;157m██[38;2;132;174;164m██[38;2;107;147;138m██[38;2;130;170;161m██[38;2;142;185;175m██[38;2;142;184;174m████[38;2;144;186;174m████[38;2;146;188;176m██[38;2;144;186;174m██[38;2;150;192;180m██[38;2;149;191;179m██[38;2;151;193;181m██[38;2;149;191;179m██[38;2;149;190;174m██[38;2;79;46;49m  [38;2;0;0;0m          
[38;2;0;0;0m    [38;2;81;50;50m  [38;2;113;117;109m██[38;2;99;134;124m██[38;2;83;118;106m██[38;2;107;145;141m██[38;2;101;147;140m██[38;2;102;147;140m██[38;2;76;117;109m██[38;2;78;119;111m██[38;2;72;113;105m██[38;2;107;147;136m██[38;2;111;147;140m██[38;2;145;187;177m██[38;2;105;147;137m██[38;2;109;149;140m██[38;2;110;150;141m██[38;2;141;184;174m██[38;2;141;183;173m████[38;2;142;184;172m██[38;2;144;186;174m██[38;2;143;185;173m██[38;2;142;184;172m██[38;2;144;186;174m██[38;2;149;191;179m██[38;2;147;189;177m██[38;2;146;188;176m██[38;2;92;83;76m██[38;2;0;0;0m            
[38;2;0;0;0m      [38;2;84;48;53m  [38;2;90;49;51m██[38;2;71;49;47m██[38;2;96;148;137m██[38;2;102;146;140m████[38;2;100;143;136m██[38;2;80;119;114m██[38;2;78;119;110m██[38;2;93;134;126m██[38;2;144;184;174m██[38;2;143;183;173m██[38;2;140;180;171m██[38;2;110;150;141m██[38;2;121;163;153m██[38;2;142;184;174m██████████[38;2;143;185;175m██[38;2;142;184;174m██[38;2;139;185;174m██[38;2;144;186;176m██[38;2;137;185;173m██[38;2;135;187;172m██[38;2;85;45;47m██[38;2;0;0;0m            
[38;2;0;0;0m          [38;2;86;47;45m██[38;2;105;145;140m██[38;2;102;147;140m████[38;2;101;147;140m██[38;2;104;147;140m██[38;2;99;144;139m██[38;2;100;145;139m██[38;2;102;145;137m██[38;2;134;177;170m██[38;2;140;183;173m██[38;2;141;184;174m████[38;2;142;184;174m████[38;2;142;183;173m██[38;2;145;185;176m██[38;2;141;176;169m██[38;2;141;184;174m██[38;2;142;184;174m██[38;2;141;180;171m██[38;2;141;183;173m██[38;2;144;182;174m██[38;2;154;152;149m██[38;2;37;27;27m  [38;2;0;0;0m            
[38;2;0;0;0m          [38;2;78;50;50m  [38;2;102;147;136m██[38;2;97;150;138m██[38;2;101;147;137m██[38;2;104;146;141m██[38;2;100;148;141m██[38;2;106;143;140m██[38;2;96;134;126m██[38;2;109;147;140m██[38;2;103;145;141m██[38;2;102;147;140m██[38;2;100;145;138m██[38;2;103;148;141m██[38;2;92;132;123m██[38;2;141;184;174m████[38;2;146;185;178m██[38;2;96;124;120m██[38;2;120;165;153m██[38;2;130;174;163m██[38;2;69;100;94m██[38;2;142;183;174m██[38;2;140;182;170m██[38;2;84;48;47m██[38;2;0;0;0m              
[38;2;0;0;0m            [38;2;77;47;51m██[38;2;103;131;127m██[38;2;108;150;148m██[38;2;107;147;139m██[38;2;59;81;79m██[38;2;102;145;135m██[38;2;137;181;166m██[38;2;147;182;173m██[38;2;69;104;98m██[38;2;102;146;139m██[38;2;102;147;140m██[38;2;101;147;142m██[38;2;101;136;130m██[38;2;152;186;179m██[38;2;137;181;170m██[38;2;144;185;177m██[38;2;63;97;91m██[38;2;102;147;139m██[38;2;103;145;138m██[38;2;85;115;110m██[38;2;146;186;177m██[38;2;87;84;78m██[38;2;0;0;0m                
[38;2;0;0;0m              [38;2;74;50;52m  [38;2;80;48;46m  [38;2;88;44;46m██[38;2;70;48;47m██[38;2;90;69;69m██[38;2;97;76;76m██[38;2;75;56;56m██[38;2;85;67;69m██[38;2;78;51;53m██[38;2;77;49;52m██[38;2;78;46;49m██[38;2;86;44;50m██[38;2;78;41;43m██[38;2;199;178;178m██[38;2;172;148;150m██[38;2;86;65;65m██[38;2;76;49;49m██[38;2;79;44;47m██[38;2;154;125;130m██[38;2;136;108;106m██[38;2;28;17;17m  [38;2;0;0;0m                [0m
