
[38;2;0;0;0m  [38;2;21;21;22m  [38;2;60;59;64m████[38;2;61;60;65m██[38;2;59;58;63m██[38;2;29;22;29m██[38;2;27;21;26m██[38;2;27;21;27m██[38;2;27;20;26m██[38;2;27;20;25m██[38;2;31;24;28m██[38;2;28;21;26m██[38;2;25;19;24m██[38;2;24;17;22m██[38;2;25;18;23m██[38;2;25;16;23m██[38;2;27;20;25m██[38;2;25;18;23m██[38;2;22;17;22m██[38;2;21;16;22m██[38;2;22;17;21m██[38;2;37;35;38m██[38;2;60;59;64m██[38;2;57;57;62m██[38;2;59;58;61m██[38;2;2;2;3m  [38;2;0;0;0m    
[38;2;0;0;0m  [38;2;70;69;73m  [38;2;75;75;80m████[38;2;73;73;78m██[38;2;32;24;32m██[38;2;30;24;32m██[38;2;30;23;31m████[38;2;33;25;33m██[38;2;29;22;30m██[38;2;37;29;34m██[38;2;31;24;31m██[38;2;28;21;28m██[38;2;26;19;26m██[38;2;25;18;23m██[38;2;27;20;25m██[38;2;26;20;24m██[38;2;30;23;28m██[38;2;25;18;23m██[38;2;30;23;28m██[38;2;23;18;23m██[38;2;33;26;31m██[38;2;67;66;71m██[38;2;72;72;77m██[38;2;61;64;71m██[38;2;63;62;66m  [38;2;0;0;0m    
[38;2;0;0;0m  [38;2;90;91;95m██[38;2;92;93;98m████[38;2;54;49;55m██[38;2;35;25;34m██[38;2;40;30;38m██[38;2;33;25;33m██[38;2;33;23;31m██[38;2;36;26;34m██[38;2;31;24;32m██[38;2;35;26;34m██[38;2;31;24;32m██[38;2;30;23;31m██[38;2;29;21;28m██[38;2;27;21;28m██[38;2;29;22;27m████[38;2;31;23;28m██[38;2;28;21;26m██[38;2;28;23;26m██[38;2;28;21;26m██[38;2;36;27;32m██[38;2;36;28;36m██[38;2;88;89;94m██[38;2;57;62;74m██[38;2;86;87;92m██[38;2;17;17;19m  [38;2;0;0;0m  
[38;2;17;17;21m  [38;2;110;111;118m██[38;2;111;113;120m██[38;2;109;110;116m██[38;2;40;29;38m██[38;2;37;27;35m██[38;2;44;34;42m██[38;2;40;30;38m██[38;2;34;24;32m██[38;2;36;26;34m██[38;2;34;24;32m██[38;2;35;25;33m██[38;2;34;25;33m██[38;2;33;24;32m██[38;2;26;20;28m██[38;2;32;23;30m██[38;2;30;23;31m██[38;2;31;24;32m██[38;2;30;23;31m██[38;2;31;23;31m██[38;2;30;23;31m██[38;2;30;23;30m██[38;2;32;25;32m██[38;2;49;39;47m██[38;2;104;106;111m██[38;2;61;68;81m██[38;2;76;82;93m██[38;2;97;98;102m  [38;2;0;0;0m  
[38;2;40;40;43m  [38;2;131;134;141m██[38;2;132;134;142m██[38;2;124;124;128m██[38;2;52;40;50m██[38;2;40;30;39m██[38;2;47;36;44m██[38;2;39;29;37m██[38;2;37;27;35m██[38;2;38;28;37m██[38;2;36;24;33m██[38;2;38;28;37m██[38;2;38;28;36m██[38;2;37;27;35m██[38;2;22;18;28m██[38;2;36;26;34m██[38;2;31;24;32m██[38;2;37;27;35m██[38;2;36;26;34m██[38;2;37;27;35m██[38;2;36;26;34m██[38;2;33;24;32m██[38;2;36;27;34m██[38;2;45;34;43m██[38;2;121;122;127m██[38;2;50;55;68m██[38;2;29;31;45m██[38;2;61;57;68m██[38;2;33;32;35m  
[38;2;74;74;78m  [38;2;127;134;148m██[38;2;154;155;160m██[38;2;124;122;129m██[38;2;57;43;54m██[38;2;44;31;41m██[38;2;41;29;39m██[38;2;42;31;40m██[38;2;41;28;38m██[38;2;42;30;41m██[38;2;35;24;33m██[38;2;42;30;40m██[38;2;43;31;40m██[38;2;41;31;41m██[38;2;19;16;28m██[38;2;41;29;38m██[38;2;32;24;36m██[38;2;42;31;40m██[38;2;42;30;39m██[38;2;42;31;40m██[38;2;40;30;40m██[38;2;34;25;34m██[38;2;41;31;40m████[38;2;138;139;143m██[38;2;18;18;30m██[38;2;56;60;73m  [38;2;100;107;119m  [38;2;111;110;117m  
[38;2;134;135;142m  [38;2;124;137;154m██[38;2;175;176;180m██[38;2;121;117;125m██[38;2;48;35;46m██[38;2;47;35;45m██[38;2;43;30;41m██[38;2;47;35;45m██[38;2;45;31;41m██[38;2;48;35;45m██[38;2;37;25;36m██[38;2;48;35;45m██[38;2;48;36;46m██[38;2;47;35;45m██[38;2;20;17;29m██[38;2;48;35;45m██[38;2;31;24;37m██[38;2;48;35;45m██[38;2;51;36;45m██[38;2;47;35;45m██[38;2;42;31;42m██[38;2;40;28;39m██[38;2;47;34;44m██[38;2;47;35;45m██[38;2;108;105;113m██[38;2;18;17;30m  [38;2;0;0;0m      
[38;2;168;168;172m  [38;2;124;141;161m██[38;2;174;176;185m██[38;2;127;121;129m██[38;2;52;39;49m██[38;2;51;39;49m██[38;2;42;31;43m██[38;2;52;39;49m██[38;2;54;36;47m██[38;2;51;36;49m██[38;2;47;32;43m██[38;2;53;40;52m██[38;2;54;40;51m██[38;2;50;38;51m██[38;2;33;23;38m██[38;2;53;38;52m██[38;2;32;25;40m██[38;2;54;40;52m██[38;2;69;49;58m██[38;2;54;39;52m██[38;2;40;32;45m██[38;2;49;36;48m██[38;2;50;38;50m██[38;2;51;39;48m██[38;2;35;27;42m██[38;2;38;29;41m  [38;2;0;0;0m      
[38;2;197;199;199m  [38;2;128;146;168m██[38;2;136;149;167m██[38;2;137;129;141m██[38;2;56;42;55m██[38;2;56;41;55m██[38;2;39;29;44m██[38;2;57;42;55m██[38;2;64;42;56m██[38;2;57;43;56m██[38;2;60;41;55m██[38;2;59;44;57m██[38;2;58;45;58m██[38;2;63;45;59m██[38;2;93;68;79m██[38;2;96;69;81m██[38;2;105;78;87m██[38;2;87;64;77m██[38;2;47;29;48m██[38;2;51;32;49m██[38;2;97;69;77m██[38;2;57;43;56m██[38;2;56;42;55m██[38;2;55;41;53m██[38;2;55;41;54m██[38;2;40;33;47m  [38;2;0;0;0m      
[38;2;200;200;201m██[38;2;67;75;101m██[38;2;100;111;136m██[38;2;149;140;149m██[38;2;60;46;59m██[38;2;59;45;58m██[38;2;50;34;50m██[38;2;61;46;59m██[38;2;75;51;64m██[38;2;63;46;60m██[38;2;77;55;70m██[38;2;116;86;97m██[38;2;123;94;106m██[38;2;126;98;111m██[38;2;128;101;115m██[38;2;131;101;114m██[38;2;84;76;95m██[38;2;45;34;79m██[38;2;50;36;85m██[38;2;136;127;142m██[38;2;131;110;120m██[38;2;61;46;59m██[38;2;60;46;59m██[38;2;58;44;57m██[38;2;51;38;53m██[38;2;42;34;48m  [38;2;0;0;0m      
[38;2;150;147;160m██[38;2;132;152;175m██[38;2;27;25;45m██[38;2;68;57;73m██[38;2;60;47;60m██[38;2;62;47;61m██[38;2;89;63;75m██[38;2;71;51;66m██[38;2;109;81;92m██[38;2;105;78;90m██[38;2;107;81;95m██[38;2;136;106;119m██[38;2;130;105;122m██[38;2;106;91;116m██[38;2;123;103;124m██[38;2;149;119;135m██[38;2;210;206;207m██[38;2;114;84;134m██[38;2;105;74;109m██[38;2;148;118;134m██[38;2;135;105;120m██[38;2;66;48;64m██[38;2;64;47;60m██[38;2;62;47;61m██[38;2;46;35;52m██[38;2;49;38;54m  [38;2;0;0;0m      
[38;2;208;215;218m██[38;2;27;27;36m  [38;2;46;36;51m██[38;2;57;42;57m██[38;2;61;47;60m██[38;2;65;49;63m██[38;2;115;84;95m██[38;2;66;40;60m██[38;2;44;29;69m██[38;2;49;36;85m██[38;2;89;77;108m██[38;2;160;136;150m██[38;2;131;109;131m██[38;2;134;113;133m██[38;2;132;113;134m██[38;2;136;115;137m██[38;2;139;117;138m██[38;2;165;134;148m██[38;2;167;134;146m██[38;2;164;131;144m██[38;2;100;74;90m██[38;2;71;52;68m██[38;2;66;49;63m██[38;2;65;48;62m██[38;2;52;39;56m██[38;2;62;48;61m██[38;2;0;0;0m      
[38;2;0;0;0m    [38;2;57;43;57m  [38;2;61;46;59m██[38;2;65;48;62m██[38;2;66;49;64m██[38;2;106;67;75m██[38;2;168;171;182m██[38;2;162;144;181m██[38;2;107;75;131m██[38;2;124;94;121m██[38;2;156;130;147m██[38;2;138;117;140m██[38;2;173;149;161m██[38;2;234;212;206m██[38;2;236;216;208m██[38;2;216;192;191m██[38;2;196;168;173m██[38;2;184;154;162m██[38;2;186;155;161m██[38;2;69;50;67m██[38;2;68;51;67m██[38;2;66;48;64m██[38;2;58;44;61m██[38;2;54;39;56m██[38;2;62;48;62m██[38;2;5;4;9m  [38;2;0;0;0m    
[38;2;0;0;0m    [38;2;53;39;55m  [38;2;63;46;61m██[38;2;65;48;62m██[38;2;67;49;64m██[38;2;127;98;111m██[38;2;164;131;145m██[38;2;168;136;149m██[38;2;169;137;150m██[38;2;173;142;153m██[38;2;181;149;160m██[38;2;249;232;222m██[38;2;249;234;224m██[38;2;249;233;225m██[38;2;250;234;226m██[38;2;251;234;226m██[38;2;250;233;224m██[38;2;250;233;223m██[38;2;236;215;206m██[38;2;99;73;89m██[38;2;65;46;62m██[38;2;66;48;65m██[38;2;45;35;53m██[38;2;62;47;61m██[38;2;60;46;62m██[38;2;43;35;50m  [38;2;0;0;0m    
[38;2;0;0;0m    [38;2;55;43;59m  [38;2;61;44;59m██[38;2;65;48;63m██[38;2;67;49;65m██[38;2;137;103;118m██[38;2;168;135;146m██[38;2;173;140;152m██[38;2;178;147;157m██[38;2;212;187;188m██[38;2;249;235;223m██[38;2;249;235;226m██[38;2;250;235;226m████[38;2;249;234;226m██[38;2;251;234;226m██[38;2;250;234;224m██[38;2;250;233;223m██[38;2;141;117;125m██[38;2;157;129;135m██[38;2;66;47;64m██[38;2;66;48;64m██[38;2;55;41;57m██[38;2;61;47;60m██[38;2;54;42;58m██[38;2;62;47;61m██[38;2;0;0;0m    
[38;2;0;0;0m    [38;2;58;45;58m  [38;2;62;45;60m██[38;2;65;48;62m██[38;2;67;49;65m██[38;2;162;120;131m██[38;2;213;186;183m██[38;2;230;208;204m██[38;2;249;233;222m██[38;2;250;234;225m██[38;2;250;234;226m██[38;2;249;236;227m██[38;2;249;235;226m██[38;2;249;236;227m██[38;2;249;235;226m██[38;2;250;234;226m██[38;2;250;234;225m██[38;2;250;232;222m██[38;2;104;80;95m██[38;2;229;206;195m██[38;2;67;49;65m██[38;2;65;48;64m██[38;2;59;45;59m██[38;2;59;45;58m██[38;2;50;36;53m██[38;2;31;29;44m██[38;2;13;10;16m  [38;2;0;0;0m  
[38;2;0;0;0m    [38;2;62;48;61m██[38;2;59;46;59m██[38;2;63;48;61m██[38;2;66;49;64m██[38;2;177;133;141m██[38;2;187;151;157m██[38;2;249;233;223m██[38;2;250;234;225m██[38;2;250;234;226m██[38;2;249;236;227m████[38;2;249;233;225m██[38;2;248;232;224m██[38;2;245;227;220m██[38;2;249;233;223m██[38;2;251;234;225m██[38;2;249;231;219m██[38;2;158;133;137m██[38;2;219;197;189m██[38;2;67;50;65m██[38;2;65;48;62m██[38;2;60;46;59m██[38;2;50;37;53m██[38;2;60;44;59m██[38;2;39;33;49m██[38;2;49;39;54m  [38;2;0;0;0m  
[38;2;0;0;0m    [38;2;61;47;60m██[38;2;59;45;58m██[38;2;60;46;59m██[38;2;62;48;60m██[38;2;25;23;42m██[38;2;133;102;114m██[38;2;226;206;199m██[38;2;250;234;224m██[38;2;250;234;226m██[38;2;250;235;227m████[38;2;250;235;226m██[38;2;250;235;227m██[38;2;250;234;226m██[38;2;251;234;226m██[38;2;250;234;225m██[38;2;233;213;205m██[38;2;196;170;166m██[38;2;29;25;46m██[38;2;63;47;61m██[38;2;62;48;61m██[38;2;61;46;59m██[38;2;34;28;44m██[38;2;60;46;59m██[38;2;40;34;49m██[38;2;39;32;47m  [38;2;0;0;0m  
[38;2;0;0;0m  [38;2;5;5;11m  [38;2;61;46;60m██[38;2;58;44;57m██[38;2;54;41;56m██[38;2;61;47;60m██[38;2;52;39;55m██[38;2;33;28;48m██[38;2;34;30;52m██[38;2;242;230;224m██[38;2;230;225;224m██[38;2;248;233;227m██[38;2;250;235;227m██[38;2;250;234;226m████[38;2;251;234;226m████[38;2;251;233;225m██[38;2;246;226;214m██[38;2;52;40;60m██[38;2;29;24;45m██[38;2;58;45;63m██[38;2;64;50;64m██[38;2;58;43;58m██[38;2;34;27;43m██[38;2;40;29;47m██[38;2;42;33;49m  [38;2;0;0;0m    
[38;2;0;0;0m  [38;2;14;11;17m  [38;2;61;46;59m██[38;2;59;45;58m██[38;2;26;22;40m██[38;2;60;47;59m██[38;2;63;49;64m██[38;2;59;46;65m██[38;2;179;217;227m██[38;2;199;235;244m████[38;2;202;235;244m██[38;2;226;223;223m██[38;2;251;234;226m██[38;2;251;233;226m██[38;2;249;234;223m██[38;2;251;233;224m██[38;2;247;229;220m██[38;2;185;151;160m██[38;2;149;182;197m██[38;2;189;228;238m██[38;2;186;227;236m██[38;2;136;168;183m██[38;2;25;24;44m██[38;2;25;22;40m██[38;2;57;44;58m  [38;2;1;1;2m  [38;2;0;0;0m    
[38;2;0;0;0m  [38;2;9;8;14m  [38;2;59;45;59m██[38;2;59;43;58m██[38;2;27;21;40m██[38;2;33;27;44m██[38;2;63;48;64m██[38;2;128;151;168m██[38;2;195;234;242m██[38;2;198;235;244m██[38;2;199;236;244m██[38;2;198;236;245m██[38;2;200;233;244m██[38;2;212;186;187m██[38;2;243;223;215m██[38;2;249;231;222m██[38;2;223;196;193m██[38;2;201;163;166m██[38;2;187;208;218m██[38;2;196;234;242m██[38;2;195;233;244m██[38;2;193;231;242m██[38;2;189;230;242m██[38;2;149;191;205m  [38;2;11;9;16m  [38;2;0;0;0m        
[38;2;0;0;0m    [38;2;28;25;42m  [38;2;29;27;46m██[38;2;48;35;52m██[38;2;27;22;40m██[38;2;25;23;42m██[38;2;138;175;194m██[38;2;195;233;243m██[38;2;198;234;244m██[38;2;198;235;244m██[38;2;197;234;243m██[38;2;145;189;215m██[38;2;182;158;170m██[38;2;201;158;165m██[38;2;201;159;163m██[38;2;201;158;163m██[38;2;199;159;165m██[38;2;195;231;240m██[38;2;196;233;242m██[38;2;195;234;243m██[38;2;193;233;243m██[38;2;191;231;243m██[38;2;180;225;236m██[38;2;0;0;0m          
[38;2;0;0;0m      [38;2;20;19;33m  [38;2;31;24;43m██[38;2;42;29;49m██[38;2;90;56;74m██[38;2;139;151;179m██[38;2;124;170;201m██[38;2;137;184;212m██[38;2;126;174;205m██[38;2;114;163;197m██[38;2;110;158;193m██[38;2;153;173;197m██[38;2;180;148;161m██[38;2;198;154;161m██[38;2;198;154;160m██[38;2;195;156;162m██[38;2;117;162;196m██[38;2;141;188;214m██[38;2;175;218;234m██[38;2;179;222;237m██[38;2;154;201;223m██[38;2;107;155;191m██[38;2;1;2;3m  [38;2;0;0;0m        
[38;2;0;0;0m        [38;2;15;8;10m  [38;2;244;170;176m██[38;2;246;176;184m██[38;2;243;177;187m██[38;2;117;158;192m██[38;2;112;159;194m██[38;2;110;158;194m██[38;2;109;156;192m██[38;2;118;158;191m██[38;2;156;177;200m██[38;2;156;176;200m██[38;2;154;169;192m██[38;2;176;141;153m██[38;2;149;155;179m██[38;2;117;155;189m██[38;2;107;155;191m██[38;2;107;156;192m████[38;2;110;156;192m██[38;2;107;147;182m  [38;2;0;0;0m          
[38;2;0;0;0m  [38;2;0;0;7m  [38;2;0;0;0m    [38;2;246;168;175m  [38;2;247;177;185m██[38;2;248;179;187m██[38;2;249;179;187m██[38;2;234;176;187m██[38;2;137;153;185m██[38;2;126;154;188m██[38;2;96;98;126m██[38;2;130;123;139m██[38;2;197;206;217m██[38;2;157;178;201m██[38;2;154;174;198m██[38;2;148;90;126m██[38;2;151;88;125m██[38;2;157;174;197m██[38;2;115;157;192m██[38;2;108;154;191m██[38;2;108;153;190m██[38;2;118;153;189m██[38;2;228;159;170m  [38;2;194;130;139m  [38;2;12;4;8m  [38;2;0;0;0m      
[38;2;0;0;0m      [38;2;21;13;15m  [38;2;248;177;183m██[38;2;249;179;187m██[38;2;250;179;188m██[38;2;248;182;189m██[38;2;247;181;189m██[38;2;224;151;168m██[38;2;246;176;184m██[38;2;232;160;168m██[38;2;49;36;56m██[38;2;223;221;223m██[38;2;240;241;242m██[38;2;189;199;212m██[38;2;152;87;122m██[38;2;103;63;87m██[38;2;228;216;218m██[38;2;172;165;178m██[38;2;234;173;183m██[38;2;50;40;64m██[38;2;234;161;171m██[38;2;245;179;187m██[38;2;246;179;187m██[38;2;247;178;184m██[38;2;129;72;95m  [38;2;0;0;0m    
[38;2;0;0;0m      [38;2;200;133;145m  [38;2;249;179;188m██[38;2;247;182;189m██[38;2;248;183;189m██████[38;2;248;178;185m██[38;2;189;115;144m██[38;2;247;175;182m██[38;2;79;53;71m██[38;2;182;175;183m██[38;2;238;238;238m██[38;2;227;209;213m██[38;2;213;140;158m██[38;2;228;152;167m██[38;2;167;103;128m██[38;2;130;115;133m██[38;2;247;178;187m██[38;2;103;64;82m██[38;2;142;91;106m██[38;2;247;179;187m██[38;2;247;178;186m██[38;2;246;178;186m██[38;2;248;176;182m██[38;2;0;0;0m    
[38;2;0;0;0m      [38;2;241;168;175m██[38;2;248;179;188m██[38;2;247;183;189m████████[38;2;249;179;186m██[38;2;174;100;131m██[38;2;244;170;178m██[38;2;116;73;89m██[38;2;101;75;93m██[38;2;196;190;194m██[38;2;229;157;170m██[38;2;231;154;166m██[38;2;220;144;159m██[38;2;233;158;169m██[38;2;216;177;186m██[38;2;247;177;186m██[38;2;204;136;147m██[38;2;88;57;75m██[38;2;247;175;184m██[38;2;204;132;153m██[38;2;223;153;169m██[38;2;248;179;187m██[38;2;173;115;129m  [38;2;0;0;0m  
[38;2;0;0;0m      [38;2;248;176;182m██[38;2;249;179;186m██[38;2;249;179;188m██[38;2;247;181;188m██[38;2;248;182;188m██[38;2;248;180;188m██[38;2;248;179;185m██[38;2;208;134;153m██[38;2;236;160;171m██[38;2;205;132;143m██[38;2;74;49;66m██[38;2;235;165;173m██[38;2;247;175;184m██[38;2;209;132;149m██[38;2;168;93;128m██[38;2;232;156;169m██[38;2;241;168;177m██[38;2;247;176;185m██[38;2;244;170;178m██[38;2;80;53;70m██[38;2;244;167;175m██[38;2;167;95;127m██[38;2;230;157;172m██[38;2;246;178;187m██[38;2;243;169;177m██[38;2;0;0;0m  
[38;2;0;0;0m    [38;2;40;26;29m  [38;2;246;176;184m██[38;2;248;178;186m████[38;2;249;179;187m████[38;2;249;179;186m██[38;2;248;178;186m██[38;2;238;164;174m██[38;2;228;151;163m██[38;2;235;155;163m██[38;2;67;44;60m██[38;2;243;165;173m██[38;2;246;173;181m██[38;2;232;156;167m██[38;2;246;173;180m██[38;2;247;174;181m██[38;2;231;157;168m██[38;2;247;175;183m██[38;2;246;173;181m██[38;2;98;59;76m██[38;2;127;78;93m██[38;2;159;88;123m██[38;2;243;169;178m██[38;2;246;176;184m██[38;2;245;174;182m██[38;2;0;0;0m  
[38;2;0;0;0m    [38;2;218;146;157m  [38;2;244;172;180m████[38;2;244;173;181m██[38;2;246;174;182m██[38;2;246;175;183m████[38;2;246;174;182m██[38;2;245;172;179m██[38;2;205;127;147m██[38;2;241;161;168m██[38;2;74;49;65m██[38;2;159;99;113m██[38;2;245;171;178m██[38;2;243;167;177m██[38;2;242;167;176m██[38;2;246;172;179m██[38;2;226;150;162m██[38;2;245;173;180m██[38;2;245;171;180m██[38;2;216;140;151m██[38;2;74;50;66m██[38;2;156;85;119m██[38;2;243;168;177m██[38;2;243;172;180m████[38;2;123;85;98m  
[38;2;0;0;0m  [38;2;59;37;43m  [38;2;237;161;171m████[38;2;230;151;165m██[38;2;229;150;165m██[38;2;240;163;173m██[38;2;242;166;176m██[38;2;243;167;177m██[38;2;243;168;178m██[38;2;243;167;176m██[38;2;163;88;118m██[38;2;240;159;167m██[38;2;73;48;64m██[38;2;89;53;69m██[38;2;242;165;174m██[38;2;243;166;174m██[38;2;232;152;162m██[38;2;121;76;90m██[38;2;222;143;157m██[38;2;244;168;177m██[38;2;243;167;175m██[38;2;235;157;167m██[38;2;81;50;66m██[38;2;162;100;113m██[38;2;238;162;172m██[38;2;239;164;174m██[38;2;239;165;174m██[38;2;216;145;155m  [0m
