
[38;2;0;0;0m                          [38;2;52;24;11m  [38;2;21;1;0m  [38;2;86;62;65m  [38;2;0;0;0m      [38;2;5;5;5m  [38;2;0;0;0m    [38;2;1;0;0m  [38;2;27;1;12m██[38;2;14;1;8m██[38;2;16;2;9m██[38;2;29;5;13m██[38;2;0;0;0m                  
[38;2;0;0;0m                      [38;2;46;15;18m██[38;2;17;1;9m██[38;2;24;8;15m██[38;2;49;40;50m██[38;2;47;44;54m██[38;2;19;4;15m██[38;2;14;0;7m██[38;2;13;1;7m██[38;2;15;0;10m██[38;2;13;1;10m██[38;2;17;1;11m██[38;2;15;0;6m██[38;2;31;17;26m██[38;2;49;46;51m██[38;2;46;36;41m██[38;2;16;0;7m██[38;2;72;32;45m██[38;2;0;0;0m                
[38;2;130;47;89m  [38;2;14;2;16m██[38;2;21;0;12m██[38;2;20;0;13m██[38;2;16;0;4m██[38;2;20;3;12m██[38;2;101;43;71m  [38;2;225;38;206m  [38;2;0;0;0m  [38;2;52;35;36m  [38;2;17;0;2m██[38;2;18;5;15m██[38;2;49;40;48m██[38;2;47;44;51m██[38;2;46;43;50m██[38;2;50;43;51m██[38;2;49;44;50m██[38;2;40;30;38m██[38;2;47;42;49m██[38;2;48;44;51m██[38;2;46;43;50m██[38;2;47;41;47m██[38;2;49;44;50m██[38;2;50;46;52m██[38;2;48;44;50m██[38;2;49;44;51m██[38;2;41;31;39m██[38;2;12;2;8m██[38;2;57;57;57m  [38;2;0;0;0m              
[38;2;9;1;8m██[38;2;134;91;157m██[38;2;123;88;140m██[38;2;144;99;174m██[38;2;181;176;188m██[38;2;109;85;125m██[38;2;50;15;61m██[38;2;17;0;6m██[38;2;42;15;24m  [38;2;17;1;8m██[38;2;42;33;42m██[38;2;47;44;49m██[38;2;47;43;51m██[38;2;48;44;51m██[38;2;52;45;53m██[38;2;13;8;15m██[38;2;13;8;14m██[38;2;51;43;51m██[38;2;51;42;50m██[38;2;14;8;16m██[38;2;26;21;28m██[38;2;49;45;52m██[38;2;50;45;52m██[38;2;39;34;41m██[38;2;15;10;17m██[38;2;35;32;39m██[38;2;51;46;52m██[38;2;31;16;24m██[38;2;26;1;10m  [38;2;0;0;0m              
[38;2;26;9;20m██[38;2;181;197;181m██[38;2;233;229;232m██[38;2;250;254;251m██[38;2;191;192;194m██[38;2;74;45;86m██[38;2;131;103;152m██[38;2;100;67;127m██[38;2;27;0;22m██[38;2;40;33;38m██[38;2;48;44;50m██[38;2;48;44;51m██████[38;2;12;5;13m██[38;2;14;7;15m██[38;2;8;5;12m██[38;2;14;5;13m██[38;2;29;22;29m██[38;2;42;37;44m██[38;2;50;45;52m██[38;2;51;46;52m██[38;2;19;14;21m██[38;2;14;9;16m██[38;2;13;7;17m██[38;2;14;9;15m██[38;2;51;46;53m██[38;2;47;45;52m██[38;2;15;1;11m██[38;2;226;161;176m  [38;2;0;0;0m            
[38;2;23;6;21m██[38;2;152;95;175m██[38;2;120;124;124m██[38;2;248;252;251m██[38;2;246;251;248m██[38;2;249;254;254m██[38;2;247;248;249m██[38;2;70;49;78m██[38;2;141;137;149m██[38;2;52;43;46m██[38;2;44;41;48m██[38;2;49;43;50m██[38;2;48;44;51m██[38;2;31;28;35m██[38;2;12;9;16m██[38;2;11;9;16m██[38;2;14;9;16m██[38;2;12;9;16m██[38;2;13;9;15m██[38;2;24;14;23m██[38;2;49;46;53m██[38;2;22;16;22m██[38;2;13;7;14m██[38;2;13;8;15m████[38;2;13;5;12m██[38;2;52;42;50m██[38;2;47;45;52m██[38;2;47;44;51m██[38;2;77;48;55m  [38;2;0;0;0m            
[38;2;11;3;11m██[38;2;75;53;80m██[38;2;241;238;237m██[38;2;235;242;235m██[38;2;189;194;190m██[38;2;249;253;250m██[38;2;244;253;250m██[38;2;250;249;254m██[38;2;44;34;42m██[38;2;46;41;48m██[38;2;14;11;18m██[38;2;48;43;50m██[38;2;47;44;51m██[38;2;13;8;15m██[38;2;11;8;15m██[38;2;10;8;15m██[38;2;10;9;17m██[38;2;11;8;14m██[38;2;18;10;19m██[38;2;54;40;43m██[38;2;38;26;29m██[38;2;19;7;9m██[38;2;16;6;7m██[38;2;14;3;7m██[38;2;18;7;13m██[38;2;14;5;13m██[38;2;19;10;19m██[38;2;46;43;50m██[38;2;48;44;52m██[38;2;20;3;11m██[38;2;0;0;0m            
[38;2;22;1;7m██[38;2;155;97;180m██[38;2;95;65;112m██[38;2;251;253;253m██[38;2;246;252;248m██[38;2;106;111;107m██[38;2;250;253;251m██[38;2;31;28;35m██[38;2;48;43;49m██[38;2;48;43;48m██[38;2;12;9;16m██[38;2;50;45;52m██[38;2;48;44;51m██[38;2;21;16;23m██[38;2;12;9;15m██[38;2;13;7;11m██[38;2;50;35;32m██[38;2;241;224;216m██[38;2;253;236;229m██[38;2;248;230;218m██[38;2;253;234;220m██[38;2;251;233;219m██[38;2;250;234;219m██[38;2;252;234;220m██[38;2;252;234;222m██[38;2;205;187;181m██[38;2;17;5;9m██[38;2;49;44;52m██[38;2;50;44;54m██[38;2;12;0;7m██[38;2;0;0;0m            
[38;2;87;43;25m██[38;2;148;95;164m██[38;2;87;80;94m██[38;2;252;247;253m██[38;2;248;254;253m██[38;2;251;253;252m██[38;2;30;25;29m██[38;2;51;46;53m██[38;2;23;18;25m██[38;2;41;37;44m██[38;2;12;9;18m██[38;2;46;43;50m██[38;2;33;27;34m██[38;2;27;24;35m██[38;2;22;11;16m██[38;2;196;176;173m██[38;2;254;234;223m██[38;2;249;235;222m██[38;2;250;235;222m██[38;2;251;235;222m████████[38;2;249;235;221m██[38;2;250;237;220m██[38;2;250;236;225m██[38;2;211;191;179m██[38;2;18;7;13m██[38;2;47;44;53m██[38;2;18;14;20m██[38;2;58;38;45m  [38;2;0;0;0m          
[38;2;253;210;170m  [38;2;39;14;37m██[38;2;181;186;188m██[38;2;125;117;131m██[38;2;145;151;147m██[38;2;179;177;180m██[38;2;22;16;20m██[38;2;26;19;27m██[38;2;48;43;50m██[38;2;16;14;21m██[38;2;11;8;15m██[38;2;39;36;43m██[38;2;21;19;24m██[38;2;41;30;34m██[38;2;212;190;179m██[38;2;251;235;219m██[38;2;252;234;219m██[38;2;248;236;219m██[38;2;250;235;219m██[38;2;250;235;220m████[38;2;251;235;220m██[38;2;252;236;221m██[38;2;250;234;219m██[38;2;252;236;220m██[38;2;250;235;220m██[38;2;252;235;219m██[38;2;112;101;100m██[38;2;49;46;56m██[38;2;15;14;22m██[38;2;13;2;10m██[38;2;68;44;52m  [38;2;0;0;0m        
[38;2;0;0;0m  [38;2;17;4;9m██[38;2;150;96;181m██[38;2;207;197;212m██[38;2;247;254;252m██[38;2;30;25;30m██[38;2;28;18;25m██[38;2;47;43;50m██[38;2;46;43;50m██[38;2;11;7;15m██[38;2;11;8;15m██[38;2;13;10;18m██[38;2;15;11;17m██[38;2;47;32;41m██[38;2;249;231;220m██[38;2;252;234;221m██[38;2;252;234;220m██[38;2;249;235;220m██[38;2;251;235;220m████[38;2;250;234;219m██[38;2;250;235;220m████[38;2;251;235;220m████[38;2;251;235;222m██[38;2;249;233;219m██[38;2;248;233;225m██[38;2;16;9;16m██[38;2;18;15;20m██[38;2;15;12;19m██[38;2;24;11;18m██[38;2;19;0;6m██[38;2;109;98;98m  [38;2;0;0;0m    
[38;2;0;0;0m  [38;2;21;2;1m██[38;2;76;50;94m██[38;2;126;113;123m██[38;2;251;254;252m██[38;2;25;18;25m██[38;2;48;41;48m██[38;2;48;43;50m██[38;2;45;42;49m██[38;2;11;9;18m██[38;2;11;8;15m██[38;2;11;10;18m██[38;2;10;9;17m██[38;2;49;39;45m██[38;2;254;234;223m██[38;2;252;235;223m██[38;2;249;232;223m██[38;2;103;86;77m██[38;2;141;125;112m██[38;2;250;234;219m██[38;2;250;234;220m██[38;2;251;235;220m██[38;2;248;236;220m██[38;2;246;229;220m██[38;2;74;57;49m██[38;2;37;19;17m██[38;2;251;234;224m██[38;2;251;233;222m██[38;2;25;13;12m██[38;2;10;9;17m██[38;2;11;8;15m██[38;2;49;45;52m██[38;2;20;9;17m██[38;2;52;28;27m██[38;2;0;0;0m    
[38;2;0;0;0m  [38;2;19;0;0m██[38;2;145;100;179m██[38;2;97;69;115m██[38;2;252;254;249m██[38;2;31;24;31m██[38;2;48;43;50m██[38;2;48;44;51m██[38;2;46;43;50m██[38;2;12;9;18m██[38;2;11;8;15m██[38;2;11;10;18m██[38;2;28;24;32m██[38;2;49;37;40m██[38;2;253;235;225m██[38;2;47;30;23m██[38;2;227;210;202m██[38;2;252;235;225m██[38;2;251;235;221m██[38;2;252;236;221m██[38;2;250;235;220m██[38;2;250;234;220m██[38;2;248;236;219m██[38;2;253;237;221m██[38;2;250;234;221m██[38;2;252;235;225m██[38;2;90;72;68m██[38;2;250;236;227m██[38;2;251;236;229m██[38;2;14;8;18m████[38;2;34;29;38m██[38;2;52;41;53m██[38;2;22;3;3m██[38;2;0;0;0m    
[38;2;0;0;0m  [38;2;107;90;93m  [38;2;47;20;57m██[38;2;95;78;106m██[38;2;196;193;196m██[38;2;48;42;51m██[38;2;45;42;51m██[38;2;46;44;51m██[38;2;42;41;47m██[38;2;10;9;15m██[38;2;32;29;36m██[38;2;12;9;16m██[38;2;49;40;42m██[38;2;246;231;226m██[38;2;152;135;127m██[38;2;250;234;220m██[38;2;252;236;221m██[38;2;250;234;219m██[38;2;251;235;220m████[38;2;250;235;220m██[38;2;252;236;221m██[38;2;251;235;220m██[38;2;252;236;221m██[38;2;250;235;220m██[38;2;252;236;220m██[38;2;251;235;219m██[38;2;114;98;85m██[38;2;251;235;223m██[38;2;14;9;16m██[38;2;19;13;28m██[38;2;22;13;34m██[38;2;65;52;82m██[38;2;22;4;8m██[38;2;0;0;0m    
[38;2;0;0;0m    [38;2;22;3;7m██[38;2;114;110;121m██[38;2;18;4;19m██[38;2;46;39;46m██[38;2;45;37;50m██[38;2;51;43;63m██[38;2;52;46;63m██[38;2;17;12;27m██[38;2;56;48;71m██[38;2;19;10;29m██[38;2;68;55;54m██[38;2;238;223;215m██[38;2;251;235;222m██[38;2;251;235;220m████[38;2;250;235;220m██[38;2;251;235;220m██[38;2;250;235;220m██[38;2;252;235;221m██[38;2;251;235;220m██████[38;2;252;235;221m██[38;2;251;235;220m██[38;2;251;236;217m██[38;2;248;235;219m██[38;2;254;236;222m██[38;2;22;10;19m██[38;2;32;20;59m██[38;2;32;21;60m██[38;2;84;62;118m██[38;2;20;1;3m██[38;2;0;0;0m    
[38;2;0;0;0m    [38;2;69;37;36m  [38;2;32;8;37m██[38;2;27;7;31m██[38;2;15;8;16m██[38;2;32;26;33m██[38;2;67;53;89m██[38;2;69;55;94m██[38;2;28;16;47m██[38;2;71;55;102m██[38;2;51;36;73m██[38;2;245;231;223m██[38;2;250;234;216m██[38;2;251;235;221m██[38;2;250;235;220m██[38;2;252;234;220m██[38;2;253;234;220m██[38;2;245;228;212m██[38;2;251;235;219m██[38;2;248;236;218m██[38;2;251;235;220m████[38;2;251;233;219m██[38;2;247;228;213m██[38;2;253;237;221m██[38;2;250;237;221m██[38;2;252;236;220m██[38;2;252;235;221m██[38;2;53;40;50m██[38;2;82;66;132m██[38;2;46;31;87m██[38;2;95;67;146m██[38;2;16;1;8m██[38;2;0;0;0m    
[38;2;0;0;0m      [38;2;19;0;1m██[38;2;16;3;13m██[38;2;12;9;16m██[38;2;14;9;16m██[38;2;84;64;127m██[38;2;88;62;133m██[38;2;44;26;81m██[38;2;88;67;135m██[38;2;89;67;132m██[38;2;250;234;221m██[38;2;251;235;220m██[38;2;252;236;223m██[38;2;251;232;218m██[38;2;213;191;178m██[38;2;184;160;149m██[38;2;213;185;175m██[38;2;250;232;218m██[38;2;251;235;220m████[38;2;251;235;219m██[38;2;244;224;210m██[38;2;216;188;176m██[38;2;152;129;116m██[38;2;131;115;102m██[38;2;252;234;220m██[38;2;251;234;219m██[38;2;53;40;47m██[38;2;95;70;151m██[38;2;52;32;102m██[38;2;96;68;147m██[38;2;17;2;10m██[38;2;0;0;0m    
[38;2;0;0;0m      [38;2;17;1;4m██[38;2;43;15;50m██[38;2;16;10;14m██[38;2;12;10;12m██[38;2;92;68;144m██[38;2;95;65;147m██[38;2;53;32;104m██[38;2;96;69;149m██[38;2;96;69;150m██[38;2;242;226;216m██[38;2;252;235;220m██[38;2;229;211;199m██[38;2;250;231;224m██[38;2;229;209;202m██[38;2;232;213;206m██[38;2;252;234;226m██[38;2;233;217;204m██[38;2;250;235;222m██[38;2;251;235;220m████[38;2;237;219;205m██[38;2;252;232;223m██[38;2;230;212;206m██[38;2;228;210;206m██[38;2;252;235;227m██[38;2;254;236;223m██[38;2;54;41;51m██[38;2;97;69;156m██[38;2;54;33;104m██[38;2;96;69;145m██[38;2;51;28;75m██[38;2;237;230;229m  [38;2;0;0;0m  
[38;2;0;0;0m    [38;2;18;13;16m  [38;2;20;3;17m██[38;2;114;86;129m██[38;2;44;37;44m██[38;2;11;9;12m██[38;2;97;68;150m██[38;2;96;67;149m██[38;2;61;38;116m██[38;2;97;70;152m██[38;2;96;69;150m██[38;2;140;119;137m██[38;2;251;234;224m██[38;2;126;107;103m██[38;2;20;0;2m██[38;2;24;5;11m██[38;2;48;31;36m██[38;2;16;1;2m██[38;2;251;234;225m██[38;2;251;235;219m██[38;2;250;235;220m██[38;2;252;236;220m██[38;2;252;238;225m██[38;2;20;4;5m██[38;2;16;1;5m██[38;2;16;0;3m██[38;2;20;2;6m██[38;2;249;230;224m██[38;2;56;42;56m██[38;2;94;69;153m██[38;2;94;69;155m██[38;2;97;69;152m██[38;2;96;68;152m██[38;2;22;2;4m██[38;2;0;0;0m  
[38;2;0;0;0m    [38;2;43;15;21m██[38;2;15;4;4m██[38;2;95;72;107m██[38;2;16;9;17m██[38;2;11;8;17m██[38;2;98;66;152m██[38;2;95;68;143m██[38;2;95;68;153m██[38;2;97;70;150m██[38;2;91;65;139m██[38;2;94;67;129m██[38;2;68;49;52m██[38;2;23;4;2m██[38;2;244;226;216m██[38;2;253;236;221m██[38;2;250;234;219m██[38;2;252;235;222m██[38;2;250;234;220m██[38;2;251;235;221m██[38;2;250;235;220m██[38;2;251;235;220m██[38;2;250;235;220m██[38;2;249;235;222m██[38;2;250;234;218m██[38;2;250;234;222m██[38;2;204;187;182m██[38;2;152;134;129m██[38;2;40;25;47m██[38;2;92;70;140m██[38;2;95;70;137m██[38;2;95;69;137m██[38;2;17;1;5m██[38;2;18;1;12m██[38;2;15;11;11m  
[38;2;0;0;0m    [38;2;56;44;45m  [38;2;22;0;17m██[38;2;146;102;182m██[38;2;13;3;14m██[38;2;11;9;12m██[38;2;96;67;151m██[38;2;19;2;16m██[38;2;96;70;151m██[38;2;97;71;149m██[38;2;97;70;143m██[38;2;45;22;64m██[38;2;40;20;44m██[38;2;253;234;225m██[38;2;251;235;220m██[38;2;252;236;221m██[38;2;250;234;220m██[38;2;250;235;220m████[38;2;250;234;219m██[38;2;250;234;220m██[38;2;236;214;201m██[38;2;252;232;218m██[38;2;251;234;220m████[38;2;249;234;218m██[38;2;248;234;219m██[38;2;252;233;226m██[38;2;30;12;27m██[38;2;28;9;43m██[38;2;39;15;54m██[38;2;19;2;15m██[38;2;114;95;88m  [38;2;107;88;78m  [38;2;29;5;5m██
[38;2;0;0;0m      [38;2;17;4;4m██[38;2;134;102;152m██[38;2;125;98;151m██[38;2;13;10;17m██[38;2;85;66;120m██[38;2;210;187;182m██[38;2;91;61;108m██[38;2;24;5;14m██[38;2;93;70;147m██[38;2;77;64;58m██[38;2;106;87;89m██[38;2;249;233;220m██[38;2;250;234;222m██[38;2;250;234;219m██[38;2;251;234;220m██[38;2;251;235;220m██[38;2;252;236;221m████[38;2;250;236;221m██[38;2;231;214;200m██[38;2;252;235;220m██[38;2;250;235;220m██[38;2;250;234;219m██[38;2;250;235;220m██[38;2;249;233;224m██[38;2;248;234;225m██[38;2;49;38;43m██[38;2;14;2;5m██[38;2;17;1;9m██[38;2;19;0;0m██[38;2;0;0;0m      
[38;2;0;0;0m      [38;2;22;2;6m██[38;2;147;101;184m██[38;2;62;33;73m██[38;2;16;6;13m██[38;2;15;6;21m██[38;2;121;100;91m██[38;2;39;16;21m██[38;2;18;5;10m██[38;2;30;18;43m██[38;2;57;42;43m██[38;2;249;232;222m██[38;2;195;177;165m██[38;2;250;235;222m██[38;2;251;235;220m██[38;2;250;235;220m██[38;2;251;235;222m██[38;2;244;228;217m██[38;2;170;156;146m██[38;2;115;104;99m██[38;2;114;105;98m██[38;2;158;140;139m██[38;2;250;233;221m██[38;2;250;235;220m██[38;2;251;235;220m██[38;2;251;234;221m██[38;2;249;235;226m██[38;2;54;43;51m██[38;2;14;0;6m██[38;2;20;4;5m██[38;2;20;2;5m██[38;2;0;0;0m      
[38;2;0;0;0m    [38;2;58;48;48m  [38;2;61;28;71m██[38;2;138;98;154m██[38;2;15;0;1m██[38;2;15;1;5m██[38;2;17;7;15m██[38;2;174;150;140m██[38;2;179;152;144m██[38;2;19;5;15m██[38;2;13;8;20m██[38;2;28;14;16m██[38;2;251;233;219m██[38;2;251;235;220m██[38;2;252;236;221m██[38;2;251;235;220m██[38;2;252;236;221m██[38;2;247;236;221m██[38;2;128;114;106m██[38;2;212;193;195m██[38;2;168;148;145m██[38;2;113;95;96m██[38;2;82;55;60m██[38;2;253;236;226m██[38;2;251;235;220m████[38;2;250;234;219m██[38;2;233;222;216m██[38;2;55;46;65m██[38;2;18;1;6m██[38;2;28;9;2m██[38;2;3;1;1m  [38;2;0;0;0m      
[38;2;0;0;0m    [38;2;24;2;11m██[38;2;141;100;171m██[38;2;18;0;8m██[38;2;0;0;0m  [38;2;23;5;5m██[38;2;16;5;19m██[38;2;212;188;183m██[38;2;193;162;154m██[38;2;47;33;48m██[38;2;18;12;25m██[38;2;25;12;23m██[38;2;251;235;219m██[38;2;251;235;220m██[38;2;251;235;219m██[38;2;251;235;220m████[38;2;251;235;222m██[38;2;114;69;65m██[38;2;205;134;124m██[38;2;207;133;124m██[38;2;198;129;124m██[38;2;78;33;35m██[38;2;252;236;222m██[38;2;251;235;220m██[38;2;250;234;219m██[38;2;251;235;220m██[38;2;36;24;36m██[38;2;67;52;85m██[38;2;18;1;8m██[38;2;239;186;186m  [38;2;0;0;0m        
[38;2;16;16;16m  [38;2;27;7;12m  [38;2;113;82;136m██[38;2;47;21;41m██[38;2;220;180;179m  [38;2;0;0;0m    [38;2;24;11;18m██[38;2;21;10;18m██[38;2;187;167;164m██[38;2;83;61;115m██[38;2;30;20;55m██[38;2;86;68;115m██[38;2;250;235;217m██[38;2;250;234;219m██[38;2;251;235;220m████[38;2;252;236;221m██[38;2;251;233;219m██[38;2;149;115;105m██[38;2;204;130;119m██[38;2;205;132;121m██[38;2;205;132;120m██[38;2;144;98;90m██[38;2;252;235;221m██[38;2;250;235;220m██[38;2;251;235;220m██[38;2;248;234;226m██[38;2;42;26;68m██[38;2;76;56;117m██[38;2;82;56;116m██[38;2;19;0;1m██[38;2;0;0;0m        
[38;2;3;1;2m  [38;2;134;106;146m██[38;2;87;58;99m██[38;2;79;55;49m  [38;2;0;0;0m      [38;2;61;41;40m██[38;2;15;3;7m██[38;2;27;7;29m██[38;2;91;67;142m██[38;2;41;26;77m██[38;2;92;67;150m██[38;2;242;225;212m██[38;2;249;235;219m██[38;2;252;236;220m██[38;2;251;235;220m██[38;2;252;236;221m██[38;2;250;235;220m██[38;2;252;236;222m██[38;2;209;132;127m██[38;2;205;133;119m██[38;2;207;133;121m██[38;2;148;102;91m██[38;2;253;233;222m██[38;2;250;235;219m██[38;2;250;234;218m██[38;2;55;37;74m██[38;2;65;49;113m██[38;2;69;49;118m██[38;2;93;69;144m██[38;2;66;47;87m██[38;2;23;4;1m██[38;2;0;0;0m      
[38;2;170;134;104m  [38;2;24;3;28m██[38;2;45;13;11m██[38;2;0;0;0m          [38;2;24;5;11m██[38;2;76;55;96m██[38;2;93;69;146m██[38;2;53;32;102m██[38;2;93;69;146m██[38;2;43;20;60m██[38;2;250;232;222m██[38;2;252;236;221m██[38;2;252;236;220m██[38;2;252;236;221m██[38;2;250;236;220m██[38;2;250;236;222m██[38;2;152;112;106m██[38;2;207;135;122m██[38;2;202;134;125m██[38;2;178;150;144m██[38;2;251;234;221m██[38;2;249;232;223m██[38;2;85;69;67m██[38;2;55;36;101m██[38;2;95;72;152m██[38;2;56;35;105m██[38;2;20;2;21m██[38;2;19;0;9m██[38;2;20;2;1m██[38;2;59;32;24m  [38;2;0;0;0m    
[38;2;0;0;0m                [38;2;20;20;20m  [38;2;48;28;65m██[38;2;40;19;70m██[38;2;85;61;137m██[38;2;94;69;150m██[38;2;95;68;147m██[38;2;198;177;179m██[38;2;235;217;205m██[38;2;251;238;221m██[38;2;250;236;220m██[38;2;249;235;221m██[38;2;251;235;219m██[38;2;251;233;219m██[38;2;209;154;152m██[38;2;178;124;125m██[38;2;252;234;223m██[38;2;251;236;221m██[38;2;84;66;64m██[38;2;15;0;11m██[38;2;51;35;93m██[38;2;96;68;159m██[38;2;90;63;145m██[38;2;96;69;144m██[38;2;16;2;1m██[38;2;0;0;0m        
[38;2;0;0;0m                  [38;2;19;0;19m██[38;2;16;0;9m██[38;2;79;55;113m██[38;2;97;69;148m██[38;2;61;40;80m██[38;2;66;44;77m██[38;2;209;181;176m██[38;2;167;140;132m██[38;2;235;215;205m██[38;2;251;236;223m██[38;2;252;236;222m██[38;2;249;237;221m██[38;2;254;234;220m██[38;2;253;234;220m██[38;2;251;237;228m██[38;2;40;23;21m██[38;2;33;12;12m██[38;2;20;1;11m  [38;2;35;17;50m██[38;2;24;2;26m██[38;2;98;69;144m██[38;2;20;3;14m██[38;2;16;0;8m██[38;2;0;0;0m        
[38;2;0;0;0m                  [38;2;21;0;1m██[38;2;16;0;2m██[38;2;17;0;9m██[38;2;94;72;129m██[38;2;120;109;113m██[38;2;202;195;202m██[38;2;117;105;104m██[38;2;190;166;162m██[38;2;212;189;183m██[38;2;44;21;20m██[38;2;57;35;36m██[38;2;179;159;160m██[38;2;188;168;169m██[38;2;121;103;103m██[38;2;18;3;6m██[38;2;28;12;9m██[38;2;0;0;0m  [38;2;61;38;36m  [38;2;19;0;15m██[38;2;84;65;67m██[38;2;15;0;6m██[38;2;21;4;12m██[38;2;19;0;4m██[38;2;0;0;0m        
[38;2;0;0;0m                    [38;2;21;0;3m██[38;2;16;1;8m██[38;2;214;198;208m██[38;2;34;23;40m██[38;2;39;30;50m██[38;2;192;183;199m██[38;2;205;199;212m██[38;2;202;194;205m██[38;2;179;170;178m██[38;2;101;91;99m██[38;2;50;38;42m██[38;2;65;55;64m██[38;2;194;186;197m██[38;2;206;195;203m██[38;2;19;2;2m██[38;2;0;0;0m    [38;2;120;98;87m  [38;2;0;0;0m  [38;2;23;2;0m██[38;2;0;0;0m  [38;2;141;114;104m  [38;2;0;0;0m        [0m
