
[38;2;46;61;96m██[38;2;39;54;84m██[38;2;47;61;96m██[38;2;46;60;95m██
[38;2;47;65;103m██[38;2;48;66;109m██[38;2;48;61;100m██[38;2;48;61;98m██
[38;2;44;63;103m██[38;2;49;64;103m██[38;2;50;64;103m██[38;2;49;64;103m██
[38;2;36;52;86m██[38;2;49;67;106m██[38;2;48;67;105m██[38;2;39;59;90m██
[38;2;37;52;81m██[38;2;51;69;107m██[38;2;48;62;93m██[38;2;59;79;123m██
[38;2;47;64;93m██[38;2;52;72;113m██[38;2;60;78;112m██[38;2;34;50;85m██
[38;2;56;75;110m██[38;2;56;73;115m██[38;2;55;72;116m██[38;2;61;59;67m██
[38;2;63;82;123m██[38;2;58;78;121m██[38;2;56;76;122m██[38;2;101;93;95m██
[38;2;62;83;124m██[38;2;56;78;121m██[38;2;63;91;139m██[38;2;103;96;101m██
[38;2;66;88;131m██[38;2;59;82;124m██[38;2;31;59;102m██[38;2;96;91;97m██
[38;2;60;83;126m██[38;2;60;84;125m██[38;2;64;66;74m██[38;2;94;93;99m██
[38;2;56;83;109m██[38;2;60;87;133m██[38;2;106;104;106m██[38;2;99;99;103m██
[38;2;53;71;102m██[38;2;65;95;147m██[38;2;48;40;43m██[38;2;26;19;25m██
[38;2;47;59;94m██[38;2;68;98;150m██[38;2;15;14;14m██[38;2;4;2;2m██
[38;2;33;54;84m██[38;2;67;91;140m██[38;2;110;108;116m██[38;2;110;114;122m██
[38;2;45;68;107m██[38;2;48;65;114m██[38;2;40;52;88m██[38;2;67;68;81m██
[38;2;51;75;116m██[38;2;64;70;95m██[38;2;56;84;127m██[38;2;93;100;121m██
[38;2;52;77;118m██[38;2;45;52;70m██[38;2;55;80;125m██[38;2;93;94;110m██
[38;2;55;82;126m██[38;2;48;66;100m██[38;2;53;84;127m██[38;2;50;52;63m██
[38;2;62;90;140m██[38;2;56;80;118m██[38;2;62;86;135m██[38;2;36;58;99m██
[38;2;74;105;160m██[38;2;39;61;92m  [38;2;50;70;123m██[38;2;35;68;104m██
[38;2;80;109;166m██[38;2;34;62;116m██[38;2;24;41;70m  [38;2;50;72;117m██
[38;2;78;113;164m██[38;2;36;67;117m██[38;2;28;30;32m  [38;2;51;71;102m██
[38;2;64;89;142m██[38;2;79;106;171m██[38;2;31;36;31m  [38;2;52;67;103m██
[38;2;121;123;123m  [38;2;90;133;206m██[38;2;192;196;194m  [38;2;52;71;102m██
[38;2;255;255;255m  [38;2;9;12;18m  [38;2;250;250;250m  [38;2;54;76;114m██
[38;2;255;255;255m    [38;2;223;223;223m  [38;2;53;63;97m██
[38;2;255;255;255m      [38;2;37;45;68m██
[38;2;255;255;255m      [38;2;20;24;29m  
[38;2;255;255;255m      [38;2;32;47;43m  
[38;2;255;255;255m      [38;2;95;95;95m  
[38;2;255;255;255m      [38;2;95;95;95m  [0m
