
[38;2;0;0;0m  [38;2;255;229;135m  [38;2;255;229;134m  [38;2;0;0;0m      [38;2;2;0;0m  [38;2;3;0;0m  [38;2;0;0;0m    [38;2;10;3;2m  [38;2;25;11;15m  [38;2;197;89;122m██[38;2;255;155;186m██[38;2;255;175;198m██[38;2;255;175;199m██[38;2;242;136;167m██[38;2;231;101;137m██[38;2;235;108;145m██[38;2;247;178;203m██[38;2;113;50;71m  [38;2;11;3;3m  [38;2;4;0;0m  [38;2;3;1;1m  [38;2;8;3;2m  [38;2;6;1;2m  [38;2;3;0;0m  [38;2;0;0;0m          
[38;2;255;227;126m  [38;2;253;252;251m██[38;2;254;235;165m  [38;2;255;228;129m  [38;2;8;1;2m  [38;2;63;54;54m  [38;2;255;216;218m██[38;2;185;159;163m██[38;2;53;14;17m  [38;2;45;20;26m  [38;2;255;109;153m██[38;2;255;116;158m██[38;2;255;172;197m██[38;2;243;143;173m██[38;2;247;159;188m██[38;2;255;173;197m████████[38;2;255;172;196m██[38;2;241;133;165m██[38;2;238;93;136m██[38;2;228;88;129m██[38;2;171;120;137m██[38;2;126;63;81m██[38;2;240;202;203m██[38;2;255;218;220m██[38;2;28;22;23m  [38;2;6;1;2m  [38;2;0;0;0m      
[38;2;51;46;27m  [38;2;254;236;165m  [38;2;255;226;119m  [38;2;7;1;2m  [38;2;165;147;147m  [38;2;255;172;196m██[38;2;255;173;197m██[38;2;254;173;198m██[38;2;252;173;199m██[38;2;185;44;45m██[38;2;254;127;167m██[38;2;255;174;199m██[38;2;250;166;191m██[38;2;255;173;196m██[38;2;255;173;197m██[38;2;255;173;196m██[38;2;255;175;200m██[38;2;229;64;111m██[38;2;227;77;119m██[38;2;255;173;197m████[38;2;255;177;201m██[38;2;255;173;197m██[38;2;255;174;197m██[38;2;253;198;205m██[38;2;213;193;191m██[38;2;255;172;196m██[38;2;255;174;197m██[38;2;105;89;91m  [38;2;0;0;0m      
[38;2;0;0;0m  [38;2;255;227;126m  [38;2;31;28;15m  [38;2;44;31;35m  [38;2;255;173;197m████[38;2;230;65;113m██[38;2;254;213;215m██[38;2;255;208;210m██[38;2;72;51;53m██[38;2;235;118;152m██[38;2;255;205;209m██[38;2;255;208;210m██[38;2;255;198;207m██[38;2;255;177;198m██[38;2;250;164;190m██[38;2;255;109;153m██[38;2;247;96;141m██[38;2;247;150;179m██[38;2;255;173;197m████████[38;2;235;105;142m██[38;2;255;108;153m██[38;2;252;204;208m██[38;2;110;93;96m██[38;2;255;173;197m██[38;2;255;172;196m██[38;2;9;5;5m  [38;2;0;0;0m    
[38;2;0;0;0m  [38;2;195;175;101m  [38;2;43;0;0m  [38;2;255;174;198m██[38;2;255;172;197m██[38;2;255;173;197m████████[38;2;244;178;200m██[38;2;254;212;213m██[38;2;255;208;210m██████[38;2;251;168;194m██[38;2;250;104;149m██[38;2;245;144;175m██[38;2;255;208;210m████[38;2;255;204;208m████[38;2;255;209;210m██[38;2;255;172;196m██[38;2;255;208;210m██[38;2;255;177;200m██[38;2;232;65;113m██[38;2;255;208;210m██[38;2;239;169;193m██[38;2;255;203;208m██[38;2;253;175;199m██[38;2;9;1;2m  [38;2;0;0;0m  
[38;2;0;0;0m    [38;2;132;60;83m  [38;2;254;129;167m██[38;2;255;173;196m██[38;2;255;173;197m████[38;2;255;173;196m██[38;2;253;172;196m  [38;2;243;173;196m██[38;2;255;200;207m██[38;2;255;208;210m██[38;2;255;207;210m██[38;2;254;177;200m██[38;2;167;36;35m██[38;2;255;180;199m██[38;2;255;208;210m████████████[38;2;255;172;196m██[38;2;255;208;210m████[38;2;255;172;197m██[38;2;255;209;211m██[38;2;167;119;135m██[38;2;255;173;196m██[38;2;255;181;200m██[38;2;1;0;0m  [38;2;0;0;0m  
[38;2;0;0;0m  [38;2;2;0;0m  [38;2;255;113;156m██[38;2;255;173;196m██[38;2;255;172;196m██[38;2;255;203;209m██[38;2;255;173;196m██████[38;2;74;52;57m██[38;2;255;173;196m██[38;2;255;173;197m██[38;2;238;124;157m██[38;2;252;181;204m██[38;2;240;200;202m██[38;2;196;39;35m██[38;2;255;208;210m██[38;2;255;207;210m██[38;2;255;208;210m████████[38;2;53;32;37m██[38;2;255;205;209m██[38;2;254;209;212m██[38;2;255;172;196m██[38;2;255;173;196m██[38;2;255;176;200m██[38;2;255;174;199m██[38;2;255;107;152m██[38;2;51;37;41m  [38;2;0;0;0m  
[38;2;0;1;0m  [38;2;208;149;170m██[38;2;255;173;197m██[38;2;255;176;198m██[38;2;255;189;202m██[38;2;255;172;197m██[38;2;255;173;197m██[38;2;254;173;197m██[38;2;199;144;163m██[38;2;255;174;198m██[38;2;255;176;200m██[38;2;187;34;53m██[38;2;218;130;150m██[38;2;246;177;201m██[38;2;243;180;195m██[38;2;255;208;210m██[38;2;188;55;51m██[38;2;255;208;209m██[38;2;255;208;210m████[38;2;255;210;211m██[38;2;121;67;65m██[38;2;168;96;81m██[38;2;255;171;196m██[38;2;237;159;183m██[38;2;255;172;197m██[38;2;255;173;197m████[38;2;245;173;196m██[38;2;255;130;169m██[38;2;248;185;207m██[38;2;4;0;1m  
[38;2;243;174;198m██[38;2;255;173;197m██[38;2;255;166;193m██[38;2;255;173;197m██████[38;2;252;172;196m  [38;2;220;160;181m██[38;2;255;164;191m██[38;2;240;129;161m██[38;2;254;176;200m██[38;2;217;138;156m██[38;2;221;140;163m██[38;2;245;177;201m██[38;2;183;47;51m██[38;2;181;67;70m██[38;2;220;140;158m██[38;2;255;179;203m██[38;2;255;172;196m██[38;2;186;136;155m  [38;2;251;153;123m██[38;2;240;230;222m██[38;2;70;42;44m██[38;2;255;169;195m██[38;2;253;151;121m██[38;2;254;176;200m██[38;2;255;173;197m██[38;2;255;117;159m██[38;2;202;147;166m██[38;2;254;161;189m██[38;2;143;104;118m  [38;2;1;0;0m  
[38;2;255;171;196m██[38;2;255;175;198m██[38;2;254;174;197m██[38;2;255;173;196m████[38;2;255;173;197m██[38;2;167;122;139m██[38;2;193;38;33m██[38;2;242;138;168m██[38;2;255;173;197m████[38;2;255;173;196m██[38;2;195;95;111m██[38;2;244;175;200m██[38;2;252;177;201m██[38;2;254;173;197m██[38;2;182;47;46m██[38;2;197;124;144m██[38;2;185;132;122m  [38;2;240;232;223m██[38;2;240;231;222m██[38;2;241;232;222m██[38;2;244;126;162m██[38;2;90;79;80m  [38;2;240;231;222m██[38;2;136;74;75m██[38;2;232;103;141m  [38;2;255;172;197m██[38;2;190;137;156m██[38;2;253;173;198m██[38;2;17;11;12m  [38;2;11;8;9m  
[38;2;255;111;155m██[38;2;233;106;139m██[38;2;255;173;197m██[38;2;253;174;197m██[38;2;156;112;126m██[38;2;67;31;41m██[38;2;247;152;181m██[38;2;255;173;197m████[38;2;255;176;199m██[38;2;252;173;198m██[38;2;255;176;200m██[38;2;255;173;198m██[38;2;195;37;31m██[38;2;255;174;198m██[38;2;190;138;156m██[38;2;172;163;159m██[38;2;240;231;222m████[38;2;239;230;222m██[38;2;239;231;222m██[38;2;156;149;148m██[38;2;231;225;218m██[38;2;228;157;171m██[38;2;238;228;221m██[38;2;240;231;221m██[38;2;234;168;191m██[38;2;255;173;197m██[38;2;199;142;162m██[38;2;147;107;120m  [38;2;17;9;10m  [38;2;20;16;16m  
[38;2;248;209;214m██[38;2;255;181;199m██[38;2;255;173;197m██[38;2;255;172;196m██[38;2;190;144;160m██[38;2;235;204;205m██[38;2;255;175;194m██[38;2;255;126;165m██[38;2;249;149;178m██[38;2;255;171;196m████[38;2;255;168;194m██[38;2;222;142;168m██[38;2;141;32;34m██[38;2;233;122;154m██[38;2;245;145;175m██[38;2;240;232;224m██[38;2;240;231;222m████████[38;2;223;74;115m██[38;2;226;123;148m██[38;2;240;231;222m██[38;2;239;231;223m██[38;2;240;231;222m██[38;2;155;145;142m██[38;2;255;173;197m██[38;2;105;72;80m██[38;2;57;26;35m  [38;2;227;119;151m██[38;2;9;1;1m  
[38;2;72;55;59m  [38;2;255;171;196m██[38;2;185;135;154m██[38;2;179;79;116m  [38;2;190;40;38m██[38;2;242;87;133m██[38;2;203;42;37m██[38;2;211;92;132m██[38;2;107;54;72m██[38;2;190;113;96m██[38;2;2;1;1m██[38;2;3;1;1m  [38;2;46;50;54m██[38;2;69;74;79m  [38;2;37;19;22m██[38;2;233;130;110m██[38;2;240;231;222m██████████[38;2;242;230;220m██[38;2;234;216;212m██[38;2;6;3;3m██[38;2;63;63;67m██[38;2;0;0;0m██[38;2;139;134;131m██[38;2;254;174;199m██[38;2;229;112;151m██[38;2;101;55;65m  [38;2;0;1;0m  [38;2;0;0;0m  
[38;2;250;212;214m██[38;2;5;1;1m  [38;2;0;0;0m  [38;2;180;45;48m██[38;2;255;107;152m██[38;2;252;179;204m██[38;2;220;141;159m██[38;2;255;173;197m██[38;2;134;98;108m  [38;2;9;5;5m██[38;2;172;204;209m██[38;2;191;227;233m██[38;2;236;230;228m██[38;2;209;88;154m██[38;2;156;71;110m██[38;2;225;198;190m██[38;2;240;231;222m████████████[38;2;206;236;238m██[38;2;198;75;139m██[38;2;189;143;158m██[38;2;191;227;233m██[38;2;20;4;5m██[38;2;247;166;192m  [38;2;247;114;154m██[38;2;94;10;9m  [38;2;133;16;13m  [38;2;114;30;25m  
[38;2;236;148;174m██[38;2;0;0;0m  [38;2;116;15;11m  [38;2;233;97;135m██[38;2;255;107;151m██[38;2;188;40;38m██[38;2;255;173;197m████[38;2;156;109;124m██[38;2;103;33;37m██[38;2;193;228;233m██[38;2;230;224;225m██[38;2;189;21;120m██[38;2;255;255;255m██[38;2;187;18;117m██[38;2;251;248;244m██[38;2;240;230;222m██████████[38;2;240;230;221m██[38;2;149;24;95m██[38;2;251;238;243m██[38;2;189;20;120m██[38;2;238;247;245m██[38;2;248;241;235m██[38;2;254;206;213m██[38;2;123;57;80m██[38;2;0;0;0m  [38;2;64;7;5m  [38;2;62;8;5m  
[38;2;7;0;0m  [38;2;18;4;4m  [38;2;128;15;12m  [38;2;255;108;152m██[38;2;240;104;144m██[38;2;235;164;189m██[38;2;255;173;197m████[38;2;171;123;139m██[38;2;240;233;225m██[38;2;253;251;250m██[38;2;197;166;176m██[38;2;255;104;160m██[38;2;254;251;252m██[38;2;255;103;159m██[38;2;249;241;234m██[38;2;243;219;207m██[38;2;244;216;205m██[38;2;244;215;203m██[38;2;245;215;203m████[38;2;244;215;204m██[38;2;235;102;149m██[38;2;254;226;233m██[38;2;252;107;161m██[38;2;250;247;243m██[38;2;205;200;197m██[38;2;255;174;199m██[38;2;179;86;116m  [38;2;254;203;209m██[38;2;57;51;51m  [38;2;0;0;0m  
[38;2;0;0;0m  [38;2;25;2;2m  [38;2;0;0;0m  [38;2;255;107;151m██[38;2;187;38;36m██[38;2;255;173;197m██████[38;2;229;165;188m██[38;2;240;233;225m██[38;2;240;230;222m██[38;2;230;215;219m██[38;2;253;108;163m██[38;2;174;76;111m██[38;2;115;92;98m██[38;2;244;219;208m██[38;2;245;216;205m██[38;2;244;215;203m████[38;2;245;215;203m████[38;2;244;215;203m██[38;2;187;172;169m██[38;2;155;70;99m██[38;2;180;83;117m██[38;2;240;231;222m██[38;2;96;86;86m██[38;2;255;173;197m██[38;2;42;31;34m  [38;2;8;1;2m  [38;2;255;227;125m  [38;2;95;85;49m  
[38;2;0;0;0m    [38;2;80;46;53m  [38;2;236;98;137m██[38;2;255;107;151m██[38;2;255;173;197m██████[38;2;254;174;199m██[38;2;244;237;228m██[38;2;240;231;222m██[38;2;240;230;222m██[38;2;240;230;221m██[38;2;242;227;217m██[38;2;243;223;213m██[38;2;243;219;208m██[38;2;245;216;205m██[38;2;245;215;203m██[38;2;244;215;203m██[38;2;245;215;202m██[38;2;245;215;203m████[38;2;244;217;206m██[38;2;243;223;211m██[38;2;241;228;218m██[38;2;239;230;221m██[38;2;56;37;42m██[38;2;255;173;198m██[38;2;236;168;191m██[38;2;14;5;5m  [38;2;255;231;141m  [38;2;187;168;96m  
[38;2;0;0;0m  [38;2;2;0;0m  [38;2;226;98;141m  [38;2;255;106;151m██[38;2;255;107;151m██[38;2;255;174;198m██[38;2;255;173;197m██████[38;2;208;200;195m██[38;2;240;230;222m██[38;2;240;231;222m████[38;2;240;229;220m██[38;2;242;226;215m██[38;2;243;222;211m██[38;2;244;218;208m██[38;2;244;216;205m██[38;2;244;214;203m████[38;2;244;215;203m██[38;2;244;216;205m██[38;2;243;219;208m██[38;2;242;225;215m██[38;2;240;230;221m██[38;2;240;231;222m██[38;2;44;29;33m██[38;2;255;128;167m██[38;2;255;173;197m██[38;2;230;207;124m  [38;2;255;248;224m██[38;2;255;231;146m  
[38;2;0;0;0m  [38;2;6;1;1m  [38;2;255;107;150m██████[38;2;254;176;200m  [38;2;255;173;197m██████[38;2;72;56;59m  [38;2;240;230;222m██[38;2;240;231;222m████[38;2;240;230;222m██[38;2;240;230;221m██[38;2;240;231;222m████[38;2;240;230;222m████[38;2;231;215;207m██[38;2;230;218;212m██[38;2;240;230;222m████[38;2;240;231;222m████[38;2;240;230;222m██[38;2;91;81;82m██[38;2;255;103;149m██[38;2;255;173;197m██[38;2;205;150;170m  [38;2;255;240;187m  [38;2;255;225;121m  
[38;2;51;41;42m  [38;2;248;199;208m██[38;2;150;68;95m  [38;2;255;107;151m████[38;2;232;77;122m██[38;2;255;173;197m██[38;2;254;173;197m██[38;2;255;173;197m██[38;2;228;164;185m██[38;2;240;231;222m████████████████[38;2;160;63;57m██[38;2;253;123;103m██[38;2;242;113;97m██[38;2;240;231;222m██████████[38;2;69;57;59m██[38;2;255;106;151m██[38;2;255;173;197m██[38;2;254;177;201m██[38;2;217;188;107m  [38;2;95;85;49m  
[38;2;6;1;1m  [38;2;5;1;1m  [38;2;147;66;94m  [38;2;59;27;36m  [38;2;255;107;151m██[38;2;251;105;150m██[38;2;255;173;197m██[38;2;255;173;196m██[38;2;249;162;189m██[38;2;254;173;197m██[38;2;243;233;225m██[38;2;240;231;222m████[38;2;240;230;222m██[38;2;240;231;222m██████[38;2;242;234;226m██[38;2;254;120;102m██[38;2;255;120;102m██[38;2;201;83;72m██[38;2;240;230;222m██[38;2;240;231;222m██████[38;2;242;233;225m██[38;2;252;109;153m██[38;2;255;107;151m██[38;2;255;173;197m██[38;2;3;2;2m  [38;2;128;95;105m  [38;2;0;0;0m  
[38;2;0;0;0m    [38;2;17;13;14m  [38;2;14;6;8m  [38;2;253;143;175m██[38;2;255;107;151m██[38;2;254;175;200m██[38;2;255;173;197m██[38;2;210;151;171m██[38;2;253;173;197m  [38;2;181;101;84m██[38;2;240;232;223m██[38;2;240;231;222m██[38;2;240;231;221m██[38;2;240;231;222m██████[38;2;192;149;141m██[38;2;254;121;102m██[38;2;255;120;102m██[38;2;193;153;149m██[38;2;240;231;221m██[38;2;240;231;222m████[38;2;238;231;224m██[38;2;249;111;154m██[38;2;230;101;142m██[38;2;255;107;151m██[38;2;255;174;198m██[38;2;1;0;1m  [38;2;242;166;190m██[38;2;8;2;2m  
[38;2;0;0;0m    [38;2;9;1;1m  [38;2;222;201;201m██[38;2;5;1;1m  [38;2;255;209;214m██[38;2;218;38;86m██[38;2;254;175;199m██[38;2;255;173;198m██[38;2;94;42;57m██[38;2;79;56;63m  [38;2;135;70;72m██[38;2;240;233;226m██[38;2;240;231;222m████████[38;2;213;183;176m██[38;2;254;160;157m██[38;2;219;93;77m██[38;2;240;231;222m██████[38;2;98;79;83m██[38;2;255;107;151m██[38;2;255;106;150m██[38;2;109;78;88m  [38;2;255;109;154m██[38;2;255;174;198m██[38;2;17;0;0m  [38;2;109;60;75m  [38;2;1;0;0m  
[38;2;0;0;0m      [38;2;12;3;3m  [38;2;99;80;83m  [38;2;10;4;0m  [38;2;90;76;78m  [38;2;246;133;165m██[38;2;239;94;136m██[38;2;31;17;20m  [38;2;192;118;141m██[38;2;241;106;149m██[38;2;252;109;153m██[38;2;138;72;93m██[38;2;223;217;209m██[38;2;239;231;222m██[38;2;240;231;222m██[38;2;239;231;222m██[38;2;240;231;222m██[38;2;239;230;221m██[38;2;242;233;225m██[38;2;106;73;82m██[38;2;252;110;154m██[38;2;242;142;172m██[38;2;254;110;155m██[38;2;255;172;197m██[38;2;2;5;5m  [38;2;227;101;142m██[38;2;212;188;188m██[38;2;0;0;0m  [38;2;18;13;13m  [38;2;11;1;1m  
[38;2;0;0;0m  [38;2;255;227;118m  [38;2;255;229;133m  [38;2;0;0;0m        [38;2;6;0;0m  [38;2;172;127;138m  [38;2;17;12;13m  [38;2;54;43;46m  [38;2;0;0;0m  [38;2;7;1;1m  [38;2;4;2;2m  [38;2;178;229;254m██[38;2;209;237;241m██[38;2;91;76;79m██[38;2;197;78;67m██[38;2;92;95;101m██[38;2;84;77;86m██[38;2;62;29;39m  [38;2;114;52;70m  [38;2;192;168;171m  [38;2;0;0;0m  [38;2;243;212;213m██[38;2;7;2;2m  [38;2;0;0;0m  [38;2;192;168;169m  [38;2;27;5;4m  [38;2;0;0;0m  [38;2;3;0;0m  [38;2;0;0;0m  
[38;2;0;0;0m  [38;2;255;227;127m  [38;2;255;228;127m  [38;2;0;0;0m          [38;2;12;0;0m  [38;2;10;1;3m  [38;2;0;0;0m  [38;2;11;3;4m  [38;2;133;85;93m██[38;2;124;79;88m██[38;2;83;83;90m██[38;2;244;237;227m██[38;2;178;78;75m██[38;2;146;29;27m██[38;2;150;21;18m██[38;2;186;78;76m██[38;2;131;84;92m██[38;2;7;1;2m  [38;2;8;0;0m  [38;2;7;0;0m  [38;2;0;0;0m                
[38;2;73;65;37m  [38;2;254;234;160m  [38;2;254;235;161m  [38;2;73;65;36m  [38;2;0;0;0m            [38;2;8;2;2m  [38;2;123;78;87m  [38;2;240;230;222m██[38;2;235;223;215m██[38;2;165;75;66m██[38;2;174;145;150m██[38;2;142;33;33m██[38;2;169;39;39m██[38;2;190;39;34m██[38;2;151;78;76m██[38;2;129;83;91m██[38;2;209;126;105m██[38;2;235;214;207m██[38;2;242;235;227m██[38;2;5;2;1m  [38;2;0;0;0m              
[38;2;255;237;172m  [38;2;255;255;255m████[38;2;254;237;172m  [38;2;255;231;144m  [38;2;0;0;0m          [38;2;7;0;0m  [38;2;88;73;76m██[38;2;240;231;222m██[38;2;216;175;168m██[38;2;191;68;58m██[38;2;155;124;130m██[38;2;174;146;151m██[38;2;202;38;33m██[38;2;217;84;67m██[38;2;165;62;60m██[38;2;71;51;55m██[38;2;63;34;37m██[38;2;237;221;213m██[38;2;240;230;221m██[38;2;0;0;0m                
[38;2;0;0;0m  [38;2;255;228;130m  [38;2;255;229;135m  [38;2;0;0;0m            [38;2;1;0;0m  [38;2;168;139;146m██[38;2;134;117;121m██[38;2;240;232;223m██[38;2;197;145;136m██[38;2;170;142;147m██[38;2;172;143;147m██[38;2;171;141;147m██[38;2;143;62;63m██[38;2;141;105;112m██[38;2;150;105;110m██[38;2;81;59;65m  [38;2;127;82;91m██[38;2;221;163;163m██[38;2;194;186;182m██[38;2;4;0;1m  [38;2;0;0;0m              
[38;2;0;0;0m  [38;2;255;227;129m  [38;2;255;227;123m  [38;2;0;0;0m            [38;2;2;0;0m  [38;2;173;143;149m██[38;2;204;182;182m██[38;2;136;170;179m██[38;2;51;36;39m  [38;2;172;143;147m██████[38;2;171;141;147m██[38;2;136;94;103m██[38;2;172;143;147m██[38;2;79;57;62m  [38;2;174;144;149m██[38;2;164;199;212m██[38;2;183;166;168m██[38;2;6;0;0m  [38;2;0;0;0m              
[38;2;0;0;0m  [38;2;255;227;120m  [38;2;255;232;146m  [38;2;0;0;0m            [38;2;8;1;1m  [38;2;173;144;150m██[38;2;172;143;147m██[38;2;128;82;90m██[38;2;129;83;91m██[38;2;173;145;150m██[38;2;172;143;147m████[38;2;173;144;149m██[38;2;172;143;148m██[38;2;171;143;148m██[38;2;47;30;33m  [38;2;173;145;150m██[38;2;172;144;149m██[38;2;136;115;118m██[38;2;7;1;2m  [38;2;0;0;0m              [0m
