
[38;2;0;0;0m          [38;2;78;78;78m  [38;2;61;61;61m  [38;2;248;248;248m  [38;2;92;91;91m  [38;2;217;217;217m  [38;2;0;0;0m              [38;2;4;4;4m  [38;2;0;0;0m  [38;2;7;7;7m  [38;2;0;0;0m                        
[38;2;0;0;0m          [38;2;164;165;165m  [38;2;203;168;165m  [38;2;213;173;172m██[38;2;250;248;248m██[38;2;125;125;125m  [38;2;215;215;215m  [38;2;0;0;0m          [38;2;129;129;129m  [38;2;158;158;158m  [38;2;53;53;53m  [38;2;169;169;168m  [38;2;34;34;34m  [38;2;35;35;35m  [38;2;0;0;0m                    
[38;2;0;0;0m        [38;2;55;55;55m  [38;2;76;77;75m  [38;2;217;177;177m██[38;2;206;170;169m██[38;2;210;173;171m██[38;2;254;254;254m  [38;2;228;228;228m  [38;2;0;0;0m          [38;2;52;54;54m  [38;2;234;210;209m  [38;2;95;94;94m  [38;2;116;116;116m  [38;2;143;143;143m  [38;2;209;209;209m  [38;2;26;26;26m  [38;2;0;0;0m      [38;2;28;28;28m  [38;2;25;25;25m  [38;2;0;0;0m        
[38;2;0;0;0m          [38;2;49;44;44m  [38;2;218;179;177m██[38;2;58;49;48m██[38;2;42;37;36m██[38;2;226;204;201m██[38;2;132;132;131m  [38;2;159;159;159m  [38;2;0;0;0m        [38;2;158;158;158m  [38;2;189;160;160m  [38;2;108;108;109m  [38;2;92;92;92m  [38;2;38;38;38m  [38;2;186;186;186m  [38;2;236;236;236m  [38;2;0;0;0m    [38;2;47;47;47m  [38;2;111;106;106m  [38;2;93;93;93m  [38;2;9;9;9m  [38;2;0;0;0m      
[38;2;0;0;0m        [38;2;76;76;76m  [38;2;85;71;70m  [38;2;193;160;158m██[38;2;67;55;54m██[38;2;67;54;53m██[38;2;35;28;27m██[38;2;252;252;253m██[38;2;210;210;210m  [38;2;104;104;104m  [38;2;26;26;26m  [38;2;183;182;182m  [38;2;189;189;189m  [38;2;46;45;46m  [38;2;145;143;142m  [38;2;81;79;79m  [38;2;62;62;62m  [38;2;0;0;0m    [38;2;95;95;95m  [38;2;0;0;0m  [38;2;135;135;135m  [38;2;162;162;163m  [38;2;254;254;254m  [38;2;235;234;234m  [38;2;110;110;110m  [38;2;0;0;0m      
[38;2;0;0;0m        [38;2;107;107;107m  [38;2;123;101;100m  [38;2;136;110;110m██[38;2;68;56;55m██[38;2;67;55;54m██[38;2;71;58;57m██[38;2;248;243;242m██[38;2;167;167;167m  [38;2;199;199;198m  [38;2;250;250;251m  [38;2;253;253;253m    [38;2;245;245;245m  [38;2;185;185;185m  [38;2;93;92;92m  [38;2;65;65;65m  [38;2;0;0;0m      [38;2;98;98;98m  [38;2;189;189;189m  [38;2;254;254;254m██[38;2;255;255;255m██[38;2;253;253;253m  [38;2;50;50;50m  [38;2;0;0;0m      
[38;2;0;0;0m        [38;2;107;107;107m  [38;2;165;137;135m  [38;2;86;72;71m██[38;2;67;55;54m██[38;2;67;55;53m██[38;2;66;54;53m██[38;2;122;106;103m██[38;2;252;252;252m██[38;2;253;253;253m██[38;2;255;255;255m██████████[38;2;253;253;253m██  [38;2;165;165;165m  [38;2;56;55;55m  [38;2;105;105;105m  [38;2;198;197;197m  [38;2;251;250;250m██[38;2;254;254;254m██[38;2;255;255;255m██[38;2;253;253;253m  [38;2;35;34;34m  [38;2;0;0;0m      
[38;2;0;0;0m        [38;2;59;59;59m  [38;2;199;163;162m  [38;2;80;66;65m██[38;2;67;55;54m████[38;2;69;57;56m██[38;2;59;49;47m██[38;2;253;253;253m██[38;2;220;220;220m██[38;2;255;255;255m██████████████[38;2;254;254;254m██[38;2;252;252;253m  [38;2;120;118;118m  [38;2;214;174;173m██[38;2;213;176;173m██[38;2;241;232;231m██[38;2;254;255;255m██[38;2;253;253;253m  [38;2;44;44;44m  [38;2;0;0;0m      
[38;2;0;0;0m      [38;2;33;33;33m  [38;2;192;194;200m  [38;2;213;176;175m  [38;2;118;98;96m██[38;2;69;57;56m██[38;2;40;35;34m██[38;2;198;163;163m██[38;2;207;170;168m██[38;2;254;253;253m██[38;2;255;255;255m████[38;2;254;254;254m██[38;2;249;249;249m██[38;2;255;255;255m████████████[38;2;254;254;253m██[38;2;171;165;164m██[38;2;215;176;175m██[38;2;214;178;176m██[38;2;254;254;254m██[38;2;249;249;249m  [38;2;27;26;26m  [38;2;0;0;0m      
[38;2;0;0;0m      [38;2;131;131;131m  [38;2;184;152;152m  [38;2;211;175;172m██[38;2;102;81;80m██[38;2;211;175;173m██[38;2;214;174;174m██[38;2;211;176;173m██[38;2;252;251;251m██[38;2;255;255;255m██████[38;2;254;254;253m██[38;2;167;136;127m██[38;2;251;250;250m██[38;2;254;255;255m██[38;2;253;254;254m██[38;2;255;255;255m████[38;2;254;254;254m██[38;2;247;247;247m██[38;2;254;253;254m██[38;2;204;192;190m██[38;2;212;175;173m██[38;2;253;253;252m██[38;2;205;205;205m  [38;2;83;83;83m  [38;2;0;0;0m      
[38;2;0;0;0m    [38;2;221;221;221m  [38;2;90;86;86m  [38;2;212;174;172m██[38;2;214;176;175m██[38;2;210;175;171m██[38;2;212;176;173m██[38;2;211;171;170m██[38;2;253;251;251m██[38;2;254;254;255m██[38;2;255;255;255m██████[38;2;253;253;252m██[38;2;234;210;190m██[38;2;118;95;95m██[38;2;253;254;254m██[38;2;210;188;187m██[38;2;254;253;253m██[38;2;255;255;255m████[38;2;207;207;207m██[38;2;255;255;255m██[38;2;253;254;254m██[38;2;206;173;171m██[38;2;243;237;235m██[38;2;143;143;143m  [38;2;56;56;56m  [38;2;0;0;0m      
[38;2;0;0;0m  [38;2;2;2;2m  [38;2;44;44;45m  [38;2;194;158;156m  [38;2;215;177;175m██[38;2;214;177;175m██[38;2;215;175;174m██[38;2;237;225;223m██[38;2;254;254;253m██[38;2;255;255;255m██████████[38;2;244;244;244m██[38;2;253;223;204m██[38;2;192;154;141m██[38;2;244;238;238m██[38;2;234;232;231m██[38;2;248;242;242m██[38;2;254;254;255m██[38;2;253;253;253m██[38;2;211;212;212m██[38;2;255;255;255m██[38;2;253;252;253m██[38;2;210;197;196m██[38;2;239;230;229m██[38;2;107;106;106m  [38;2;20;20;20m  [38;2;0;0;0m      
[38;2;0;0;0m  [38;2;194;194;194m  [38;2;58;56;55m  [38;2;212;175;172m██[38;2;214;177;175m██[38;2;219;189;188m██[38;2;254;254;254m██[38;2;255;255;255m████████████[38;2;254;254;254m██[38;2;200;198;198m██[38;2;253;222;204m██[38;2;252;218;197m██[38;2;119;106;106m██[38;2;252;253;253m██[38;2;235;217;218m██[38;2;254;254;254m██[38;2;253;252;252m██[38;2;227;194;194m██[38;2;254;254;254m██[38;2;222;216;216m██[38;2;239;239;239m██[38;2;244;233;232m  [38;2;155;155;155m  [38;2;69;69;69m  [38;2;0;0;0m      
[38;2;0;0;0m  [38;2;81;81;81m  [38;2;156;128;127m  [38;2;214;176;175m████[38;2;254;254;254m██[38;2;255;255;255m██████████████[38;2;254;254;254m██[38;2;93;87;85m██[38;2;143;126;117m██[38;2;217;190;175m██[38;2;114;83;77m██[38;2;255;255;255m██[38;2;226;210;209m██[38;2;254;254;253m██[38;2;113;111;111m██[38;2;100;80;79m██[38;2;254;254;254m██[38;2;201;199;199m██[38;2;255;255;255m██[38;2;193;193;193m  [38;2;116;116;116m  [38;2;0;0;0m        
[38;2;87;87;87m  [38;2;82;83;82m  [38;2;216;178;177m██[38;2;214;176;175m██[38;2;224;201;200m██[38;2;254;254;254m██[38;2;255;255;255m██████████████[38;2;250;251;251m██[38;2;214;191;174m██[38;2;255;219;201m██[38;2;254;218;200m██[38;2;219;170;156m██[38;2;251;251;251m██[38;2;230;226;225m██[38;2;250;251;251m██[38;2;178;157;145m██[38;2;113;88;81m██[38;2;252;254;254m██[38;2;164;162;161m██[38;2;250;251;251m██[38;2;123;122;122m  [38;2;134;134;134m  [38;2;0;0;0m        
[38;2;4;4;4m  [38;2;59;47;46m  [38;2;213;175;175m██[38;2;215;176;175m██[38;2;238;223;223m██[38;2;255;255;255m████[38;2;255;255;254m██[38;2;255;255;255m████████[38;2;254;254;254m██[38;2;179;178;178m██[38;2;254;222;203m██[38;2;253;218;200m██[38;2;255;219;201m██[38;2;250;209;189m██[38;2;239;238;238m██[38;2;245;243;243m██[38;2;156;139;129m██[38;2;251;218;196m██[38;2;125;105;97m██[38;2;253;254;254m██[38;2;115;106;105m██[38;2;244;238;237m██[38;2;184;184;184m  [38;2;53;53;53m  [38;2;0;0;0m        
[38;2;232;231;232m  [38;2;215;178;177m  [38;2;215;177;175m██[38;2;215;176;175m██[38;2;220;198;198m██[38;2;223;223;223m██[38;2;254;254;254m██[38;2;244;237;236m██[38;2;255;255;255m████████[38;2;252;252;252m██[38;2;113;100;92m██[38;2;253;217;199m██[38;2;126;109;101m██[38;2;254;218;200m██[38;2;252;216;194m██[38;2;171;148;143m██[38;2;187;168;155m██[38;2;253;218;200m██[38;2;253;218;199m██[38;2;203;165;151m██[38;2;252;252;252m██[38;2;195;160;159m██[38;2;237;220;220m██[38;2;232;233;233m  [38;2;84;84;84m  [38;2;0;0;0m        
[38;2;50;49;49m  [38;2;212;175;172m██[38;2;215;177;175m██[38;2;215;178;177m██[38;2;167;166;166m██[38;2;159;158;158m██[38;2;250;251;251m██[38;2;233;219;215m██[38;2;240;240;240m██[38;2;254;254;254m██[38;2;255;255;255m████[38;2;230;230;230m██[38;2;251;228;209m██[38;2;255;219;201m██[38;2;254;218;200m██[38;2;255;219;201m████[38;2;251;218;196m██[38;2;254;218;200m██[38;2;252;219;199m██[38;2;139;117;109m██[38;2;209;169;154m██[38;2;180;179;179m██[38;2;214;174;174m██[38;2;229;210;208m██[38;2;253;253;253m  [38;2;142;142;142m  [38;2;0;0;0m        
[38;2;52;42;40m  [38;2;213;174;175m██[38;2;215;177;175m██[38;2;208;171;170m██[38;2;170;144;142m██[38;2;220;188;186m██[38;2;207;175;174m██[38;2;235;223;223m██[38;2;213;214;214m██[38;2;254;254;254m██[38;2;255;255;255m██[38;2;253;253;253m██[38;2;33;31;29m██[38;2;252;216;198m██[38;2;255;218;201m██[38;2;255;219;201m████████[38;2;255;218;201m████[38;2;254;218;200m██[38;2;218;176;162m██[38;2;210;191;175m██[38;2;222;181;180m██[38;2;226;199;199m██[38;2;252;252;252m  [38;2;177;177;176m  [38;2;40;40;40m  [38;2;0;0;0m      
[38;2;199;164;162m  [38;2;215;177;175m██[38;2;214;176;173m██[38;2;194;161;161m██[38;2;170;141;139m██[38;2;169;142;140m██[38;2;159;132;130m██[38;2;243;234;234m██[38;2;173;172;173m██[38;2;254;254;254m██[38;2;255;255;255m██[38;2;253;253;253m██[38;2;127;111;102m██[38;2;254;228;208m██[38;2;255;219;200m██[38;2;255;219;201m██[38;2;255;218;201m██[38;2;254;217;200m██[38;2;255;219;200m██[38;2;255;219;201m██[38;2;255;219;200m██[38;2;254;218;200m██[38;2;212;182;167m██[38;2;87;75;71m██[38;2;218;179;178m██[38;2;224;197;197m██[38;2;253;253;253m██[38;2;137;136;134m  [38;2;32;32;32m  [38;2;0;0;0m      
[38;2;226;184;184m██[38;2;214;177;175m██[38;2;172;142;141m██[38;2;220;182;181m██[38;2;186;154;152m██[38;2;175;146;144m██[38;2;145;121;119m██[38;2;245;241;241m██[38;2;125;125;124m██[38;2;254;254;254m████[38;2;240;240;240m██[38;2;253;233;213m██[38;2;198;178;164m██[38;2;255;218;201m████[38;2;250;217;197m██[38;2;187;166;155m██[38;2;155;134;126m██[38;2;176;157;146m██[38;2;250;219;199m██[38;2;253;219;199m██[38;2;254;218;200m██[38;2;232;212;194m██[38;2;198;161;161m██[38;2;226;199;198m██[38;2;253;253;253m██[38;2;113;113;113m  [38;2;27;27;27m  [38;2;0;0;0m      
[38;2;213;175;173m██[38;2;214;175;174m██[38;2;145;121;119m██[38;2;137;111;110m██[38;2;211;173;172m██[38;2;122;102;100m██[38;2;91;76;75m██[38;2;250;248;248m██[38;2;62;60;60m██[38;2;253;253;253m██[38;2;92;85;85m██[38;2;209;189;176m██[38;2;116;100;96m██[38;2;121;104;96m██[38;2;253;218;200m██[38;2;255;219;201m████[38;2;255;218;201m██[38;2;255;219;201m██[38;2;252;216;198m██[38;2;254;219;200m██[38;2;255;219;201m██[38;2;255;219;200m██[38;2;237;216;197m██[38;2;201;166;166m██[38;2;230;213;212m██[38;2;194;195;195m██[38;2;77;75;76m  [38;2;113;113;113m  [38;2;0;0;0m      
[38;2;214;175;174m██[38;2;214;176;175m██[38;2;217;175;176m██[38;2;197;163;162m██[38;2;130;110;108m██[38;2;217;177;176m██[38;2;73;59;57m██[38;2;251;250;250m██[38;2;68;67;66m██[38;2;223;168;154m██[38;2;254;221;200m██[38;2;245;238;215m██[38;2;220;193;179m██[38;2;96;89;88m██[38;2;253;218;200m██[38;2;255;219;201m██████████████[38;2;251;218;201m██[38;2;71;61;59m██[38;2;160;129;128m██[38;2;108;96;93m██[38;2;231;185;167m██[38;2;147;130;122m██[38;2;108;105;104m  [38;2;110;110;110m  [38;2;23;23;23m  [38;2;0;0;0m  
[38;2;215;177;175m██[38;2;215;178;176m██[38;2;204;168;168m██[38;2;139;114;112m██[38;2;196;161;159m██[38;2;217;179;178m██[38;2;129;104;103m██[38;2;97;69;64m██[38;2;216;150;137m██[38;2;253;221;199m██[38;2;254;219;200m██[38;2;255;232;211m██[38;2;232;211;198m██[38;2;190;170;158m██[38;2;252;224;203m██[38;2;254;218;200m██████████[38;2;252;219;201m██[38;2;246;218;197m  [38;2;62;55;51m  [38;2;214;177;177m██[38;2;69;52;48m██[38;2;196;139;126m██[38;2;195;139;127m██[38;2;239;208;186m██[38;2;233;205;187m██[38;2;123;112;107m  [38;2;203;203;203m  [38;2;31;31;31m  
[38;2;214;177;175m██[38;2;214;176;176m██[38;2;211;174;172m██[38;2;222;182;181m██[38;2;170;141;138m██[38;2;217;178;177m██[38;2;97;75;72m██[38;2;213;149;135m██[38;2;214;151;137m██[38;2;252;221;199m██[38;2;173;151;139m██[38;2;111;97;91m██[38;2;131;114;106m██[38;2;153;137;129m██[38;2;143;99;90m██[38;2;191;148;135m██[38;2;178;149;137m  [38;2;154;135;126m  [38;2;126;112;105m  [38;2;73;62;57m  [38;2;34;34;34m  [38;2;124;124;124m  [38;2;182;173;171m  [38;2;212;175;174m██[38;2;129;93;85m██[38;2;200;142;129m██[38;2;118;85;78m██[38;2;233;185;168m██[38;2;253;219;199m██[38;2;254;218;200m██[38;2;245;216;197m  [38;2;78;78;78m  
[38;2;214;177;175m██[38;2;213;175;173m██[38;2;82;67;66m██[38;2;215;177;176m██[38;2;144;120;119m██[38;2;214;176;174m██[38;2;136;114;112m██[38;2;215;152;136m██[38;2;215;151;137m██[38;2;218;163;146m██[38;2;253;216;198m██[38;2;254;218;200m██[38;2;254;219;200m██[38;2;214;193;176m██[38;2;130;114;106m██[38;2;104;92;85m██[38;2;39;38;38m  [38;2;57;55;55m  [38;2;40;40;39m  [38;2;77;77;77m  [38;2;12;12;12m  [38;2;1;1;1m  [38;2;10;9;9m  [38;2;178;147;145m  [38;2;149;105;97m██[38;2;96;69;64m██[38;2;219;155;138m██[38;2;131;94;87m██[38;2;127;109;103m██[38;2;242;212;193m██[38;2;254;229;209m██[38;2;195;195;195m  
[38;2;211;175;174m██[38;2;129;106;106m██[38;2;189;158;156m██[38;2;215;178;177m██[38;2;187;154;153m██[38;2;215;176;175m██[38;2;191;160;158m██[38;2;215;150;136m██[38;2;215;151;137m████[38;2;253;219;199m██[38;2;194;169;157m██[38;2;92;73;69m██[38;2;253;220;199m██[38;2;49;45;46m██[38;2;201;181;167m██[38;2;68;65;65m  [38;2;156;151;150m  [38;2;77;76;74m  [38;2;47;47;47m  [38;2;126;126;126m  [38;2;131;131;131m  [38;2;128;128;128m  [38;2;229;190;189m  [38;2;68;48;44m██[38;2;214;152;135m██[38;2;129;91;84m██[38;2;219;153;139m██[38;2;186;130;118m██[38;2;250;216;195m██[38;2;254;217;199m██[38;2;94;97;97m  
[38;2;211;174;173m██[38;2;49;41;40m██[38;2;100;81;79m██[38;2;213;176;174m██[38;2;142;116;115m██[38;2;214;176;175m██[38;2;135;114;112m██[38;2;207;145;130m██[38;2;215;151;137m████[38;2;225;170;154m██[38;2;240;212;193m██[38;2;83;83;84m██[38;2;153;113;104m██[38;2;120;106;101m██[38;2;46;45;46m██[38;2;46;46;46m██[38;2;33;29;27m  [38;2;235;235;235m  [38;2;232;232;232m██[38;2;51;46;44m  [38;2;84;83;83m  [38;2;58;57;57m  [38;2;99;85;82m  [38;2;173;154;150m  [38;2;150;105;97m  [38;2;175;124;113m██[38;2;132;95;89m██[38;2;187;131;120m██[38;2;199;140;128m██[38;2;251;216;197m██[38;2;88;86;86m  
[38;2;214;176;174m██[38;2;144;119;118m██[38;2;140;117;115m██[38;2;161;135;134m██[38;2;216;179;177m██[38;2;215;177;175m██[38;2;124;89;83m██[38;2;193;134;123m██[38;2;215;151;137m████[38;2;213;147;133m██[38;2;227;198;181m██[38;2;77;67;65m██[38;2;133;117;108m██[38;2;108;96;91m██[38;2;65;62;63m██[38;2;74;74;74m██[38;2;37;32;32m██[38;2;254;253;252m██[38;2;254;254;254m██[38;2;68;63;63m██[38;2;87;74;71m  [38;2;189;181;180m  [38;2;70;64;65m  [38;2;176;166;166m  [38;2;178;156;151m  [38;2;214;150;136m████[38;2;217;152;138m██[38;2;221;165;149m██[38;2;253;217;200m██[38;2;73;67;67m██
[38;2;211;176;173m██[38;2;155;129;126m██[38;2;57;47;45m██[38;2;160;132;129m██[38;2;214;176;174m██[38;2;219;180;178m██[38;2;194;138;124m██[38;2;196;139;126m██[38;2;215;151;137m████[38;2;212;145;132m██[38;2;95;82;76m██[38;2;199;178;162m██[38;2;254;218;199m██[38;2;253;218;199m██[38;2;253;219;199m██[38;2;236;212;194m██[38;2;127;96;88m██[38;2;254;253;253m██[38;2;255;255;255m██[38;2;166;170;171m██[38;2;247;215;193m  [38;2;101;98;98m  [38;2;155;155;155m  [38;2;17;17;17m  [38;2;184;184;184m  [38;2;150;105;98m  [38;2;213;151;136m██[38;2;203;143;131m██[38;2;220;161;146m██[38;2;255;218;200m██[38;2;123;112;107m  
[38;2;222;183;183m██[38;2;170;140;140m██[38;2;127;105;103m██[38;2;199;165;163m██[38;2;185;155;153m██[38;2;111;93;91m██[38;2;148;107;98m██[38;2;210;147;133m██[38;2;215;151;137m████[38;2;229;169;151m██[38;2;106;87;85m██[38;2;210;173;173m██[38;2;227;204;187m██[38;2;252;220;201m██[38;2;255;219;201m██[38;2;252;221;200m██[38;2;144;114;114m██[38;2;254;254;254m██[38;2;255;255;255m██[38;2;228;230;231m██[38;2;232;183;166m██[38;2;148;127;119m  [38;2;8;8;8m  [38;2;219;219;219m  [38;2;96;96;96m  [38;2;42;42;42m  [38;2;129;115;112m  [38;2;164;117;108m██[38;2;213;148;134m██[38;2;252;220;199m██[38;2;222;198;182m  
[38;2;106;89;87m██[38;2;210;172;171m██[38;2;190;154;153m██[38;2;214;177;176m██[38;2;169;139;138m██[38;2;215;176;176m██[38;2;176;149;147m██[38;2;217;153;138m██[38;2;215;151;137m████[38;2;126;99;94m██[38;2;214;175;174m██[38;2;213;177;175m██[38;2;214;177;175m██[38;2;229;183;165m██[38;2;250;219;198m██[38;2;118;95;87m██[38;2;240;228;227m██[38;2;254;254;254m██[38;2;255;255;255m██[38;2;252;253;254m██[38;2;237;180;163m██[38;2;140;135;135m██[38;2;249;249;249m    [38;2;166;166;166m  [38;2;125;125;125m  [38;2;145;145;145m  [38;2;216;152;137m  [38;2;129;93;86m██[38;2;214;154;142m██[38;2;253;227;204m██[0m
