
[38;2;0;0;0m                                ██                  
[38;2;0;0;0m                          ████████                  
[38;2;0;0;0m                      ██████████████                
[38;2;0;0;0m                ████████████████████                
[38;2;0;0;0m            ██████████████████████████              
[38;2;0;0;0m      ████████████████████████████████              
[38;2;0;0;0m██████████████████████████[38;2;41;41;41m██[38;2;4;4;4m██[38;2;5;5;5m██[38;2;0;0;0m██████              
[38;2;32;32;32m██[38;2;0;0;0m██████████████[38;2;120;120;120m██[38;2;88;88;88m██[38;2;14;14;14m██[38;2;96;96;96m██[38;2;97;97;97m██[38;2;96;96;96m██[38;2;49;49;49m██[38;2;125;125;125m██[38;2;0;0;0m████████            
[38;2;56;56;56m  [38;2;0;0;0m██████[38;2;156;156;156m██[38;2;126;126;126m██[38;2;24;24;24m██[38;2;51;51;51m██[38;2;3;3;3m██[38;2;27;27;27m██[38;2;92;92;92m██[38;2;74;74;74m██[38;2;3;3;3m██[38;2;0;0;0m██████████████            
[38;2;0;0;0m  ██████[38;2;24;24;24m██[38;2;174;174;174m██[38;2;7;7;7m██[38;2;10;10;10m██[38;2;85;85;85m██[38;2;50;50;50m██[38;2;0;0;0m████████████████████            
[38;2;0;0;0m  [38;2;45;45;45m██[38;2;0;0;0m██████[38;2;11;11;11m██[38;2;0;0;0m██[38;2;4;4;4m██[38;2;0;0;0m████████████████████████            
[38;2;0;0;0m  [38;2;46;46;46m  [38;2;0;0;0m██████[38;2;86;86;86m██[38;2;0;0;0m██████████████████████████████          
[38;2;0;0;0m    [38;2;3;3;3m██[38;2;0;0;0m████████████████████████████████████          
[38;2;0;0;0m    [38;2;54;54;54m  [38;2;0;0;0m██████████████████████████████████████        
[38;2;0;0;0m    [38;2;30;30;30m  [38;2;0;0;0m██████████████████████████████████████        
[38;2;0;0;0m      [38;2;7;7;7m██[38;2;0;0;0m████████████████████████████████████        
[38;2;0;0;0m      [38;2;71;71;71m  [38;2;0;0;0m██████████████████████████████████████      
[38;2;0;0;0m      [38;2;10;10;10m  [38;2;0;0;0m██████████████████████████████████████      
[38;2;0;0;0m        [38;2;10;10;10m██[38;2;0;0;0m████████████████████████████████████      
[38;2;0;0;0m        [38;2;82;82;82m  [38;2;0;0;0m██████████████████████████████████████    
[38;2;0;0;0m          ██████████████████████████████████████    
[38;2;0;0;0m          [38;2;13;13;13m██[38;2;0;0;0m████████████████████████████████████    
[38;2;0;0;0m          [38;2;78;78;78m  [38;2;0;0;0m██████████████████████████████████████  
[38;2;0;0;0m            ██████████████████████████████████████  
[38;2;0;0;0m            [38;2;32;32;32m██[38;2;0;0;0m████████████████████████████████████  
[38;2;0;0;0m            [38;2;51;51;51m  [38;2;0;0;0m██████████████████████████████████████
[38;2;0;0;0m              ████████████████████████████████[38;2;1;1;1m██[38;2;99;99;99m██[38;2;9;9;9m  
[38;2;0;0;0m              [38;2;64;64;64m██[38;2;0;0;0m██████████████████████████[38;2;76;76;76m██[38;2;32;32;32m  [38;2;0;0;0m      
[38;2;0;0;0m              [38;2;25;25;25m  [38;2;0;0;0m████████████████████[38;2;22;22;22m██[38;2;75;75;75m██[38;2;0;0;0m            
[38;2;0;0;0m                ████████████████[38;2;90;90;90m██[38;2;20;20;20m  [38;2;0;0;0m                
[38;2;0;0;0m                [38;2;78;78;78m██[38;2;0;0;0m████████[38;2;63;63;63m██[38;2;52;52;52m  [38;2;0;0;0m                      
[38;2;0;0;0m                [38;2;13;13;13m  [38;2;0;0;0m██[38;2;23;23;23m██[38;2;79;79;79m  [38;2;5;5;5m  [38;2;0;0;0m                          [0m
