
[38;2;0;0;0m                  [38;2;121;115;115m  [38;2;157;139;82m  [38;2;226;226;188m  [38;2;222;221;182m██[38;2;212;207;159m  [38;2;202;192;137m  [38;2;217;214;169m██[38;2;215;212;169m  [38;2;197;191;147m  [38;2;49;45;25m  [38;2;63;63;63m  [38;2;0;0;0m                    
[38;2;0;0;0m                [38;2;88;88;74m  [38;2;218;215;170m  [38;2;202;194;136m██[38;2;210;205;150m██[38;2;215;210;152m██[38;2;221;217;167m██[38;2;219;215;165m██[38;2;215;211;161m██[38;2;210;205;155m██[38;2;207;202;150m██[38;2;203;196;143m██[38;2;197;190;142m  [38;2;82;59;27m  [38;2;0;0;0m                  
[38;2;0;0;0m        [38;2;70;70;70m  [38;2;59;60;62m  [38;2;164;164;164m  [38;2;51;47;26m  [38;2;224;225;189m  [38;2;225;226;186m██[38;2;226;227;186m██[38;2;227;227;186m██[38;2;226;227;186m██[38;2;206;196;130m██[38;2;225;225;186m██[38;2;203;193;128m██[38;2;206;198;136m██[38;2;212;206;149m██[38;2;225;225;185m██[38;2;223;224;184m██[38;2;207;200;150m  [38;2;104;104;52m  [38;2;0;0;0m                
[38;2;0;0;0m      [38;2;35;35;35m  [38;2;199;202;203m  [38;2;198;199;197m  [38;2;152;150;136m  [38;2;223;223;185m██[38;2;227;228;187m██[38;2;227;229;187m████[38;2;228;229;186m████[38;2;227;228;186m████[38;2;227;227;186m██████[38;2;226;227;185m██[38;2;226;227;186m██[38;2;225;226;186m██[38;2;231;230;181m  [38;2;91;91;45m  [38;2;0;0;0m              
[38;2;0;0;0m      [38;2;76;76;78m  [38;2;201;205;202m  [38;2;144;141;153m  [38;2;222;223;187m  [38;2;227;227;188m██[38;2;227;229;187m██[38;2;229;229;187m████[38;2;228;229;186m██[38;2;229;229;186m████[38;2;228;229;185m██[38;2;227;227;185m██[38;2;226;227;186m████[38;2;227;228;186m████[38;2;227;227;186m██[38;2;231;228;175m██[38;2;225;202;141m  [38;2;52;52;0m  [38;2;0;0;0m            
[38;2;0;0;0m    [38;2;161;161;161m  [38;2;186;192;194m  [38;2;135;134;152m██[38;2;190;191;169m██[38;2;226;227;189m██[38;2;227;228;188m██[38;2;229;229;187m██[38;2;228;229;187m██[38;2;228;228;186m██[38;2;215;209;151m██[38;2;220;217;161m██[38;2;228;229;186m████[38;2;196;184;112m██[38;2;194;182;113m██[38;2;212;206;152m██[38;2;226;227;185m██[38;2;227;228;186m██[38;2;227;227;185m██[38;2;232;228;174m██[38;2;214;194;142m██[38;2;103;48;20m  [38;2;0;0;0m            
[38;2;0;0;0m    [38;2;9;11;11m  [38;2;207;221;216m  [38;2;136;137;152m██[38;2;225;226;196m██[38;2;227;228;190m██[38;2;229;230;189m██[38;2;229;230;188m██[38;2;228;228;186m██[38;2;181;163;74m██[38;2;228;229;189m██[38;2;228;228;184m██[38;2;230;229;185m██[38;2;229;229;185m██[38;2;227;227;184m██[38;2;215;209;153m██[38;2;205;195;135m██[38;2;219;215;166m██[38;2;227;227;186m██[38;2;233;230;176m██[38;2;233;229;176m██[38;2;219;200;155m██[38;2;193;179;142m  [38;2;122;122;22m  [38;2;0;0;0m          
[38;2;0;0;0m    [38;2;132;156;157m  [38;2;211;224;220m██[38;2;137;141;153m██[38;2;234;236;215m██[38;2;230;232;197m██[38;2;230;231;191m██[38;2;229;229;188m██[38;2;198;187;112m██[38;2;228;228;185m██[38;2;229;229;185m██[38;2;229;229;184m██[38;2;228;228;184m██[38;2;229;228;183m██[38;2;229;228;184m██[38;2;227;226;184m██[38;2;223;220;173m██[38;2;218;213;163m██[38;2;231;229;177m██[38;2;234;230;175m██[38;2;234;228;180m██[38;2;229;208;155m██[38;2;185;170;132m  [38;2;110;77;42m  [38;2;0;0;0m          
[38;2;0;0;0m    [38;2;184;202;201m  [38;2;211;220;214m██[38;2;141;146;157m██[38;2;211;214;206m██[38;2;237;239;215m██[38;2;238;239;212m██[38;2;235;236;204m██[38;2;229;229;188m██[38;2;229;229;184m██[38;2;229;228;183m██[38;2;229;228;182m██[38;2;228;227;182m██[38;2;229;228;181m██[38;2;229;227;181m██[38;2;227;227;182m██[38;2;213;204;144m██[38;2;227;225;183m██[38;2;216;205;140m██[38;2;232;222;166m██[38;2;233;216;163m██[38;2;218;195;145m██[38;2;189;174;139m██[38;2;190;175;140m  [38;2;0;0;0m          
[38;2;0;0;0m  [38;2;106;106;106m  [38;2;209;216;214m  [38;2;176;184;187m██[38;2;191;197;197m██[38;2;202;206;196m██[38;2;226;227;190m██[38;2;236;237;208m██[38;2;221;215;168m██[38;2;232;231;191m██[38;2;236;236;201m██[38;2;229;227;182m██[38;2;229;227;180m██[38;2;228;225;178m██[38;2;228;227;180m██[38;2;228;227;179m██[38;2;227;226;180m██[38;2;228;226;183m██[38;2;233;231;180m██[38;2;232;228;172m██[38;2;231;211;150m██[38;2;222;199;149m██[38;2;201;182;140m██[38;2;186;172;137m██[38;2;180;165;129m  [38;2;19;12;12m  [38;2;0;0;0m        
[38;2;0;0;0m    [38;2;98;106;106m  [38;2;205;211;208m  [38;2;207;213;209m██[38;2;162;167;168m██[38;2;226;226;190m██[38;2;226;225;186m██[38;2;226;225;182m██[38;2;233;231;192m██[38;2;233;231;191m██[38;2;233;231;189m██[38;2;238;236;204m██[38;2;232;230;188m██[38;2;235;233;194m██[38;2;230;228;183m██[38;2;233;232;195m██[38;2;229;226;189m██[38;2;231;225;169m██[38;2;232;217;156m██[38;2;194;171;119m██[38;2;187;168;128m██[38;2;187;172;135m██[38;2;184;170;136m██[38;2;165;144;108m  [38;2;90;69;49m  [38;2;0;0;0m        
[38;2;0;0;0m    [38;2;109;115;122m  [38;2;202;210;209m██[38;2;140;167;178m██[38;2;213;221;216m██[38;2;215;220;211m██[38;2;194;188;157m██[38;2;223;218;167m██[38;2;226;222;174m██[38;2;226;222;173m████[38;2;226;221;173m██[38;2;227;224;176m██[38;2;227;223;173m██[38;2;220;212;155m██[38;2;227;222;172m██[38;2;229;223;164m██[38;2;217;194;130m██[38;2;220;194;133m██[38;2;191;170;124m██[38;2;187;171;133m██[38;2;185;168;132m██[38;2;182;167;132m██[38;2;181;166;131m██[38;2;157;137;104m  [38;2;0;0;0m        
[38;2;0;0;0m      [38;2;111;136;158m  [38;2;198;240;242m  [38;2;211;223;217m██[38;2;214;219;211m██[38;2;195;193;170m██[38;2;223;220;174m██[38;2;223;217;166m██[38;2;224;218;167m██[38;2;223;216;164m██[38;2;203;179;119m██[38;2;224;217;167m██[38;2;224;218;167m██[38;2;208;192;125m██[38;2;224;218;166m██[38;2;227;214;148m██[38;2;194;171;114m██[38;2;199;177;125m██[38;2;186;168;124m██[38;2;168;141;99m██[38;2;183;166;129m██[38;2;181;165;129m██[38;2;177;161;124m██[38;2;176;158;116m  [38;2;115;70;70m  [38;2;0;0;0m      
[38;2;0;0;0m      [38;2;0;0;122m  [38;2;147;185;199m  [38;2;146;175;188m██[38;2;209;204;164m██[38;2;218;212;166m██[38;2;221;213;166m██[38;2;222;215;165m██[38;2;221;213;161m██[38;2;192;167;99m██[38;2;224;203;170m██[38;2;223;214;163m██[38;2;222;213;161m██[38;2;202;181;111m██[38;2;224;214;158m██[38;2;214;189;124m██[38;2;207;157;121m██[38;2;178;153;99m██[38;2;183;164;120m██[38;2;163;133;84m██[38;2;176;157;114m██[38;2;179;162;123m██[38;2;176;159;121m██[38;2;166;143;101m  [38;2;58;49;8m  [38;2;0;0;0m      
[38;2;0;0;0m      [38;2;181;207;207m  [38;2;178;225;225m  [38;2;176;221;224m██[38;2;200;188;136m██[38;2;204;190;135m██[38;2;200;180;120m██[38;2;219;210;160m██[38;2;189;162;95m██[38;2;221;198;166m██[38;2;218;199;167m██[38;2;219;209;153m██[38;2;220;210;157m██[38;2;199;176;112m██[38;2;225;212;145m██[38;2;184;155;97m██[38;2;207;158;127m██[38;2;174;125;77m██[38;2;182;159;113m██[38;2;159;127;78m██[38;2;173;151;105m██[38;2;178;159;117m██[38;2;177;159;117m██[38;2;155;129;89m  [38;2;174;152;103m  [38;2;44;34;22m  [38;2;0;0;0m    
[38;2;0;0;0m      [38;2;180;166;133m  [38;2;175;195;183m██[38;2;183;226;224m██[38;2;202;192;144m██[38;2;215;206;158m██[38;2;200;180;124m██[38;2;182;149;89m██[38;2;216;185;152m██[38;2;211;179;141m██[38;2;192;160;106m██[38;2;219;209;157m██[38;2;204;186;126m██[38;2;213;198;143m██[38;2;210;182;117m██[38;2;204;167;133m██[38;2;213;170;145m██[38;2;211;160;134m██[38;2;184;132;96m██[38;2;172;144;91m██[38;2;172;148;100m██[38;2;176;157;112m██[38;2;174;153;109m██[38;2;174;152;109m  [38;2;81;117;101m  [38;2;0;0;0m      
[38;2;0;0;0m      [38;2;184;167;132m  [38;2;191;174;127m██[38;2;213;206;160m██[38;2;216;210;160m██[38;2;180;153;96m██[38;2;195;155;115m██[38;2;221;181;150m██[38;2;221;193;165m██[38;2;221;205;180m██[38;2;203;182;123m██[38;2;185;153;90m██[38;2;199;165;120m██[38;2;203;180;119m██[38;2;180;144;89m██[38;2;204;156;128m██[38;2;200;139;113m██[38;2;201;133;106m██[38;2;204;136;109m██[38;2;213;144;115m██[38;2;176;152;103m██[38;2;176;155;108m██[38;2;164;139;91m██[38;2;172;152;108m██[38;2;175;194;202m  [38;2;130;153;165m  [38;2;0;0;0m    
[38;2;0;0;0m      [38;2;92;76;37m  [38;2;211;201;153m  [38;2;198;180;123m██[38;2;216;206;157m██[38;2;230;194;164m██[38;2;125;81;49m██[38;2;107;67;36m██[38;2;105;64;26m██[38;2;126;91;54m██[38;2;222;209;186m██[38;2;221;200;170m██[38;2;185;155;94m██[38;2;182;149;90m██[38;2;212;193;166m██[38;2;119;71;34m██[38;2;146;84;29m██[38;2;159;89;40m██[38;2;136;68;47m██[38;2;210;145;118m██[38;2;179;156;107m██[38;2;175;153;106m██[38;2;148;116;72m██[38;2;172;152;107m  [38;2;127;161;202m  [38;2;113;145;192m  [38;2;84;105;157m  [38;2;0;0;0m  
[38;2;0;0;0m      [38;2;113;113;40m  [38;2;215;207;160m  [38;2;209;197;146m██[38;2;216;206;156m██[38;2;191;156;112m██[38;2;223;177;139m██[38;2;214;190;167m██[38;2;184;132;73m██[38;2;208;170;113m██[38;2;225;215;194m██[38;2;221;206;179m██[38;2;222;207;179m██[38;2;224;212;188m██[38;2;224;213;191m██[38;2;199;167;152m██[38;2;220;193;133m██[38;2;206;165;108m██[38;2;216;154;127m██[38;2;194;133;115m██[38;2;180;157;109m██[38;2;175;154;105m██[38;2;165;143;98m██[38;2;170;148;101m  [38;2;93;106;90m  [38;2;41;63;72m  [38;2;67;82;111m  [38;2;26;26;52m  
[38;2;0;0;0m        [38;2;179;157;117m  [38;2;162;127;78m██[38;2;191;169;112m██[38;2;221;213;163m██[38;2;226;204;179m██[38;2;221;187;155m██[38;2;221;185;126m██[38;2;214;187;149m██[38;2;226;216;193m██[38;2;226;216;191m██[38;2;226;214;191m██[38;2;226;215;191m██[38;2;226;214;191m██[38;2;226;212;189m██[38;2;220;200;174m██[38;2;210;158;133m██[38;2;214;162;140m██[38;2;174;129;80m  [38;2;179;157;108m  [38;2;150;118;72m██[38;2;169;148;103m██[38;2;159;131;85m  [38;2;0;0;0m        
[38;2;0;0;0m        [38;2;82;76;76m  [38;2;216;209;163m  [38;2;176;149;94m██[38;2;211;199;150m██[38;2;198;170;130m██[38;2;228;209;184m██[38;2;228;213;187m██[38;2;227;216;191m██[38;2;227;216;192m██[38;2;227;216;191m██[38;2;228;215;192m██[38;2;220;183;157m██[38;2;224;212;190m██[38;2;226;214;191m██[38;2;225;210;187m██[38;2;218;170;147m██[38;2;218;168;144m  [38;2;30;23;16m  [38;2;170;143;95m  [38;2;186;162;109m██[38;2;176;156;111m██[38;2;156;187;206m  [38;2;116;120;120m  [38;2;0;0;0m      
[38;2;0;0;0m          [38;2;196;180;135m  [38;2;210;199;151m██[38;2;168;140;92m██[38;2;173;142;86m  [38;2;219;201;171m██[38;2;227;214;190m██[38;2;227;216;192m██[38;2;228;217;191m██[38;2;227;215;189m██[38;2;227;212;185m██[38;2;219;181;155m██[38;2;219;182;156m██[38;2;225;213;191m██[38;2;222;200;178m██[38;2;215;172;151m██[38;2;138;84;77m  [38;2;33;33;19m  [38;2;99;57;20m  [38;2;199;185;135m██[38;2;186;171;141m██[38;2;154;182;200m██[38;2;158;189;208m  [38;2;104;104;104m  [38;2;0;0;0m    
[38;2;0;0;0m          [38;2;99;99;49m  [38;2;212;203;157m  [38;2;214;208;166m██[38;2;170;137;83m  [38;2;204;167;136m  [38;2;225;214;191m██[38;2;226;216;193m████[38;2;226;216;192m██[38;2;226;216;193m██[38;2;220;193;167m██[38;2;224;214;193m██[38;2;223;212;193m██[38;2;214;178;156m██[38;2;217;171;151m  [38;2;34;20;10m  [38;2;0;0;0m    [38;2;217;212;171m██[38;2;191;175;136m██[38;2;155;182;199m██[38;2;154;186;204m██[38;2;160;195;213m  [38;2;76;76;76m  [38;2;0;0;0m  
[38;2;0;0;0m            [38;2;205;195;155m  [38;2;179;159;106m██[38;2;183;165;118m  [38;2;23;19;11m  [38;2;215;192;169m  [38;2;224;215;192m██[38;2;226;216;193m██[38;2;225;216;193m██[38;2;227;210;181m██[38;2;222;205;177m██[38;2;224;213;193m██[38;2;214;180;157m██[38;2;215;179;160m  [38;2;149;99;49m  [38;2;0;0;0m    [38;2;255;255;255m  [38;2;217;212;169m  [38;2;183;165;117m██[38;2;162;139;105m  [38;2;167;201;218m  [38;2;155;187;205m  [38;2;158;191;209m  [38;2;78;79;79m  
[38;2;0;0;0m            [38;2;228;225;186m  [38;2;201;189;132m██[38;2;223;222;186m  [38;2;110;110;108m  [38;2;179;154;99m  [38;2;188;135;106m  [38;2;224;213;191m██[38;2;225;215;193m██[38;2;225;216;194m██[38;2;224;214;194m██[38;2;217;188;166m██[38;2;201;149;128m  [38;2;162;127;83m  [38;2;1;1;0m  [38;2;0;0;0m    [38;2;168;168;84m  [38;2;218;215;172m  [38;2;180;161;102m██[38;2;218;217;183m  [38;2;49;27;27m  [38;2;83;166;166m  [38;2;119;158;178m  [38;2;162;198;214m  
[38;2;0;0;0m          [38;2;147;147;73m  [38;2;221;219;180m  [38;2;202;192;140m██[38;2;226;226;195m  [38;2;110;110;54m  [38;2;7;3;2m  [38;2;157;150;154m  [38;2;215;176;152m  [38;2;210;176;152m██[38;2;223;212;191m██[38;2;222;211;191m██[38;2;207;163;143m██[38;2;122;105;103m  [38;2;0;0;0m          [38;2;234;231;195m  [38;2;173;153;89m██[38;2;219;219;185m██[38;2;127;105;72m  [38;2;0;0;0m    [38;2;13;20;20m  
[38;2;0;0;0m          [38;2;165;165;110m  [38;2;221;218;176m  [38;2;225;224;187m██[38;2;223;220;186m  [38;2;172;171;178m  [38;2;197;196;198m  [38;2;155;131;141m██[38;2;214;174;154m████[38;2;213;176;156m██[38;2;214;178;159m██[38;2;202;167;154m██[38;2;108;127;171m  [38;2;161;164;164m  [38;2;0;0;0m        [38;2;227;221;174m  [38;2;172;150;89m  [38;2;220;220;183m██[38;2;197;186;139m  [38;2;104;104;56m  [38;2;0;0;0m    
[38;2;0;0;0m          [38;2;247;221;221m  [38;2;218;214;169m  [38;2;221;219;178m██[38;2;212;206;164m██[38;2;189;179;151m██[38;2;198;197;198m██[38;2;161;148;166m██[38;2;196;164;155m██[38;2;124;133;166m██[38;2;138;149;176m██[38;2;170;171;187m██[38;2;192;190;195m██[38;2;192;191;197m██[38;2;138;131;157m  [38;2;83;83;83m  [38;2;0;0;0m    [38;2;187;187;133m  [38;2;217;213;173m  [38;2;161;137;79m  [38;2;220;219;180m██[38;2;218;216;179m  [38;2;118;118;19m  [38;2;0;0;0m    
[38;2;0;0;0m          [38;2;131;104;86m  [38;2;210;200;147m  [38;2;222;218;175m██[38;2;177;154;99m██[38;2;177;172;148m██[38;2;143;152;158m██[38;2;180;188;196m██[38;2;144;162;183m██[38;2;178;182;192m██[38;2;195;195;199m██[38;2;195;194;199m██[38;2;128;117;151m██[38;2;108;132;170m██[38;2;178;183;191m██[38;2;157;150;183m  [38;2;82;82;85m  [38;2;152;152;85m  [38;2;207;199;157m  [38;2;41;34;19m  [38;2;99;127;121m  [38;2;219;217;175m██[38;2;218;216;175m██[38;2;147;123;71m  [38;2;0;0;0m    
[38;2;103;105;108m  [38;2;0;0;0m      [38;2;103;72;61m  [38;2;217;203;179m  [38;2;189;170;102m██[38;2;228;225;186m██[38;2;176;159;117m██[38;2;199;197;191m██[38;2;205;208;207m██[38;2;203;207;207m██[38;2;126;158;187m██[38;2;131;159;187m██[38;2;120;151;184m██[38;2;114;146;182m██[38;2;182;184;193m██[38;2;192;190;196m██[38;2;171;172;185m██[38;2;109;90;110m██[38;2;197;140;116m  [38;2;87;85;85m  [38;2;0;0;0m    [38;2;158;156;72m  [38;2;218;215;174m  [38;2;220;217;176m██[38;2;192;177;124m  [38;2;85;67;42m  [38;2;0;0;0m  
[38;2;130;131;160m  [38;2;67;82;88m  [38;2;151;100;100m  [38;2;169;164;151m  [38;2;223;211;188m  [38;2;210;196;169m██[38;2;182;161;94m██[38;2;228;225;186m██[38;2;156;154;127m██[38;2;129;165;190m██[38;2;203;207;206m██[38;2;147;169;185m██[38;2;210;213;212m██[38;2;205;207;209m██[38;2;146;168;188m██[38;2;196;197;200m██[38;2;194;193;198m██[38;2;118;116;149m██[38;2;173;130;114m██[38;2;213;174;147m██[38;2;223;208;182m██[38;2;226;207;180m  [38;2;103;68;58m  [38;2;0;0;0m  [38;2;109;109;13m  [38;2;225;219;173m  [38;2;220;216;175m██[38;2;215;209;168m  [38;2;67;67;33m  [38;2;0;0;0m  
[38;2;210;214;212m  [38;2;146;144;163m  [38;2;195;171;144m  [38;2;221;213;193m  [38;2;224;214;192m██[38;2;211;199;175m██[38;2;162;133;74m██[38;2;223;218;174m██[38;2;200;195;178m██[38;2;134;166;187m██[38;2;182;194;198m██[38;2;197;203;204m██[38;2;131;164;188m██[38;2;126;161;188m██[38;2;201;203;204m██[38;2;189;191;196m██[38;2;92;88;128m██[38;2;208;158;130m██[38;2;216;187;160m██[38;2;225;211;188m██[38;2;226;211;184m██[38;2;227;207;179m██[38;2;226;205;178m██[38;2;192;137;113m  [38;2;0;0;0m  [38;2;184;167;116m  [38;2;227;223;187m██[38;2;215;208;161m  [38;2;60;44;28m  [38;2;0;0;0m  [0m
