
[38;2;0;0;0m    [38;2;2;0;0m  [38;2;19;3;3m  [38;2;10;1;1m  [38;2;91;16;16m  [38;2;184;31;31m  [38;2;120;23;22m  [38;2;103;19;18m  [38;2;105;20;19m  [38;2;134;23;22m  [38;2;205;36;36m  [38;2;8;1;1m  [38;2;11;1;1m  [38;2;21;3;3m  [38;2;47;9;9m  [38;2;26;1;1m  [38;2;53;25;25m  [38;2;114;104;105m██[38;2;60;14;15m  [38;2;1;0;0m  [38;2;0;0;0m    [38;2;108;100;24m  [38;2;255;235;57m  [38;2;251;233;57m  [38;2;101;86;22m  [38;2;57;11;11m  [38;2;0;0;0m        
[38;2;15;2;2m  [38;2;46;8;8m  [38;2;31;5;5m  [38;2;61;12;9m  [38;2;40;9;3m  [38;2;40;8;6m██[38;2;57;9;18m██[38;2;66;9;24m██[38;2;69;9;25m████[38;2;65;9;23m██[38;2;56;9;17m██[38;2;40;8;6m  [38;2;41;9;3m  [38;2;65;13;9m  [38;2;117;23;22m  [38;2;41;25;25m  [38;2;143;142;143m██[38;2;65;55;58m██[38;2;80;13;22m██[38;2;48;9;7m  [38;2;0;0;0m  [38;2;131;121;29m  [38;2;254;234;57m  [38;2;255;235;58m██[38;2;243;227;57m██[38;2;127;120;88m██[38;2;21;7;4m  [38;2;155;142;33m  [38;2;155;143;35m  [38;2;101;93;22m  [38;2;0;0;0m  
[38;2;44;8;8m██[38;2;38;9;4m██[38;2;36;9;3m██[38;2;90;10;40m██[38;2;118;11;57m██[38;2;133;13;65m██[38;2;134;13;66m████[38;2;133;13;66m████████[38;2;132;13;66m██[38;2;120;12;58m██[38;2;96;10;43m██[38;2;52;9;13m██[38;2;25;7;0m██[38;2;6;1;1m██[38;2;20;20;29m██[38;2;135;26;53m██[38;2;35;8;5m  [38;2;103;95;23m  [38;2;254;234;57m  [38;2;255;235;58m████[38;2;250;232;61m██[38;2;225;210;112m██[38;2;247;226;48m██[38;2;255;236;58m██[38;2;255;235;58m  [38;2;164;152;36m  [38;2;0;0;0m  
[38;2;72;20;33m██[38;2;110;11;52m██[38;2;131;13;65m██[38;2;132;13;65m██[38;2;131;13;65m████[38;2;129;13;64m██[38;2;161;17;79m██[38;2;155;16;76m██[38;2;128;12;63m██[38;2;131;13;65m████████[38;2;132;13;65m██[38;2;132;13;66m██[38;2;122;13;60m██[38;2;122;80;93m██[38;2;91;90;90m██[38;2;56;29;35m██[38;2;39;2;5m██[38;2;103;95;24m  [38;2;255;235;56m  [38;2;255;235;58m████[38;2;255;235;57m██[38;2;255;236;54m██[38;2;255;235;58m████[38;2;255;235;57m  [38;2;0;0;0m    
[38;2;129;10;61m██[38;2;131;12;65m██[38;2;131;13;65m████████[38;2;129;13;64m██[38;2;170;18;84m██[38;2;188;20;92m██[38;2;157;16;78m██[38;2;128;12;63m██[38;2;131;13;65m██████████[38;2;131;12;64m██[38;2;133;19;63m██[38;2;164;104;124m██[38;2;198;197;197m██[38;2;12;5;5m██[38;2;34;16;8m  [38;2;222;206;76m  [38;2;255;235;56m██[38;2;255;235;58m████████[38;2;255;235;57m  [38;2;63;58;14m  [38;2;0;0;0m    
[38;2;129;5;61m██[38;2;131;13;65m██████████[38;2;111;11;53m██[38;2;149;16;72m██[38;2;188;21;93m██[38;2;188;20;93m██[38;2;161;17;80m██[38;2;134;13;66m██[38;2;130;12;64m██[38;2;130;13;64m██[38;2;131;13;64m██[38;2;131;13;65m██[38;2;130;12;64m██[38;2;136;27;70m██[38;2;141;45;50m██[38;2;174;99;121m██[38;2;239;237;237m██[38;2;34;34;34m██[38;2;114;110;98m██[38;2;240;223;49m██[38;2;255;235;58m████████[38;2;255;235;57m  [38;2;78;72;17m  [38;2;39;36;8m  [38;2;0;0;0m  
[38;2;131;13;65m████████████[38;2;94;10;42m██[38;2;124;14;57m██[38;2;189;21;93m██[38;2;188;21;93m████[38;2;178;19;87m██[38;2;150;4;72m██[38;2;128;11;63m██[38;2;131;13;64m██[38;2;113;11;54m██[38;2;124;9;57m██[38;2;167;103;125m██[38;2;236;225;228m██[38;2;136;35;65m██[38;2;171;84;124m██[38;2;198;198;198m██[38;2;24;24;24m██[38;2;108;100;32m██[38;2;248;231;57m██[38;2;255;235;58m████████[38;2;255;235;57m  [38;2;223;205;50m  [38;2;163;150;36m  
[38;2;131;13;65m████[38;2;131;13;64m██[38;2;131;13;65m██████[38;2;95;10;43m██[38;2;106;13;46m██[38;2;189;14;92m██[38;2;187;10;84m██[38;2;187;18;92m██[38;2;187;4;90m██[38;2;197;77;119m██[38;2;176;8;85m██[38;2;138;13;68m██[38;2;51;8;14m██[38;2;25;5;12m██[38;2;109;0;32m██[38;2;170;120;136m██[38;2;129;5;60m██[38;2;132;0;63m██[38;2;86;83;84m██[38;2;222;221;221m██[38;2;22;4;15m██[38;2;196;161;53m██[38;2;255;236;58m██[38;2;255;235;58m██████[38;2;255;234;58m██[38;2;255;235;57m  [38;2;254;234;57m  
[38;2;131;13;65m████[38;2;127;7;53m██[38;2;129;10;60m██[38;2;131;13;65m██[38;2;132;13;65m██[38;2;99;10;46m██[38;2;75;8;31m██[38;2;196;64;117m██[38;2;236;203;215m██[38;2;194;41;105m██[38;2;186;5;81m██[38;2;239;217;223m██[38;2;201;87;130m██[38;2;187;10;90m██[38;2;90;4;32m██[38;2;170;130;117m██[38;2;82;41;39m██[38;2;68;0;26m██[38;2;120;8;57m██[38;2;133;13;66m██[38;2;85;21;46m██[38;2;205;198;200m██[38;2;142;141;140m██[38;2;93;41;34m██[38;2;230;215;52m██[38;2;255;235;58m████[38;2;255;234;58m██[38;2;255;235;57m  [38;2;215;198;48m  [38;2;139;128;30m  
[38;2;124;12;60m██[38;2;125;5;49m██[38;2;195;160;170m██[38;2;154;69;99m██[38;2;130;12;64m██[38;2;124;10;60m██[38;2;54;2;13m██[38;2;52;8;25m██[38;2;190;22;99m██[38;2;245;243;244m██[38;2;201;89;133m██[38;2;187;18;91m██[38;2;192;27;99m██[38;2;192;17;97m██[38;2;96;11;39m██[38;2;139;7;64m██[38;2;95;66;53m██[38;2;234;185;166m██[38;2;73;49;43m██[38;2;52;1;19m██[38;2;113;5;50m██[38;2;75;8;34m██[38;2;96;23;23m██[38;2;226;222;223m██[38;2;52;44;47m██[38;2;62;57;14m  [38;2;255;235;58m    [38;2;255;235;57m  [38;2;56;51;12m  [38;2;23;21;5m  [38;2;0;0;0m  
[38;2;86;10;38m██[38;2;118;3;32m██[38;2;223;207;212m██[38;2;176;110;117m██[38;2;122;9;57m██[38;2;68;0;21m██[38;2;105;71;63m██[38;2;53;13;26m██[38;2;174;8;83m██[38;2;86;10;36m██[38;2;178;29;96m██[38;2;188;21;93m██[38;2;188;19;92m██[38;2;188;20;92m██[38;2;159;18;77m██[38;2;57;11;27m██[38;2;40;31;28m██[38;2;177;155;145m██[38;2;177;144;132m██[38;2;61;34;30m██[38;2;48;5;9m██[38;2;45;7;7m██[38;2;93;4;34m██[38;2;175;121;130m██[38;2;105;103;103m██[38;2;39;29;12m  [38;2;187;178;56m  [38;2;181;167;40m  [38;2;0;0;0m        
[38;2;82;9;34m██[38;2;107;6;46m██[38;2;143;44;83m██[38;2;135;31;70m██[38;2;96;0;38m██[38;2;61;26;28m██[38;2;223;179;160m██[38;2;135;98;91m██[38;2;46;7;21m██[38;2;120;12;58m██[38;2;188;18;93m██[38;2;188;21;93m██████[38;2;190;21;93m██[38;2;185;20;91m██[38;2;76;14;34m██[38;2;107;94;88m██[38;2;20;0;0m██[38;2;38;14;13m██[38;2;40;4;4m██[38;2;49;7;11m██[38;2;102;11;46m██[38;2;136;19;61m██[38;2;212;186;197m██[38;2;6;0;0m  [38;2;16;0;0m  [38;2;0;0;0m          
[38;2;94;11;42m██[38;2;71;3;24m██[38;2;129;12;63m██[38;2;113;6;51m██[38;2;81;1;29m██[38;2;94;73;66m██[38;2;245;197;177m██[38;2;179;136;122m██[38;2;28;16;15m██[38;2;136;15;65m██[38;2;188;21;93m██[38;2;188;20;93m██[38;2;188;21;93m██[38;2;180;19;88m██[38;2;158;17;77m██[38;2;182;20;88m██[38;2;127;14;61m██[38;2;9;9;9m██[38;2;141;135;135m██[38;2;171;166;166m██[38;2;21;21;21m██[38;2;36;3;0m██[38;2;97;11;43m██[38;2;128;9;48m██[38;2;199;157;160m██[38;2;137;133;133m██[38;2;9;0;0m  [38;2;0;0;0m          
[38;2;118;12;56m██[38;2;56;7;15m██[38;2;93;2;37m██[38;2;85;5;33m██[38;2;50;2;9m██[38;2;87;60;54m██[38;2;118;85;80m██[38;2;99;79;73m██[38;2;185;144;130m██[38;2;71;46;46m██[38;2;124;14;59m██[38;2;190;21;94m██[38;2;188;21;93m██[38;2;170;19;82m██[38;2;31;30;26m██[38;2;106;71;67m██[38;2;55;19;31m██[38;2;166;164;164m██[38;2;255;255;255m████[38;2;241;240;240m██[38;2;75;67;67m██[38;2;40;6;8m██[38;2;127;9;60m██[38;2;148;58;91m██[38;2;208;206;205m██[38;2;53;9;9m  [38;2;0;0;0m          
[38;2;130;12;64m██[38;2;80;10;33m██[38;2;55;6;14m██[38;2;75;3;26m██[38;2;6;0;1m██[38;2;168;144;135m██[38;2;24;17;17m██[38;2;22;13;12m██[38;2;26;15;13m██[38;2;20;12;11m██[38;2;31;10;8m██[38;2;104;9;45m██[38;2;188;21;92m██[38;2;192;21;95m██[38;2;64;56;53m██[38;2;204;181;171m██[38;2;49;49;49m██[38;2;245;244;244m██[38;2;255;255;255m██████[38;2;212;211;211m██[38;2;26;23;23m██[38;2;104;11;49m██[38;2;123;3;24m██[38;2;224;216;218m██[38;2;67;62;62m  [38;2;220;33;33m  [38;2;0;0;0m        
[38;2;131;13;65m██[38;2;87;8;35m██[38;2;55;40;36m██[38;2;54;7;15m██[38;2;71;45;43m██[38;2;82;74;71m██[38;2;168;165;165m██[38;2;255;255;255m██[38;2;246;246;246m██[38;2;155;152;152m██[38;2;41;25;25m██[38;2;72;49;42m██[38;2;75;28;45m██[38;2;138;14;67m██[38;2;98;22;47m██[38;2;147;129;121m██[38;2;77;75;75m██[38;2;255;255;255m████████[38;2;251;251;251m██[38;2;47;38;38m██[38;2;68;8;26m██[38;2;127;3;55m██[38;2;167;129;133m██[38;2;96;96;96m██[38;2;94;14;14m  [38;2;40;5;5m  [38;2;0;0;0m      
[38;2;131;13;65m██[38;2;86;4;28m██[38;2;174;135;120m██[38;2;167;141;130m██[38;2;18;7;7m██[38;2;133;128;128m██[38;2;251;251;251m██[38;2;255;255;255m████[38;2;251;251;251m██[38;2;158;156;156m██[38;2;50;43;41m██[38;2;198;177;167m██[38;2;149;129;122m██[38;2;134;104;101m██[38;2;139;120;113m██[38;2;107;93;94m██[38;2;255;255;255m██████████[38;2;108;92;92m██[38;2;46;2;14m██[38;2;104;2;45m██[38;2;99;36;36m██[38;2;160;157;157m██[38;2;25;0;0m  [38;2;58;5;5m  [38;2;3;0;0m  [38;2;0;0;0m    
[38;2;131;13;65m██[38;2;106;5;48m██[38;2;100;72;63m██[38;2;235;205;192m██[38;2;6;6;5m██[38;2;226;225;225m██[38;2;255;255;255m████████[38;2;251;250;250m██[38;2;16;14;14m██[38;2;201;178;169m██[38;2;251;226;214m██[38;2;253;228;216m██[38;2;214;191;181m██[38;2;53;53;53m██[38;2;250;250;250m██[38;2;255;255;255m██████[38;2;254;254;254m██[38;2;95;83;83m██[38;2;45;1;7m██[38;2;88;1;34m██[38;2;97;21;25m██[38;2;195;184;185m██[38;2;6;5;5m██[38;2;139;116;112m██[38;2;36;3;4m  [38;2;155;27;27m  [38;2;0;0;0m  
[38;2;126;10;61m██[38;2;123;12;60m██[38;2;22;19;17m██[38;2;209;183;172m██[38;2;5;5;4m██[38;2;247;247;247m██[38;2;255;255;255m██████████[38;2;129;122;122m██[38;2;142;125;118m██[38;2;249;224;212m████[38;2;249;224;211m██[38;2;80;72;69m██[38;2;194;194;194m██[38;2;255;255;255m██████[38;2;240;239;239m██[38;2;34;33;33m██[38;2;66;28;31m██[38;2;87;0;32m██[38;2;90;0;29m██[38;2;176;142;145m██[38;2;33;27;28m██[38;2;221;178;162m██[38;2;22;17;16m██[38;2;90;14;14m  [38;2;0;0;0m  
[38;2;94;0;36m██[38;2;101;1;41m██[38;2;16;14;13m██[38;2;188;165;157m██[38;2;6;5;5m██[38;2;242;241;241m██[38;2;255;255;255m██████████[38;2;152;149;149m██[38;2;119;108;102m██[38;2;249;224;212m██[38;2;249;224;211m██[38;2;250;225;213m██[38;2;197;168;159m██[38;2;34;12;12m██[38;2;234;234;234m██[38;2;255;255;255m████[38;2;139;138;138m██[38;2;125;110;104m██[38;2;104;73;70m██[38;2;86;0;28m██[38;2;92;0;31m██[38;2;146;104;106m██[38;2;147;143;143m██[38;2;126;91;80m██[38;2;38;8;7m  [38;2;9;1;1m  [38;2;0;0;0m  
[38;2;94;0;36m████[38;2;65;3;18m██[38;2;143;123;115m██[38;2;35;27;26m██[38;2;183;177;177m██[38;2;255;255;255m████████[38;2;254;254;254m██[38;2;78;72;72m██[38;2;177;153;145m██[38;2;249;224;212m██[38;2;248;224;211m████[38;2;248;224;212m██[38;2;166;141;132m██[38;2;64;56;54m██[38;2;109;102;102m██[38;2;102;94;93m██[38;2;92;67;64m██[38;2;234;188;179m██[38;2;32;0;6m██[38;2;89;0;33m██[38;2;93;0;36m██[38;2;94;17;37m██[38;2;197;193;194m██[38;2;21;1;1m  [38;2;139;23;23m  [38;2;0;0;0m    
[38;2;94;0;36m████[38;2;83;0;32m██[38;2;93;79;74m██[38;2;187;164;155m██[38;2;69;63;63m██[38;2;240;239;239m██[38;2;255;255;255m██████[38;2;204;201;201m██[38;2;6;5;5m██[38;2;231;207;195m██[38;2;249;224;212m██[38;2;250;225;213m██[38;2;253;228;215m██[38;2;253;228;216m██[38;2;251;226;214m██[38;2;232;208;196m██[38;2;197;176;167m██[38;2;202;173;163m██[38;2;243;165;158m██[38;2;213;144;139m██[38;2;138;52;58m██[38;2;105;15;42m██[38;2;94;0;36m██[38;2;87;0;15m██[38;2;181;166;169m██[38;2;63;51;51m  [38;2;2;0;0m  [38;2;0;0;0m    
[38;2;94;0;36m████[38;2;93;0;36m██[38;2;34;1;11m██[38;2;223;199;188m██[38;2;122;109;103m██[38;2;73;64;64m██[38;2;200;199;199m██[38;2;219;219;219m██[38;2;196;194;194m██[38;2;62;59;58m██[38;2;185;164;155m██[38;2;238;214;202m██[38;2;216;194;183m██[38;2;192;173;164m██[38;2;137;118;111m██[38;2;29;29;29m██[38;2;168;151;144m██[38;2;249;224;212m██[38;2;248;225;212m██[38;2;253;183;175m██[38;2;255;151;149m██[38;2;140;68;68m██[38;2;150;59;64m██[38;2;130;38;55m██[38;2;83;0;33m██[38;2;93;0;35m██[38;2;86;6;6m██[38;2;104;102;102m██[38;2;10;0;0m  [38;2;0;0;0m    
[38;2;94;0;36m████[38;2;94;0;37m██[38;2;65;1;24m██[38;2;60;51;48m██[38;2;228;208;196m██[38;2;151;122;116m██[38;2;100;66;63m██[38;2;80;52;49m██[38;2;100;90;85m██[38;2;181;162;153m██[38;2;251;228;215m██[38;2;157;142;137m██[38;2;142;115;115m██[38;2;200;153;154m██[38;2;234;144;147m██[38;2;217;165;166m██[38;2;180;143;136m██[38;2;250;225;213m██[38;2;248;223;211m██[38;2;254;171;164m██[38;2;246;155;151m██[38;2;207;91;94m██[38;2;70;25;27m██[38;2;201;85;90m██[38;2;15;0;5m██[38;2;93;0;36m██[38;2;89;3;19m██[38;2;120;101;105m██[38;2;47;8;8m  [38;2;0;0;0m    
[38;2;94;0;36m████[38;2;94;0;37m████[38;2;37;0;1m██[38;2;171;85;87m██[38;2;254;175;168m██[38;2;251;169;163m██[38;2;249;171;165m██[38;2;250;197;188m██[38;2;249;225;213m██[38;2;249;224;212m██[38;2;163;124;123m██[38;2;252;106;112m██[38;2;252;109;113m██[38;2;252;111;115m██[38;2;231;96;100m██[38;2;185;134;130m██[38;2;251;226;214m██[38;2;249;225;213m██[38;2;254;177;170m██[38;2;254;171;164m██[38;2;252;111;116m██[38;2;222;149;143m██[38;2;206;100;102m██[38;2;31;0;5m██[38;2;94;0;37m██[38;2;93;0;35m██[38;2;122;68;71m██[38;2;41;13;13m██[38;2;46;4;4m  [38;2;0;0;0m  
[38;2;94;0;37m██[38;2;94;0;36m████[38;2;93;0;36m██[38;2;81;0;30m██[38;2;196;81;87m██[38;2;150;95;92m██[38;2;231;129;127m██[38;2;254;162;157m██[38;2;254;175;167m██[38;2;250;214;203m██[38;2;249;225;213m██[38;2;155;88;87m██[38;2;252;111;115m██[38;2;251;112;116m████[38;2;239;104;108m██[38;2;176;127;122m██[38;2;252;227;215m██[38;2;249;224;212m██[38;2;250;215;204m██[38;2;254;178;171m██[38;2;253;146;144m██[38;2;207;138;133m██[38;2;47;24;25m██[38;2;88;1;33m██[38;2;94;0;36m██[38;2;93;0;36m██[38;2;72;3;16m██[38;2;78;33;40m██[38;2;70;10;9m  [38;2;27;4;4m  
[38;2;94;0;36m████████[38;2;85;0;32m██[38;2;197;80;89m██[38;2;47;17;18m██[38;2;105;47;48m██[38;2;199;111;109m██[38;2;254;175;168m██[38;2;251;206;195m██[38;2;250;226;213m██[38;2;167;101;100m██[38;2;251;108;113m██[38;2;252;108;113m██[38;2;251;109;114m██[38;2;246;107;112m██[38;2;158;109;105m██[38;2;254;228;216m██[38;2;248;224;211m██[38;2;249;224;212m██[38;2;251;217;206m██[38;2;229;173;165m██[38;2;48;26;26m██[38;2;73;2;25m██[38;2;94;0;37m██[38;2;94;0;36m██[38;2;94;0;37m██[38;2;52;10;9m  [38;2;67;10;10m  [38;2;88;16;16m  [38;2;29;5;5m  
[38;2;94;0;36m████[38;2;94;0;37m████[38;2;82;1;30m██[38;2;168;67;77m██[38;2;107;20;41m██[38;2;66;28;30m██[38;2;224;115;115m██[38;2;254;176;169m██[38;2;251;205;195m██[38;2;250;225;213m██[38;2;177;125;120m██[38;2;251;156;151m██[38;2;254;160;156m██[38;2;253;150;147m██[38;2;251;122;125m██[38;2;113;71;69m██[38;2;254;229;217m██[38;2;249;224;212m██[38;2;248;223;211m██[38;2;203;183;174m██[38;2;35;22;24m██[38;2;57;4;15m██[38;2;81;2;29m██[38;2;94;0;36m████[38;2;94;0;37m██[38;2;62;10;14m  [38;2;6;1;0m  [38;2;0;0;0m    
[38;2;94;0;36m████[38;2;93;0;36m██[38;2;95;0;37m██[38;2;35;2;3m██[38;2;160;86;86m██[38;2;179;89;90m██[38;2;171;110;106m██[38;2;249;139;138m██[38;2;254;176;169m██[38;2;250;215;204m██[38;2;250;225;213m██[38;2;182;142;135m██[38;2;249;172;165m██[38;2;255;174;167m██████[38;2;123;71;70m██[38;2;248;224;212m██[38;2;226;202;192m██[38;2;106;95;90m██[38;2;64;28;35m██[38;2;81;1;30m██[38;2;81;2;29m██[38;2;68;5;22m██[38;2;94;0;37m██[38;2;94;0;36m██[38;2;95;0;37m██[38;2;56;7;15m  [38;2;4;0;0m  [38;2;0;0;0m    
[38;2;94;0;36m██████[38;2;95;0;37m██[38;2;53;0;1m██[38;2;195;135;129m██[38;2;254;177;170m██[38;2;254;176;169m██[38;2;254;172;165m██[38;2;251;206;195m██[38;2;249;225;212m██[38;2;250;225;212m██[38;2;184;144;137m██[38;2;245;170;163m██[38;2;255;175;168m██[38;2;255;177;170m██[38;2;251;175;168m██[38;2;158;100;97m██[38;2;123;106;101m██[38;2;3;2;2m██[38;2;74;0;24m██[38;2;94;0;37m████[38;2;86;1;32m██[38;2;58;7;17m██[38;2;95;0;37m██[38;2;94;0;36m██[38;2;94;0;37m██[38;2;57;6;16m██[38;2;231;33;33m  [38;2;0;0;0m    
[38;2;94;0;36m████████[38;2;83;2;31m██[38;2;19;2;4m██[38;2;90;44;44m██[38;2;123;85;82m██[38;2;147;124;118m██[38;2;172;146;138m██[38;2;197;175;165m██[38;2;201;179;169m██[38;2;144;107;102m██[38;2;149;104;100m██[38;2;137;92;89m██[38;2;98;64;62m██[38;2;22;9;9m██[38;2;28;15;14m██[38;2;50;0;11m██[38;2;89;0;33m██[38;2;94;0;37m██[38;2;94;0;36m████[38;2;89;1;34m██[38;2;47;8;10m██[38;2;93;0;36m██[38;2;94;0;36m██[38;2;94;0;37m██[38;2;57;7;16m██[38;2;172;29;29m  [38;2;0;0;0m    
[38;2;94;0;37m██[38;2;94;0;36m██████[38;2;95;0;37m██[38;2;54;7;14m██[38;2;58;2;13m██[38;2;0;0;0m██[38;2;42;29;28m██[38;2;12;2;2m██[38;2;45;18;17m██[38;2;46;20;19m██[38;2;45;14;15m██[38;2;29;0;1m██[38;2;27;5;8m██[38;2;7;3;5m██[38;2;194;175;165m██[38;2;184;166;157m██[38;2;21;0;7m██[38;2;91;0;35m██[38;2;94;0;36m██████[38;2;92;0;36m██[38;2;50;7;11m██[38;2;83;2;31m██[38;2;94;0;36m██[38;2;95;0;37m██[38;2;54;7;14m██[38;2;38;6;6m  [38;2;0;0;0m    [0m
