
[38;2;0;0;0m                    [38;2;39;3;0m  [38;2;182;94;3m  [38;2;190;100;5m██[38;2;189;99;5m██[38;2;94;38;1m  [38;2;5;0;0m  [38;2;0;0;0m                        [38;2;31;145;135m  [38;2;52;216;80m  [38;2;50;175;116m  [38;2;0;0;0m    
[38;2;9;2;2m  [38;2;0;0;0m                  [38;2;140;67;2m  [38;2;190;100;5m██[38;2;189;99;4m██[38;2;93;59;0m██[38;2;253;204;0m██[38;2;45;7;0m  [38;2;0;0;0m                                  
[38;2;18;6;11m  [38;2;1;0;0m  [38;2;0;0;0m                [38;2;115;51;2m  [38;2;184;95;3m██[38;2;181;93;3m██[38;2;238;198;0m██[38;2;253;204;0m██[38;2;48;11;0m  [38;2;0;0;0m                                [38;2;245;101;176m  
[38;2;6;1;3m  [38;2;0;0;0m              [38;2;25;3;0m  [38;2;88;35;0m  [38;2;168;85;2m  [38;2;183;95;4m██[38;2;187;96;4m██[38;2;176;91;3m██[38;2;113;56;1m  [38;2;33;3;0m  [38;2;0;0;0m                                [38;2;247;98;175m  
[38;2;0;0;0m            [38;2;15;0;0m  [38;2;83;31;0m  [38;2;190;100;4m██[38;2;190;100;5m██[38;2;191;101;6m██[38;2;191;100;6m██████[38;2;190;100;5m██[38;2;189;99;4m██[38;2;47;8;1m  [38;2;0;0;0m                                
[38;2;0;0;0m    [38;2;1;0;0m  [38;2;33;0;0m  [38;2;1;0;0m  [38;2;12;0;0m  [38;2;150;73;2m  [38;2;190;100;5m██[38;2;190;101;6m██[38;2;191;101;6m████[38;2;190;101;6m██[38;2;191;101;6m██[38;2;190;101;6m████[38;2;191;101;6m██[38;2;189;99;5m██[38;2;41;4;0m  [38;2;0;0;0m                              
[38;2;0;0;0m  [38;2;22;1;0m  [38;2;167;84;2m  [38;2;190;100;5m██[38;2;177;90;3m  [38;2;118;53;1m  [38;2;189;99;5m██[38;2;191;101;6m████████████████████[38;2;146;70;2m  [38;2;12;0;0m  [38;2;22;1;0m  [38;2;11;0;0m  [38;2;13;0;0m  [38;2;0;0;0m    [38;2;56;14;0m  [38;2;70;23;0m  [38;2;20;0;0m  [38;2;0;0;0m            
[38;2;0;0;0m  [38;2;91;36;1m  [38;2;190;100;5m██[38;2;191;100;5m██[38;2;127;60;2m██[38;2;190;100;5m██[38;2;191;100;6m██[38;2;191;101;6m██[38;2;191;101;5m██[38;2;191;100;6m██[38;2;191;101;6m██[38;2;191;101;5m██[38;2;191;100;6m██[38;2;191;101;6m██[38;2;190;99;5m██[38;2;190;100;5m██[38;2;191;101;6m██[38;2;187;98;4m██[38;2;182;94;4m██[38;2;191;101;5m████[38;2;190;100;4m██[38;2;181;92;3m  [38;2;111;48;1m  [38;2;123;57;2m██[38;2;189;99;4m██[38;2;118;53;1m  [38;2;0;0;0m            
[38;2;0;0;0m  [38;2;132;62;2m  [38;2;122;89;0m██[38;2;197;160;0m██[38;2;83;32;1m██[38;2;190;100;5m██[38;2;191;100;6m██[38;2;191;101;6m████[38;2;191;100;6m██[38;2;191;101;6m████[38;2;191;100;6m██[38;2;189;99;5m██[38;2;86;34;2m██[38;2;185;96;3m██[38;2;191;101;6m██[38;2;189;99;5m██[38;2;174;89;4m██[38;2;191;101;6m████[38;2;191;100;6m██[38;2;191;101;6m██[38;2;190;99;5m██[38;2;189;98;4m██[38;2;155;76;3m██[38;2;89;35;1m  [38;2;0;0;0m            
[38;2;0;0;0m  [38;2;42;5;0m  [38;2;252;204;0m██[38;2;254;204;0m██[38;2;119;57;1m██[38;2;190;101;6m██[38;2;191;101;6m████[38;2;190;101;6m██[38;2;191;101;6m████[38;2;190;101;6m██[38;2;190;100;5m██[38;2;188;98;4m██[38;2;163;83;2m██[38;2;189;99;5m██[38;2;191;101;6m██[38;2;179;91;3m██[38;2;187;97;4m██[38;2;191;101;6m██[38;2;190;101;6m██[38;2;191;101;6m████[38;2;190;101;6m██[38;2;191;101;6m██[38;2;190;100;5m██[38;2;171;85;2m  [38;2;11;0;0m  [38;2;0;0;0m          
[38;2;0;0;0m    [38;2;22;1;0m  [38;2;47;15;0m  [38;2;141;67;2m  [38;2;191;101;6m████████████[38;2;196;120;52m██[38;2;226;218;215m██[38;2;239;223;209m██[38;2;188;97;4m██[38;2;190;101;6m██[38;2;189;99;5m██[38;2;86;36;2m██[38;2;190;100;5m██[38;2;191;101;6m████[38;2;190;101;6m██[38;2;191;101;6m████[38;2;190;101;6m██[38;2;191;101;6m██[38;2;189;99;4m██[38;2;55;13;0m  [38;2;0;0;0m          
[38;2;0;0;0m        [38;2;71;24;1m  [38;2;190;100;5m██[38;2;191;100;6m██[38;2;191;101;6m██[38;2;189;99;5m██[38;2;167;84;3m██[38;2;186;94;4m██[38;2;232;230;230m██[38;2;62;29;23m██[38;2;120;106;108m██[38;2;185;96;11m██[38;2;190;100;5m██[38;2;154;77;3m██[38;2;189;99;4m██[38;2;191;101;6m██[38;2;189;98;4m██[38;2;187;95;4m██[38;2;187;94;3m██[38;2;189;98;4m██[38;2;191;101;6m████████[38;2;90;35;1m  [38;2;0;0;0m          
[38;2;0;0;0m        [38;2;42;2;0m  [38;2;190;100;5m██[38;2;191;101;6m████[38;2;120;55;2m██[38;2;106;46;2m██[38;2;186;92;3m██[38;2;248;247;248m██[38;2;180;172;173m██[38;2;210;155;108m██[38;2;189;99;4m██[38;2;153;75;3m██[38;2;188;98;3m██[38;2;190;100;5m██[38;2;152;80;13m  [38;2;247;245;243m██[38;2;254;254;254m████[38;2;251;251;251m██[38;2;211;156;107m██[38;2;190;99;4m██[38;2;190;101;6m██[38;2;190;100;5m██[38;2;112;49;1m  [38;2;0;0;0m          
[38;2;0;0;0m          [38;2;105;46;2m  [38;2;190;100;5m██[38;2;191;101;6m██[38;2;189;99;5m██[38;2;190;100;5m██[38;2;191;101;6m██[38;2;186;92;2m██[38;2;187;96;2m██[38;2;190;100;4m██[38;2;122;57;2m██[38;2;184;96;3m██[38;2;190;100;5m██[38;2;174;89;3m██[38;2;105;121;168m██[38;2;114;136;188m██[38;2;74;67;92m██[38;2;82;61;66m██[38;2;158;147;150m██[38;2;224;221;223m██[38;2;203;147;101m██[38;2;190;101;5m██[38;2;190;100;5m██[38;2;102;43;1m  [38;2;0;0;0m          
[38;2;0;0;0m          [38;2;5;0;0m  [38;2;111;48;1m  [38;2;189;99;4m██[38;2;190;100;5m████[38;2;191;101;6m██[38;2;189;98;4m██[38;2;142;68;3m██[38;2;79;67;86m██[38;2;74;32;14m██[38;2;190;99;5m██[38;2;171;86;3m██[38;2;100;106;145m██[38;2;139;152;196m██[38;2;116;137;190m██[38;2;117;140;193m██[38;2;118;141;194m██[38;2;117;136;190m██[38;2;119;138;190m██[38;2;77;40;30m██[38;2;190;100;5m██[38;2;189;99;5m██[38;2;62;17;0m  [38;2;0;0;0m          
[38;2;0;0;0m            [38;2;32;2;0m  [38;2;155;77;2m██[38;2;73;27;2m██[38;2;72;24;2m██[38;2;73;51;57m██[38;2;116;130;178m██[38;2;122;139;191m██[38;2;126;142;194m██[38;2;125;141;193m██[38;2;109;111;150m██[38;2;125;140;190m██[38;2;127;142;194m██[38;2;137;150;196m██[38;2;128;143;194m██[38;2;126;142;194m██[38;2;128;142;194m██[38;2;147;155;201m██[38;2;125;140;191m██[38;2;166;84;3m██[38;2;191;100;5m██[38;2;186;97;3m  [38;2;32;1;0m  [38;2;0;0;0m          
[38;2;0;0;0m            [38;2;23;1;0m  [38;2;190;99;4m  [38;2;180;93;3m██[38;2;123;131;178m██[38;2;131;141;193m██[38;2;133;143;195m██[38;2;157;166;203m██[38;2;134;143;195m██[38;2;132;142;193m██[38;2;151;158;201m██[38;2;135;145;197m██[38;2;143;152;198m██[38;2;135;143;194m██[38;2;137;145;195m██[38;2;137;146;196m██[38;2;174;178;211m██[38;2;137;145;195m██[38;2;135;139;186m██[38;2;179;92;3m██[38;2;189;99;4m██[38;2;67;21;0m  [38;2;0;0;0m            
[38;2;0;0;0m              [38;2;24;3;0m  [38;2;129;128;163m  [38;2;141;144;194m██[38;2;193;194;218m██[38;2;142;145;195m████[38;2;143;145;195m██[38;2;205;203;224m██[38;2;144;145;195m██[38;2;143;146;196m██[38;2;143;144;194m██[38;2;144;146;196m██[38;2;144;146;195m██[38;2;147;147;196m██[38;2;154;153;198m██[38;2;146;147;197m██[38;2;145;147;197m██[38;2;133;131;167m██[38;2;118;111;144m██[38;2;63;63;73m  [38;2;0;0;0m            
[38;2;0;0;0m              [38;2;115;115;141m  [38;2;150;145;195m  [38;2;153;147;196m██[38;2;150;147;196m██[38;2;157;151;198m██[38;2;151;148;197m██[38;2;152;148;198m██[38;2;193;191;217m██[38;2;152;147;196m████[38;2;153;148;197m██[38;2;184;179;212m██[38;2;154;147;197m██[38;2;153;148;197m██[38;2;188;183;214m██[38;2;154;148;198m██[38;2;209;207;225m██[38;2;154;147;197m██[38;2;155;149;198m██[38;2;128;127;159m  [38;2;116;123;150m  [38;2;89;89;108m  [38;2;72;72;96m  [38;2;11;11;11m  [38;2;0;0;0m    
[38;2;0;0;0m        [38;2;114;114;136m  [38;2;116;116;151m  [38;2;139;134;166m  [38;2;134;130;162m  [38;2;174;168;205m██[38;2;159;149;197m██[38;2;159;150;199m██[38;2;158;149;197m██[38;2;157;146;196m██[38;2;160;151;200m██[38;2;184;177;211m██[38;2;160;149;197m██[38;2;160;147;197m██[38;2;160;149;197m██[38;2;203;199;222m██[38;2;159;149;198m██[38;2;162;150;198m██[38;2;161;149;198m██[38;2;162;150;198m██[38;2;163;149;197m██[38;2;168;155;200m██[38;2;173;161;202m██[38;2;138;133;166m  [38;2;195;175;205m  [38;2;204;181;213m  [38;2;216;191;221m    [38;2;205;182;212m  [38;2;132;129;161m  
[38;2;0;0;0m  [38;2;132;127;160m  [38;2;170;157;187m  [38;2;212;188;218m  [38;2;217;192;222m  [38;2;209;185;216m  [38;2;168;155;186m  [38;2;144;139;170m  [38;2;167;151;199m██[38;2;167;151;198m██[38;2;171;157;201m██[38;2;169;152;199m██[38;2;207;202;224m██[38;2;167;151;199m██[38;2;166;151;199m██[38;2;177;166;205m██[38;2;167;152;199m██[38;2;197;189;217m██[38;2;169;154;200m██[38;2;170;153;200m██[38;2;170;155;200m██[38;2;170;156;201m██[38;2;169;152;199m██[38;2;171;154;201m██[38;2;172;155;202m██[38;2;170;154;201m██[38;2;137;134;169m  [38;2;0;0;0m    [38;2;85;85;113m  [38;2;206;183;213m  [38;2;217;192;222m████
[38;2;123;121;153m  [38;2;217;192;222m  [38;2;216;192;222m████[38;2;184;166;196m  [38;2;0;0;0m    [38;2;129;128;159m  [38;2;229;226;237m██[38;2;172;158;202m██[38;2;178;167;206m██[38;2;228;226;237m██[38;2;175;160;203m██[38;2;171;157;202m██[38;2;197;189;217m██[38;2;184;175;210m██[38;2;173;161;202m██[38;2;172;160;202m██[38;2;171;160;202m██[38;2;184;173;209m██[38;2;216;212;229m██[38;2;170;160;202m██[38;2;170;160;201m██[38;2;172;161;202m██[38;2;176;166;205m██[38;2;194;186;215m██[38;2;135;131;163m  [38;2;96;95;126m  [38;2;136;134;164m  [38;2;200;179;209m  [38;2;217;192;222m████[38;2;217;192;221m██
[38;2;75;75;102m  [38;2;213;189;219m  [38;2;217;192;222m██████  [38;2;216;191;222m  [38;2;201;180;210m  [38;2;182;166;198m██[38;2;174;160;192m██[38;2;174;161;194m  [38;2;168;158;191m  [38;2;167;158;190m██[38;2;168;159;196m██[38;2;163;157;191m██[38;2;166;158;194m██[38;2;166;156;188m  [38;2;162;154;186m  [38;2;185;172;200m██[38;2;180;165;196m██[38;2;187;171;201m  [38;2;193;174;204m  [38;2;197;175;206m██[38;2;213;189;219m██[38;2;213;188;218m██[38;2;217;191;221m██[38;2;217;192;222m██████████[38;2;210;187;217m  [38;2;147;140;172m  
[38;2;0;0;0m  [38;2;65;65;97m  [38;2;139;136;166m  [38;2;186;169;199m  [38;2;211;187;217m  [38;2;216;191;221m  [38;2;217;192;222m████[38;2;217;191;222m██[38;2;217;192;222m████[38;2;217;191;222m██[38;2;217;192;222m██[38;2;217;191;222m████[38;2;217;192;222m████[38;2;217;191;222m██[38;2;217;192;222m████[38;2;217;191;222m██[38;2;217;192;222m████[38;2;217;191;221m██[38;2;216;191;221m██[38;2;215;189;219m██[38;2;210;187;216m  [38;2;197;177;208m  [38;2;164;154;184m  [38;2;133;131;161m  [38;2;109;107;134m  [38;2;0;0;0m    
[38;2;0;0;0m          [38;2;59;59;83m  [38;2;75;73;94m  [38;2;98;98;136m  [38;2;133;131;162m  [38;2;152;151;179m██[38;2;150;148;176m██[38;2;153;147;176m██[38;2;160;152;181m██[38;2;156;150;180m██[38;2;152;146;176m██[38;2;152;147;177m██[38;2;152;147;176m██[38;2;153;147;177m██[38;2;147;143;173m██[38;2;148;146;175m██[38;2;154;150;178m██[38;2;146;147;175m██[38;2;160;164;189m██[38;2;165;173;196m██[38;2;169;178;201m██[38;2;160;167;191m  [38;2;69;69;86m  [38;2;0;0;0m            
[38;2;65;9;38m  [38;2;0;0;0m              [38;2;105;105;123m  [38;2;181;189;210m  [38;2;179;189;211m██[38;2;186;195;213m██[38;2;183;194;212m██[38;2;180;190;211m██[38;2;197;206;220m██[38;2;179;191;211m██[38;2;176;187;209m██[38;2;179;191;211m██[38;2;194;202;218m██[38;2;179;191;211m██[38;2;179;192;211m██[38;2;198;207;221m██[38;2;178;190;210m██[38;2;181;193;212m██[38;2;197;206;220m██[38;2;124;123;155m  [38;2;0;0;0m              
[38;2;0;0;0m                  [38;2;129;129;159m  [38;2;178;194;210m██[38;2;215;224;231m██[38;2;180;198;212m██[38;2;179;195;211m██[38;2;180;197;211m██[38;2;186;201;214m██[38;2;194;210;219m██[38;2;182;201;213m██[38;2;181;198;212m██[38;2;234;238;241m██[38;2;182;201;213m██[38;2;181;200;212m██[38;2;179;198;211m██[38;2;181;200;212m██[38;2;141;146;171m  [38;2;0;0;0m                
[38;2;0;0;0m                    [38;2;131;131;161m  [38;2;181;205;214m██[38;2;196;213;220m██[38;2;180;203;212m██[38;2;186;206;216m██[38;2;194;212;219m██[38;2;183;207;215m██[38;2;184;206;214m██[38;2;200;216;223m██[38;2;186;210;216m██[38;2;181;206;213m██[38;2;189;210;217m██[38;2;188;209;216m██[38;2;140;144;170m  [38;2;21;21;32m  [38;2;0;0;0m                
[38;2;65;26;127m  [38;2;134;86;255m  [38;2;129;79;255m  [38;2;0;0;0m                [38;2;124;123;155m  [38;2;174;199;206m  [38;2;184;213;216m████[38;2;186;212;216m██[38;2;196;216;221m██[38;2;185;214;217m██[38;2;233;239;241m██[38;2;185;215;217m██[38;2;188;216;219m██[38;2;180;209;213m  [38;2;130;130;159m  [38;2;0;0;0m                    
[38;2;136;88;255m  [38;2;27;16;255m  [38;2;131;80;255m  [38;2;128;75;255m  [38;2;102;64;203m  [38;2;135;87;254m  [38;2;130;72;255m  [38;2;0;0;0m          [38;2;79;79;86m  [38;2;130;130;160m  [38;2;154;168;185m  [38;2;182;214;215m  [38;2;194;220;221m██[38;2;187;222;220m██[38;2;185;219;218m██[38;2;174;199;206m  [38;2;133;135;163m  [38;2;118;118;149m  [38;2;0;0;0m                [38;2;0;0;135m  [38;2;133;84;255m  [38;2;136;89;255m  
[38;2;135;81;250m  [38;2;135;87;255m  [38;2;136;88;255m  [38;2;123;70;255m  [38;2;134;87;255m  [38;2;0;0;0m  [38;2;125;78;255m  [38;2;131;83;255m  [38;2;40;20;98m  [38;2;136;87;255m  [38;2;137;89;255m  [38;2;10;5;176m  [38;2;6;3;19m  [38;2;10;6;255m  [38;2;9;4;19m  [38;2;0;0;0m  [38;2;85;64;149m  [38;2;96;78;146m  [38;2;15;15;37m  [38;2;0;0;0m    [38;2;9;5;19m  [38;2;10;6;255m    [38;2;10;5;19m  [38;2;113;65;254m  [38;2;135;86;255m  [38;2;29;5;97m  [38;2;137;89;255m  [38;2;0;0;0m  [38;2;74;28;155m  [38;2;136;88;255m  [38;2;0;0;0m  
[38;2;136;89;255m  [38;2;43;26;91m  [38;2;133;86;255m  [38;2;137;89;255m  [38;2;0;0;0m      [38;2;137;89;255m  [38;2;136;89;255m  [38;2;25;14;163m  [38;2;0;0;0m  [38;2;137;89;254m  [38;2;134;85;254m  [38;2;129;77;255m  [38;2;136;87;255m  [38;2;133;81;252m  [38;2;0;0;0m  [38;2;133;84;254m  [38;2;135;86;255m  [38;2;0;0;0m  [38;2;135;87;255m  [38;2;111;57;239m  [38;2;134;86;255m  [38;2;133;83;254m  [38;2;129;77;255m  [38;2;135;85;255m  [38;2;115;57;255m  [38;2;131;82;251m  [38;2;138;90;255m  [38;2;135;86;255m  [38;2;136;89;255m    [38;2;0;0;0m  [0m
