
[38;2;0;0;0m                                        [38;2;216;204;208m  [38;2;37;35;36m  [38;2;0;0;0m                
[38;2;0;0;0m                        [38;2;33;32;33m  [38;2;17;15;18m  [38;2;32;26;30m  [38;2;49;43;47m  [38;2;21;21;22m  [38;2;0;0;0m      [38;2;223;203;205m  [38;2;242;216;224m██[38;2;0;0;0m                
[38;2;0;0;0m                  [38;2;14;13;14m  [38;2;106;93;100m██[38;2;105;88;94m██[38;2;87;71;79m██[38;2;72;55;63m██[38;2;67;52;57m██[38;2;49;36;45m██[38;2;35;23;38m██[38;2;44;42;53m██[38;2;44;43;58m██[38;2;0;0;0m  [38;2;219;204;202m██[38;2;238;214;219m██[38;2;0;0;0m                
[38;2;0;0;0m                [38;2;77;76;85m██[38;2;69;56;71m██[38;2;76;67;71m██[38;2;78;68;70m██[38;2;101;84;91m██[38;2;104;86;94m██[38;2;67;55;61m██[38;2;51;42;46m██[38;2;48;44;45m██[38;2;39;35;44m██[38;2;48;47;69m██[38;2;44;48;72m██[38;2;198;151;158m██[38;2;0;0;0m    [38;2;165;140;146m  [38;2;0;0;0m            
[38;2;0;0;0m              [38;2;59;57;70m██[38;2;44;41;58m██[38;2;47;43;55m██[38;2;61;51;60m██[38;2;74;59;64m██[38;2;84;68;69m██[38;2;86;66;73m██[38;2;127;106;113m██[38;2;103;77;86m██[38;2;81;65;68m██[38;2;74;60;66m██[38;2;31;33;48m██[38;2;129;115;130m██[38;2;161;115;117m██[38;2;185;174;170m  [38;2;198;145;154m██[38;2;245;207;210m██[38;2;0;0;0m            
[38;2;0;0;0m            [38;2;69;61;62m  [38;2;74;65;77m██[38;2;57;49;61m██[38;2;51;46;52m██[38;2;43;33;41m██[38;2;61;49;56m██[38;2;84;72;72m██[38;2;90;70;72m██[38;2;96;66;69m██[38;2;147;109;112m██[38;2;117;85;84m██[38;2;90;65;61m██[38;2;82;61;66m██[38;2;64;51;61m██[38;2;67;46;50m██[38;2;192;112;123m██[38;2;246;213;219m██[38;2;229;202;205m██[38;2;0;0;0m            
[38;2;0;0;0m            [38;2;87;67;69m██[38;2;74;60;66m██[38;2;68;53;56m██[38;2;52;43;46m██[38;2;42;30;36m██[38;2;37;26;32m██[38;2;92;74;76m██[38;2;95;71;70m██[38;2;101;75;69m██[38;2;161;134;127m██[38;2;238;212;202m██[38;2;246;220;208m██[38;2;223;197;191m██[38;2;77;53;54m██[38;2;54;54;61m██[38;2;37;39;50m██[38;2;179;164;168m██[38;2;242;219;225m██[38;2;0;0;0m            
[38;2;0;0;0m          [38;2;116;104;108m  [38;2;92;69;79m██[38;2;82;65;71m██[38;2;81;63;67m██[38;2;75;59;62m██[38;2;85;64;69m██[38;2;82;60;63m██[38;2;58;39;35m██[38;2;249;229;222m██[38;2;249;231;217m██[38;2;253;240;224m██[38;2;254;242;226m██[38;2;253;240;224m██[38;2;253;245;228m██[38;2;234;206;195m██[38;2;120;87;82m██[38;2;56;47;56m██[38;2;40;35;44m██[38;2;0;0;0m              
[38;2;0;0;0m          [38;2;89;76;80m██[38;2;59;39;44m██[38;2;122;94;100m██[38;2;98;73;76m██[38;2;100;77;80m██[38;2;103;72;73m██[38;2;91;56;54m██[38;2;252;229;217m██[38;2;250;234;219m██[38;2;254;237;223m██[38;2;254;240;225m██[38;2;254;241;226m██[38;2;254;241;225m██[38;2;254;242;226m██[38;2;255;244;228m██[38;2;219;175;163m██[38;2;83;60;59m██[38;2;59;45;55m██[38;2;0;0;0m              
[38;2;0;0;0m          [38;2;91;77;85m██[38;2;49;32;38m██[38;2;103;81;83m██[38;2;131;105;106m██[38;2;111;74;81m██[38;2;144;101;102m██[38;2;152;106;103m██[38;2;249;232;216m██[38;2;251;232;218m██[38;2;251;239;223m██[38;2;252;240;225m██[38;2;254;242;226m██[38;2;254;242;225m██[38;2;254;242;226m██[38;2;252;240;227m██[38;2;251;245;227m██[38;2;103;78;69m██[38;2;62;46;57m██[38;2;54;49;51m  [38;2;0;0;0m            
[38;2;0;0;0m          [38;2;91;79;89m██[38;2;58;43;50m██[38;2;92;73;75m██[38;2;97;76;76m██[38;2;130;99;101m██[38;2;157;113;114m██[38;2;156;106;102m██[38;2;248;232;211m██[38;2;254;231;215m██[38;2;254;237;223m██[38;2;255;239;224m████[38;2;254;242;225m██[38;2;248;242;226m██[38;2;186;183;168m██[38;2;241;244;223m██[38;2;199;152;143m██[38;2;70;56;61m██[38;2;59;55;57m██[38;2;0;0;0m            
[38;2;0;0;0m          [38;2;75;69;79m██[38;2;73;60;69m██[38;2;87;69;75m██[38;2;97;77;78m██[38;2;122;90;90m██[38;2;138;97;93m██[38;2;148;104;97m██[38;2;244;234;217m██[38;2;249;234;221m██[38;2;248;235;219m██[38;2;251;239;223m██[38;2;253;241;225m██[38;2;254;242;229m██[38;2;218;214;200m██[38;2;240;224;216m██[38;2;99;78;72m██[38;2;238;187;184m██[38;2;112;87;97m██[38;2;51;47;48m██[38;2;0;0;0m            
[38;2;0;0;0m          [38;2;59;57;70m██[38;2;52;44;59m██[38;2;82;63;69m██[38;2;90;72;75m██[38;2;107;81;78m██[38;2;120;88;83m██[38;2;126;88;80m██[38;2;242;231;212m██[38;2;254;238;228m██[38;2;248;229;226m██[38;2;232;228;216m██[38;2;252;242;226m██[38;2;249;245;225m██[38;2;255;238;225m██[38;2;109;66;94m██[38;2;159;125;146m██[38;2;162;112;115m██[38;2;62;51;57m██[38;2;42;36;40m██[38;2;0;0;0m            
[38;2;0;0;0m          [38;2;49;47;60m██[38;2;33;25;40m██[38;2;75;60;67m██[38;2;59;48;54m██[38;2;98;78;77m██[38;2;109;81;78m██[38;2;107;75;70m██[38;2;235;222;210m██[38;2;133;87;96m██[38;2;84;50;62m██[38;2;200;175;173m██[38;2;251;244;228m██[38;2;255;241;225m██[38;2;252;241;230m██[38;2;161;90;130m██[38;2;171;107;143m██[38;2;248;233;226m██[38;2;43;29;38m██[38;2;29;23;27m██[38;2;0;0;0m            
[38;2;0;0;0m          [38;2;54;52;65m██[38;2;34;29;41m██[38;2;47;37;45m██[38;2;33;31;41m██[38;2;102;90;91m██[38;2;92;72;71m██[38;2;100;75;71m██[38;2;40;24;23m██[38;2;139;78;122m██[38;2;187;115;178m██[38;2;234;209;221m██[38;2;253;242;225m██[38;2;253;242;223m██[38;2;253;241;227m██[38;2;173;147;150m██[38;2;209;179;184m██[38;2;254;211;208m██[38;2;29;26;35m██[38;2;28;22;26m██[38;2;0;0;0m            
[38;2;0;0;0m          [38;2;55;57;77m██[38;2;32;26;38m██[38;2;28;21;28m██[38;2;29;27;36m██[38;2;90;80;87m██[38;2;79;60;62m██[38;2;84;65;69m██[38;2;141;113;104m██[38;2;226;184;207m██[38;2;248;193;227m██[38;2;213;192;195m██[38;2;251;242;226m██[38;2;254;240;227m██[38;2;251;233;223m██[38;2;251;231;221m██[38;2;242;214;199m██[38;2;242;209;201m██[38;2;38;23;27m██[38;2;20;14;18m██[38;2;0;0;0m            
[38;2;0;0;0m          [38;2;46;48;64m██[38;2;32;27;34m██[38;2;28;22;28m██[38;2;30;27;41m██[38;2;46;41;48m██[38;2;70;57;59m██[38;2;63;51;54m██[38;2;251;228;209m██[38;2;248;222;216m██[38;2;229;187;185m██[38;2;252;225;218m██[38;2;255;242;234m██[38;2;251;244;231m██[38;2;238;240;206m██[38;2;84;95;53m██[38;2;106;126;66m██[38;2;136;149;93m██[38;2;47;42;58m██[38;2;18;15;20m██[38;2;0;0;0m            
[38;2;0;0;0m          [38;2;35;38;51m██[38;2;36;31;37m██[38;2;25;19;25m██[38;2;36;33;49m██[38;2;27;26;34m██[38;2;61;52;55m██[38;2;38;32;36m██[38;2;244;210;197m██[38;2;245;204;192m██[38;2;243;211;193m██[38;2;211;202;174m██[38;2;123;148;88m██[38;2;113;139;75m██[38;2;186;218;138m██[38;2;150;182;113m██[38;2;73;99;47m██[38;2;61;88;50m██[38;2;34;33;46m██[38;2;14;12;19m██[38;2;0;0;0m            
[38;2;0;0;0m        [38;2;62;61;70m██[38;2;37;35;46m██[38;2;51;36;41m██[38;2;24;22;28m██[38;2;41;38;52m██[38;2;26;26;36m██[38;2;60;49;53m██[38;2;44;35;39m██[38;2;53;32;38m██[38;2;74;45;42m██[38;2;51;63;40m██[38;2;50;78;36m██[38;2;85;126;63m██[38;2;57;85;34m██[38;2;72;100;59m██[38;2;87;122;70m██[38;2;66;96;57m██[38;2;101;129;103m██[38;2;37;39;52m██[38;2;16;22;18m██[38;2;4;3;5m  [38;2;0;0;0m          
[38;2;0;0;0m        [38;2;68;65;74m██[38;2;32;30;35m██[38;2;80;65;70m██[38;2;30;27;34m██[38;2;42;39;52m██[38;2;23;25;38m██[38;2;60;57;64m██[38;2;59;49;51m██[38;2;37;40;47m██[38;2;164;153;160m██[38;2;85;66;60m██[38;2;43;72;55m██[38;2;101;123;80m██[38;2;117;144;104m██[38;2;134;148;113m██[38;2;164;160;159m██[38;2;56;63;80m██[38;2;60;60;95m██[38;2;43;48;76m██[38;2;231;208;199m██[38;2;222;215;207m██[38;2;192;175;162m██[38;2;151;148;144m  [38;2;0;0;0m      
[38;2;0;0;0m      [38;2;59;55;56m██[38;2;0;0;0m  [38;2;42;37;40m██[38;2;51;36;41m██[38;2;29;26;33m██[38;2;44;41;53m██[38;2;24;28;40m██[38;2;41;40;51m██[38;2;62;51;53m██[38;2;51;45;57m██[38;2;149;118;127m██[38;2;234;168;154m██[38;2;99;79;71m██[38;2;155;94;94m██[38;2;126;84;80m██[38;2;61;37;49m██[38;2;47;40;51m██[38;2;59;40;50m██[38;2;104;81;84m██[38;2;103;96;107m██[38;2;217;157;149m██[38;2;212;183;169m██[38;2;218;163;152m██[38;2;159;145;140m  [38;2;0;0;0m      
[38;2;0;0;0m      [38;2;69;63;66m██[38;2;0;0;0m  [38;2;51;42;47m██[38;2;29;14;19m██[38;2;28;25;36m██[38;2;44;42;49m██[38;2;46;39;49m██[38;2;84;68;81m██[38;2;68;53;54m██[38;2;59;47;51m██[38;2;64;43;54m██[38;2;142;94;112m██[38;2;245;191;186m██[38;2;232;169;156m██[38;2;205;148;147m██[38;2;137;89;111m██[38;2;60;41;53m██[38;2;96;75;80m██[38;2;108;78;84m██[38;2;227;219;207m██[38;2;237;180;173m██[38;2;228;168;154m██[38;2;230;175;161m██[38;2;159;149;143m  [38;2;0;0;0m      
[38;2;0;0;0m    [38;2;63;58;62m  [38;2;0;0;0m    [38;2;45;33;37m██[38;2;46;35;39m██[38;2;29;26;37m██[38;2;44;37;46m██[38;2;69;55;62m██[38;2;97;67;75m██[38;2;64;49;47m██[38;2;242;208;193m██[38;2;253;216;204m██[38;2;133;75;98m██[38;2;144;87;108m██[38;2;229;204;192m██[38;2;221;183;177m██[38;2;138;68;94m██[38;2;99;67;77m██[38;2;101;75;78m██[38;2;101;76;80m██[38;2;252;244;235m██[38;2;250;238;216m██[38;2;220;203;187m██[38;2;248;204;190m██[38;2;181;172;166m  [38;2;0;0;0m      
[38;2;0;0;0m    [38;2;55;52;61m██[38;2;0;0;0m  [38;2;55;52;55m██[38;2;67;55;58m██[38;2;42;34;37m██[38;2;38;35;47m██[38;2;43;36;43m██[38;2;79;64;71m██[38;2;98;67;75m██[38;2;118;103;99m██[38;2;243;242;228m██[38;2;69;48;48m██[38;2;76;58;63m██[38;2;159;86;117m██[38;2;140;84;102m██[38;2;192;165;160m██[38;2;199;142;159m██[38;2;202;141;156m██[38;2;98;74;79m██[38;2;96;74;81m██[38;2;92;69;73m██[38;2;232;223;216m██[38;2;255;240;231m██[38;2;252;243;226m██[38;2;43;39;36m  [38;2;69;56;64m██[38;2;53;45;49m  [38;2;0;0;0m  
[38;2;0;0;0m    [38;2;26;25;35m  [38;2;42;44;52m██[38;2;56;48;54m██[38;2;49;39;38m██[38;2;42;37;41m██[38;2;35;30;42m██[38;2;36;30;36m██[38;2;84;69;75m██[38;2;99;69;77m██[38;2;247;234;226m██[38;2;231;221;197m██[38;2;188;135;129m██[38;2;78;47;45m██[38;2;203;179;175m██[38;2;209;166;168m██[38;2;208;166;173m██[38;2;225;166;178m██[38;2;225;168;179m██[38;2;128;87;96m██[38;2;97;77;79m██[38;2;96;71;77m██[38;2;61;46;51m██[38;2;254;246;227m██[38;2;255;237;224m██[38;2;138;129;125m  [38;2;108;86;99m██[38;2;84;61;64m██[38;2;89;80;79m██
[38;2;0;0;0m      [38;2;51;49;53m██[38;2;59;46;53m██[38;2;59;48;53m██[38;2;44;42;47m██[38;2;45;36;44m██[38;2;26;24;31m██[38;2;64;56;59m██[38;2;91;68;74m██[38;2;171;162;153m██[38;2;215;163;152m██[38;2;216;149;134m██[38;2;252;210;202m██[38;2;210;192;181m██[38;2;216;164;169m██[38;2;173;115;127m██[38;2;225;169;180m██[38;2;204;153;162m██[38;2;173;119;129m██[38;2;100;73;77m██[38;2;99;73;77m██[38;2;54;34;43m██[38;2;254;243;227m██[38;2;250;241;223m██[38;2;236;232;224m  [38;2;0;0;0m  [38;2;82;70;73m██[38;2;53;41;45m██
[38;2;0;0;0m      [38;2;61;52;54m██[38;2;67;58;63m██[38;2;45;39;42m██[38;2;25;26;29m  [38;2;57;48;48m██[38;2;23;21;30m██[38;2;36;31;45m██[38;2;90;73;79m██[38;2;220;211;206m██[38;2;199;150;135m██[38;2;245;212;193m██[38;2;251;245;232m██[38;2;96;78;81m██[38;2;183;139;148m██[38;2;229;176;188m██[38;2;217;164;169m██[38;2;213;164;170m██[38;2;238;182;188m██[38;2;103;69;73m██[38;2;98;72;77m██[38;2;88;65;70m██[38;2;252;240;234m██[38;2;255;241;225m██[38;2;254;241;229m██[38;2;0;0;0m    [38;2;35;30;34m██
[38;2;0;0;0m    [38;2;57;49;53m  [38;2;63;50;57m██[38;2;58;49;54m██[38;2;53;47;57m██[38;2;0;0;0m  [38;2;74;63;66m██[38;2;25;23;36m██[38;2;27;28;39m██[38;2;53;41;45m██[38;2;39;37;38m██[38;2;249;220;216m██[38;2;254;233;217m██[38;2;213;182;175m██[38;2;88;58;63m██[38;2;93;64;68m██[38;2;223;174;177m██[38;2;242;188;184m██[38;2;234;183;182m██[38;2;230;178;180m██[38;2;145;102;109m██[38;2;95;70;74m██[38;2;95;69;73m██[38;2;216;198;194m██[38;2;254;240;225m██[38;2;255;241;226m██[38;2;63;49;48m██[38;2;0;0;0m  [38;2;31;26;30m██
[38;2;0;0;0m    [38;2;104;87;98m██[38;2;99;83;94m██[38;2;63;54;57m██[38;2;38;34;53m██[38;2;62;52;60m  [38;2;65;52;58m██[38;2;24;23;42m██[38;2;25;20;30m██[38;2;65;48;56m██[38;2;38;29;37m██[38;2;166;149;147m██[38;2;252;244;225m██[38;2;249;220;207m██[38;2;91;69;69m██[38;2;93;72;74m██[38;2;200;166;165m██[38;2;239;195;189m██[38;2;235;191;187m██[38;2;234;185;181m██[38;2;178;123;132m██[38;2;87;65;71m██[38;2;88;68;70m██[38;2;82;68;63m██[38;2;254;242;227m██[38;2;255;241;225m██[38;2;232;214;204m██[38;2;0;0;0m  [38;2;57;52;56m██
[38;2;0;0;0m  [38;2;107;96;100m██[38;2;86;65;77m██[38;2;76;59;66m██[38;2;38;33;38m██[38;2;49;45;63m██[38;2;71;57;65m██[38;2;43;35;45m██[38;2;25;22;40m██[38;2;51;46;53m██[38;2;113;96;104m██[38;2;51;36;43m██[38;2;113;99;96m██[38;2;254;242;226m██[38;2;254;237;219m██[38;2;85;64;62m██[38;2;86;63;67m██[38;2;95;73;72m██[38;2;229;191;176m██[38;2;230;192;183m██[38;2;234;188;182m██[38;2;204;139;149m██[38;2;86;62;66m██[38;2;84;66;66m██[38;2;26;10;20m██[38;2;255;242;224m██[38;2;251;242;229m██[38;2;242;211;191m██[38;2;33;21;25m██[38;2;0;0;0m  
[38;2;0;0;0m  [38;2;74;63;67m██[38;2;87;71;81m██[38;2;36;26;37m██[38;2;0;0;0m  [38;2;19;17;19m  [38;2;119;91;103m██[38;2;36;27;42m██[38;2;20;18;32m██[38;2;59;53;60m██[38;2;38;25;35m██[38;2;70;54;57m██[38;2;100;87;83m██[38;2;254;242;226m██[38;2;254;242;224m██[38;2;79;58;56m██[38;2;83;61;65m██[38;2;77;61;63m██[38;2;238;198;196m██[38;2;238;193;188m██[38;2;235;202;195m██[38;2;206;154;161m██[38;2;75;50;58m██[38;2;46;31;35m██[38;2;37;24;37m██[38;2;254;240;224m██[38;2;250;242;229m██[38;2;235;208;191m██[38;2;39;31;38m██[38;2;0;0;0m  
[38;2;65;61;62m██[38;2;65;53;58m██[38;2;39;31;38m██[38;2;17;16;18m  [38;2;0;0;0m  [38;2;67;54;60m██[38;2;83;68;71m██[38;2;38;40;56m██[38;2;27;25;36m██[38;2;58;52;59m██[38;2;40;28;40m██[38;2;77;57;59m██[38;2;99;86;82m██[38;2;254;242;226m██[38;2;254;241;223m██[38;2;66;45;43m██[38;2;82;60;64m██[38;2;84;63;63m██[38;2;176;136;132m██[38;2;233;197;178m██[38;2;233;203;172m██[38;2;167;131;103m██[38;2;77;62;49m██[38;2;41;27;34m██[38;2;41;28;44m██[38;2;241;228;212m██[38;2;250;243;229m██[38;2;239;217;203m██[38;2;34;31;39m██[38;2;30;26;27m  [0m
