
[38;2;0;0;0m                    [38;2;237;175;79m██[38;2;241;179;78m██[38;2;205;153;64m██[38;2;137;87;29m██[38;2;239;182;79m██[38;2;242;185;78m██[38;2;239;184;81m██[38;2;239;183;80m██[38;2;240;181;78m██[38;2;241;182;80m██[38;2;22;28;26m  [38;2;0;0;0m            
[38;2;0;0;0m                  [38;2;117;100;60m  [38;2;191;140;57m██[38;2;225;165;73m██[38;2;114;72;27m██[38;2;140;91;33m██[38;2;220;169;77m██[38;2;59;39;16m██[38;2;239;182;79m██[38;2;241;183;79m██[38;2;241;182;79m██[38;2;239;180;78m██[38;2;239;177;78m██[38;2;0;0;0m            
[38;2;0;0;0m                  [38;2;245;182;82m██[38;2;209;148;59m██[38;2;156;101;36m██[38;2;249;211;170m██[38;2;250;213;173m██[38;2;254;216;177m██[38;2;241;185;82m██[38;2;250;188;83m██[38;2;23;19;14m██[38;2;20;15;12m██[38;2;208;156;71m██[38;2;238;179;77m██[38;2;228;170;74m  [38;2;0;0;0m          
[38;2;0;0;0m                  [38;2;220;165;77m██[38;2;168;109;36m██[38;2;254;218;178m██[38;2;250;215;178m██[38;2;249;214;179m██[38;2;249;214;177m██[38;2;241;183;85m██[38;2;19;14;17m██[38;2;177;136;69m██[38;2;24;18;16m██[38;2;166;105;33m██[38;2;163;102;31m██[38;2;237;175;78m██[38;2;180;135;58m  [38;2;0;0;0m        
[38;2;0;0;0m                [38;2;12;20;19m  [38;2;243;182;80m██[38;2;173;112;37m██[38;2;249;213;177m██[38;2;250;215;179m██[38;2;252;218;183m██[38;2;191;165;140m██[38;2;248;220;184m██[38;2;215;163;69m██[38;2;194;150;74m██[38;2;132;99;45m██[38;2;165;103;34m██[38;2;158;100;34m██[38;2;162;102;33m██[38;2;231;171;74m██[38;2;33;47;48m  [38;2;0;0;0m      
[38;2;0;0;0m                [38;2;190;147;73m  [38;2;238;178;77m██[38;2;126;90;50m██[38;2;253;215;179m██[38;2;251;217;185m██[38;2;250;215;182m██[38;2;168;167;171m██[38;2;241;240;238m██[38;2;247;189;87m██[38;2;211;163;79m██[38;2;239;180;79m██[38;2;167;104;36m██[38;2;163;102;34m██[38;2;160;100;33m██[38;2;3;4;3m  [38;2;81;69;42m  [38;2;0;0;0m      
[38;2;0;0;0m              [38;2;1;2;2m  [38;2;233;173;80m██[38;2;217;157;67m██[38;2;128;96;59m██[38;2;235;236;234m██[38;2;249;218;188m██[38;2;251;216;183m██[38;2;251;217;184m██[38;2;251;216;181m██[38;2;235;201;166m██[38;2;242;186;86m██[38;2;242;183;81m██[38;2;164;119;82m██[38;2;162;102;34m██[38;2;159;100;35m██[38;2;144;91;28m██[38;2;0;0;0m        
[38;2;0;0;0m              [38;2;177;137;65m  [38;2;0;0;0m  [38;2;176;123;52m██[38;2;172;111;38m██[38;2;253;217;181m██[38;2;181;156;131m██[38;2;249;216;183m██[38;2;249;215;183m██[38;2;250;216;183m██[38;2;250;215;180m██[38;2;241;185;85m██[38;2;220;165;69m██[38;2;166;115;74m██[38;2;139;86;28m██[38;2;158;97;30m██[38;2;132;87;33m██[38;2;12;17;18m  [38;2;0;0;0m      
[38;2;0;0;0m                  [38;2;121;80;32m██[38;2;167;108;38m██[38;2;250;213;176m██[38;2;250;215;182m██[38;2;252;218;184m██[38;2;183;158;132m██[38;2;210;185;157m██[38;2;249;215;179m██[38;2;208;160;79m██[38;2;148;108;62m██[38;2;157;98;35m██[38;2;137;87;27m██[38;2;158;99;34m██[38;2;0;0;0m  [38;2;35;47;48m  [38;2;0;0;0m      
[38;2;0;0;0m                [38;2;10;14;14m  [38;2;40;38;28m  [38;2;52;52;42m  [38;2;249;212;176m██[38;2;251;216;181m██[38;2;251;216;183m██[38;2;248;216;183m████[38;2;249;214;178m██[38;2;229;194;157m██[38;2;114;77;42m██[38;2;160;100;34m██[38;2;8;12;12m  [38;2;154;98;35m██[38;2;14;22;22m  [38;2;0;0;0m        
[38;2;0;0;0m                    [38;2;52;49;37m  [38;2;159;103;34m██[38;2;250;212;175m██[38;2;249;215;179m██[38;2;250;216;182m██[38;2;250;213;181m██[38;2;253;217;181m██[38;2;140;99;68m██[38;2;77;56;39m  [38;2;42;49;45m  [38;2;90;59;19m  [38;2;0;0;0m  [38;2;49;51;40m  [38;2;0;0;0m        
[38;2;0;0;0m          [38;2;149;106;73m██[38;2;0;0;0m        [38;2;21;26;24m  [38;2;96;66;24m  [38;2;161;106;37m██[38;2;254;217;182m██[38;2;251;212;177m██[38;2;42;33;23m██[38;2;157;113;80m██[38;2;145;104;72m██[38;2;128;96;70m  [38;2;0;0;0m                
[38;2;0;0;0m          [38;2;62;60;49m  [38;2;211;174;141m██[38;2;0;0;0m      [38;2;26;33;34m  [38;2;0;0;0m      [38;2;109;78;54m██[38;2;138;98;66m██[38;2;169;122;88m██[38;2;161;119;84m██[38;2;240;240;239m██[38;2;84;90;89m██[38;2;0;0;0m              
[38;2;0;0;0m          [38;2;249;212;177m██[38;2;213;181;149m██[38;2;221;186;157m██[38;2;182;153;128m██[38;2;130;112;95m██[38;2;50;62;57m  [38;2;0;0;0m      [38;2;128;94;70m██[38;2;109;85;69m██[38;2;159;166;174m██[38;2;237;237;236m██[38;2;237;237;237m██[38;2;164;171;174m██[38;2;18;71;87m██[38;2;46;69;55m██[38;2;14;69;82m██[38;2;14;68;79m██[38;2;13;64;77m██[38;2;29;39;43m  [38;2;0;0;0m  
[38;2;0;0;0m              [38;2;139;103;73m  [38;2;122;89;61m██[38;2;239;205;171m██[38;2;233;197;164m██[38;2;245;202;169m██[38;2;15;20;21m  [38;2;142;144;145m██[38;2;73;20;20m██[38;2;156;165;173m██[38;2;236;237;237m██[38;2;237;237;237m██[38;2;170;176;181m██[38;2;168;175;180m██[38;2;133;140;143m██[38;2;161;170;175m██[38;2;160;170;175m██[38;2;147;157;161m██[38;2;159;167;172m██[38;2;157;165;170m██[38;2;6;9;10m  
[38;2;0;0;0m          [38;2;241;204;172m██[38;2;84;64;45m  [38;2;0;0;0m  [38;2;168;118;82m██[38;2;166;118;81m██[38;2;168;119;81m██[38;2;153;109;76m██[38;2;147;129;116m██[38;2;196;192;191m██[38;2;103;27;26m██[38;2;170;48;48m██[38;2;237;237;237m██[38;2;225;225;225m██[38;2;168;174;179m██[38;2;167;173;177m██[38;2;167;174;179m██[38;2;166;172;178m██[38;2;157;163;168m██[38;2;165;173;178m██[38;2;162;171;176m██[38;2;160;169;174m██[38;2;110;118;122m  
[38;2;0;0;0m          [38;2;11;13;13m  [38;2;244;206;172m██[38;2;150;108;75m  [38;2;13;47;54m██[38;2;168;117;81m██[38;2;168;119;80m██[38;2;90;62;44m██[38;2;179;132;95m██[38;2;216;214;209m██[38;2;166;46;42m██[38;2;237;240;239m██[38;2;132;137;143m██[38;2;170;175;180m██[38;2;169;175;179m██[38;2;107;112;116m██[38;2;169;173;179m██[38;2;134;139;143m██[38;2;166;173;178m██████[38;2;161;170;175m██[38;2;160;169;174m██
[38;2;0;0;0m              [38;2;208;161;126m██[38;2;166;118;81m██[38;2;168;119;81m██[38;2;162;114;78m██[38;2;171;122;82m██[38;2;170;122;86m██[38;2;248;210;176m██[38;2;119;42;40m██[38;2;237;237;236m██[38;2;241;240;241m██[38;2;91;105;109m██[38;2;158;163;168m██[38;2;168;174;179m██[38;2;126;129;136m██[38;2;171;178;182m██[38;2;167;174;179m██[38;2;88;94;100m██[38;2;165;173;178m██[38;2;163;171;176m██[38;2;159;167;173m██
[38;2;0;0;0m              [38;2;172;177;179m██[38;2;97;77;61m██[38;2;169;123;85m██[38;2;169;122;85m██[38;2;170;122;86m██[38;2;171;125;88m██[38;2;175;127;90m██[38;2;221;181;147m██[38;2;79;78;78m██[38;2;119;119;119m██[38;2;213;215;215m██[38;2;237;237;237m██[38;2;236;236;236m████[38;2;171;178;183m██[38;2;167;174;178m██[38;2;166;173;178m████[38;2;164;171;176m██[38;2;159;167;172m██
[38;2;0;0;0m              [38;2;142;145;148m██[38;2;109;106;107m██[38;2;218;218;218m██[38;2;238;238;236m██[38;2;237;236;235m██[38;2;235;235;235m██[38;2;235;237;235m██[38;2;236;245;245m██[38;2;221;186;184m██[38;2;190;73;72m██[38;2;184;56;57m██[38;2;209;140;139m██[38;2;191;105;105m██[38;2;238;238;238m██[38;2;72;76;80m██[38;2;108;114;120m████[38;2;166;173;178m██[38;2;164;171;176m██[38;2;159;167;172m██
[38;2;0;0;0m    [38;2;232;234;234m██[38;2;233;232;232m██[38;2;233;233;233m██[38;2;233;234;234m██[38;2;235;239;239m██[38;2;235;233;232m██[38;2;200;121;119m██[38;2;185;49;49m██[38;2;188;65;65m██[38;2;222;198;197m██[38;2;236;243;243m██[38;2;235;236;237m██[38;2;235;235;235m████[38;2;236;236;236m██[38;2;235;235;235m████[38;2;194;107;107m██[38;2;238;237;238m██[38;2;105;111;116m██[38;2;166;173;178m██████[38;2;159;167;172m██[38;2;158;168;173m██
[38;2;0;0;0m    [38;2;232;232;233m██[38;2;202;119;119m██[38;2;236;237;236m██[38;2;235;239;239m██[38;2;235;236;236m██[38;2;235;235;235m████████[38;2;236;236;236m██████████[38;2;235;235;235m██████[38;2;194;108;108m██[38;2;238;238;238m██[38;2;134;141;147m██[38;2;134;139;143m██[38;2;166;173;178m██[38;2;164;172;177m██[38;2;133;140;146m██[38;2;96;104;107m  
[38;2;0;0;0m    [38;2;233;234;234m██[38;2;235;236;236m██[38;2;235;235;235m██[38;2;236;236;236m██████████████████[38;2;235;235;235m██[38;2;236;236;236m████████[38;2;192;110;110m██[38;2;237;237;237m██[38;2;168;174;179m██[38;2;166;173;178m██[38;2;153;159;164m██[38;2;165;172;177m██[38;2;98;105;110m██[38;2;24;30;30m  
[38;2;0;0;0m    [38;2;234;235;235m██[38;2;235;236;236m██[38;2;235;235;235m██[38;2;236;236;236m██[38;2;235;235;235m██[38;2;236;236;236m████████████[38;2;235;235;235m██[38;2;236;236;236m██████████[38;2;192;111;110m██[38;2;238;238;238m██[38;2;166;173;178m██[38;2;165;173;178m██[38;2;163;170;176m██[38;2;99;107;112m██[38;2;155;164;169m██[38;2;0;0;0m  
[38;2;0;0;0m    [38;2;234;236;236m██[38;2;234;242;243m██[38;2;255;0;0m██[38;2;234;244;244m██[38;2;234;254;254m██[38;2;254;1;1m██[38;2;236;236;236m██[38;2;254;5;5m██[38;2;255;0;0m████[38;2;236;237;237m██[38;2;235;235;235m██[38;2;236;236;236m██[38;2;255;0;0m██[38;2;235;224;224m██[38;2;234;236;236m██[38;2;255;0;0m██[38;2;192;109;108m██[38;2;237;237;237m██[38;2;165;173;178m██[38;2;164;171;176m██[38;2;104;110;115m██[38;2;159;167;172m██[38;2;155;164;170m██[38;2;0;0;0m  
[38;2;0;0;0m    [38;2;233;236;237m██[38;2;232;241;241m██[38;2;255;0;0m████[38;2;234;254;254m██[38;2;254;0;0m██[38;2;244;122;122m██[38;2;255;0;0m██[38;2;234;235;235m██[38;2;255;0;0m██[38;2;252;23;23m██[38;2;235;235;235m██[38;2;236;236;236m██[38;2;255;0;0m██[38;2;240;192;192m██[38;2;236;237;237m██[38;2;255;0;0m██[38;2;189;108;107m██[38;2;236;236;236m██[38;2;165;172;177m██[38;2;162;168;174m██[38;2;122;129;134m██[38;2;156;165;170m██[38;2;44;54;58m  [38;2;0;0;0m  
[38;2;0;0;0m    [38;2;230;235;234m██[38;2;231;239;239m██[38;2;255;0;0m████[38;2;236;231;231m██[38;2;255;0;0m██[38;2;254;8;8m██[38;2;255;0;0m██[38;2;236;236;236m██[38;2;255;0;0m████[38;2;236;236;236m██[38;2;235;235;235m██[38;2;255;0;0m██[38;2;239;170;170m██[38;2;234;235;235m██[38;2;255;0;0m██[38;2;189;106;107m██[38;2;235;235;235m██[38;2;163;168;175m██[38;2;140;146;151m██[38;2;158;166;171m██[38;2;153;162;167m██[38;2;0;0;0m    
[38;2;0;0;0m  [38;2;158;112;79m██[38;2;229;236;234m██[38;2;231;238;238m██[38;2;255;0;0m██[38;2;233;244;244m██[38;2;255;0;0m████[38;2;244;141;141m██[38;2;255;0;0m██[38;2;231;232;232m██[38;2;255;0;0m██[38;2;249;48;48m██[38;2;231;231;231m████[38;2;255;0;0m██[38;2;251;39;39m██[38;2;231;244;244m██[38;2;255;0;0m██[38;2;188;105;106m██[38;2;234;234;234m██[38;2;162;169;174m██[38;2;159;166;171m██[38;2;155;164;169m██[38;2;153;161;166m██[38;2;0;0;0m    
[38;2;245;201;166m██[38;2;249;208;173m██[38;2;145;128;104m██[38;2;230;235;235m██[38;2;255;0;0m██[38;2;230;230;230m██[38;2;254;6;6m██[38;2;255;0;0m██[38;2;230;230;230m██[38;2;254;8;8m██[38;2;255;0;0m██[38;2;254;5;5m██[38;2;231;231;231m████[38;2;230;230;230m██[38;2;231;235;235m██[38;2;254;3;3m██[38;2;254;1;1m██[38;2;231;224;224m██[38;2;186;104;103m██[38;2;233;233;233m██[38;2;158;165;170m██[38;2;156;162;168m██[38;2;151;159;164m██[38;2;34;45;44m  [38;2;0;0;0m    
[38;2;227;188;155m██[38;2;161;135;110m██[38;2;128;111;94m██[38;2;230;230;230m██[38;2;229;229;229m██[38;2;227;227;225m██[38;2;231;230;230m██[38;2;229;229;229m██[38;2;230;230;231m██[38;2;230;230;230m██[38;2;231;230;230m████[38;2;230;230;230m████[38;2;228;229;228m██[38;2;225;226;223m██[38;2;225;225;223m██[38;2;225;226;223m██[38;2;230;230;230m██[38;2;183;103;101m██[38;2;232;232;232m██[38;2;155;161;167m██[38;2;153;159;164m██[38;2;148;156;161m██[38;2;0;0;0m      
[38;2;159;131;107m██[38;2;167;140;115m██[38;2;188;159;133m██[38;2;228;228;228m██[38;2;225;226;223m██████████████[38;2;224;226;223m██[38;2;225;226;223m████████████[38;2;228;228;228m██[38;2;179;99;98m██[38;2;230;230;230m██[38;2;152;158;162m██[38;2;150;157;160m██[38;2;144;150;152m██[38;2;17;24;25m  [38;2;0;0;0m    
[38;2;195;161;129m██[38;2;200;165;135m██[38;2;152;142;132m██[38;2;224;224;223m██[38;2;225;225;223m██[38;2;225;226;223m████████[38;2;225;225;223m██[38;2;225;225;224m████[38;2;225;226;224m██[38;2;225;225;224m██[38;2;225;226;223m████[38;2;225;225;223m████[38;2;224;225;223m██[38;2;174;95;91m██[38;2;229;228;225m██[38;2;151;155;156m██[38;2;150;153;153m██[38;2;147;151;151m██[38;2;0;0;0m      [0m
