
[38;2;84;58;35m██[38;2;85;59;36m██[38;2;19;11;8m  [38;2;0;0;0m████[38;2;5;2;1m██[38;2;0;0;0m██[38;2;93;37;21m██[38;2;122;53;29m██[38;2;162;86;56m██[38;2;180;106;75m██[38;2;174;100;69m██[38;2;179;103;72m██[38;2;200;124;91m██[38;2;202;126;92m██[38;2;196;120;87m██[38;2;160;85;56m██[38;2;36;23;16m  [38;2;157;81;52m██[38;2;3;2;1m██[38;2;0;0;0m  [38;2;156;82;54m██[38;2;0;0;0m██████[38;2;20;12;9m  [38;2;100;69;42m  [38;2;128;90;54m██[38;2;120;85;51m██[38;2;139;99;60m██[38;2;127;90;54m██[38;2;134;95;59m██
[38;2;122;87;54m██[38;2;15;8;6m  [38;2;0;0;0m██████[38;2;67;27;17m██[38;2;0;0;0m██[38;2;150;72;44m██[38;2;193;119;86m██[38;2;181;122;88m██[38;2;165;112;80m██[38;2;215;145;110m██[38;2;224;158;122m██[38;2;223;157;120m██[38;2;195;121;88m██[38;2;186;111;79m██[38;2;196;121;88m██[38;2;188;110;78m██[38;2;210;130;95m██[38;2;137;64;38m██[38;2;0;0;0m██[38;2;223;150;113m██[38;2;90;35;19m  [38;2;0;0;0m████[38;2;92;64;38m  [38;2;111;78;46m██[38;2;131;93;56m██[38;2;119;84;51m██[38;2;126;90;54m  [38;2;128;91;55m██[38;2;85;58;36m██
[38;2;32;20;13m  [38;2;0;0;0m████████[38;2;113;47;27m██[38;2;0;0;0m  [38;2;195;117;84m██[38;2;210;138;103m██[38;2;215;144;109m██[38;2;219;151;115m██[38;2;238;173;134m██[38;2;192;144;111m  [38;2;237;179;140m██[38;2;225;161;124m██[38;2;194;122;89m██[38;2;184;109;77m██[38;2;179;104;72m██[38;2;211;139;104m██[38;2;199;129;95m██[38;2;136;100;77m  [38;2;178;129;99m  [38;2;169;109;81m██[38;2;0;0;0m██████[38;2;108;76;45m  [38;2;114;80;47m██[38;2;146;105;64m  [38;2;149;108;68m██[38;2;111;78;48m██[38;2;145;105;67m  
[38;2;0;0;0m████████[38;2;3;1;0m  [38;2;153;76;47m██[38;2;2;1;1m  [38;2;222;146;110m██[38;2;206;130;96m██[38;2;202;125;91m██[38;2;192;114;80m  [38;2;184;107;73m██[38;2;224;174;136m  [38;2;158;122;98m  [38;2;240;187;148m██[38;2;238;182;143m██[38;2;229;167;128m██[38;2;229;167;129m██[38;2;242;189;150m██[38;2;245;192;153m██[38;2;116;88;70m  [38;2;229;168;129m  [38;2;231;169;131m██[38;2;0;0;0m  ████[38;2;13;6;4m  [38;2;142;102;62m██[38;2;149;108;67m██[38;2;137;98;60m  [38;2;166;122;78m██[38;2;175;129;83m██
[38;2;0;0;0m████████[38;2;13;6;5m  [38;2;159;83;54m██[38;2;112;53;34m  [38;2;224;144;107m  [38;2;74;70;69m  [38;2;162;153;166m██[38;2;178;163;177m██[38;2;178;166;180m██[38;2;73;73;79m  [38;2;205;139;106m  [38;2;85;67;57m  [38;2;250;206;170m██[38;2;248;197;157m██[38;2;225;177;142m██[38;2;248;208;168m  [38;2;79;38;24m  [38;2;197;129;95m  [38;2;170;102;76m  [38;2;107;68;50m  [38;2;45;29;24m  [38;2;0;0;0m██[38;2;13;7;4m  [38;2;0;0;0m██[38;2;111;77;46m  [38;2;149;107;68m██[38;2;149;108;68m  [38;2;178;132;85m██[38;2;153;111;70m  
[38;2;0;0;0m████████[38;2;50;23;15m  [38;2;180;105;74m██[38;2;175;97;65m██[38;2;102;93;96m  [38;2;170;161;173m██[38;2;202;195;205m██[38;2;225;223;225m██[38;2;234;233;233m██[38;2;187;180;190m██[38;2;195;187;200m  [38;2;160;100;73m  [38;2;173;130;101m  [38;2;235;176;137m██[38;2;237;183;143m██[38;2;178;98;67m  [38;2;154;143;153m  [38;2;193;185;196m██[38;2;193;186;196m██[38;2;202;194;202m██[38;2;137;130;139m  [38;2;0;0;0m████[38;2;87;60;37m  [38;2;28;17;11m  [38;2;152;109;69m██[38;2;171;125;81m██[38;2;156;113;72m  [38;2;169;124;80m██
[38;2;0;0;0m████[38;2;9;4;2m██[38;2;0;0;0m██[38;2;102;55;37m██[38;2;198;121;87m██[38;2;181;114;85m  [38;2;182;172;184m██[38;2;195;188;196m██[38;2;238;237;238m██[38;2;238;238;238m██[38;2;239;238;239m██[38;2;156;148;156m██[38;2;223;220;222m██[38;2;96;55;38m  [38;2;202;127;93m██[38;2;202;140;105m██[38;2;109;66;48m  [38;2;137;129;139m  [38;2;198;192;202m██[38;2;232;231;232m██[38;2;239;238;239m██[38;2;179;170;180m██[38;2;180;171;184m██[38;2;25;22;21m  [38;2;14;6;4m  [38;2;38;24;17m  [38;2;108;75;45m██[38;2;182;135;89m██[38;2;172;127;82m██[38;2;164;119;77m██[38;2;180;133;87m██
[38;2;0;0;0m████[38;2;92;36;22m██[38;2;0;0;0m██[38;2;150;86;61m██[38;2;189;114;81m██[38;2;147;89;59m  [38;2;178;164;173m██[38;2;221;218;221m██[38;2;238;238;238m██████████[38;2;93;52;36m  [38;2;217;147;111m██[38;2;184;107;75m██[38;2;152;94;66m  [38;2;181;172;183m██[38;2;230;230;230m██[38;2;238;238;238m██[38;2;239;239;239m████[38;2;236;235;236m██[38;2;67;64;68m  [38;2;0;0;0m██[38;2;120;84;49m██[38;2;166;121;78m██[38;2;186;138;92m██[38;2;194;143;102m██[38;2;148;106;66m  [38;2;172;126;81m██
[38;2;0;0;0m██  [38;2;134;58;30m██[38;2;0;0;0m  [38;2;160;97;67m██[38;2;177;103;71m██[38;2;164;85;56m██[38;2;190;173;180m██[38;2;209;205;209m██[38;2;237;236;237m██[38;2;238;238;238m████[38;2;238;237;238m██[38;2;245;245;245m██[38;2;141;83;60m██[38;2;238;182;143m██[38;2;238;185;147m██[38;2;167;89;59m██[38;2;145;133;140m  [38;2;223;220;222m██[38;2;233;232;233m██[38;2;238;238;238m████[38;2;237;236;236m██[38;2;17;12;11m  [38;2;0;0;0m████[38;2;184;136;89m██[38;2;170;124;81m██[38;2;182;135;89m██[38;2;192;142;102m██[38;2;213;167;131m██
[38;2;0;0;0m██[38;2;7;2;1m██[38;2;155;79;50m██[38;2;57;23;13m  [38;2;130;75;54m██[38;2;164;88;58m██[38;2;143;69;41m██[38;2;17;16;16m  [38;2;190;172;172m██[38;2;214;212;216m██[38;2;232;231;232m██[38;2;238;237;238m██[38;2;244;244;244m██[38;2;87;76;73m  [38;2;229;166;128m██[38;2;248;198;158m██[38;2;255;207;166m██[38;2;158;81;52m██[38;2;113;50;30m  [38;2;216;205;207m██[38;2;223;220;223m██[38;2;237;236;237m██[38;2;234;233;234m██[38;2;111;99;101m  [38;2;114;80;48m  [38;2;161;116;74m  [38;2;155;112;72m  [38;2;53;34;21m  [38;2;181;133;87m██[38;2;188;139;94m██[38;2;191;144;110m██[38;2;3;2;1m  
[38;2;0;0;0m██[38;2;14;7;4m  [38;2;181;106;74m██[38;2;142;67;39m██[38;2;57;33;23m  [38;2;175;99;69m██[38;2;151;76;48m██[38;2;134;61;34m██[38;2;43;18;14m  [38;2;122;109;109m  [38;2;154;152;159m  [38;2;112;106;109m  [38;2;133;78;55m██[38;2;230;167;129m██[38;2;238;181;142m██[38;2;249;198;158m██[38;2;243;190;150m██[38;2;252;205;165m██[38;2;168;99;70m██[38;2;33;21;17m  [38;2;101;83;81m  [38;2;116;82;75m  [38;2;112;46;23m██[38;2;165;88;59m██[38;2;74;51;31m  [38;2;157;113;72m██[38;2;166;121;79m██[38;2;182;135;89m██[38;2;188;139;92m██[38;2;115;86;67m  [38;2;2;1;0m  [38;2;2;1;1m  
[38;2;0;0;0m██[38;2;15;7;4m  [38;2;194;117;82m██[38;2;170;94;64m██[38;2;155;93;67m██[38;2;203;127;93m████[38;2;202;127;93m██[38;2;193;118;85m██[38;2;197;121;86m██[38;2;208;133;98m██[38;2;219;151;114m██[38;2;226;160;123m██[38;2;211;169;136m  [38;2;23;15;12m  [38;2;250;200;160m██[38;2;188;156;131m  [38;2;234;191;155m  [38;2;233;219;198m██[38;2;222;177;140m██[38;2;241;185;146m██[38;2;146;107;83m  [38;2;166;122;96m  [38;2;77;59;47m  [38;2;79;54;35m  [38;2;149;107;67m  [38;2;164;120;77m██[38;2;185;140;107m██[38;2;2;2;1m  [38;2;6;4;3m  [38;2;0;0;0m  [38;2;4;2;2m  
[38;2;24;11;6m  [38;2;8;5;2m  [38;2;197;117;83m██[38;2;192;115;82m██[38;2;196;120;86m██[38;2;207;132;98m██[38;2;210;138;103m██[38;2;214;142;108m██[38;2;219;152;115m██[38;2;228;165;127m██[38;2;230;168;130m██[38;2;235;188;152m██[38;2;131;58;34m██[38;2;159;83;54m██[38;2;168;92;63m██[38;2;165;96;67m██[38;2;166;154;150m  [38;2;194;120;87m██[38;2;169;89;58m██[38;2;156;80;52m██[38;2;152;75;46m██[38;2;122;61;41m██[38;2;242;182;143m██[38;2;255;209;167m██[38;2;75;57;48m  [38;2;138;98;60m  [38;2;18;11;8m  [38;2;0;0;0m  [38;2;7;5;4m  [38;2;6;4;3m  [38;2;0;0;0m  [38;2;3;1;1m  
[38;2;91;40;24m  [38;2;4;3;1m  [38;2;198;118;83m██[38;2;196;119;86m██[38;2;206;131;96m██[38;2;209;136;101m██[38;2;213;142;107m██[38;2;219;152;116m██[38;2;231;170;132m██[38;2;239;181;142m██[38;2;242;203;169m██[38;2;186;111;80m██[38;2;153;92;66m  [38;2;223;173;136m  [38;2;254;205;163m██[38;2;184;150;121m  [38;2;165;198;211m  [38;2;219;152;115m██[38;2;230;170;132m██[38;2;244;192;151m██[38;2;253;213;173m██[38;2;209;195;181m  [38;2;141;113;90m  [38;2;255;207;166m██[38;2;19;15;14m  [38;2;0;0;0m      [38;2;15;13;11m  [38;2;102;98;103m  [38;2;255;255;255m██[38;2;2;1;1m  
[38;2;162;87;58m██[38;2;134;66;42m██[38;2;198;121;87m██[38;2;204;129;94m██[38;2;208;133;98m██[38;2;211;139;104m██[38;2;217;149;113m██[38;2;226;162;124m██[38;2;239;183;144m██[38;2;247;197;157m██[38;2;205;126;91m██[38;2;106;100;107m  [38;2;175;163;178m██[38;2;199;191;201m██[38;2;225;220;226m██[38;2;170;166;173m██[38;2;148;145;153m██[38;2;130;130;134m██[38;2;205;203;208m██[38;2;222;220;226m██[38;2;192;184;194m██[38;2;70;58;54m  [38;2;242;195;157m██[38;2;254;207;166m██[38;2;2;1;0m  [38;2;103;99;103m  [38;2;237;234;233m  [38;2;255;255;255m████████[38;2;51;48;51m  
[38;2;169;91;60m██[38;2;167;91;61m██[38;2;194;117;83m██[38;2;205;130;95m██[38;2;209;134;99m██[38;2;214;145;109m██[38;2;225;161;124m██[38;2;233;173;135m██[38;2;246;194;155m██[38;2;221;154;118m██[38;2;51;48;51m  [38;2;179;171;182m██[38;2;240;241;241m██[38;2;240;240;240m██[38;2;249;250;249m██[38;2;252;253;251m██[38;2;251;251;251m  [38;2;250;250;249m██[38;2;242;242;242m██[38;2;238;238;238m██[38;2;239;239;239m██[38;2;165;155;169m██[38;2;255;218;173m██[38;2;233;179;144m  [38;2;253;254;254m  [38;2;255;255;255m████████[38;2;254;254;254m██[38;2;251;251;251m██[38;2;255;255;255m██
[38;2;176;99;68m██[38;2;173;97;66m██[38;2;188;113;79m██[38;2;208;132;97m██[38;2;209;136;101m██[38;2;223;158;121m██[38;2;229;166;128m██[38;2;240;185;146m██[38;2;252;203;163m██[38;2;173;105;77m██[38;2;62;60;63m  [38;2;3;3;3m  [38;2;4;4;4m██[38;2;37;4;1m██[38;2;40;8;3m██[38;2;44;9;4m██[38;2;19;4;2m██[38;2;77;71;74m  [38;2;130;124;133m  [38;2;89;85;91m  [38;2;74;70;73m  [38;2;146;146;148m  [38;2;254;210;169m██[38;2;128;98;76m  [38;2;214;234;238m  [38;2;255;255;255m████[38;2;8;6;6m  [38;2;218;214;217m██[38;2;1;0;0m██[38;2;0;0;0m██[38;2;231;228;230m██
[38;2;141;74;56m██[38;2;168;92;62m██[38;2;180;107;74m██[38;2;208;132;97m██[38;2;214;143;108m██[38;2;225;160;123m██[38;2;232;171;133m██[38;2;242;190;150m██[38;2;236;194;157m██[38;2;8;4;2m██[38;2;71;26;16m  [38;2;0;0;0m████[38;2;29;27;27m  [38;2;32;3;1m██[38;2;28;6;2m██[38;2;26;5;2m██[38;2;134;125;134m  [38;2;154;145;159m██[38;2;156;148;159m██[38;2;162;153;167m██[38;2;34;27;24m  [38;2;247;196;157m██[38;2;69;48;36m  [38;2;34;37;37m  [38;2;255;255;255m██[38;2;180;178;181m██[38;2;179;176;179m  [38;2;158;156;159m  [38;2;255;255;255m██[38;2;10;9;9m  [38;2;255;255;255m██
[38;2;131;56;28m██[38;2;123;63;44m██[38;2;175;98;68m██[38;2;204;128;94m██[38;2;217;148;111m██[38;2;225;161;124m██[38;2;236;178;139m██[38;2;245;195;155m██[38;2;115;78;58m  [38;2;0;0;0m  [38;2;26;7;4m██[38;2;100;43;30m██[38;2;0;0;0m██[38;2;5;5;5m  [38;2;35;8;5m██[38;2;42;10;5m██[38;2;56;18;10m  [38;2;68;22;13m██[38;2;83;30;19m██[38;2;102;44;30m██[38;2;108;48;35m██[38;2;71;50;43m  [38;2;240;186;146m██[38;2;10;9;8m  [38;2;57;51;55m  [38;2;255;255;255m██[38;2;66;62;65m  [38;2;247;246;246m██[38;2;255;255;255m██[38;2;7;7;7m  [38;2;244;244;245m  [38;2;253;252;253m██
[38;2;164;87;57m██[38;2;122;58;37m██[38;2;174;96;65m██[38;2;199;124;90m██[38;2;211;140;105m██[38;2;224;158;122m██[38;2;239;182;143m██[38;2;244;197;160m██[38;2;53;19;8m  [38;2;23;23;24m  [38;2;0;0;0m████████[38;2;13;4;2m██[38;2;44;10;5m██[38;2;58;16;10m  [38;2;71;25;17m██[38;2;85;34;22m██[38;2;93;37;25m██[38;2;113;67;51m  [38;2;66;31;20m  [38;2;235;176;137m██[38;2;7;7;7m  [38;2;54;48;52m  [38;2;255;255;255m██[38;2;15;14;14m██[38;2;255;255;255m████[38;2;179;178;179m  [38;2;255;255;255m██[38;2;255;254;255m██
[38;2;187;114;81m██[38;2;180;105;73m██[38;2;119;66;47m██[38;2;185;112;79m██[38;2;208;133;98m██[38;2;223;158;121m██[38;2;237;181;142m██[38;2;249;197;156m██[38;2;18;3;1m  [38;2;92;36;24m██[38;2;57;21;13m  [38;2;85;34;23m██[38;2;92;37;25m██[38;2;95;39;26m██[38;2;53;21;14m  [38;2;47;11;6m██[38;2;63;22;14m  [38;2;76;29;18m██[38;2;85;36;24m██[38;2;91;37;24m██[38;2;102;45;32m██[38;2;90;57;43m██[38;2;235;173;135m██[38;2;227;243;246m  [38;2;41;39;40m  [38;2;255;255;255m██[38;2;15;14;15m  [38;2;255;255;255m██[38;2;129;125;128m  [38;2;185;183;184m██[38;2;255;255;255m██[38;2;171;163;160m  
[38;2;38;22;14m  [38;2;176;100;70m██[38;2;29;14;8m  [38;2;180;105;72m██[38;2;210;138;102m██[38;2;211;139;104m██[38;2;236;178;139m██[38;2;253;201;159m██[38;2;74;29;18m  [38;2;107;48;35m██[38;2;103;45;32m██[38;2;62;24;15m██[38;2;112;51;37m██[38;2;111;52;37m██[38;2;109;50;36m██[38;2;31;9;5m██[38;2;62;21;12m  [38;2;74;27;17m██[38;2;82;31;20m██[38;2;98;57;43m  [38;2;100;43;30m██[38;2;83;47;36m  [38;2;235;171;132m██[38;2;228;244;247m  [38;2;0;0;0m  [38;2;255;255;255m██[38;2;238;236;239m██[38;2;255;255;255m████████[38;2;159;154;153m  
[38;2;3;2;1m  [38;2;141;63;36m██[38;2;92;36;21m██[38;2;145;79;57m██[38;2;197;125;92m██[38;2;192;119;87m██[38;2;235;177;138m██[38;2;254;209;167m██[38;2;110;53;38m  [38;2;119;56;41m██[38;2;131;67;49m██[38;2;133;68;50m██[38;2;120;61;44m██[38;2;141;75;56m██[38;2;146;78;59m██[38;2;81;44;32m██[38;2;62;19;13m██[38;2;65;21;12m██[38;2;72;25;16m██[38;2;79;30;19m██[38;2;93;38;26m██[38;2;63;28;19m  [38;2;236;173;135m██[38;2;228;244;247m  [38;2;5;2;1m  [38;2;0;0;0m  [38;2;251;251;252m██[38;2;255;255;255m████████[38;2;135;130;135m  
[38;2;14;7;4m  [38;2;81;40;26m  [38;2;136;62;36m██[38;2;73;36;25m██[38;2;184;110;77m██[38;2;201;124;90m██[38;2;235;173;133m██[38;2;254;205;164m██[38;2;88;33;22m  [38;2;140;75;56m██[38;2;155;91;71m  [38;2;156;83;67m██[38;2;161;86;72m██[38;2;113;61;45m██[38;2;115;62;46m██[38;2;151;83;65m██[38;2;54;41;37m  [38;2;41;19;14m  [38;2;38;17;10m  [38;2;72;25;16m██[38;2;88;38;26m██[38;2;77;35;24m  [38;2;207;153;119m██[38;2;228;244;247m  [38;2;5;2;1m  [38;2;0;0;0m    [38;2;255;255;255m██[38;2;30;27;28m  [38;2;1;0;0m  [38;2;8;6;6m  [38;2;3;2;1m  
[38;2;2;1;0m  [38;2;58;26;16m  [38;2;160;84;54m██[38;2;129;60;38m  [38;2;178;99;68m██[38;2;191;115;82m██[38;2;202;139;104m  [38;2;245;193;154m██[38;2;74;38;26m  [38;2;166;103;83m  [38;2;168;98;77m██[38;2;188;107;92m██[38;2;197;113;97m██[38;2;208;123;108m██[38;2;191;110;95m██[38;2;181;103;88m██[38;2;150;83;66m██[38;2;202;117;102m██[38;2;212;127;110m██[38;2;139;76;59m██[38;2;81;31;20m██[38;2;91;36;25m  [38;2;228;171;133m██[38;2;183;195;197m  [38;2;6;4;3m  [38;2;47;50;50m  [38;2;50;52;52m  [38;2;51;51;51m  [38;2;54;53;52m  [38;2;2;1;1m  [38;2;5;3;2m  [38;2;2;1;1m  
[38;2;3;2;1m  [38;2;96;39;22m██[38;2;159;87;59m██[38;2;165;89;60m██[38;2;108;60;43m██[38;2;179;106;74m██[38;2;120;75;58m  [38;2;235;177;138m██[38;2;114;86;65m  [38;2;168;97;76m██[38;2;186;106;91m██[38;2;214;128;112m██[38;2;231;141;125m██[38;2;235;143;127m██[38;2;237;145;129m██[38;2;242;151;134m██[38;2;245;153;136m██[38;2;241;150;134m██[38;2;244;153;136m██[38;2;249;157;140m██[38;2;62;20;12m  [38;2;86;33;22m██[38;2;243;212;171m██[38;2;6;4;3m  [38;2;2;1;1m  [38;2;227;243;245m  [38;2;242;252;253m  [38;2;6;4;3m    [38;2;5;3;2m  [38;2;1;1;1m  [38;2;4;3;2m  
[38;2;18;7;4m██[38;2;134;60;34m██[38;2;140;75;54m██[38;2;185;109;77m██[38;2;110;59;44m██[38;2;185;109;76m██[38;2;149;85;60m██[38;2;227;162;125m██[38;2;247;184;144m██[38;2;168;92;72m██[38;2;186;121;101m██[38;2;215;130;114m██[38;2;242;151;134m██[38;2;245;161;146m██[38;2;248;174;162m██[38;2;245;162;147m██[38;2;244;153;136m██[38;2;245;154;137m██[38;2;247;167;154m██[38;2;237;168;147m  [38;2;45;25;19m  [38;2;66;23;14m██[38;2;234;191;155m  [38;2;28;7;3m██[38;2;75;19;11m  [38;2;3;0;0m  [38;2;200;208;209m  [38;2;7;5;4m  [38;2;3;2;1m  [38;2;5;3;2m  [38;2;2;1;1m  [38;2;4;3;2m  
[38;2;97;40;24m██[38;2;129;57;31m██[38;2;121;59;43m██[38;2;196;121;87m██[38;2;174;98;67m██[38;2;68;46;29m██[38;2;179;102;70m██[38;2;179;119;88m██[38;2;229;164;126m██[38;2;124;110;102m  [38;2;130;69;50m██[38;2;172;96;78m██[38;2;181;103;87m██[38;2;193;111;96m██[38;2;205;120;104m██[38;2;200;117;101m██[38;2;205;120;104m██[38;2;186;105;91m██[38;2;203;119;104m██[38;2;61;50;47m  [38;2;133;126;133m██[38;2;212;206;215m  [38;2;116;89;71m  [38;2;131;24;18m██[38;2;131;35;27m  [38;2;112;26;19m  [38;2;79;25;16m  [38;2;3;2;1m  [38;2;6;4;3m  [38;2;2;1;1m  [38;2;2;2;1m  [38;2;5;3;2m  
[38;2;67;24;15m  [38;2;90;36;22m██[38;2;122;53;29m██[38;2;151;85;61m██[38;2;180;128;101m██[38;2;137;70;51m██[38;2;82;42;28m██[38;2;85;48;35m  [38;2;224;163;126m██[38;2;226;165;125m  [38;2;158;149;162m██[38;2;77;74;78m  [38;2;102;95;98m  [38;2;102;74;67m  [38;2;105;61;47m  [38;2;31;14;7m  [38;2;117;65;48m██[38;2;94;50;34m██[38;2;94;49;33m██[38;2;38;35;37m  [38;2;191;186;190m██[38;2;241;241;241m██[38;2;88;66;49m  [38;2;125;20;14m██[38;2;75;15;9m  [38;2;158;36;27m██[38;2;153;33;25m██[38;2;22;6;3m  [38;2;5;3;3m  [38;2;5;3;2m  [38;2;4;2;2m    
[38;2;132;28;21m██[38;2;134;29;21m██[38;2;63;24;15m██[38;2;120;63;44m  [38;2;147;87;65m  [38;2;181;107;75m██[38;2;99;40;22m██[38;2;78;39;26m██[38;2;155;99;73m██[38;2;227;163;126m██[38;2;165;120;89m  [38;2;84;80;85m  [38;2;184;174;186m██[38;2;235;233;234m██[38;2;242;242;242m██[38;2;243;243;242m██[38;2;242;243;243m██[38;2;243;243;243m██[38;2;243;242;242m██[38;2;241;241;241m██[38;2;228;225;227m██[38;2;141;134;145m  [38;2;232;193;158m██[38;2;90;16;10m██[38;2;169;49;39m  [38;2;156;35;26m██[38;2;134;28;20m██[38;2;148;31;23m██[38;2;1;2;1m  [38;2;4;3;1m  [38;2;4;3;2m  [38;2;3;2;1m  
[38;2;145;33;25m██[38;2;84;16;11m██[38;2;123;26;19m██[38;2;107;32;22m  [38;2;100;49;34m██[38;2;138;72;52m██[38;2;140;71;50m██[38;2;113;47;25m██[38;2;62;24;14m  [38;2;173;107;80m██[38;2;220;153;117m██[38;2;231;167;128m██[38;2;203;145;109m██[38;2;133;92;65m  [38;2;117;85;71m  [38;2;113;91;85m  [38;2;110;94;92m  [38;2;105;88;86m  [38;2;106;92;92m  [38;2;111;85;74m  [38;2;161;124;98m  [38;2;237;202;171m██[38;2;86;56;43m  [38;2;134;28;20m██[38;2;190;63;53m  [38;2;138;30;22m██[38;2;139;29;21m██[38;2;161;45;36m  [38;2;89;17;12m██[38;2;2;1;0m  [38;2;3;2;1m  [38;2;5;3;2m  
[38;2;74;14;9m██[38;2;132;41;31m  [38;2;117;23;16m██[38;2;122;25;18m██[38;2;145;43;32m  [38;2;93;43;29m  [38;2;147;74;48m██[38;2;137;64;39m██[38;2;132;56;29m██[38;2;114;46;24m██[38;2;84;43;31m██[38;2;159;93;68m██[38;2;192;124;93m██[38;2;171;124;97m  [38;2;178;132;104m  [38;2;186;145;116m  [38;2;203;163;132m██[38;2;204;164;132m██[38;2;190;152;123m██[38;2;103;80;64m  [38;2;65;33;24m  [38;2;145;31;22m  [38;2;172;44;33m  [38;2;149;32;23m██[38;2;142;29;21m  [38;2;139;27;19m  [38;2;133;29;21m  [38;2;167;42;33m  [38;2;101;19;14m██[38;2;111;30;22m  [38;2;4;3;2m  [38;2;2;2;1m  [0m
