
[38;2;0;0;0m              [38;2;20;18;18m  [38;2;54;46;46m██[38;2;41;35;35m  [38;2;1;1;1m  [38;2;0;0;0m    [38;2;38;31;31m  [38;2;54;49;49m  [38;2;5;5;5m  [38;2;0;0;0m      [38;2;13;10;5m  [38;2;0;0;0m                                
[38;2;0;0;0m              [38;2;4;4;4m  [38;2;65;56;56m  [38;2;64;55;55m██[38;2;51;44;44m  [38;2;0;0;0m  [38;2;4;4;4m  [38;2;13;11;11m  [38;2;46;40;40m  [38;2;68;59;59m██[38;2;76;68;48m  [38;2;0;0;0m  [38;2;36;13;17m  [38;2;102;36;47m  [38;2;0;0;0m                                
[38;2;0;0;0m      [38;2;46;40;40m  [38;2;39;34;34m  [38;2;0;0;0m  [38;2;1;1;0m  [38;2;0;0;0m  [38;2;5;4;4m  [38;2;71;61;60m██[38;2;67;58;58m██[38;2;42;36;36m  [38;2;4;4;3m  [38;2;73;63;50m  [38;2;66;59;47m  [38;2;84;76;65m██[38;2;113;102;77m  [38;2;164;144;92m  [38;2;59;37;35m  [38;2;139;49;64m██[38;2;86;30;39m  [38;2;0;0;0m                              
[38;2;0;0;0m      [38;2;11;8;8m  [38;2;71;60;60m██[38;2;12;11;11m  [38;2;74;63;55m  [38;2;37;0;0m  [38;2;30;25;23m  [38;2;126;109;71m██[38;2;219;188;112m██[38;2;235;201;120m██[38;2;239;206;127m██[38;2;240;207;129m████[38;2;242;212;139m██[38;2;241;212;138m██[38;2;244;217;150m██[38;2;254;240;199m██[38;2;201;188;155m██[38;2;143;59;71m██[38;2;93;43;45m  [38;2;0;0;0m                            
[38;2;0;0;0m      [38;2;52;45;45m  [38;2;71;61;60m██[38;2;52;44;44m  [38;2;50;41;35m  [38;2;151;108;70m██[38;2;232;196;117m██[38;2;237;203;121m████████████████████[38;2;251;232;180m██[38;2;254;240;199m██[38;2;156;130;113m██[38;2;172;62;72m  [38;2;4;3;2m  [38;2;0;0;0m                        
[38;2;0;0;0m        [38;2;57;38;33m  [38;2;152;108;70m██[38;2;170;120;79m██[38;2;217;178;108m██[38;2;237;203;121m████████[38;2;237;202;121m██[38;2;237;203;121m██[38;2;190;163;96m██[38;2;194;163;97m██[38;2;242;218;158m██[38;2;249;227;170m██[38;2;239;212;142m██[38;2;253;236;189m██[38;2;194;179;138m██[38;2;246;220;156m██[38;2;181;162;131m██[38;2;106;35;49m██[38;2;54;25;28m  [38;2;4;2;2m  [38;2;0;0;0m                    
[38;2;0;0;0m      [38;2;119;92;56m  [38;2;121;48;55m██[38;2;112;45;51m██[38;2;174;125;81m██[38;2;237;203;121m████[38;2;236;203;121m██[38;2;237;203;121m██[38;2;237;203;120m██[38;2;176;150;89m██[38;2;206;173;104m██[38;2;126;108;69m██[38;2;200;175;153m██[38;2;174;152;117m██[38;2;216;200;155m██[38;2;244;217;151m██[38;2;154;133;82m██[38;2;237;203;121m██[38;2;207;177;105m██[38;2;234;198;118m██[38;2;139;100;69m██[38;2;138;47;64m██[38;2;86;45;41m  [38;2;0;0;0m                    
[38;2;0;0;0m      [38;2;166;119;77m██[38;2;139;48;64m████[38;2;181;138;87m██[38;2;237;203;121m██[38;2;237;203;120m██[38;2;204;175;105m██[38;2;233;199;121m██[38;2;232;196;117m██[38;2;223;201;146m██[38;2;151;130;105m██[38;2;251;226;210m████[38;2;251;226;208m██[38;2;250;225;209m██[38;2;148;127;78m██[38;2;170;145;86m██[38;2;120;100;67m██[38;2;237;203;121m██[38;2;152;122;74m██[38;2;236;202;120m██[38;2;138;47;63m██[38;2;36;29;16m  [38;2;0;0;0m                    
[38;2;0;0;0m    [38;2;121;97;59m  [38;2;163;114;76m██[38;2;138;47;64m████[38;2;86;57;41m██[38;2;238;205;125m██[38;2;237;203;121m██[38;2;251;237;193m██[38;2;249;231;182m██[38;2;230;213;171m██[38;2;239;211;139m██[38;2;249;224;203m██[38;2;252;226;210m██[38;2;252;226;211m██[38;2;252;227;211m██[38;2;250;224;203m██[38;2;211;190;171m██[38;2;25;20;12m██[38;2;84;75;67m██[38;2;84;73;47m██[38;2;233;197;118m██[38;2;206;171;103m██[38;2;104;63;50m██[38;2;0;0;0m                      
[38;2;0;0;0m  [38;2;121;114;59m  [38;2;169;119;78m██[38;2;139;78;65m██[38;2;138;47;64m████[38;2;121;49;58m██[38;2;250;230;176m██[38;2;248;226;168m██[38;2;223;191;119m██[38;2;245;219;156m██[38;2;157;124;104m██[38;2;235;201;120m██[38;2;169;148;104m██[38;2;252;226;209m██[38;2;252;227;211m████[38;2;244;219;204m██[38;2;77;28;29m██[38;2;129;37;43m██[38;2;118;42;45m██[38;2;238;232;220m██[38;2;153;120;100m██[38;2;132;101;64m██[38;2;178;153;91m██[38;2;220;189;112m██[38;2;42;39;28m  [38;2;0;0;0m                  
[38;2;0;0;0m  [38;2;56;43;26m  [38;2;109;80;51m██[38;2;127;97;61m██[38;2;130;51;60m██[38;2;140;49;65m██[38;2;137;48;64m██[38;2;225;209;167m██[38;2;244;216;148m██[38;2;139;110;68m██[38;2;237;203;121m██[38;2;114;91;73m██[38;2;176;132;118m██[38;2;110;94;56m██[38;2;163;143;119m██[38;2;251;226;208m██[38;2;252;227;211m████[38;2;224;199;185m██[38;2;136;38;46m██[38;2;138;40;47m██[38;2;98;53;56m██[38;2;240;219;205m██[38;2;62;49;40m██[38;2;214;183;109m██[38;2;239;207;129m██[38;2;253;240;198m██[38;2;11;11;8m  [38;2;0;0;0m                
[38;2;124;42;57m██[38;2;104;47;48m██[38;2;172;123;79m██[38;2;201;160;99m██[38;2;168;124;79m██[38;2;134;51;62m██[38;2;138;48;64m██[38;2;125;95;62m██[38;2;237;203;120m██[38;2;207;169;102m██[38;2;156;132;79m██[38;2;40;34;20m██[38;2;44;35;21m██[38;2;86;31;31m██[38;2;105;39;42m██[38;2;252;226;211m██[38;2;251;225;204m██[38;2;252;227;211m██[38;2;252;226;211m██[38;2;190;173;161m██[38;2;182;148;149m██[38;2;140;43;51m██[38;2;128;82;85m██[38;2;247;224;207m██[38;2;112;96;59m██[38;2;234;200;119m██[38;2;252;234;184m██[38;2;241;227;187m  [38;2;0;0;0m                
[38;2;140;51;65m██[38;2;114;62;54m██[38;2;177;129;82m██[38;2;237;203;121m████[38;2;164;134;82m██[38;2;95;53;46m██[38;2;196;162;99m██[38;2;232;199;118m██[38;2;201;172;102m██[38;2;149;141;122m██[38;2;118;58;52m██[38;2;110;44;41m██[38;2;138;39;47m████[38;2;108;52;52m██[38;2;251;226;208m██[38;2;252;226;211m████[38;2;252;227;211m██[38;2;125;91;90m██[38;2;213;90;106m██[38;2;169;69;79m██[38;2;241;208;193m██[38;2;254;215;200m██[38;2;217;187;164m██[38;2;239;209;138m██[38;2;254;239;195m██[38;2;135;128;103m  [38;2;0;0;0m              
[38;2;51;10;10m  [38;2;123;77;57m██[38;2;165;123;77m██[38;2;237;203;121m████[38;2;233;198;119m██[38;2;134;46;62m██[38;2;138;47;64m██[38;2;65;43;32m██[38;2;237;203;121m██[38;2;99;85;50m██[38;2;251;247;244m██[38;2;138;57;58m██[38;2;143;47;51m██[38;2;138;39;47m██[38;2;135;38;46m██[38;2;135;109;98m██[38;2;251;226;209m██[38;2;252;227;211m██████[38;2;202;178;165m██[38;2;253;216;202m██[38;2;254;211;197m████[38;2;253;216;200m██[38;2;223;197;133m██[38;2;254;239;194m██[38;2;244;231;191m██[38;2;7;7;6m  [38;2;0;0;0m            
[38;2;0;0;0m  [38;2;87;59;41m  [38;2;196;152;95m██[38;2;236;203;121m██[38;2;237;203;121m████[38;2;119;68;57m██[38;2;137;46;63m██[38;2;159;126;79m██[38;2;167;143;85m██[38;2;228;196;116m██[38;2;206;164;151m██[38;2;232;229;229m██[38;2;237;229;222m██[38;2;165;65;73m██[38;2;211;89;104m██[38;2;210;90;105m██[38;2;201;181;168m██[38;2;252;227;211m████████[38;2;254;215;201m██[38;2;254;211;197m██[38;2;254;214;200m██[38;2;242;214;188m██[38;2;241;213;146m██[38;2;243;215;144m██[38;2;253;236;189m██[38;2;133;126;103m  [38;2;0;0;0m            
[38;2;29;29;14m  [38;2;117;77;55m██[38;2;233;198;118m██[38;2;186;154;93m██[38;2;237;203;121m██[38;2;237;203;120m██[38;2;235;201;120m██[38;2;137;55;64m██[38;2;145;122;73m██[38;2;171;147;89m██[38;2;201;153;144m██[38;2;227;188;176m██[38;2;252;227;211m██[38;2;197;196;196m██[38;2;206;86;100m██[38;2;138;51;58m██[38;2;176;152;142m██[38;2;250;225;209m██[38;2;252;226;211m██[38;2;252;227;211m██[38;2;252;226;211m████[38;2;253;225;209m██[38;2;254;222;206m██[38;2;252;227;210m██[38;2;197;174;120m██[38;2;220;188;112m██[38;2;237;203;121m██[38;2;218;179;109m██[38;2;246;229;182m██[38;2;0;0;0m            
[38;2;108;39;49m  [38;2;119;73;56m██[38;2;229;192;115m██[38;2;190;146;92m██[38;2;237;203;122m██[38;2;237;203;121m████[38;2;171;147;87m██[38;2;213;188;155m██[38;2;153;134;124m██[38;2;251;226;206m██[38;2;252;226;211m████[38;2;252;227;211m██[38;2;215;185;171m██[38;2;254;210;197m██[38;2;254;210;196m██[38;2;254;212;198m██[38;2;252;227;211m████[38;2;252;226;211m████[38;2;252;227;211m██[38;2;252;226;211m██[38;2;149;120;107m██[38;2;231;205;144m██[38;2;158;138;92m██[38;2;239;206;127m██[38;2;236;201;120m██[38;2;158;124;76m██[38;2;139;107;70m  [38;2;111;90;65m  [38;2;0;0;0m        
[38;2;26;23;13m  [38;2;110;48;51m  [38;2;204;162;99m██[38;2;231;195;116m██[38;2;209;169;109m██[38;2;238;205;125m██[38;2;237;203;121m██[38;2;153;135;109m██[38;2;241;209;189m██[38;2;200;145;137m██[38;2;215;174;163m██[38;2;252;227;211m████[38;2;253;226;210m██[38;2;254;213;198m██[38;2;254;210;196m████[38;2;254;212;198m██[38;2;252;227;211m██[38;2;157;141;131m██[38;2;252;227;211m████[38;2;252;227;210m██[38;2;177;146;129m██[38;2;235;200;119m██[38;2;237;203;121m██████[38;2;238;204;122m██[38;2;237;203;121m██[38;2;202;160;99m██[38;2;127;84;36m  [38;2;0;0;0m        
[38;2;0;0;0m  [38;2;79;71;15m  [38;2;165;120;77m██[38;2;236;203;121m██[38;2;187;140;89m██[38;2;243;215;145m██[38;2;238;204;124m██[38;2;185;159;97m██[38;2;250;225;207m██[38;2;195;137;130m██[38;2;115;85;80m██[38;2;227;186;175m██[38;2;252;227;211m████[38;2;254;216;202m██[38;2;254;212;197m██[38;2;254;212;198m██[38;2;253;225;209m██[38;2;252;227;211m██████[38;2;248;220;205m██[38;2;141;104;87m██[38;2;171;121;79m██[38;2;176;127;82m██[38;2;222;184;111m██[38;2;229;196;117m██[38;2;128;109;72m██[38;2;236;202;120m██[38;2;237;203;121m████[38;2;224;187;112m██[38;2;6;3;2m  [38;2;0;0;0m      
[38;2;0;0;0m    [38;2;125;93;59m  [38;2;223;186;112m██[38;2;225;188;113m██[38;2;207;165;101m██[38;2;248;224;165m██[38;2;247;223;162m██[38;2;238;227;187m██[38;2;167;150;114m██[38;2;230;201;134m██[38;2;97;77;63m██[38;2;223;180;169m██[38;2;252;227;211m████[38;2;253;225;209m██[38;2;252;227;211m████[38;2;252;226;211m██[38;2;252;227;211m██[38;2;175;131;124m██[38;2;107;91;67m██[38;2;127;95;64m██[38;2;90;69;50m██[38;2;70;55;44m██[38;2;49;37;27m██[38;2;54;42;42m██[38;2;52;39;43m██[38;2;211;190;175m██[38;2;234;201;119m██[38;2;237;203;121m████[38;2;213;178;106m  [38;2;0;0;0m      
[38;2;0;0;0m    [38;2;167;130;74m  [38;2;155;109;71m██[38;2;235;200;119m██[38;2;180;131;84m██[38;2;237;203;121m██[38;2;253;236;189m██[38;2;255;240;199m██[38;2;254;239;195m██[38;2;242;217;153m██[38;2;158;139;97m██[38;2;212;182;154m██[38;2;204;159;149m██[38;2;244;211;195m██[38;2;248;221;205m██[38;2;236;212;197m██[38;2;152;136;126m██[38;2;41;32;31m██[38;2;33;25;26m██[38;2;57;44;46m██[38;2;60;51;51m██[38;2;47;40;40m██[38;2;39;31;33m██[38;2;55;41;46m██[38;2;70;60;60m██[38;2;71;60;60m██[38;2;31;24;25m██[38;2;67;57;48m██[38;2;218;188;112m██[38;2;237;203;121m██[38;2;239;204;122m██[38;2;237;203;121m██[38;2;42;31;19m  [38;2;0;0;0m    
[38;2;0;0;0m      [38;2;102;54;6m  [38;2;189;145;91m██[38;2;177;128;83m██[38;2;236;201;119m██[38;2;237;203;121m██[38;2;242;213;140m██[38;2;252;234;187m██[38;2;194;174;121m██[38;2;236;210;152m██[38;2;157;111;72m██[38;2;163;119;76m██[38;2;113;81;53m██[38;2;65;46;30m██[38;2;41;32;29m██[38;2;49;36;38m██[38;2;57;44;48m██[38;2;56;48;48m██[38;2;134;117;85m██[38;2;212;188;132m██[38;2;59;51;50m██[38;2;71;60;60m██[38;2;48;41;40m██[38;2;42;30;35m██[38;2;44;35;37m██[38;2;62;53;51m██[38;2;65;55;49m██[38;2;222;189;115m██[38;2;237;202;121m██[38;2;237;203;121m██[38;2;239;205;125m██[38;2;134;96;62m  [38;2;0;0;0m    
[38;2;0;0;0m      [38;2;15;11;8m  [38;2;173;123;80m██[38;2;189;143;90m██[38;2;231;195;117m██[38;2;237;202;120m██[38;2;237;203;121m████[38;2;228;196;117m██[38;2;144;123;74m  [38;2;99;73;46m  [38;2;170;120;79m████[38;2;128;98;71m██[38;2;39;29;33m██[38;2;56;43;46m██[38;2;60;49;51m██[38;2;71;60;60m████[38;2;71;61;60m████[38;2;71;61;55m██[38;2;71;61;61m██[38;2;52;44;43m██[38;2;94;43;48m██[38;2;123;91;59m██[38;2;169;120;78m██[38;2;176;127;82m██[38;2;235;201;119m██[38;2;237;203;121m████[38;2;164;123;84m  [38;2;0;0;0m    
[38;2;0;0;0m      [38;2;88;74;48m  [38;2;136;96;63m  [38;2;203;161;103m██[38;2;235;200;119m██[38;2;200;158;98m██[38;2;236;201;121m██[38;2;237;203;121m██[38;2;237;202;120m██[38;2;237;203;120m██[38;2;0;0;0m  [38;2;17;16;10m  [38;2;83;68;45m██[38;2;71;61;60m██[38;2;70;60;60m████[38;2;61;49;52m██[38;2;68;56;57m██[38;2;71;60;60m██████[38;2;75;64;61m██[38;2;58;50;48m██[38;2;71;60;60m██[38;2;71;61;61m██[38;2;70;60;60m██[38;2;73;62;59m██[38;2;72;61;58m██[38;2;166;119;77m██[38;2;232;196;117m██[38;2;237;203;121m██[38;2;206;169;103m  [38;2;0;0;0m    
[38;2;0;0;0m      [38;2;81;58;36m  [38;2;78;62;41m  [38;2;181;133;85m██[38;2;237;203;121m██[38;2;233;198;118m██[38;2;191;146;92m██[38;2;237;202;120m██[38;2;222;185;111m██[38;2;237;202;120m██[38;2;38;34;26m  [38;2;70;60;60m██[38;2;71;60;60m██[38;2;71;61;60m██[38;2;72;62;61m██[38;2;71;61;60m██[38;2;66;57;57m██[38;2;58;44;49m██[38;2;71;60;60m██████████[38;2;55;47;47m██[38;2;142;124;89m██[38;2;150;142;134m██[38;2;40;33;34m██[38;2;32;27;28m██[38;2;42;35;35m██[38;2;135;100;64m██[38;2;222;184;111m██[38;2;236;202;120m██[38;2;208;178;107m  [38;2;1;1;0m  
[38;2;0;0;0m          [38;2;160;115;75m██[38;2;234;200;119m██[38;2;237;203;121m██[38;2;231;195;117m██[38;2;180;132;85m██[38;2;231;194;116m██[38;2;223;185;111m██[38;2;125;107;68m██[38;2;71;60;60m██[38;2;63;54;54m██[38;2;71;61;60m██[38;2;70;60;60m██[38;2;61;52;49m██[38;2;100;78;55m██[38;2;55;43;43m██[38;2;59;46;50m██[38;2;64;53;55m██[38;2;70;60;60m██[38;2;71;60;60m██[38;2;70;60;60m██[38;2;44;37;38m██[38;2;93;79;70m██[38;2;126;120;112m██[38;2;70;60;60m██[38;2;54;45;46m██[38;2;71;61;53m██[38;2;158;139;111m  [38;2;99;88;30m  [38;2;86;63;42m  [38;2;137;102;65m  [38;2;176;143;87m██
[38;2;0;0;0m          [38;2;97;76;54m  [38;2;234;198;118m██[38;2;237;203;120m██[38;2;237;203;121m██[38;2;224;186;112m██[38;2;174;124;81m██[38;2;184;137;87m██[38;2;205;176;106m██[38;2;62;53;53m██[38;2;45;39;39m██[38;2;69;59;58m██[38;2;75;63;38m  [38;2;170;120;79m██████[38;2;58;44;37m██[38;2;95;48;56m██[38;2;126;117;111m██[38;2;153;145;135m██[38;2;155;148;137m██[38;2;138;130;121m██[38;2;160;153;142m██[38;2;71;61;61m██[38;2;70;60;60m██[38;2;161;142;120m██[38;2;252;227;210m██[38;2;251;226;207m██[38;2;234;210;191m██[38;2;52;48;43m  [38;2;0;0;0m    
[38;2;0;0;0m          [38;2;6;6;0m  [38;2;207;166;102m██[38;2;237;203;121m██[38;2;237;203;120m██[38;2;237;203;121m██[38;2;227;190;114m██[38;2;171;122;80m██[38;2;167;130;81m██[38;2;70;60;60m██[38;2;56;48;48m██[38;2;37;33;26m  [38;2;0;0;0m  [38;2;130;93;61m  [38;2;170;120;79m██████[38;2;96;40;50m██[38;2;71;60;60m██[38;2;71;61;60m██[38;2;65;56;56m██[38;2;55;41;46m██[38;2;71;60;60m██[38;2;69;59;59m██[38;2;106;91;61m██[38;2;230;200;138m██[38;2;133;114;75m██[38;2;116;104;93m██[38;2;99;89;83m██[38;2;154;139;129m██[38;2;137;122;107m  [38;2;53;51;28m  
[38;2;0;0;0m            [38;2;2;1;1m  [38;2;189;161;95m  [38;2;236;202;120m██[38;2;237;203;121m██[38;2;237;203;120m██[38;2;237;203;121m██[38;2;176;129;83m██[38;2;70;54;34m  [38;2;76;67;49m  [38;2;0;0;0m    [38;2;70;59;37m  [38;2;170;121;79m██[38;2;171;121;79m██[38;2;170;120;79m██[38;2;164;117;77m██[38;2;69;58;58m██[38;2;70;60;60m██[38;2;24;20;20m██[38;2;62;51;53m██[38;2;41;35;35m██[38;2;52;37;43m██[38;2;67;57;56m██[38;2;100;86;54m██[38;2;228;195;116m██[38;2;118;99;57m  [38;2;0;0;0m  [38;2;26;23;20m  [38;2;64;55;55m  [38;2;16;13;13m  
[38;2;0;0;0m                [38;2;20;18;12m  [38;2;133;114;67m  [38;2;218;187;111m██[38;2;237;203;121m██[38;2;237;202;120m██[38;2;219;181;109m██[38;2;168;133;71m  [38;2;0;0;0m      [38;2;171;122;79m██[38;2;170;120;78m██[38;2;141;100;65m  [38;2;170;120;79m██[38;2;119;91;60m██[38;2;37;31;29m██[38;2;55;40;45m██[38;2;71;61;58m██[38;2;83;69;53m██[38;2;53;41;44m██[38;2;69;60;56m██[38;2;110;97;76m██[38;2;74;65;48m██[38;2;101;91;71m  [38;2;0;0;0m        
[38;2;0;0;0m                    [38;2;47;47;0m  [38;2;76;64;38m  [38;2;157;123;72m  [38;2;120;90;57m  [38;2;136;102;64m██[38;2;145;110;69m  [38;2;0;0;0m    [38;2;170;121;79m██[38;2;144;102;66m██[38;2;7;7;3m  [38;2;59;42;27m  [38;2;165;116;76m██[38;2;49;37;28m██[38;2;71;60;56m██[38;2;217;186;112m██[38;2;237;203;121m██[38;2;220;189;112m██[38;2;136;120;84m██[38;2;122;108;82m██[38;2;65;57;54m██[38;2;78;67;59m  [38;2;22;17;8m  [38;2;0;0;0m      
[38;2;0;0;0m                              [38;2;20;17;10m  [38;2;0;0;0m  [38;2;212;148;74m  [38;2;166;119;77m  [38;2;4;3;1m  [38;2;0;0;0m      [38;2;3;2;1m  [38;2;37;31;18m  [38;2;84;71;42m  [38;2;225;194;114m  [38;2;232;198;118m  [38;2;220;187;106m  [38;2;160;157;57m  [38;2;67;57;48m  [38;2;71;60;60m██[38;2;23;20;10m  [38;2;0;0;0m      [0m
