
[38;2;0;0;0m                  [38;2;18;18;18m  [38;2;30;27;27m  [38;2;58;127;104m  [38;2;0;35;0m  [38;2;0;0;0m                            
[38;2;0;0;0m                [38;2;12;12;12m  [38;2;42;73;63m  [38;2;62;136;111m  [38;2;59;130;106m  [38;2;0;0;0m                              
[38;2;0;0;0m            [38;2;0;23;23m  [38;2;78;83;80m  [38;2;63;138;113m  [38;2;42;87;72m██[38;2;62;136;111m██[38;2;47;78;67m  [38;2;4;7;6m  [38;2;5;5;5m  [38;2;0;0;0m  [38;2;0;7;0m  [38;2;0;0;0m      [38;2;28;22;24m  [38;2;58;58;58m  [38;2;0;0;0m            
[38;2;0;0;0m              [38;2;62;138;112m  [38;2;38;76;62m██[38;2;33;64;54m██[38;2;59;128;104m██[38;2;59;130;106m██[38;2;62;138;112m██[38;2;61;134;109m██[38;2;63;142;115m  [38;2;37;71;59m  [38;2;39;41;40m  [38;2;49;49;49m  [38;2;37;36;36m  [38;2;62;136;111m  [38;2;19;14;17m  [38;2;0;0;0m            
[38;2;0;0;0m          [38;2;33;33;33m  [38;2;33;32;31m  [38;2;51;106;86m  [38;2;27;46;39m██[38;2;20;26;23m██[38;2;20;27;24m████[38;2;20;26;24m██[38;2;19;25;23m██[38;2;33;64;54m██[38;2;62;136;110m██[38;2;64;141;115m██[38;2;57;122;100m  [38;2;61;136;111m██[38;2;58;124;101m  [38;2;0;2;2m  [38;2;0;0;0m            
[38;2;0;0;0m        [38;2;88;97;88m  [38;2;60;131;107m  [38;2;61;135;110m██[38;2;22;33;28m██[38;2;20;27;24m██████████████████[38;2;36;71;58m██[38;2;52;111;91m  [38;2;43;41;40m  [38;2;25;25;25m  [38;2;0;0;0m            
[38;2;0;0;0m  [38;2;31;32;32m  [38;2;25;33;30m  [38;2;43;77;65m  [38;2;62;136;111m  [38;2;47;98;81m██[38;2;21;29;26m██[38;2;20;27;24m████████████████████[38;2;18;23;20m████[38;2;54;116;94m██[38;2;51;106;87m  [38;2;0;0;0m            
[38;2;0;0;0m    [38;2;23;25;23m  [38;2;60;132;107m  [38;2;55;118;97m██[38;2;27;47;40m██[38;2;20;27;24m██████████████████████[38;2;32;60;50m██[38;2;61;134;109m██[38;2;52;111;91m██[38;2;53;114;94m██[38;2;55;117;96m  [38;2;71;71;71m  [38;2;0;0;0m        
[38;2;0;0;0m    [38;2;9;9;9m  [38;2;39;80;66m  [38;2;19;26;23m██[38;2;21;30;27m██[38;2;20;27;24m██████████[38;2;34;63;53m██[38;2;20;27;24m████████████[38;2;19;26;23m██[38;2;62;136;111m██[38;2;41;83;68m██[38;2;57;125;102m██[38;2;58;122;101m  [38;2;3;3;3m  [38;2;0;0;0m  [38;2;0;27;27m  [38;2;0;0;0m  
[38;2;0;0;0m  [38;2;13;42;42m  [38;2;49;104;86m  [38;2;21;31;27m██[38;2;61;135;110m██[38;2;19;26;23m██[38;2;20;27;24m████████[38;2;24;30;26m██[38;2;62;137;112m██[38;2;39;77;63m██[38;2;20;27;24m████████████[38;2;25;41;35m██[38;2;38;74;62m██[38;2;20;27;24m██[38;2;55;120;98m██[38;2;62;137;112m  [38;2;37;60;52m  [38;2;46;91;76m  [38;2;49;49;49m  
[38;2;0;0;0m  [38;2;52;64;54m  [38;2;19;24;21m██[38;2;43;88;73m██[38;2;39;78;65m██[38;2;20;26;24m██████[38;2;19;27;23m██[38;2;72;71;47m██[38;2;201;183;108m██[38;2;33;61;51m██[38;2;61;135;110m██[38;2;59;128;105m██[38;2;25;41;34m██[38;2;20;26;24m██[38;2;20;27;24m██[38;2;173;159;94m██[38;2;20;27;24m██[38;2;20;26;24m██████[38;2;19;27;23m██[38;2;17;21;19m██[38;2;62;137;111m  [38;2;44;33;31m  [38;2;0;0;0m  
[38;2;44;51;48m  [38;2;20;27;24m████[38;2;19;26;23m██[38;2;19;25;23m██[38;2;20;27;24m████[38;2;19;26;23m██[38;2;252;225;131m██[38;2;255;224;131m████[38;2;93;89;58m██[38;2;28;50;43m██[38;2;64;141;115m██[38;2;19;26;23m██[38;2;20;27;24m██[38;2;15;23;22m██[38;2;253;222;129m██[38;2;254;229;133m██[38;2;22;28;24m██[38;2;22;28;25m██[38;2;20;27;24m██[38;2;18;24;21m██[38;2;63;126;105m  [38;2;34;32;32m  [38;2;0;0;0m    
[38;2;37;43;41m  [38;2;20;26;24m  [38;2;19;26;23m  [38;2;20;26;24m██████[38;2;18;25;23m██[38;2;17;24;22m██[38;2;254;224;132m██[38;2;255;224;131m██[38;2;255;225;133m██[38;2;254;224;133m██[38;2;226;208;124m██[38;2;20;28;24m██[38;2;21;28;24m██[38;2;20;27;24m██[38;2;240;216;128m██[38;2;255;224;131m██[38;2;254;224;132m██[38;2;254;226;134m██[38;2;250;221;132m██[38;2;15;23;21m██[38;2;20;26;24m██[38;2;29;54;46m  [38;2;26;26;26m  [38;2;0;0;0m    
[38;2;7;7;7m  [38;2;0;0;0m  [38;2;25;32;30m  [38;2;20;27;24m██[38;2;34;39;30m██[38;2;16;23;22m██[38;2;250;227;135m██[38;2;209;186;112m██[38;2;184;168;102m██[38;2;254;226;136m██[38;2;255;227;137m██[38;2;255;226;138m██[38;2;255;227;139m██[38;2;180;168;105m██[38;2;253;228;140m██[38;2;126;118;77m██[38;2;253;227;139m██[38;2;255;227;138m██[38;2;120;112;71m██[38;2;106;111;109m██[38;2;80;80;53m██[38;2;21;27;24m██[38;2;20;26;23m██[38;2;19;24;21m██[38;2;40;78;64m  [38;2;0;51;51m  [38;2;0;0;0m  
[38;2;0;0;0m    [38;2;45;52;49m  [38;2;20;27;24m██[38;2;131;122;77m██[38;2;254;228;141m██[38;2;255;228;141m██[38;2;253;228;141m██[38;2;22;29;25m██[38;2;245;223;139m██[38;2;255;229;143m██[38;2;254;229;144m██[38;2;234;215;137m██[38;2;139;133;88m██[38;2;131;118;70m██[38;2;135;125;78m██[38;2;192;181;118m██[38;2;253;230;145m██[38;2;243;223;140m██[38;2;205;188;117m██[38;2;253;229;141m██[38;2;248;225;139m██[38;2;75;98;72m██[38;2;19;26;23m██[38;2;34;61;52m  [38;2;0;0;0m    
[38;2;0;0;0m  [38;2;27;27;27m  [38;2;141;135;84m  [38;2;15;23;22m██[38;2;25;31;26m██[38;2;253;230;146m██[38;2;255;231;147m██[38;2;255;231;148m██[38;2;249;230;147m██[38;2;255;231;148m████[38;2;105;99;64m██[38;2;253;192;58m██[38;2;252;188;57m██[38;2;254;189;57m██[38;2;253;188;57m██[38;2;252;189;57m██[38;2;98;85;42m██[38;2;254;232;149m██[38;2;251;229;147m██[38;2;242;222;141m██[38;2;255;230;146m██[38;2;161;150;97m██[38;2;53;114;93m  [38;2;12;12;12m  [38;2;0;0;0m    
[38;2;0;0;0m  [38;2;59;63;52m  [38;2;254;223;131m██[38;2;254;226;135m██[38;2;253;234;146m██[38;2;255;231;149m████[38;2;232;212;136m██[38;2;255;234;151m██[38;2;227;207;134m██[38;2;255;231;149m██[38;2;254;232;149m██[38;2;183;176;116m██[38;2;112;107;72m██[38;2;98;93;60m██[38;2;107;102;67m██[38;2;159;154;103m██[38;2;254;235;150m██[38;2;255;231;149m██[38;2;254;232;149m██[38;2;254;232;148m██[38;2;254;231;149m██[38;2;119;137;97m██[38;2;228;211;131m  [38;2;63;64;58m  [38;2;0;0;0m    
[38;2;97;98;98m  [38;2;253;228;133m  [38;2;255;224;131m██[38;2;255;225;135m██[38;2;255;229;143m██[38;2;255;231;149m██████[38;2;254;234;150m██[38;2;255;231;149m████████████████████████[38;2;255;231;148m██[38;2;255;231;147m██[38;2;254;232;142m██[38;2;226;206;125m  [38;2;0;0;0m    
[38;2;66;66;48m  [38;2;255;224;131m██[38;2;255;225;132m██[38;2;255;226;135m██[38;2;255;229;143m██[38;2;255;232;149m████[38;2;255;221;122m██[38;2;255;232;148m██[38;2;255;232;149m██████████████████████████[38;2;255;231;147m██[38;2;254;227;139m██[38;2;193;181;109m██[38;2;58;60;44m  [38;2;7;7;7m  
[38;2;220;199;117m  [38;2;255;224;131m██[38;2;255;225;133m██[38;2;255;226;135m██[38;2;254;229;143m██[38;2;244;222;143m██[38;2;255;233;149m██[38;2;255;232;149m████[38;2;254;232;149m██[38;2;253;230;148m██[38;2;217;202;130m██[38;2;218;205;132m██[38;2;255;232;149m██████████████████[38;2;255;231;148m██[38;2;253;226;139m██[38;2;132;122;76m██[38;2;254;227;134m  [38;2;2;2;2m  
[38;2;253;229;134m  [38;2;255;225;132m██[38;2;255;225;133m██[38;2;255;226;136m██[38;2;108;102;68m██[38;2;251;229;146m██[38;2;255;232;149m██[38;2;252;229;147m██[38;2;254;243;156m██[38;2;108;105;73m██[38;2;221;227;221m██[38;2;233;240;233m██[38;2;122;126;125m██[38;2;254;231;148m██[38;2;255;232;149m████████████████[38;2;255;232;148m██[38;2;254;227;139m██[38;2;93;89;57m██[38;2;253;223;132m██[38;2;38;44;41m  
[38;2;253;229;136m  [38;2;255;225;134m██[38;2;255;226;135m██[38;2;248;225;136m██[38;2;162;213;165m██[38;2;107;143;111m██[38;2;140;145;136m██[38;2;217;223;217m██[38;2;234;241;234m██[38;2;233;240;233m██[38;2;234;241;234m██[38;2;236;244;236m██[38;2;123;128;127m██[38;2;253;230;148m██[38;2;255;232;149m██[38;2;255;232;148m██[38;2;255;231;147m████████[38;2;255;232;148m██[38;2;255;232;149m██[38;2;255;232;148m██[38;2;254;227;140m██[38;2;81;79;52m██[38;2;255;225;134m██[38;2;123;113;72m  
[38;2;254;230;137m  [38;2;255;226;135m██[38;2;255;226;137m██[38;2;99;106;76m██[38;2;195;253;198m██[38;2;92;98;95m██[38;2;233;240;233m██[38;2;234;241;234m████[38;2;236;242;236m██[38;2;239;244;239m██[38;2;150;155;151m██[38;2;192;182;117m██[38;2;255;232;149m██[38;2;255;231;147m██[38;2;255;230;145m██████████[38;2;255;231;146m██[38;2;255;231;147m██[38;2;255;232;149m██[38;2;254;228;142m██[38;2;81;79;53m██[38;2;255;226;135m██[38;2;203;188;113m  
[38;2;183;170;105m  [38;2;255;227;137m██[38;2;254;229;139m██[38;2;173;228;177m██[38;2;195;253;198m██[38;2;96;101;97m██[38;2;232;239;232m██[38;2;233;241;233m████[38;2;233;240;233m██[38;2;212;217;212m██[38;2;179;169;107m██[38;2;255;230;145m████[38;2;255;229;144m██[38;2;255;229;143m████████[38;2;255;229;144m██[38;2;255;229;145m██[38;2;255;231;146m██[38;2;255;231;147m██[38;2;254;228;143m██[38;2;87;84;56m██[38;2;255;227;137m██[38;2;226;207;125m  
[38;2;41;50;54m  [38;2;254;226;137m  [38;2;197;183;111m██[38;2;191;254;194m██[38;2;190;254;193m██[38;2;164;218;167m██[38;2;93;112;95m██[38;2;171;179;174m██[38;2;152;158;151m██[38;2;149;139;96m██[38;2;254;232;143m██[38;2;255;228;141m████[38;2;255;227;139m████[38;2;255;227;140m██[38;2;255;228;140m██[38;2;255;228;141m██[38;2;255;228;142m██[38;2;255;228;143m██[38;2;255;229;144m██[38;2;255;230;144m██[38;2;255;230;147m██[38;2;253;228;144m██[38;2;33;39;35m  [38;2;254;226;138m██[38;2;200;187;115m  
[38;2;0;29;0m  [38;2;180;172;108m  [38;2;64;65;46m  [38;2;87;109;83m██[38;2;81;84;59m██[38;2;200;181;110m██[38;2;254;227;137m██[38;2;252;224;134m██[38;2;253;224;135m██[38;2;255;226;136m████[38;2;255;226;137m██[38;2;255;225;135m██[38;2;255;225;132m██[38;2;255;225;133m██[38;2;255;226;136m██[38;2;255;227;138m██[38;2;255;227;139m██[38;2;255;227;140m██[38;2;255;229;141m██[38;2;255;229;143m██[38;2;255;229;144m██[38;2;255;231;146m██[38;2;250;231;146m  [38;2;39;39;32m  [38;2;145;137;87m  [38;2;69;69;49m  
[38;2;0;0;0m  [38;2;51;51;51m  [38;2;54;59;50m  [38;2;254;227;139m██[38;2;255;227;138m██[38;2;255;227;137m██[38;2;255;226;136m██[38;2;255;226;135m██[38;2;255;225;134m████[38;2;255;225;133m████[38;2;255;224;131m██████[38;2;255;225;133m██[38;2;255;226;137m██[38;2;255;227;138m██[38;2;255;228;139m██[38;2;255;228;140m██[38;2;255;229;142m██[38;2;255;229;143m██[38;2;255;231;146m██[38;2;89;88;60m  [38;2;7;7;7m  [38;2;0;0;0m    
[38;2;0;0;0m    [38;2;2;2;2m  [38;2;252;233;142m  [38;2;255;227;138m██[38;2;255;227;137m██[38;2;255;226;136m██[38;2;255;225;134m██[38;2;255;225;133m██████[38;2;255;225;132m██[38;2;255;224;131m██████[38;2;255;225;133m██[38;2;255;226;135m██[38;2;255;227;138m██[38;2;255;227;139m██[38;2;255;227;140m██[38;2;255;228;141m██[38;2;255;229;143m██[38;2;254;234;148m  [38;2;28;30;30m  [38;2;0;0;0m      
[38;2;0;0;0m      [38;2;41;48;44m  [38;2;253;225;137m██[38;2;255;227;137m██[38;2;255;226;136m██[38;2;255;225;133m██[38;2;255;225;132m██[38;2;255;225;131m██[38;2;255;225;133m██[38;2;255;224;132m██[38;2;255;224;131m██████[38;2;255;225;133m██[38;2;255;225;134m██[38;2;255;227;137m██[38;2;255;227;139m██[38;2;255;227;140m██[38;2;255;228;141m██[38;2;255;229;142m██[38;2;68;70;52m  [38;2;0;0;0m        
[38;2;0;0;0m      [38;2;5;5;5m  [38;2;41;47;43m  [38;2;254;231;141m  [38;2;255;226;136m██[38;2;255;225;133m██[38;2;255;224;131m████[38;2;255;225;133m██[38;2;255;225;132m██[38;2;255;224;131m██[38;2;255;224;132m██[38;2;255;225;133m████[38;2;255;225;134m██[38;2;255;227;137m██[38;2;255;227;138m██[38;2;255;227;139m██[38;2;254;227;140m██[38;2;123;118;77m  [38;2;29;29;29m  [38;2;0;0;0m        
[38;2;0;0;0m          [38;2;23;25;24m  [38;2;105;100;65m  [38;2;254;231;137m  [38;2;254;233;136m██[38;2;253;223;132m██[38;2;255;225;133m████████[38;2;255;225;134m████[38;2;255;226;135m██[38;2;255;227;137m██[38;2;254;233;142m██[38;2;189;177;112m██[38;2;50;54;42m  [38;2;0;0;0m            
[38;2;0;0;0m              [38;2;76;73;52m  [38;2;254;192;59m  [38;2;166;133;45m  [38;2;236;214;128m  [38;2;253;232;137m  [38;2;254;228;136m  [38;2;255;226;135m  [38;2;254;225;135m  [38;2;254;226;136m  [38;2;255;226;136m  [38;2;254;234;142m  [38;2;208;163;52m  [38;2;254;190;58m  [38;2;149;123;49m  [38;2;0;0;0m            [0m
