
[38;2;0;0;0m                                    [38;2;208;212;215m  [38;2;153;155;158m██[38;2;136;138;143m██[38;2;126;127;133m██[38;2;119;121;127m██[38;2;117;118;125m██[38;2;115;116;123m██[38;2;116;117;124m██[38;2;121;122;129m██[38;2;131;132;138m██[38;2;142;143;148m██[38;2;162;164;167m██[38;2;34;34;34m  [38;2;0;0;0m    
[38;2;0;0;0m                                  [38;2;215;217;217m  [38;2;143;144;148m██[38;2;121;122;128m██[38;2;110;111;120m██[38;2;105;105;113m██[38;2;96;97;103m██[38;2;103;104;110m██[38;2;103;104;111m████[38;2;107;108;114m██[38;2;110;111;118m██[38;2;120;121;127m██[38;2;133;134;139m██[38;2;158;160;164m██[38;2;0;0;0m    
[38;2;0;0;0m                                [38;2;3;3;3m  [38;2;139;140;144m██[38;2;114;115;122m██[38;2;100;101;108m██[38;2;96;97;104m██[38;2;93;94;101m██[38;2;91;92;99m██[38;2;96;97;104m██[38;2;96;98;104m██[38;2;98;99;105m████[38;2;100;101;108m██[38;2;104;105;111m██[38;2;113;114;120m██[38;2;134;135;141m██[38;2;166;168;172m  [38;2;0;0;0m  
[38;2;0;0;0m                                [38;2;154;158;161m  [38;2;118;119;125m██[38;2;111;112;120m██[38;2;92;93;101m██[38;2;88;89;98m██[38;2;79;80;89m██[38;2;91;91;100m██[38;2;92;92;101m██[38;2;93;94;102m██[38;2;106;107;115m██[38;2;88;89;98m██[38;2;95;96;104m██[38;2;97;98;105m██[38;2;101;102;109m██[38;2;131;132;138m██[38;2;144;145;151m██[38;2;95;95;95m  
[38;2;0;0;0m                              [38;2;119;122;123m  [38;2;158;161;164m  [38;2;104;105;113m██[38;2;91;92;101m██[38;2;85;86;95m██[38;2;77;78;86m██[38;2;85;85;94m██[38;2;86;87;95m██[38;2;88;89;98m████[38;2;89;90;99m██[38;2;89;90;98m██[38;2;89;90;100m██[38;2;80;81;92m██[38;2;94;95;103m██[38;2;100;101;109m██[38;2;121;122;129m██[38;2;158;159;163m  
[38;2;0;0;0m                              [38;2;118;118;118m  [38;2;133;135;139m██[38;2;94;95;103m██[38;2;83;84;93m██[38;2;79;80;88m████[38;2;82;83;92m██[38;2;82;83;90m██[38;2;82;83;92m██[38;2;83;84;93m██[38;2;85;85;94m██[38;2;85;86;95m██[38;2;80;81;89m██[38;2;84;84;93m██[38;2;86;87;96m██[38;2;89;90;99m██[38;2;103;104;111m██[38;2;136;137;141m██
[38;2;0;0;0m                                [38;2;127;128;135m██[38;2;88;88;97m██[38;2;79;80;89m██[38;2;76;76;86m██[38;2;77;77;88m██[38;2;70;70;81m██[38;2;77;78;88m██[38;2;73;74;83m██[38;2;80;80;89m██[38;2;81;81;91m██[38;2;76;77;86m██[38;2;81;82;91m██[38;2;75;75;84m██[38;2;69;69;78m██[38;2;84;85;93m██[38;2;91;92;99m██[38;2;120;121;127m██
[38;2;0;0;0m                                [38;2;116;117;123m██[38;2;86;87;96m██[38;2;72;72;83m██[38;2;73;74;85m██[38;2;70;70;82m██[38;2;72;72;83m██[38;2;74;75;84m██[38;2;74;74;83m██[38;2;59;59;68m██[38;2;72;73;81m██[38;2;76;77;86m██[38;2;65;65;76m██[38;2;78;78;89m██[38;2;76;77;86m██[38;2;70;71;80m██[38;2;89;90;97m██[38;2;129;130;136m██
[38;2;0;0;0m                                [38;2;121;122;128m██[38;2;86;87;95m██[38;2;67;68;77m██[38;2;70;71;80m██[38;2;64;65;74m██[38;2;74;73;81m██[38;2;75;75;84m██[38;2;73;74;82m██[38;2;67;67;76m██[38;2;60;61;69m██[38;2;58;57;66m██[38;2;62;61;70m██[38;2;63;63;72m██[38;2;68;67;76m██[38;2;79;79;87m██[38;2;100;101;107m██[38;2;199;199;205m  
[38;2;0;0;0m                                [38;2;130;131;137m██[38;2;91;92;100m██[38;2;68;69;80m██[38;2;68;68;78m██[38;2;66;65;74m██[38;2;143;135;135m██[38;2;88;84;86m██[38;2;77;76;81m██[38;2;76;74;84m██[38;2;67;66;75m██[38;2;57;58;66m██[38;2;62;60;70m██[38;2;151;145;146m██[38;2;120;115;111m██[38;2;79;79;87m██[38;2;108;109;113m██[38;2;0;0;0m  
[38;2;0;0;0m          [38;2;133;133;133m  [38;2;205;203;198m  [38;2;246;234;221m██[38;2;232;223;213m██[38;2;202;200;198m  [38;2;0;0;0m            [38;2;146;147;154m██[38;2;104;105;112m██[38;2;84;84;93m██[38;2;73;72;79m██[38;2;109;102;104m██[38;2;215;198;184m██[38;2;157;142;131m██[38;2;208;194;185m██[38;2;89;84;83m██[38;2;77;73;81m██[38;2;72;69;78m██[38;2;80;75;80m██[38;2;85;78;82m██[38;2;171;157;146m██[38;2;83;83;87m██[38;2;117;119;123m██[38;2;0;0;0m  
[38;2;0;0;0m        [38;2;203;197;193m  [38;2;246;231;217m██[38;2;237;213;200m██[38;2;185;163;146m██[38;2;217;198;186m██[38;2;244;227;212m██[38;2;242;231;223m██[38;2;205;201;200m  [38;2;0;0;0m        [38;2;171;173;174m  [38;2;213;217;220m  [38;2;108;109;116m██[38;2;91;86;92m██[38;2;144;129;121m██[38;2;165;153;144m██[38;2;237;220;207m██[38;2;244;225;203m██[38;2;243;224;204m██[38;2;230;211;202m██[38;2;175;159;154m██[38;2;167;152;139m██[38;2;241;219;206m██[38;2;187;172;160m██[38;2;85;85;90m██[38;2;120;121;126m██[38;2;235;239;239m  
[38;2;0;0;0m    [38;2;105;106;105m  [38;2;239;228;216m██[38;2;246;228;210m██[38;2;232;211;193m██[38;2;178;150;139m██[38;2;197;167;154m██[38;2;171;141;132m██[38;2;238;218;203m██[38;2;196;178;164m██[38;2;194;179;171m██[38;2;245;245;244m  [38;2;0;0;0m        [38;2;190;195;196m  [38;2;161;161;168m  [38;2;144;136;137m██[38;2;241;222;205m██[38;2;153;135;128m██[38;2;237;218;202m██[38;2;248;228;207m██[38;2;248;228;208m██[38;2;247;227;207m██[38;2;247;227;208m██[38;2;246;227;207m██[38;2;223;198;180m██[38;2;213;186;167m██[38;2;157;141;138m██[38;2;163;156;158m  [38;2;18;18;18m  
[38;2;0;0;0m  [38;2;91;92;91m  [38;2;245;233;220m██[38;2;243;226;210m██[38;2;154;128;116m██[38;2;152;116;108m██[38;2;150;108;99m██[38;2;148;105;95m██[38;2;149;106;96m██[38;2;134;101;92m██[38;2;146;120;110m██[38;2;185;168;160m██[38;2;196;183;178m██[38;2;0;0;0m        [38;2;3;3;3m  [38;2;153;153;153m  [38;2;179;174;172m  [38;2;248;228;210m██[38;2;247;227;208m██[38;2;248;228;209m██[38;2;248;228;207m██[38;2;248;227;207m██[38;2;247;227;207m██[38;2;248;227;207m██[38;2;247;226;206m██[38;2;185;160;147m██[38;2;224;191;170m██[38;2;222;189;169m██[38;2;222;195;178m██[38;2;227;226;226m  
[38;2;0;0;0m  [38;2;210;205;201m  [38;2;240;222;207m██[38;2;155;124;114m██[38;2;151;109;98m██[38;2;147;105;94m██[38;2;144;101;90m██[38;2;143;100;89m██[38;2;143;102;91m██[38;2;145;103;92m██[38;2;147;105;95m██[38;2;154;116;108m██[38;2;167;138;132m██[38;2;73;73;73m  [38;2;0;0;0m          [38;2;229;220;210m██[38;2;248;231;211m██[38;2;248;228;209m██[38;2;248;227;207m████████[38;2;247;228;207m██[38;2;245;226;206m██[38;2;218;191;174m██[38;2;226;193;170m██[38;2;226;193;173m██[38;2;248;225;205m██[38;2;224;210;199m██
[38;2;0;0;0m  [38;2;218;210;206m██[38;2;164;130;121m██[38;2;152;109;100m██[38;2;145;101;90m██[38;2;145;99;90m██[38;2;143;100;89m██[38;2;143;98;88m██[38;2;142;99;89m██[38;2;143;99;89m██[38;2;142;101;90m██[38;2;148;105;95m██[38;2;156;119;111m██[38;2;175;149;147m██[38;2;0;0;0m          [38;2;229;226;223m  [38;2;217;204;190m██[38;2;248;228;210m██[38;2;248;228;208m██[38;2;247;227;207m██[38;2;248;227;206m██[38;2;247;227;207m██[38;2;247;226;204m██[38;2;185;161;140m██[38;2;226;192;171m██[38;2;228;192;172m██[38;2;218;190;171m██[38;2;245;226;206m████
[38;2;0;0;0m  [38;2;166;147;145m██[38;2;156;116;108m██[38;2;147;103;93m██[38;2;143;99;89m██[38;2;142;98;88m██[38;2;139;94;86m██[38;2;141;97;87m██[38;2;143;99;89m██[38;2;142;98;87m██[38;2;143;97;87m██[38;2;145;99;91m██[38;2;143;104;99m██[38;2;148;121;115m██[38;2;165;152;152m  [38;2;0;0;0m          [38;2;208;205;203m  [38;2;245;226;207m██[38;2;231;212;193m██[38;2;248;227;207m██[38;2;247;228;207m██[38;2;249;226;206m██[38;2;229;201;181m██[38;2;227;194;176m██[38;2;227;193;172m██[38;2;227;195;174m██[38;2;202;179;160m██[38;2;246;227;207m██[38;2;245;226;209m██
[38;2;224;223;222m  [38;2;179;148;144m██[38;2;174;132;125m██[38;2;145;101;91m██[38;2;143;98;88m██[38;2;140;96;86m██[38;2;121;79;75m██[38;2;143;97;87m██[38;2;143;98;88m██[38;2;143;97;87m██[38;2;140;97;88m██[38;2;141;98;88m██[38;2;134;96;90m██[38;2;131;111;106m██[38;2;154;131;129m██[38;2;0;0;0m      [38;2;209;208;203m  [38;2;218;207;182m██[38;2;222;202;165m██[38;2;181;163;138m██[38;2;244;225;205m██[38;2;246;227;206m██[38;2;244;223;205m██[38;2;225;197;180m██[38;2;227;194;171m██████[38;2;233;204;181m██[38;2;210;190;172m██[38;2;247;227;209m██[38;2;221;207;196m██
[38;2;168;157;155m██[38;2;161;124;118m██[38;2;148;104;95m██[38;2;142;97;89m██[38;2;142;96;87m██[38;2;140;97;86m██[38;2;111;75;65m██[38;2;142;98;86m██[38;2;143;98;88m██[38;2;143;97;87m██[38;2;137;94;87m██[38;2;137;96;88m██[38;2;125;92;87m██[38;2;122;107;102m██[38;2;142;126;119m██[38;2;163;153;144m  [38;2;190;180;168m  [38;2;199;191;174m██[38;2;222;206;168m██[38;2;221;201;159m██[38;2;220;197;155m██[38;2;218;196;153m██[38;2;186;167;140m██[38;2;211;192;170m██[38;2;158;146;135m██[38;2;200;191;186m██[38;2;225;192;172m██[38;2;226;193;169m██[38;2;227;195;172m██[38;2;249;224;203m██[38;2;236;216;197m██[38;2;246;227;206m██[38;2;209;203;197m██
[38;2;173;149;148m██[38;2;155;116;109m██[38;2;144;100;90m██[38;2;141;96;90m██[38;2;141;97;89m████[38;2;110;70;62m██[38;2;140;97;86m██[38;2;143;97;87m██[38;2;143;97;85m██[38;2;120;81;78m██[38;2;138;97;89m██[38;2;112;85;85m██[38;2;156;151;151m██[38;2;167;155;147m██[38;2;210;192;154m██[38;2;221;202;157m██[38;2;220;201;162m██[38;2;200;181;144m██[38;2;195;176;133m██[38;2;218;196;149m██[38;2;220;195;147m██[38;2;218;196;150m██[38;2;217;195;154m██[38;2;225;221;216m██[38;2;237;238;240m██[38;2;214;187;172m██[38;2;226;191;170m██[38;2;230;200;176m██[38;2;245;226;206m██[38;2;239;220;205m██[38;2;238;221;208m██[38;2;239;240;240m██
[38;2;168;140;136m██[38;2;153;111;102m██[38;2;144;99;91m██[38;2;141;97;87m██[38;2;123;83;76m██[38;2;141;97;89m██[38;2;107;69;66m██[38;2;143;97;87m██████[38;2;111;73;68m██[38;2;140;99;94m██[38;2;137;115;111m██[38;2;236;223;215m██[38;2;204;190;184m██[38;2;210;189;158m██[38;2;219;197;153m██[38;2;219;197;150m██[38;2;219;196;148m██[38;2;217;195;148m██[38;2;217;194;150m██[38;2;218;195;149m██[38;2;218;197;148m██[38;2;216;197;152m██[38;2;237;237;237m██[38;2;236;238;238m██[38;2;184;168;162m██[38;2;196;168;150m██[38;2;249;224;201m██[38;2;245;226;206m██[38;2;242;224;206m██[38;2;208;203;199m██[38;2;200;202;204m██
[38;2;164;132;127m██[38;2;150;107;99m██[38;2;142;98;88m██[38;2;128;86;80m██[38;2;120;83;77m██[38;2;141;97;87m██[38;2;110;68;64m██[38;2;142;98;89m██[38;2;141;97;87m████[38;2;123;84;78m██[38;2;147;104;96m██[38;2;212;193;186m██[38;2;246;227;213m██[38;2;231;213;201m██[38;2;246;227;211m██[38;2;205;183;151m██[38;2;219;197;150m██[38;2;220;195;147m██[38;2;219;195;147m██[38;2;220;195;147m██[38;2;220;196;148m██[38;2;220;195;149m██[38;2;215;193;153m██[38;2;235;238;237m██[38;2;121;91;99m██[38;2;151;142;141m██[38;2;217;187;171m██[38;2;244;223;205m██[38;2;234;217;196m██[38;2;230;217;200m██[38;2;229;230;229m██[38;2;179;183;186m██
[38;2;162;129;121m██[38;2;146;105;95m██[38;2;140;96;88m██[38;2;103;71;66m██[38;2;125;87;83m██[38;2;141;97;86m██[38;2;108;70;64m██[38;2;140;97;88m██[38;2;143;97;87m██[38;2;141;97;87m██[38;2;138;98;90m██[38;2;145;107;99m██[38;2;239;220;205m██[38;2;250;229;213m██[38;2;245;218;204m██[38;2;246;226;213m██[38;2;217;195;155m██[38;2;219;197;147m██[38;2;220;196;147m████[38;2;220;195;147m████[38;2;218;196;149m██[38;2;198;179;144m██[38;2;130;132;132m██[38;2;147;125;134m██[38;2;122;96;107m██[38;2;155;133;127m██[38;2;238;210;192m██[38;2;246;227;206m██[38;2;214;212;208m██[38;2;184;187;188m██[38;2;227;226;228m██
[38;2;160;124;115m██[38;2;147;102;94m██[38;2;129;88;78m██[38;2;140;98;92m██[38;2;135;95;89m██[38;2;143;97;87m██[38;2;117;79;72m██[38;2;108;71;64m██[38;2;140;96;86m██[38;2;143;97;87m██[38;2;142;100;89m██[38;2;129;100;96m██[38;2;226;206;193m██[38;2;250;230;216m██[38;2;249;230;214m██[38;2;247;227;214m██[38;2;216;195;154m██[38;2;220;197;149m██[38;2;220;195;147m██[38;2;219;195;146m██[38;2;220;195;147m████[38;2;218;197;148m██[38;2;191;170;133m██[38;2;177;173;170m██[38;2;221;216;219m██[38;2;114;71;88m██[38;2;176;171;173m██[38;2;221;192;179m██[38;2;246;225;203m██[38;2;190;189;185m██[38;2;192;194;196m██[38;2;143;117;128m██
[38;2;156;118;108m██[38;2;143;102;95m██[38;2;142;96;87m████[38;2;136;95;88m██[38;2;141;97;89m██[38;2;135;96;87m██[38;2;92;61;54m██[38;2;140;97;87m██[38;2;143;97;88m██[38;2;139;99;92m██[38;2;196;169;163m██[38;2;183;163;152m██[38;2;248;230;215m██[38;2;249;231;216m██[38;2;241;223;208m██[38;2;218;195;153m██[38;2;218;196;146m██[38;2;220;195;147m██████[38;2;220;196;147m██[38;2;218;197;147m██[38;2;217;196;151m██[38;2;143;134;125m██[38;2;235;236;236m██[38;2;119;77;90m██[38;2;103;83;93m██[38;2;177;171;167m██[38;2;214;195;177m██[38;2;233;232;234m██[38;2;211;211;213m██[38;2;115;73;89m██
[38;2;152;112;105m██[38;2;130;91;84m██[38;2;143;97;87m██[38;2;143;96;88m██[38;2;127;88;83m██[38;2;126;86;81m██[38;2;140;96;89m██[38;2;116;83;78m██[38;2;133;92;88m██[38;2;143;97;87m██[38;2;109;73;68m██[38;2;137;108;98m██[38;2;186;172;163m██[38;2;249;229;215m██[38;2;250;229;216m██[38;2;235;215;199m██[38;2;217;195;152m██[38;2;220;195;147m██[38;2;219;196;147m██[38;2;220;196;147m██[38;2;221;197;148m██[38;2;220;197;147m██[38;2;220;195;147m██[38;2;220;195;150m██[38;2;159;145;122m██[38;2;235;238;239m██[38;2;150;134;142m██[38;2;130;86;104m██[38;2;225;224;225m██[38;2;224;208;199m██[38;2;233;235;234m██[38;2;191;184;188m██[38;2;121;77;94m██
[38;2;141;100;93m██[38;2;140;98;89m██[38;2;142;96;86m██[38;2;119;74;66m██[38;2;108;70;63m██[38;2;99;60;57m██[38;2;140;95;86m██[38;2;113;77;72m██[38;2;123;85;79m██[38;2;141;97;86m██[38;2;138;98;93m██[38;2;145;109;100m██[38;2;243;224;212m██[38;2;248;229;215m██[38;2;249;229;213m██[38;2;204;183;164m██[38;2;216;195;148m██[38;2;209;188;146m██[38;2;220;195;147m██████[38;2;219;197;147m██[38;2;219;195;147m██[38;2;219;195;149m██[38;2;207;185;152m██[38;2;231;232;231m██[38;2;236;238;240m██[38;2;136;96;110m██[38;2;180;163;169m██[38;2;139;132;135m██[38;2;186;188;187m██[38;2;118;90;102m██[38;2;194;179;186m██
[38;2;118;78;72m██[38;2;141;97;87m██[38;2;139;95;85m██[38;2;105;63;60m██[38;2;118;79;75m██[38;2;107;61;60m██[38;2;118;77;71m██[38;2;141;96;86m██[38;2;129;88;84m██[38;2;114;75;70m██[38;2;140;96;88m██[38;2;119;82;77m██[38;2;190;163;155m██[38;2;233;207;198m██[38;2;209;188;173m██[38;2;202;182;149m██[38;2;219;197;150m██[38;2;176;157;118m██[38;2;219;195;147m████[38;2;220;195;147m██[38;2;219;197;147m██[38;2;219;196;147m██[38;2;219;196;149m██[38;2;217;194;155m██[38;2;157;158;157m██[38;2;239;241;240m██[38;2;236;230;234m██[38;2;113;72;88m██[38;2;118;77;93m██[38;2;105;76;87m██[38;2;178;154;165m██[38;2;240;239;242m██
[38;2;141;98;90m██[38;2;142;96;87m██[38;2;110;65;60m██[38;2;107;61;59m██[38;2;110;73;71m██[38;2;103;58;54m██[38;2;89;52;50m██[38;2;137;94;85m██[38;2;140;96;88m██[38;2;139;95;90m██[38;2;104;71;68m██[38;2;139;96;91m██[38;2;108;78;75m██[38;2;126;90;84m██[38;2;205;187;154m██[38;2;219;198;155m██[38;2;220;200;158m██[38;2;219;199;158m██[38;2;215;194;152m██[38;2;219;195;149m██[38;2;220;195;147m████[38;2;219;197;147m██[38;2;219;197;149m██[38;2;218;195;153m██[38;2;229;228;227m██[38;2;239;239;240m██[38;2;235;235;238m██[38;2;118;65;85m██[38;2;123;62;83m██[38;2;159;102;120m██[38;2;221;215;217m██[38;2;239;241;243m██
[38;2;138;94;84m██[38;2;118;73;66m██[38;2;104;59;54m██[38;2;103;59;55m██[38;2;100;57;56m██[38;2;88;63;62m██[38;2;85;45;45m██[38;2;97;61;59m██[38;2;114;69;61m██[38;2;141;96;85m██[38;2;97;65;59m██[38;2;125;86;81m██[38;2;103;73;72m██[38;2;109;89;87m██[38;2;199;180;146m██[38;2;192;181;158m  [38;2;172;163;149m  [38;2;187;176;155m██[38;2;178;161;134m██[38;2;221;199;155m██[38;2;219;197;150m██[38;2;219;197;147m██[38;2;220;195;147m██[38;2;220;197;150m██[38;2;219;195;153m██[38;2;199;191;189m██[38;2;195;195;195m██[38;2;235;235;237m██[38;2;106;65;81m██[38;2;109;50;68m██[38;2;145;78;100m██[38;2;234;229;231m██[38;2;242;242;243m██
[38;2;108;61;57m██[38;2;104;59;56m██[38;2;92;54;52m██[38;2;101;58;54m██[38;2;91;60;61m██[38;2;183;187;189m██[38;2;77;52;55m██[38;2;91;58;58m██[38;2;103;60;58m██[38;2;125;81;73m██[38;2;139;97;89m██[38;2;133;100;95m██[38;2;116;92;92m██[38;2;148;137;139m  [38;2;249;251;251m  [38;2;0;0;0m      [38;2;219;222;218m██[38;2;219;203;171m██[38;2;222;200;155m██[38;2;219;197;150m██[38;2;220;195;147m██[38;2;220;195;149m██[38;2;218;195;151m██[38;2;168;151;136m██[38;2;235;235;235m██[38;2;237;239;240m██[38;2;135;86;105m██[38;2;111;51;70m██[38;2;121;66;84m██[38;2;235;233;236m██[38;2;241;241;241m██
[38;2;104;59;54m██[38;2;94;55;54m██[38;2;98;56;54m██[38;2;88;54;58m██[38;2;79;52;62m██[38;2;46;69;92m██[38;2;50;60;80m██[38;2;56;45;55m██[38;2;71;52;57m██[38;2;101;61;63m██[38;2;128;90;84m██[38;2;104;77;75m██[38;2;150;130;132m██[38;2;232;240;240m  [38;2;245;255;255m  [38;2;0;0;0m        [38;2;182;177;164m  [38;2;224;204;163m██[38;2;220;198;151m██[38;2;220;195;146m██[38;2;220;195;149m██[38;2;219;195;151m██[38;2;217;195;154m██[38;2;237;240;237m██[38;2;237;240;242m██[38;2;130;95;109m██[38;2;122;64;84m██[38;2;111;69;83m██[38;2;237;236;238m██[38;2;239;242;241m██[0m
