
[38;2;0;0;0m    [38;2;161;152;164m  [38;2;207;202;209m██[38;2;83;69;85m██[38;2;72;54;68m██[38;2;71;52;67m██[38;2;71;53;68m██[38;2;72;52;67m██[38;2;71;53;68m██[38;2;82;52;64m██[38;2;70;52;68m██[38;2;72;54;69m██[38;2;72;54;70m██[38;2;70;51;68m██[38;2;71;53;69m██[38;2;72;53;70m██[38;2;71;53;69m██[38;2;71;53;68m████[38;2;68;48;64m██[38;2;71;52;68m████[38;2;70;52;67m██[38;2;111;98;109m██[38;2;240;239;239m██[38;2;160;165;179m██[38;2;138;130;144m██[38;2;21;19;20m  [38;2;0;0;0m        
[38;2;0;0;0m    [38;2;250;247;250m  [38;2;71;53;68m████[38;2;70;52;66m██[38;2;69;51;65m██[38;2;70;52;67m████[38;2;70;52;68m██[38;2;77;53;65m██[38;2;74;54;69m██[38;2;70;52;66m██[38;2;70;52;67m██[38;2;68;49;64m██[38;2;70;52;66m██[38;2;70;52;67m██[38;2;70;52;66m██[38;2;69;51;66m██[38;2;71;53;67m██[38;2;69;51;65m██[38;2;69;51;66m██[38;2;70;52;67m██[38;2;69;51;66m██[38;2;77;60;74m██[38;2;231;229;232m██[38;2;182;197;214m██[38;2;241;241;241m██[38;2;50;43;53m  [38;2;0;0;0m        
[38;2;0;0;0m  [38;2;89;87;89m  [38;2;0;0;0m  [38;2;72;53;68m██[38;2;70;52;67m████[38;2;66;47;62m██[38;2;76;50;63m██[38;2;97;74;91m██[38;2;68;50;65m██[38;2;72;50;64m██[38;2;69;51;66m██[38;2;85;64;80m██[38;2;70;52;66m██[38;2;68;49;64m██[38;2;94;72;88m██[38;2;70;52;65m██[38;2;78;51;64m██[38;2;66;48;63m██[38;2;95;73;89m██[38;2;63;45;60m██[38;2;69;51;66m████[38;2;69;51;65m██[38;2;66;48;63m██[38;2;114;104;114m██[38;2;67;50;65m██[38;2;204;205;212m  [38;2;232;230;233m  [38;2;0;0;0m        
[38;2;0;0;0m    [38;2;77;46;55m  [38;2;70;51;66m██[38;2;70;52;67m████[38;2;65;47;63m██[38;2;114;62;66m██[38;2;70;52;67m██[38;2;87;57;67m██[38;2;74;52;65m██[38;2;67;49;64m██[38;2;71;52;68m██[38;2;71;52;67m██[38;2;70;51;66m██[38;2;70;52;66m████[38;2;114;66;69m██[38;2;71;48;63m██[38;2;69;51;66m██[38;2;72;47;61m██[38;2;69;51;66m██[38;2;69;51;65m██[38;2;69;51;64m██[38;2;66;47;63m██[38;2;37;27;39m██[38;2;65;47;62m  [38;2;0;0;0m  [38;2;169;161;169m  [38;2;0;0;0m        
[38;2;0;0;0m    [38;2;70;52;66m  [38;2;67;48;63m██[38;2;70;52;67m██[38;2;70;52;66m██[38;2;70;51;67m██[38;2;128;74;76m██[38;2;69;51;66m██[38;2;85;52;62m██[38;2;91;57;68m██[38;2;85;54;65m██[38;2;71;52;68m████[38;2;69;51;66m██[38;2;71;52;68m██[38;2;67;49;64m██[38;2;133;74;75m██[38;2;71;49;64m██[38;2;70;52;66m██[38;2;72;51;65m██[38;2;69;52;66m██[38;2;70;51;66m██[38;2;68;50;64m██[38;2;64;46;61m██[38;2;39;30;42m██[38;2;63;43;58m  [38;2;0;0;0m            
[38;2;0;0;0m    [38;2;72;54;68m  [38;2;68;49;65m██[38;2;71;52;67m████[38;2;71;53;68m██[38;2;145;86;84m██[38;2;72;53;68m██[38;2;136;83;84m██[38;2;125;79;82m██[38;2;149;90;88m██[38;2;72;54;69m██[38;2;72;54;68m██[38;2;70;53;68m██[38;2;68;50;65m██[38;2;71;53;68m██[38;2;158;93;88m██[38;2;69;50;66m██[38;2;69;51;66m██[38;2;70;51;66m██[38;2;69;52;67m██[38;2;70;52;66m██[38;2;66;47;63m████[38;2;41;29;42m██[38;2;60;43;58m  [38;2;0;0;0m            
[38;2;0;0;0m  [38;2;12;9;11m  [38;2;71;53;68m██[38;2;69;51;66m██[38;2;71;52;68m██[38;2;70;51;66m██[38;2;136;86;87m██[38;2;178;111;104m██[38;2;169;107;102m██[38;2;169;106;100m██[38;2;176;112;105m██[38;2;183;117;110m██[38;2;175;112;108m██[38;2;177;113;106m██[38;2;179;114;107m██[38;2;162;101;98m██[38;2;154;95;95m██[38;2;161;98;94m██[38;2;129;81;84m██[38;2;116;73;78m██[38;2;80;54;68m██[38;2;71;52;68m██[38;2;70;52;66m██[38;2;67;48;64m██[38;2;68;50;64m██[38;2;39;31;43m██[38;2;66;47;62m  [38;2;0;0;0m            
[38;2;0;0;0m  [38;2;72;53;69m  [38;2;71;52;68m██[38;2;70;52;67m██[38;2;71;52;68m██[38;2;87;60;72m██[38;2;147;87;86m██[38;2;98;78;93m██[38;2;78;57;88m██[38;2;51;28;59m██[38;2;109;70;81m██[38;2;191;130;123m██[38;2;192;130;123m██[38;2;192;129;123m██[38;2;190;128;121m██[38;2;111;74;88m██[38;2;60;39;67m██[38;2;53;31;64m██[38;2;50;28;60m██[38;2;76;44;59m██[38;2;86;57;67m██[38;2;71;52;68m██[38;2;71;52;67m██[38;2;68;49;65m██[38;2;70;51;66m██[38;2;40;31;43m██[38;2;69;51;66m  [38;2;0;0;0m            
[38;2;33;25;31m  [38;2;70;52;67m██[38;2;66;48;63m██[38;2;70;52;67m██[38;2;71;52;68m██[38;2;44;31;45m██[38;2;192;130;124m██[38;2;191;135;131m██[38;2;118;86;123m██[38;2;117;78;144m██[38;2;111;84;123m██[38;2;199;142;134m██[38;2;200;142;134m██[38;2;199;141;134m██[38;2;198;139;132m██[38;2;206;159;152m██[38;2;117;92;125m██[38;2;116;77;142m██[38;2;114;76;139m██[38;2;235;230;230m██[38;2;70;54;71m██[38;2;72;54;68m██[38;2;71;52;68m██[38;2;70;52;67m██[38;2;70;52;66m██[38;2;39;30;42m██[38;2;66;49;63m██[38;2;19;18;19m  [38;2;0;0;0m          
[38;2;71;53;68m  [38;2;70;52;67m██[38;2;69;51;66m██[38;2;70;52;67m████[38;2;40;30;43m██[38;2;194;137;132m██[38;2;201;144;136m██[38;2;202;146;140m██[38;2;203;148;142m██[38;2;202;148;142m██[38;2;224;184;175m██[38;2;237;206;196m██[38;2;221;179;171m██[38;2;203;148;142m██[38;2;203;147;142m██[38;2;202;146;141m██[38;2;201;144;138m██[38;2;200;142;134m██[38;2;195;136;130m██[38;2;72;54;69m████[38;2;70;52;67m██[38;2;70;52;66m██[38;2;69;51;66m██[38;2;39;30;42m██[38;2;62;46;60m██[38;2;64;51;63m  [38;2;0;0;0m          
[38;2;69;51;65m  [38;2;68;50;65m████[38;2;69;51;65m██[38;2;70;52;66m██[38;2;40;31;43m██[38;2;82;66;73m██[38;2;250;228;215m██[38;2;253;233;220m██[38;2;253;234;221m████[38;2;254;234;221m████[38;2;253;234;221m████[38;2;254;235;221m██[38;2;242;214;203m██[38;2;230;195;185m██[38;2;234;201;191m██[38;2;154;132;136m██[38;2;72;54;70m██[38;2;71;52;68m██[38;2;70;52;67m██[38;2;69;51;66m██[38;2;69;51;65m██[38;2;48;34;48m██[38;2;57;42;56m██[38;2;69;51;66m██[38;2;0;0;0m          
[38;2;69;51;65m██[38;2;65;47;61m██[38;2;67;49;63m██[38;2;68;50;64m██[38;2;69;50;65m██[38;2;39;30;42m██[38;2;40;30;42m██[38;2;252;232;219m██[38;2;253;233;220m██[38;2;254;234;221m████[38;2;253;234;221m██[38;2;254;234;221m██████████[38;2;253;234;221m██[38;2;253;232;219m██[38;2;71;50;66m██[38;2;72;54;69m██[38;2;71;53;68m██[38;2;69;51;65m████[38;2;68;50;64m██[38;2;56;40;55m██[38;2;62;46;60m██[38;2;68;50;64m██[38;2;10;5;5m  [38;2;0;0;0m        
[38;2;69;50;65m██[38;2;65;44;62m██[38;2;66;48;63m██[38;2;67;48;63m██[38;2;68;50;65m██[38;2;39;30;42m██[38;2;40;31;43m██[38;2;238;218;212m██[38;2;253;233;220m██[38;2;254;234;221m██[38;2;253;234;221m██[38;2;254;234;221m██[38;2;253;234;221m██[38;2;254;234;221m██[38;2;253;234;221m████[38;2;254;234;221m██[38;2;253;234;220m██[38;2;254;235;221m██[38;2;73;55;69m██[38;2;72;53;68m██[38;2;70;52;67m██[38;2;69;51;65m██[38;2;68;50;65m██[38;2;67;49;63m██[38;2;59;42;56m██[38;2;65;48;62m██[38;2;68;50;64m██[38;2;39;19;39m  [38;2;0;0;0m        
[38;2;34;27;33m  [38;2;65;47;61m██[38;2;66;48;62m██[38;2;65;48;62m██[38;2;68;50;64m██[38;2;41;30;42m██[38;2;40;31;41m██[38;2;39;29;40m██[38;2;253;234;220m██[38;2;254;233;221m██[38;2;254;234;221m██[38;2;253;234;221m██[38;2;236;216;206m██[38;2;243;222;212m██[38;2;253;234;221m██[38;2;253;233;221m██[38;2;254;233;221m██[38;2;253;233;220m████[38;2;71;53;69m██[38;2;71;52;68m██[38;2;70;52;67m██[38;2;69;51;65m██[38;2;68;50;64m██[38;2;66;48;63m██[38;2;62;45;59m██[38;2;65;48;62m██[38;2;69;50;65m██[38;2;0;0;0m          
[38;2;0;0;0m  [38;2;62;45;60m  [38;2;67;49;63m████[38;2;68;50;64m██[38;2;69;51;66m██[38;2;41;30;43m██[38;2;154;189;207m██[38;2;146;169;193m██[38;2;254;234;221m██████[38;2;252;232;220m██[38;2;251;232;220m██[38;2;252;234;222m██[38;2;253;233;220m██[38;2;253;232;220m██[38;2;252;232;219m██[38;2;247;228;216m██[38;2;64;47;62m██[38;2;71;52;67m██[38;2;70;52;67m██[38;2;69;51;65m██[38;2;67;49;63m██[38;2;66;48;63m██[38;2;67;48;63m██[38;2;68;49;64m██[38;2;12;8;11m  [38;2;0;0;0m          
[38;2;0;0;0m    [38;2;43;31;44m  [38;2;69;50;65m██[38;2;69;51;66m██[38;2;70;52;67m██[38;2;76;66;82m██[38;2;189;232;246m██[38;2;171;213;233m██[38;2;138;181;211m██[38;2;225;209;202m██[38;2;254;234;221m██[38;2;253;234;221m██[38;2;253;232;220m████[38;2;253;233;220m██[38;2;248;229;215m██[38;2;200;151;145m██[38;2;40;31;43m██[38;2;39;30;42m██[38;2;155;192;208m██[38;2;175;220;237m██[38;2;96;101;120m██[38;2;66;48;63m██[38;2;54;39;53m██[38;2;57;42;56m  [38;2;5;3;4m  [38;2;0;0;0m            
[38;2;0;0;0m      [38;2;6;5;6m  [38;2;62;47;60m  [38;2;212;142;150m██[38;2;250;169;174m██[38;2;253;172;177m██[38;2;251;172;178m██[38;2;177;145;163m██[38;2;140;181;210m██[38;2;140;177;206m██[38;2;234;211;202m██[38;2;254;236;223m██[38;2;209;177;171m██[38;2;228;171;159m██[38;2;233;176;160m██[38;2;64;47;56m██[38;2;39;29;41m██[38;2;185;234;248m██[38;2;185;231;245m██[38;2;183;230;244m██[38;2;182;229;245m██[38;2;70;73;89m██[38;2;44;31;43m  [38;2;7;3;7m  [38;2;0;0;0m              
[38;2;0;0;0m      [38;2;93;62;68m  [38;2;250;168;173m████[38;2;252;171;176m██[38;2;252;172;177m██[38;2;252;174;178m██[38;2;251;174;181m██[38;2;164;149;170m██[38;2;155;181;202m██[38;2;228;172;161m██[38;2;234;177;164m██[38;2;234;177;163m██[38;2;234;176;161m██[38;2;232;174;159m██[38;2;190;192;199m██[38;2;46;40;53m██[38;2;186;232;246m██[38;2;186;233;246m██[38;2;186;232;246m██[38;2;183;231;245m██[38;2;183;228;245m  [38;2;0;0;0m                  
[38;2;0;0;0m      [38;2;251;170;175m██[38;2;251;169;174m██[38;2;252;171;176m██[38;2;253;172;177m██[38;2;252;174;178m██[38;2;251;174;181m██[38;2;251;174;180m██[38;2;252;174;181m██[38;2;246;247;247m██[38;2;245;245;245m██[38;2;225;216;217m██[38;2;223;169;158m██[38;2;235;175;160m██[38;2;237;176;161m██[38;2;244;245;245m██[38;2;223;174;185m██[38;2;187;233;246m██[38;2;187;233;247m████[38;2;189;234;248m██[38;2;184;229;243m  [38;2;0;0;0m                  
[38;2;0;0;0m    [38;2;226;153;162m  [38;2;253;172;176m██[38;2;253;172;177m██[38;2;251;172;177m██[38;2;252;174;179m██[38;2;252;174;181m██[38;2;252;174;180m██[38;2;252;174;181m████[38;2;204;172;179m██[38;2;245;245;245m██████[38;2;248;249;249m██[38;2;195;170;171m██[38;2;244;244;244m██[38;2;244;204;209m██[38;2;142;183;211m██[38;2;190;235;248m██[38;2;189;235;248m██[38;2;167;212;232m██[38;2;61;77;91m  [38;2;0;0;0m      [38;2;2;2;2m  [38;2;248;246;246m  [38;2;0;0;0m        
[38;2;0;0;0m    [38;2;254;176;183m  [38;2;252;172;176m██[38;2;252;172;177m██[38;2;253;173;179m██[38;2;252;174;180m██████[38;2;252;173;180m██[38;2;252;174;180m██[38;2;250;171;180m██[38;2;245;245;245m██████[38;2;209;179;185m██[38;2;212;146;154m██[38;2;212;190;196m██[38;2;190;144;154m██[38;2;235;156;164m██[38;2;98;116;139m██[38;2;130;168;198m██[38;2;125;158;187m  [38;2;0;0;0m      [38;2;217;215;217m  [38;2;246;246;246m██[38;2;140;137;140m  [38;2;0;0;0m  [38;2;22;3;3m  [38;2;169;166;168m  [38;2;0;0;0m  
[38;2;0;0;0m    [38;2;253;172;177m██[38;2;251;172;177m██[38;2;250;172;178m██[38;2;201;114;131m██[38;2;252;174;180m██[38;2;252;174;181m████[38;2;252;174;180m████[38;2;252;174;178m██[38;2;94;83;103m██[38;2;242;241;242m██[38;2;245;246;246m██[38;2;216;138;148m██[38;2;141;97;107m██[38;2;202;126;140m██[38;2;121;113;128m██[38;2;246;168;174m██[38;2;248;249;249m██[38;2;245;245;245m██[38;2;246;246;246m██[38;2;245;245;245m██[38;2;246;245;246m██[38;2;246;246;246m████[38;2;240;238;240m  [38;2;249;249;249m████[38;2;248;249;249m██[38;2;114;110;114m  [38;2;0;0;0m  
[38;2;0;0;0m    [38;2;253;172;177m██[38;2;252;172;177m████[38;2;252;174;179m██[38;2;204;114;131m██[38;2;252;174;181m████[38;2;252;173;181m██[38;2;252;174;180m██[38;2;253;173;178m██[38;2;226;156;164m██[38;2;162;156;167m██[38;2;130;115;129m██[38;2;240;161;168m██[38;2;173;116;128m██[38;2;192;118;130m██[38;2;185;173;183m██[38;2;236;232;233m██[38;2;246;246;246m████[38;2;245;245;245m██[38;2;246;246;246m██████████[38;2;217;212;216m██[38;2;152;148;150m  [38;2;0;0;0m      
[38;2;0;0;0m    [38;2;253;172;177m██[38;2;252;172;177m██[38;2;253;172;177m██[38;2;252;174;178m██[38;2;251;173;180m██[38;2;218;134;149m██[38;2;252;174;180m████[38;2;252;174;181m██[38;2;253;173;178m██[38;2;226;151;158m██[38;2;251;170;177m██[38;2;219;157;165m██[38;2;250;169;175m██[38;2;254;173;178m██[38;2;202;131;142m██[38;2;207;156;164m██[38;2;245;245;246m██[38;2;246;246;246m████████[38;2;245;245;245m██[38;2;246;246;246m██████████████[38;2;245;244;245m  
[38;2;0;0;0m  [38;2;28;18;23m  [38;2;253;172;177m██████[38;2;253;173;178m██[38;2;252;174;181m██[38;2;253;175;182m██[38;2;223;145;156m██[38;2;253;175;182m██[38;2;252;174;181m██[38;2;252;174;178m██[38;2;251;171;178m██[38;2;253;173;178m██[38;2;253;172;177m██[38;2;252;171;177m██[38;2;223;148;158m██[38;2;254;175;179m██[38;2;245;245;245m██[38;2;246;246;246m██[38;2;245;245;245m██[38;2;246;246;246m██[38;2;237;235;237m██[38;2;246;246;246m████████[38;2;245;245;245m██[38;2;246;246;246m██[38;2;148;148;148m  [38;2;76;74;75m  [38;2;6;4;4m  [38;2;0;0;0m  
[38;2;0;0;0m  [38;2;228;156;167m  [38;2;253;171;176m██[38;2;253;172;177m████[38;2;253;173;179m██[38;2;252;174;181m████[38;2;253;175;179m██[38;2;253;176;182m██[38;2;220;144;153m██[38;2;250;172;178m██[38;2;252;173;178m██[38;2;223;146;154m██[38;2;253;173;178m██[38;2;253;172;177m██[38;2;215;140;150m██[38;2;208;160;168m██[38;2;246;246;246m██[38;2;245;245;245m██[38;2;246;246;246m████[38;2;247;247;247m██[38;2;235;234;235m██[38;2;247;247;247m██[38;2;248;248;248m██[38;2;248;247;248m██[38;2;244;243;243m  [38;2;245;245;245m██[38;2;124;119;124m  [38;2;0;0;0m      
[38;2;0;0;0m  [38;2;254;173;178m██[38;2;251;170;175m██[38;2;252;170;175m██[38;2;252;171;176m██[38;2;252;172;177m██[38;2;252;174;179m██[38;2;252;174;180m██[38;2;253;174;180m██[38;2;252;174;181m████[38;2;252;174;179m██[38;2;233;157;165m██[38;2;245;165;172m██[38;2;252;172;179m██[38;2;254;172;178m██[38;2;252;174;179m██[38;2;243;243;245m██[38;2;246;246;246m████████[38;2;248;248;248m████[38;2;219;171;179m██[38;2;0;0;0m      [38;2;221;219;221m  [38;2;247;247;247m██[38;2;2;2;2m  [38;2;0;0;0m    
[38;2;70;43;48m  [38;2;251;169;174m██████[38;2;252;170;175m██[38;2;253;172;177m██[38;2;253;173;178m██[38;2;252;174;181m████[38;2;252;174;179m██[38;2;251;174;181m██[38;2;251;174;180m██[38;2;252;173;180m██[38;2;252;173;178m██[38;2;227;150;157m██[38;2;252;173;178m██[38;2;200;134;144m██[38;2;148;139;153m██[38;2;249;249;249m██[38;2;246;246;246m██████[38;2;230;227;230m██[38;2;150;139;147m██[38;2;248;248;248m██[38;2;170;148;153m  [38;2;0;0;0m      [38;2;106;104;105m  [38;2;251;250;251m  [38;2;0;0;0m    
[38;2;122;76;86m  [38;2;251;167;173m██[38;2;251;166;173m██[38;2;251;167;173m██[38;2;252;168;174m██[38;2;252;170;176m██[38;2;252;172;178m██[38;2;252;173;178m██[38;2;252;173;180m██[38;2;252;173;181m██[38;2;251;174;181m██[38;2;251;174;180m██[38;2;252;173;178m██[38;2;254;173;178m██[38;2;226;149;158m██[38;2;254;173;178m██[38;2;248;249;248m██[38;2;248;248;248m██[38;2;169;165;176m██[38;2;134;126;142m██[38;2;246;246;246m████[38;2;214;199;205m██[38;2;239;236;238m██[38;2;248;246;247m██[38;2;215;210;212m██[38;2;233;231;233m  [38;2;20;18;20m  [38;2;0;0;0m          
[38;2;82;51;57m  [38;2;251;166;172m██[38;2;252;165;171m██[38;2;252;165;170m██[38;2;251;167;172m██[38;2;251;169;174m██[38;2;252;171;176m██[38;2;253;172;177m██[38;2;252;173;179m██[38;2;252;174;180m██[38;2;252;174;181m██[38;2;252;173;179m██[38;2;253;173;178m████[38;2;241;162;171m██[38;2;245;168;176m██[38;2;240;239;240m██[38;2;245;245;245m████[38;2;244;243;244m██[38;2;92;81;101m██[38;2;245;245;245m██[38;2;203;197;203m██[38;2;219;199;201m██[38;2;102;84;96m██[38;2;246;245;245m██[38;2;246;246;246m████[38;2;239;235;237m  [38;2;36;35;36m  [38;2;0;0;0m      
[38;2;0;0;0m  [38;2;225;151;163m  [38;2;252;165;171m████[38;2;251;166;172m██[38;2;252;168;174m██[38;2;252;171;176m██[38;2;253;172;177m██[38;2;253;173;178m██[38;2;252;174;178m██[38;2;252;173;178m██[38;2;253;173;178m████[38;2;221;149;158m██[38;2;242;166;172m██[38;2;252;172;179m██[38;2;252;234;221m██[38;2;253;234;220m██[38;2;213;163;160m██[38;2;247;247;248m██[38;2;246;245;246m██[38;2;114;106;121m██[38;2;217;163;172m██[38;2;228;220;222m██[38;2;245;245;245m██[38;2;245;244;244m██[38;2;246;246;246m████████[38;2;249;249;249m  [38;2;0;0;0m    
[38;2;0;0;0m    [38;2;221;149;159m  [38;2;252;166;172m██[38;2;209;115;132m██[38;2;190;138;151m██[38;2;220;192;197m██[38;2;230;156;164m██[38;2;254;172;178m██[38;2;253;172;177m██[38;2;254;173;178m██[38;2;252;172;178m██[38;2;253;171;177m██[38;2;74;54;70m██[38;2;165;109;122m██[38;2;242;166;172m██[38;2;253;233;220m██[38;2;254;234;221m██[38;2;253;233;220m██[38;2;235;177;165m██[38;2;212;192;193m██[38;2;246;245;247m██[38;2;217;149;159m██[38;2;252;172;177m██[38;2;163;109;121m██[38;2;222;183;190m██[38;2;247;248;248m██[38;2;245;245;245m██[38;2;246;246;246m██████[38;2;118;109;114m  [38;2;0;0;0m  [0m
