
[38;2;0;0;0m                                                                  [38;2;48;9;56m  [38;2;11;0;19m  [38;2;0;0;0m          
[38;2;0;0;0m                                                                [38;2;47;12;55m  [38;2;156;147;159m██[38;2;0;0;0m            
[38;2;0;0;0m                                                            [38;2;8;1;12m  [38;2;55;21;65m██[38;2;159;150;162m██[38;2;151;142;156m██[38;2;16;2;20m  [38;2;0;0;0m          
[38;2;0;0;0m                                                          [38;2;5;1;7m  [38;2;58;25;67m  [38;2;155;145;157m██[38;2;148;138;152m██[38;2;162;154;164m██[38;2;15;2;18m  [38;2;0;0;0m          
[38;2;30;7;37m  [38;2;0;0;0m                                                      [38;2;11;1;14m  [38;2;76;48;83m██[38;2;154;144;157m██[38;2;149;138;152m████[38;2;155;146;158m██[38;2;45;6;54m  [38;2;0;0;0m          
[38;2;99;77;106m██[38;2;26;3;32m  [38;2;0;0;0m                                                  [38;2;34;0;37m  [38;2;84;58;90m██[38;2;153;143;155m██[38;2;149;138;152m██[38;2;149;138;151m██[38;2;149;138;152m██[38;2;150;140;153m██[38;2;64;33;71m██[38;2;0;0;0m          
[38;2;150;140;153m██[38;2;124;108;129m██[38;2;46;5;55m  [38;2;0;0;0m                  [38;2;13;3;16m  [38;2;49;11;60m  [38;2;0;0;0m                  [38;2;49;12;61m  [38;2;0;0;0m    [38;2;41;7;58m  [38;2;96;74;102m  [38;2;152;142;154m██[38;2;148;137;152m██[38;2;149;137;152m██[38;2;148;137;151m██[38;2;149;137;151m████[38;2;104;82;109m██[38;2;0;0;0m          
[38;2;149;138;152m██[38;2;150;139;152m██[38;2;138;125;142m██[38;2;43;6;52m  [38;2;0;0;0m        [38;2;37;10;45m  [38;2;0;0;0m        [38;2;57;25;66m  [38;2;100;81;108m██[38;2;44;6;52m  [38;2;30;7;38m  [38;2;28;1;36m  [38;2;0;0;0m    [38;2;53;18;62m  [38;2;29;1;41m  [38;2;49;16;60m  [38;2;124;109;129m██[38;2;15;2;19m  [38;2;39;7;46m  [38;2;100;80;107m██[38;2;151;141;154m██[38;2;149;138;152m████[38;2;148;138;152m██[38;2;149;138;152m████[38;2;149;137;152m██[38;2;156;147;159m██[38;2;28;3;36m  [38;2;0;0;0m        
[38;2;149;138;152m██████[38;2;152;142;155m██[38;2;45;9;54m  [38;2;0;0;0m  [38;2;18;5;20m  [38;2;0;0;0m  [38;2;44;15;52m  [38;2;67;36;75m  [38;2;20;3;24m  [38;2;0;0;0m    [38;2;29;8;37m  [38;2;86;78;97m██[38;2;158;148;160m██[38;2;155;146;158m██[38;2;108;88;113m██[38;2;73;44;79m██[38;2;64;33;73m  [38;2;133;118;136m██[38;2;95;74;102m██[38;2;148;137;151m██[38;2;154;145;157m██[38;2;58;28;67m██[38;2;96;77;103m██[38;2;150;140;153m██[38;2;149;138;152m██[38;2;149;137;152m██[38;2;149;138;152m██[38;2;148;138;152m██[38;2;149;138;152m████[38;2;148;138;152m██[38;2;155;145;157m██[38;2;40;3;51m  [38;2;0;0;0m        
[38;2;148;138;152m██[38;2;148;137;152m██[38;2;148;138;151m████[38;2;158;148;159m██[38;2;40;6;50m  [38;2;52;20;61m██[38;2;13;2;15m  [38;2;0;0;0m  [38;2;49;19;59m  [38;2;149;135;152m██[38;2;45;11;55m██[38;2;44;8;54m  [38;2;1;0;1m  [38;2;57;22;66m  [38;2;93;88;106m██[38;2;155;143;157m██[38;2;148;138;151m██[38;2;149;138;151m██[38;2;153;142;156m██[38;2;149;140;152m██[38;2;149;138;152m██[38;2;149;138;151m██[38;2;152;142;155m██[38;2;106;87;112m██[38;2;151;141;154m██[38;2;148;138;152m██[38;2;148;137;151m████[38;2;148;138;152m██[38;2;149;137;151m██[38;2;148;138;152m██[38;2;148;138;151m██[38;2;149;137;151m██[38;2;151;140;153m██[38;2;60;32;71m██[38;2;0;0;0m        
[38;2;149;138;152m████[38;2;149;137;151m████[38;2;149;138;151m██[38;2;152;142;155m██[38;2;31;1;42m██[38;2;111;99;119m██[38;2;43;8;53m  [38;2;28;3;36m  [38;2;65;44;76m██[38;2;146;137;150m██[38;2;149;138;152m██[38;2;110;90;115m██[38;2;43;13;52m  [38;2;90;72;98m██[38;2;83;78;96m██[38;2;149;138;151m██[38;2;149;138;152m██[38;2;149;138;151m██[38;2;149;138;152m██[38;2;148;138;152m██[38;2;149;137;152m██[38;2;148;137;152m██[38;2;149;138;152m██[38;2;148;138;152m██[38;2;149;138;151m██[38;2;148;137;151m██[38;2;147;136;149m██[38;2;149;138;151m██[38;2;148;138;152m██[38;2;149;138;152m██[38;2;149;137;151m██[38;2;148;137;152m██[38;2;149;138;152m██[38;2;93;75;100m██[38;2;0;0;0m        
[38;2;149;138;152m████████████[38;2;158;149;160m██[38;2;48;19;57m██[38;2;134;129;141m██[38;2;151;140;154m██[38;2;112;93;117m██[38;2;90;68;97m██[38;2;114;106;123m██[38;2;149;138;152m██[38;2;151;140;154m████[38;2;150;139;153m██[38;2;149;138;152m████████████████████████████████████[38;2;109;97;117m██[38;2;0;0;0m        
[38;2;148;138;152m██[38;2;149;138;152m██[38;2;149;138;151m████[38;2;149;138;152m██████[38;2;157;148;159m██[38;2;108;91;115m██[38;2;96;90;106m██[38;2;149;138;152m████[38;2;149;138;151m████[38;2;148;138;151m██[38;2;149;138;152m████[38;2;149;138;151m██[38;2;148;138;151m██[38;2;149;138;152m████████[38;2;149;138;151m██[38;2;148;138;151m██[38;2;149;137;151m██[38;2;149;138;152m██[38;2;149;138;151m██[38;2;148;138;151m██[38;2;149;138;152m██[38;2;149;138;151m██[38;2;124;108;129m██[38;2;106;94;113m██[38;2;152;141;155m██[38;2;151;139;153m██[38;2;87;80;99m██[38;2;47;10;58m  [38;2;0;0;0m      
[38;2;149;138;152m██████████████████[38;2;150;138;152m██[38;2;149;138;152m██████████████████████████████████████████[38;2;151;141;154m██[38;2;86;60;92m██[38;2;93;90;105m██[38;2;126;117;134m██[38;2;93;90;107m██[38;2;48;11;59m  [38;2;0;0;0m      
[38;2;149;138;152m████████████████████████████████████████████[38;2;148;138;152m██[38;2;149;138;152m██████████████████[38;2;154;145;157m██[38;2;38;3;47m██[38;2;98;94;110m██[38;2;96;93;108m██[38;2;47;12;58m  [38;2;0;0;0m      
[38;2;149;138;152m██[38;2;149;137;152m██[38;2;149;138;152m████[38;2;148;138;152m██[38;2;149;138;152m██████████[38;2;150;139;153m██[38;2;154;143;157m██[38;2;155;143;158m██[38;2;152;141;155m██[38;2;149;138;152m██████████████████████████████[38;2;153;141;156m██[38;2;153;142;156m██[38;2;150;139;153m██[38;2;149;138;152m██[38;2;152;140;154m██[38;2;69;50;80m██[38;2;97;94;109m██[38;2;54;25;65m  [38;2;0;0;0m      
[38;2;149;138;152m██████████████████[38;2;158;147;161m██[38;2;49;45;51m██[38;2;7;7;7m██[38;2;3;3;3m██[38;2;17;16;17m██[38;2;141;130;144m██[38;2;151;139;154m██[38;2;149;138;152m████████████████████[38;2;148;138;152m██[38;2;158;147;161m██[38;2;81;74;83m██[38;2;15;14;15m██[38;2;13;12;13m██[38;2;49;45;50m██[38;2;155;144;159m██[38;2;153;142;155m██[38;2;59;30;66m██[38;2;100;97;112m██[38;2;58;23;64m  [38;2;0;0;0m      
[38;2;149;138;152m████[38;2;149;138;151m██[38;2;149;138;152m██████████[38;2;155;143;158m██[38;2;7;7;8m██[38;2;0;0;0m██[38;2;197;197;197m██[38;2;255;255;255m████[38;2;48;48;48m██[38;2;127;116;130m██[38;2;149;138;152m████████████████████[38;2;158;146;161m██[38;2;16;15;17m██[38;2;42;42;42m██[38;2;255;255;255m████[38;2;168;168;168m██[38;2;6;5;6m██[38;2;153;141;156m██[38;2;147;135;151m██[38;2;61;40;72m██[38;2;49;10;58m  [38;2;0;0;0m      
[38;2;152;141;155m██[38;2;149;138;152m████████████[38;2;151;139;154m██[38;2;57;52;58m██[38;2;0;0;0m████[38;2;255;255;255m████████[38;2;11;10;12m██[38;2;155;144;158m██[38;2;149;138;152m████████████████[38;2;151;140;154m██[38;2;49;46;51m██[38;2;0;0;0m██[38;2;212;212;212m██[38;2;254;254;254m██[38;2;255;255;255m████[38;2;117;117;117m██[38;2;21;19;21m██[38;2;156;146;159m██[38;2;56;24;64m██[38;2;40;8;46m  [38;2;0;0;0m      
[38;2;96;91;109m██[38;2;152;140;154m██[38;2;148;138;152m████[38;2;149;138;152m██████[38;2;157;146;160m██[38;2;0;0;0m██[38;2;58;58;58m██[38;2;1;1;1m██[38;2;150;150;150m██[38;2;255;255;255m████[38;2;200;200;200m██[38;2;0;0;0m██[38;2;165;153;168m██[38;2;149;138;152m████[38;2;149;138;151m██[38;2;148;138;151m████[38;2;148;138;152m██[38;2;149;138;152m████[38;2;155;144;158m██[38;2;0;0;0m████[38;2;125;125;125m██[38;2;254;254;254m██[38;2;255;255;255m████[38;2;127;127;127m██[38;2;0;0;0m██[38;2;155;144;158m██[38;2;134;120;137m██[38;2;43;6;51m  [38;2;0;0;0m      
[38;2;94;88;105m██[38;2;101;94;112m██[38;2;131;116;134m██[38;2;153;143;156m██[38;2;149;138;152m██████[38;2;157;146;160m██[38;2;0;0;0m██[38;2;255;255;255m████[38;2;0;0;0m██[38;2;34;34;34m██[38;2;46;46;46m██[38;2;0;0;0m████[38;2;164;153;167m██[38;2;149;138;152m████████████████[38;2;151;140;154m██[38;2;2;2;2m██[38;2;238;238;238m██[38;2;46;46;46m██[38;2;102;102;102m██[38;2;142;142;142m██[38;2;89;89;89m██[38;2;0;0;0m████[38;2;154;143;158m██[38;2;154;145;157m██[38;2;41;6;51m  [38;2;0;0;0m      
[38;2;94;88;105m██[38;2;96;92;109m██[38;2;45;13;53m██[38;2;153;143;155m██[38;2;148;138;152m██[38;2;149;138;152m██[38;2;148;138;152m██[38;2;152;141;155m██[38;2;42;38;43m██[38;2;26;26;26m██[38;2;255;255;255m██[38;2;94;94;94m██[38;2;0;0;0m██████[38;2;1;1;2m██[38;2;159;148;163m██[38;2;149;137;152m██[38;2;149;138;151m██[38;2;148;138;152m██[38;2;149;138;152m██[38;2;149;137;152m██[38;2;149;137;151m██[38;2;149;138;152m████[38;2;154;143;158m██[38;2;0;0;0m██[38;2;246;246;246m██[38;2;255;255;255m██[38;2;29;29;29m██[38;2;0;0;0m██████[38;2;8;7;8m██[38;2;153;142;156m██[38;2;150;139;152m██[38;2;63;43;75m██[38;2;12;2;15m  [38;2;0;0;0m    
[38;2;94;88;106m██[38;2;79;64;90m██[38;2;95;88;107m██[38;2;149;138;152m████[38;2;149;137;151m██[38;2;149;138;152m██[38;2;149;137;151m██[38;2;155;144;158m██[38;2;0;0;0m██[38;2;6;6;6m██[38;2;1;1;1m██[38;2;0;0;0m██████[38;2;95;88;98m██[38;2;149;138;152m██[38;2;149;137;151m██[38;2;148;138;151m██[38;2;148;137;152m████[38;2;148;138;151m██[38;2;148;137;151m██[38;2;149;137;151m██[38;2;148;137;151m██[38;2;150;139;153m██[38;2;122;111;124m██[38;2;3;3;3m██[38;2;218;218;218m██[38;2;17;17;17m██[38;2;0;0;0m██████[38;2;152;139;153m██[38;2;149;138;152m██[38;2;152;141;153m██[38;2;91;90;106m██[38;2;48;9;59m  [38;2;0;0;0m    
[38;2;97;93;110m██[38;2;49;18;58m██[38;2;101;96;112m██[38;2;149;138;152m████████████[38;2;153;141;155m██[38;2;40;36;41m██[38;2;0;0;0m██████[38;2;120;110;122m██[38;2;153;142;156m██[38;2;149;138;152m████████[38;2;149;137;152m████[38;2;149;138;152m██[38;2;149;137;152m██[38;2;149;138;152m██[38;2;149;137;152m██[38;2;151;140;154m██[38;2;124;115;126m██[38;2;25;23;25m██[38;2;0;0;0m████[38;2;56;51;56m██[38;2;148;136;150m██[38;2;150;139;153m██[38;2;149;138;152m██[38;2;151;139;153m██[38;2;88;84;102m██[38;2;48;14;57m██[38;2;0;0;0m    
[38;2;99;96;111m██[38;2;61;36;71m██[38;2;103;97;114m██[38;2;149;138;152m████[38;2;148;138;152m██[38;2;149;137;152m██[38;2;149;138;152m██[38;2;149;137;152m████[38;2;152;140;155m██[38;2;158;147;162m██[38;2;160;148;163m██[38;2;154;143;157m██[38;2;149;138;152m██[38;2;148;138;152m██[38;2;149;138;152m██[38;2;150;139;153m██[38;2;151;141;154m██[38;2;150;140;153m██████[38;2;151;141;154m██[38;2;155;146;157m██[38;2;152;143;156m██[38;2;149;137;151m██[38;2;149;138;152m████[38;2;153;142;156m██[38;2;157;145;160m██[38;2;156;144;159m██[38;2;151;140;154m██[38;2;149;138;152m██[38;2;148;138;152m██[38;2;149;138;152m██[38;2;151;140;154m██[38;2;87;82;100m██[38;2;60;34;69m██[38;2;9;2;11m  [38;2;0;0;0m  
[38;2;122;107;128m██[38;2;82;69;93m██[38;2;115;106;125m██[38;2;149;138;152m██[38;2;148;137;151m██[38;2;149;138;152m████[38;2;148;138;151m██[38;2;149;138;151m██[38;2;149;137;151m██[38;2;148;138;152m██[38;2;148;137;152m██[38;2;148;138;151m██[38;2;149;137;151m██[38;2;148;138;151m██[38;2;149;138;152m██[38;2;148;138;151m██[38;2;136;122;140m██[38;2;29;2;39m██[38;2;40;5;48m  [38;2;47;19;60m  [38;2;39;9;53m  [38;2;27;0;39m  [38;2;25;1;43m  [38;2;42;13;56m  [38;2;139;126;143m██[38;2;148;138;152m██[38;2;148;138;151m██[38;2;149;138;151m██[38;2;148;138;152m██[38;2;149;137;151m██[38;2;148;138;152m██[38;2;148;138;151m██[38;2;149;137;151m██[38;2;148;138;151m██[38;2;154;142;154m██[38;2;90;85;103m██[38;2;89;82;101m██[38;2;26;5;32m  [38;2;0;0;0m  
[38;2;51;25;59m  [38;2;95;90;107m██[38;2;131;122;137m██[38;2;149;137;151m██[38;2;148;137;151m██[38;2;148;138;152m██[38;2;149;138;152m██[38;2;149;138;151m██[38;2;149;138;152m██[38;2;149;137;152m██[38;2;149;138;152m████[38;2;149;137;151m██[38;2;148;137;152m██[38;2;149;138;152m██[38;2;148;138;152m██[38;2;149;138;152m████[38;2;138;126;143m██[38;2;215;157;154m██[38;2;255;192;177m██[38;2;248;180;167m██[38;2;233;114;109m██[38;2;215;60;61m██[38;2;48;19;60m  [38;2;151;140;154m██[38;2;149;138;151m████[38;2;149;138;152m██[38;2;150;140;153m██[38;2;158;149;160m██[38;2;155;147;158m██[38;2;150;139;153m██[38;2;148;137;152m██[38;2;149;138;152m██[38;2;142;132;146m██[38;2;93;88;105m██[38;2;98;94;110m██[38;2;46;8;57m  [38;2;0;0;0m  
[38;2;41;5;53m  [38;2;96;92;108m██[38;2;138;127;142m██[38;2;149;138;152m████████████████████[38;2;155;146;157m██[38;2;122;105;127m██[38;2;89;69;95m██[38;2;127;112;132m██[38;2;151;141;154m██[38;2;155;146;158m██[38;2;44;21;51m  [38;2;255;193;179m██[38;2;255;185;174m██[38;2;255;189;177m██[38;2;226;83;80m██[38;2;77;60;91m  [38;2;149;139;152m██[38;2;149;138;152m████[38;2;151;141;154m██[38;2;89;65;95m██[38;2;64;42;73m██[38;2;53;27;62m██[38;2;89;69;96m██[38;2;155;146;158m██[38;2;150;139;153m██[38;2;101;94;111m██[38;2;93;88;105m██[38;2;94;90;107m██[38;2;50;19;60m██[38;2;0;0;0m  
[38;2;43;7;51m  [38;2;95;90;107m██[38;2;130;121;136m██[38;2;149;138;151m██[38;2;149;138;152m██████[38;2;149;138;151m██[38;2;148;138;151m██[38;2;148;138;152m██[38;2;149;138;152m████[38;2;154;143;156m██[38;2;33;4;42m██[38;2;123;106;128m██[38;2;164;156;166m██[38;2;102;81;108m██[38;2;122;105;126m██[38;2;149;139;152m██[38;2;123;108;128m██[38;2;126;80;99m  [38;2;241;199;183m██[38;2;220;167;161m  [38;2;26;6;40m  [38;2;155;145;157m██[38;2;149;137;151m██[38;2;149;138;152m██[38;2;149;138;151m██[38;2;140;128;143m██[38;2;83;58;89m██[38;2;152;141;154m██[38;2;152;142;154m██[38;2;145;133;148m██[38;2;33;1;43m██[38;2;139;131;145m██[38;2;92;86;104m██[38;2;94;88;106m████[38;2;69;49;79m██[38;2;0;0;0m  
[38;2;58;33;70m██[38;2;94;88;106m██[38;2;116;107;124m██[38;2;149;138;152m████████████████[38;2;140;126;143m██[38;2;45;15;56m██[38;2;155;145;158m██[38;2;149;138;152m████[38;2;153;143;156m██[38;2;44;17;53m██[38;2;154;145;157m██[38;2;150;139;153m██[38;2;143;131;147m██[38;2;110;97;118m  [38;2;132;120;137m██[38;2;154;144;157m██[38;2;149;138;152m████████[38;2;96;76;102m██[38;2;161;152;164m██[38;2;149;138;152m██████[38;2;156;146;159m██[38;2;44;15;54m██[38;2;95;90;108m██[38;2;94;88;105m████[38;2;85;74;97m██[38;2;43;9;50m  
[38;2;74;57;84m██[38;2;94;88;105m██[38;2;98;93;110m██[38;2;149;138;152m██████████████[38;2;137;124;140m██[38;2;58;28;66m██[38;2;155;147;159m██[38;2;149;138;152m████████[38;2;76;49;82m██[38;2;156;146;158m██[38;2;149;138;152m██████[38;2;148;138;152m██[38;2;149;138;152m██████████[38;2;95;74;101m██[38;2;146;138;151m██[38;2;149;138;152m████████[38;2;158;148;159m██[38;2;53;22;61m██[38;2;96;90;108m██[38;2;94;88;105m██[38;2;96;91;108m██[38;2;42;10;52m  
[38;2;87;77;98m██[38;2;94;88;105m██[38;2;90;84;102m██[38;2;153;141;155m██[38;2;148;138;152m██[38;2;149;138;152m████████[38;2;146;134;149m██[38;2;42;8;51m██[38;2;121;115;130m██[38;2;149;138;152m██████[38;2;151;140;153m██[38;2;131;121;137m██[38;2;51;24;61m██[38;2;157;148;159m██[38;2;149;138;152m██████████████[38;2;151;140;154m██[38;2;150;139;153m██[38;2;81;66;91m██[38;2;86;78;98m██[38;2;139;130;144m██[38;2;150;139;153m██[38;2;149;138;152m████[38;2;154;142;156m██[38;2;95;90;107m██[38;2;42;6;49m██[38;2;95;89;107m██[38;2;96;91;108m██[38;2;44;8;54m  [0m
