
[38;2;0;0;0m                      [38;2;127;121;130m██[38;2;138;133;141m██[38;2;134;127;136m██[38;2;126;120;129m██[38;2;0;0;0m      [38;2;6;6;6m  [38;2;227;223;225m██[38;2;233;230;233m████[38;2;233;229;233m████[38;2;236;232;234m██[38;2;30;29;31m  [38;2;0;0;0m                  
[38;2;0;0;0m                  [38;2;133;127;136m██[38;2;230;227;231m██[38;2;231;227;232m██[38;2;230;227;232m██[38;2;231;227;232m██[38;2;233;230;233m██[38;2;232;229;232m██[38;2;143;137;144m██[38;2;0;0;0m  [38;2;230;226;228m██[38;2;233;230;233m██████[38;2;232;230;232m██[38;2;233;230;233m████[38;2;0;0;0m                    
[38;2;0;0;0m  [38;2;15;165;244m██[38;2;0;30;46m  [38;2;135;129;137m██[38;2;0;0;0m      [38;2;126;120;129m  [38;2;228;224;227m██[38;2;230;226;230m██[38;2;227;207;119m██[38;2;232;229;232m██[38;2;231;228;232m██[38;2;231;227;232m████[38;2;232;229;232m██[38;2;233;230;233m██[38;2;232;229;232m██[38;2;233;230;233m████[38;2;232;230;232m██[38;2;233;230;233m██████[38;2;237;232;235m██[38;2;0;0;0m            [38;2;46;103;95m  [38;2;30;66;61m  [38;2;0;0;0m    
[38;2;0;0;0m  [38;2;15;167;246m██[38;2;15;167;247m██[38;2;0;0;0m  [38;2;215;209;212m██[38;2;231;227;231m██[38;2;231;227;232m██[38;2;231;228;232m██[38;2;225;221;225m██[38;2;145;139;147m██[38;2;230;201;9m██[38;2;210;204;208m██[38;2;194;189;192m██[38;2;233;229;233m██[38;2;231;227;231m██[38;2;231;227;232m████[38;2;233;230;233m██[38;2;232;230;232m██[38;2;233;229;233m████[38;2;232;229;232m██[38;2;233;230;233m██[38;2;233;229;233m██[38;2;233;230;233m██[38;2;165;160;167m██[38;2;0;0;0m          [38;2;90;191;176m██[38;2;92;192;177m██[38;2;0;0;0m    
[38;2;0;0;0m  [38;2;1;130;201m  [38;2;15;167;247m██[38;2;0;0;0m    [38;2;79;76;81m  [38;2;150;141;149m██[38;2;5;5;6m  [38;2;0;0;0m  [38;2;132;125;133m  [38;2;230;226;230m██[38;2;232;229;232m██[38;2;231;228;232m██[38;2;233;230;233m██[38;2;231;227;232m██[38;2;231;227;231m██[38;2;231;228;232m██[38;2;232;229;232m██[38;2;233;230;233m████[38;2;231;228;232m██[38;2;233;230;233m██████████[38;2;232;229;232m████[38;2;196;190;194m██[38;2;196;81;226m██[38;2;196;81;225m██[38;2;0;0;0m  [38;2;201;195;200m██[38;2;0;0;0m    
[38;2;0;0;0m                [38;2;229;225;227m██[38;2;248;248;246m██[38;2;252;254;250m██[38;2;250;251;249m██[38;2;232;229;232m██[38;2;233;230;233m██[38;2;230;227;232m████[38;2;231;227;232m██[38;2;232;230;232m██[38;2;233;230;233m██[38;2;232;229;232m████[38;2;231;228;232m██████[38;2;232;229;232m████[38;2;232;230;232m██[38;2;232;229;232m██[38;2;191;84;217m██[38;2;197;81;227m██[38;2;174;95;193m██[38;2;195;159;159m██[38;2;148;74;91m██[38;2;0;0;0m    
[38;2;0;0;0m            [38;2;136;130;139m██[38;2;237;232;235m██[38;2;237;233;235m██[38;2;250;250;248m██[38;2;237;233;235m██[38;2;233;230;233m██[38;2;252;254;251m██[38;2;234;230;233m██[38;2;240;238;239m██[38;2;238;235;237m██[38;2;233;229;233m████[38;2;233;230;233m████████[38;2;231;228;232m██[38;2;247;245;244m██[38;2;236;232;234m██[38;2;231;228;232m████[38;2;231;227;231m██[38;2;192;82;220m██[38;2;188;75;218m██[38;2;233;230;233m████[38;2;80;77;82m  [38;2;0;0;0m    
[38;2;0;0;0m          [38;2;133;126;135m██[38;2;237;233;235m██[38;2;237;232;235m██[38;2;237;233;235m████[38;2;237;232;235m██[38;2;237;233;235m████[38;2;237;233;234m██[38;2;252;253;250m██[38;2;233;230;233m██████████[38;2;246;245;244m██[38;2;241;237;238m██[38;2;232;229;232m████[38;2;252;253;251m██[38;2;232;229;232m██[38;2;230;227;232m██[38;2;233;230;233m████████[38;2;234;230;233m██[38;2;157;152;158m██[38;2;0;0;0m    
[38;2;0;0;0m        [38;2;69;66;71m  [38;2;234;231;233m████[38;2;232;230;232m██[38;2;232;229;232m████[38;2;235;231;234m██[38;2;234;230;233m██[38;2;232;230;232m██[38;2;234;231;233m██[38;2;232;230;232m██[38;2;233;230;233m██[38;2;232;230;232m██████[38;2;233;230;233m████[38;2;248;248;247m██[38;2;232;230;232m██[38;2;233;230;233m██[38;2;233;229;233m██[38;2;233;230;233m██[38;2;233;229;233m██[38;2;232;230;232m██[38;2;233;230;233m██████[38;2;237;232;234m██[38;2;235;231;234m██[38;2;0;0;0m    
[38;2;0;0;0m        [38;2;229;226;230m██[38;2;236;233;235m██[38;2;236;232;234m██[38;2;237;233;235m██[38;2;236;232;234m██[38;2;219;213;215m██[38;2;232;227;229m██[38;2;236;233;235m████[38;2;237;233;235m██[38;2;230;226;227m██[38;2;237;232;235m██[38;2;236;233;235m██[38;2;236;232;234m████[38;2;233;230;233m██[38;2;234;231;233m██[38;2;233;230;233m██[38;2;233;229;233m██████[38;2;233;230;233m██[38;2;232;229;232m██[38;2;233;230;233m██[38;2;233;229;233m██[38;2;233;230;233m████████[38;2;220;216;218m██[38;2;0;0;0m  
[38;2;0;0;0m        [38;2;237;233;234m██[38;2;237;232;235m██[38;2;237;233;235m██[38;2;216;211;213m██[38;2;237;232;234m██[38;2;237;233;235m██[38;2;237;232;235m██[38;2;237;232;234m██[38;2;237;233;235m██[38;2;230;224;228m██[38;2;237;232;234m██[38;2;237;233;235m██[38;2;237;232;234m██[38;2;237;233;234m██[38;2;237;232;235m██[38;2;237;232;234m██[38;2;237;233;234m██[38;2;236;232;234m██[38;2;233;230;233m██[38;2;232;230;232m██[38;2;233;230;233m██[38;2;232;229;232m██[38;2;233;230;233m██[38;2;231;228;232m██[38;2;232;230;232m██[38;2;233;230;233m████[38;2;231;228;232m██[38;2;232;230;232m██[38;2;233;230;233m██[38;2;225;220;224m██
[38;2;0;0;0m        [38;2;241;236;237m██[38;2;237;233;234m██[38;2;210;204;206m██[38;2;237;233;235m██[38;2;237;233;234m██[38;2;237;233;235m████[38;2;239;235;236m██[38;2;240;235;236m██[38;2;241;236;237m██[38;2;238;234;235m██[38;2;237;233;234m██[38;2;237;233;235m██[38;2;237;233;234m████[38;2;226;221;224m██[38;2;237;233;235m████[38;2;237;232;234m██[38;2;237;233;234m██[38;2;237;233;235m██[38;2;237;233;234m██[38;2;232;229;232m██[38;2;233;230;233m██[38;2;233;229;233m██[38;2;233;230;233m██[38;2;234;231;233m██[38;2;233;229;233m██[38;2;233;230;233m██[38;2;232;229;232m██[38;2;233;230;233m██
[38;2;0;0;0m        [38;2;242;236;238m██[38;2;243;237;238m██[38;2;242;237;238m████[38;2;243;236;238m██[38;2;243;237;238m██████[38;2;189;184;189m██[38;2;243;237;238m██[38;2;242;237;238m██[38;2;237;233;235m████[38;2;236;233;235m██[38;2;221;215;216m██[38;2;237;233;235m██[38;2;236;233;235m██████[38;2;215;211;213m██[38;2;236;233;235m████████[38;2;237;233;235m██[38;2;231;227;229m██[38;2;233;229;233m██[38;2;237;233;235m██[38;2;234;230;233m██[38;2;233;230;233m████
[38;2;0;0;0m  [38;2;168;73;108m  [38;2;0;0;0m    [38;2;243;237;238m██[38;2;242;237;238m██[38;2;243;237;238m██████████[38;2;226;219;219m██[38;2;243;238;239m██[38;2;243;237;238m██[38;2;243;239;240m██[38;2;243;237;238m██[38;2;243;238;239m██[38;2;243;239;240m██[38;2;243;237;238m██[38;2;241;236;237m██[38;2;242;237;238m██[38;2;237;233;234m██[38;2;237;232;234m██[38;2;206;201;204m██[38;2;237;233;234m██[38;2;237;233;235m██[38;2;237;232;234m██[38;2;203;190;186m██[38;2;236;233;234m██[38;2;210;204;208m██[38;2;233;230;233m██[38;2;236;232;234m██[38;2;237;232;235m██[38;2;236;232;234m██[38;2;233;230;233m██
[38;2;0;0;0m    [38;2;217;102;145m██[38;2;206;93;135m██[38;2;244;238;238m██[38;2;243;238;239m██[38;2;242;237;238m██[38;2;243;237;238m██[38;2;243;239;240m██[38;2;246;240;239m██[38;2;241;236;237m██[38;2;237;232;233m██[38;2;247;241;240m██[38;2;246;241;240m██[38;2;246;240;240m██[38;2;244;238;238m██[38;2;243;238;239m██[38;2;237;231;232m██[38;2;237;232;233m██[38;2;200;193;197m██[38;2;213;209;212m██[38;2;210;206;209m██[38;2;220;213;215m██[38;2;222;216;218m██[38;2;239;235;236m██[38;2;242;237;238m████[38;2;240;235;236m██[38;2;166;191;17m████[38;2;234;229;231m██[38;2;237;233;234m██[38;2;237;233;235m████[38;2;236;232;234m██
[38;2;0;0;0m      [38;2;180;175;180m██[38;2;248;242;241m██[38;2;245;240;239m██[38;2;247;241;240m██[38;2;248;242;241m████[38;2;246;240;240m██[38;2;245;239;238m██[38;2;228;222;223m██[38;2;247;241;240m████[38;2;248;242;241m██[38;2;247;241;240m██[38;2;242;237;238m██[38;2;189;176;178m██[38;2;247;241;240m██[38;2;187;180;184m██[38;2;247;240;240m██[38;2;245;240;239m██[38;2;245;239;239m██[38;2;247;241;240m██[38;2;191;185;188m██[38;2;244;238;238m██[38;2;242;237;238m██[38;2;241;236;237m██[38;2;221;216;203m██[38;2;235;229;218m██[38;2;231;221;184m██[38;2;221;217;219m██[38;2;240;235;237m██[38;2;180;174;180m██[38;2;0;0;0m  
[38;2;0;0;0m    [38;2;67;63;68m  [38;2;247;242;241m██[38;2;247;241;240m██[38;2;209;200;203m██[38;2;247;241;240m██[38;2;248;242;241m████[38;2;216;210;211m██[38;2;248;242;241m██[38;2;246;216;207m██[38;2;247;241;240m██[38;2;248;242;241m████[38;2;247;241;240m████[38;2;243;197;185m██[38;2;201;184;186m██[38;2;236;231;233m██[38;2;247;241;240m████[38;2;247;240;240m██[38;2;248;242;241m██████[38;2;247;241;240m██[38;2;238;232;232m██[38;2;226;222;223m██[38;2;242;237;238m██[38;2;238;233;235m██[38;2;237;233;235m██[38;2;176;170;175m██[38;2;0;0;0m    
[38;2;0;0;0m  [38;2;61;58;62m  [38;2;247;241;240m██[38;2;248;242;241m██[38;2;247;241;240m████[38;2;247;242;241m████[38;2;198;194;197m██[38;2;246;240;239m██[38;2;241;194;182m██[38;2;255;247;240m██[38;2;251;244;238m██[38;2;222;217;218m██[38;2;248;242;241m██[38;2;247;242;241m██[38;2;247;241;239m██[38;2;237;186;176m██[38;2;246;209;197m██[38;2;193;178;181m██[38;2;200;187;188m██[38;2;248;242;241m██[38;2;247;241;240m████████[38;2;246;241;240m████[38;2;247;242;241m██[38;2;212;207;210m██[38;2;247;241;240m██[38;2;242;237;238m██[38;2;232;225;227m██[38;2;138;133;141m  [38;2;0;0;0m  
[38;2;248;242;241m██[38;2;247;241;240m██[38;2;238;232;232m██[38;2;217;211;212m██[38;2;246;240;240m██[38;2;247;242;240m██[38;2;248;241;240m██[38;2;187;183;186m██[38;2;229;223;225m██[38;2;244;198;186m██[38;2;254;247;239m██[38;2;254;246;239m██[38;2;255;248;240m████[38;2;219;210;212m██[38;2;247;240;240m██[38;2;246;241;240m██[38;2;210;180;175m██[38;2;255;248;240m██[38;2;250;215;206m██[38;2;200;175;174m██[38;2;214;200;201m██[38;2;247;241;240m████████████[38;2;248;241;240m██[38;2;248;242;241m██[38;2;248;242;240m██[38;2;247;241;240m██[38;2;243;238;239m██[38;2;199;182;183m██[38;2;0;0;0m  
[38;2;32;31;32m  [38;2;0;0;0m    [38;2;201;196;199m██[38;2;248;242;241m████[38;2;223;214;215m██[38;2;169;131;137m██[38;2;105;63;54m██[38;2;76;49;42m██[38;2;128;92;83m██[38;2;254;246;238m██[38;2;255;248;240m████[38;2;246;238;234m██[38;2;246;240;240m██[38;2;247;241;240m██[38;2;207;181;177m██[38;2;255;248;240m████[38;2;254;247;239m██[38;2;230;185;176m██[38;2;198;182;184m██[38;2;226;219;220m██[38;2;231;225;228m██[38;2;184;177;182m██[38;2;246;240;239m██[38;2;247;241;240m██[38;2;248;242;241m████[38;2;247;241;240m████[38;2;248;242;241m██[38;2;200;182;184m██[38;2;0;0;0m  
[38;2;0;0;0m      [38;2;246;241;239m██[38;2;218;213;216m██[38;2;248;242;241m██[38;2;247;241;240m██[38;2;185;160;162m██[38;2;155;142;143m██[38;2;69;40;33m██[38;2;65;36;29m██[38;2;70;40;34m██[38;2;88;62;55m██[38;2;255;248;240m██[38;2;238;233;233m██[38;2;246;241;240m██[38;2;245;239;239m██[38;2;247;208;197m██[38;2;237;227;223m██[38;2;74;46;39m██[38;2;63;34;27m██[38;2;65;36;29m██[38;2;205;194;196m██[38;2;254;247;239m████[38;2;255;247;240m██[38;2;245;202;190m██[38;2;214;208;209m██[38;2;248;242;241m████[38;2;207;191;193m██[38;2;245;240;240m██[38;2;219;214;217m██[38;2;199;182;183m██[38;2;0;0;0m  
[38;2;0;0;0m    [38;2;146;127;23m  [38;2;247;239;237m██[38;2;247;241;240m██[38;2;246;240;239m██[38;2;240;234;234m██[38;2;176;140;140m██[38;2;255;248;240m██████████[38;2;224;218;221m██[38;2;247;240;240m██[38;2;218;211;214m██[38;2;249;226;217m██[38;2;255;248;240m████[38;2;255;248;239m██[38;2;255;248;240m████[38;2;225;212;211m██[38;2;84;59;53m██[38;2;150;142;149m██[38;2;255;248;240m████[38;2;243;196;184m██[38;2;247;241;240m██[38;2;236;230;230m██[38;2;247;241;240m██[38;2;245;239;239m██[38;2;195;189;192m██[38;2;199;182;183m██[38;2;0;0;0m  
[38;2;0;0;0m    [38;2;255;225;0m██[38;2;254;222;0m██[38;2;248;237;236m████[38;2;197;179;181m██[38;2;253;246;237m██[38;2;254;247;239m██[38;2;255;248;240m██████[38;2;255;247;240m██[38;2;246;241;240m██[38;2;245;198;186m██[38;2;255;248;240m██████████████[38;2;254;246;239m████[38;2;255;248;240m██████[38;2;249;214;203m██[38;2;203;198;201m██[38;2;247;241;240m██[38;2;234;229;231m██[38;2;198;182;184m██[38;2;243;232;232m██[38;2;225;213;213m██[38;2;0;0;0m  
[38;2;0;0;0m  [38;2;95;83;3m  [38;2;242;210;5m██[38;2;229;204;70m██[38;2;248;237;236m██[38;2;248;237;235m██[38;2;185;160;162m██[38;2;255;247;240m██[38;2;255;248;239m██[38;2;255;247;239m██[38;2;255;248;240m██████[38;2;206;196;198m██[38;2;254;247;239m██[38;2;255;248;239m████[38;2;255;247;239m██[38;2;255;248;239m██[38;2;254;247;239m██[38;2;255;248;239m████[38;2;255;247;240m██[38;2;255;248;240m██[38;2;255;248;239m██[38;2;255;248;240m██[38;2;254;247;239m██[38;2;255;248;239m██[38;2;243;196;184m██[38;2;246;240;239m██[38;2;181;170;174m██[38;2;185;178;181m██[38;2;248;237;236m██[38;2;230;224;225m██[38;2;80;76;82m  
[38;2;0;0;0m    [38;2;171;166;172m██[38;2;249;237;236m██[38;2;229;218;217m██[38;2;172;176;128m██[38;2;222;207;209m██[38;2;254;246;238m██[38;2;255;248;240m████████[38;2;250;240;232m██[38;2;255;247;240m██[38;2;254;247;239m██[38;2;255;248;240m██████[38;2;254;246;239m██[38;2;221;206;205m██[38;2;255;248;240m██████████[38;2;254;246;239m██[38;2;250;223;213m██[38;2;254;247;239m██[38;2;246;205;193m██[38;2;237;228;227m██[38;2;187;180;184m██[38;2;175;165;169m██[38;2;249;237;236m██[38;2;212;38;85m██[38;2;201;58;99m██
[38;2;0;0;0m  [38;2;90;86;92m  [38;2;249;237;236m████[38;2;248;237;236m██[38;2;156;171;33m██[38;2;248;237;236m██[38;2;234;186;177m██[38;2;255;248;240m████[38;2;255;247;240m██[38;2;255;248;240m██████████[38;2;254;247;239m████[38;2;255;248;240m████████████[38;2;231;219;218m██[38;2;56;64;55m██[38;2;69;86;73m██[38;2;110;110;101m██[38;2;241;234;234m██[38;2;246;240;239m██[38;2;247;241;240m██[38;2;238;228;228m██[38;2;190;176;178m██[38;2;216;129;138m██[38;2;134;103;112m  
[38;2;0;0;0m  [38;2;242;237;237m██[38;2;249;237;236m██[38;2;233;223;223m██[38;2;3;3;3m  [38;2;0;0;0m  [38;2;172;166;171m██[38;2;247;238;238m██[38;2;192;146;143m██[38;2;248;217;206m██[38;2;255;248;239m████[38;2;255;247;239m██[38;2;255;248;240m██[38;2;255;247;239m████[38;2;255;248;240m████████████[38;2;255;248;239m██[38;2;74;80;76m██[38;2;74;92;78m██[38;2;71;88;75m██[38;2;48;61;51m██[38;2;68;85;72m██[38;2;201;184;185m██[38;2;246;240;239m████[38;2;248;237;236m██[38;2;0;0;0m      
[38;2;0;0;0m  [38;2;248;236;235m██[38;2;248;237;236m██[38;2;0;0;0m        [38;2;247;236;235m██[38;2;249;237;236m██[38;2;208;201;203m██[38;2;188;153;154m██[38;2;235;185;175m██[38;2;250;213;202m██[38;2;253;244;235m██[38;2;254;247;239m██[38;2;255;248;239m██[38;2;254;247;239m██████[38;2;248;234;227m██[38;2;219;179;172m██[38;2;38;50;41m██[38;2;50;64;54m██[38;2;58;73;62m██[38;2;49;62;52m██[38;2;43;55;46m██[38;2;49;63;53m██[38;2;68;82;71m██[38;2;190;174;176m██[38;2;248;237;237m██[38;2;242;181;174m██[38;2;218;172;166m██[38;2;212;195;202m██[38;2;0;0;0m    
[38;2;0;0;0m  [38;2;217;206;208m██[38;2;189;176;179m██[38;2;44;105;96m  [38;2;1;4;4m  [38;2;0;0;0m    [38;2;34;33;35m  [38;2;248;237;236m██[38;2;154;146;153m██[38;2;0;0;0m  [38;2;211;198;200m██[38;2;230;225;227m██[38;2;235;193;183m██[38;2;127;107;103m██[38;2;91;84;76m██[38;2;148;134;137m██[38;2;239;228;226m██[38;2;218;194;190m██[38;2;48;62;52m██[38;2;46;59;49m██[38;2;39;52;42m██[38;2;53;68;57m██[38;2;66;82;70m██[38;2;73;90;77m██████[38;2;49;63;53m██[38;2;0;0;0m  [38;2;128;122;130m██[38;2;150;142;149m██[38;2;200;183;184m██[38;2;248;230;230m██[38;2;0;0;0m    
[38;2;0;0;0m    [38;2;153;143;150m██[38;2;91;192;177m██[38;2;2;6;5m  [38;2;0;0;0m      [38;2;249;237;236m██[38;2;0;0;0m      [38;2;206;179;178m██[38;2;252;244;236m██[38;2;236;226;222m██[38;2;104;117;107m██[38;2;68;86;73m██[38;2;216;195;194m██[38;2;254;246;239m██[38;2;251;241;233m██[38;2;86;105;89m██[38;2;71;64;54m██[38;2;50;65;55m██[38;2;49;63;53m██[38;2;43;55;46m██[38;2;49;63;53m██[38;2;49;64;54m██[38;2;43;55;46m  [38;2;0;0;0m        [38;2;81;77;83m  [38;2;204;197;199m██[38;2;0;0;0m  
[38;2;0;0;0m    [38;2;178;167;171m██[38;2;0;0;0m          [38;2;138;132;140m  [38;2;0;0;0m      [38;2;253;236;227m██[38;2;250;230;221m██[38;2;254;246;238m██[38;2;71;83;73m██[38;2;123;105;99m██[38;2;237;213;206m██[38;2;255;248;240m██[38;2;220;190;187m██[38;2;84;103;88m██[38;2;133;12;10m██[38;2;119;26;21m██[38;2;136;10;8m██[38;2;49;62;52m██[38;2;9;12;9m  [38;2;0;0;0m      [38;2;125;181;79m████[38;2;0;0;0m    [38;2;141;135;144m██[38;2;0;0;0m  
[38;2;0;0;0m              [38;2;41;39;42m  [38;2;0;0;0m        [38;2;219;192;190m██[38;2;255;248;240m██[38;2;249;240;234m██[38;2;253;245;238m██[38;2;204;194;193m██[38;2;254;247;239m██[38;2;255;248;240m██[38;2;218;175;170m██[38;2;87;106;90m██[38;2;84;102;88m██[38;2;102;69;59m██[38;2;136;10;8m██[38;2;57;68;58m██[38;2;56;68;58m██[38;2;0;0;0m      [38;2;137;198;100m██[38;2;121;175;76m  [38;2;0;0;0m        [0m
