
[38;2;0;0;0m          [38;2;71;52;37m  [38;2;35;23;9m██[38;2;9;2;1m██[38;2;5;2;3m██[38;2;4;2;3m██[38;2;4;5;0m██[38;2;5;4;2m██[38;2;5;5;1m██[38;2;6;4;5m██[38;2;6;5;4m██[38;2;5;5;5m██[38;2;8;7;2m██[38;2;47;36;27m██[38;2;53;39;27m██[38;2;53;38;27m██[38;2;54;36;26m██[38;2;76;53;40m██[38;2;22;18;16m  [38;2;0;0;0m        
[38;2;0;0;0m        [38;2;28;12;13m  [38;2;38;26;13m██[38;2;4;6;1m██[38;2;5;6;1m██[38;2;5;4;4m██[38;2;5;5;5m██[38;2;4;4;5m██[38;2;5;5;4m██[38;2;5;5;5m████[38;2;6;6;4m██[38;2;5;5;4m██[38;2;7;5;4m██[38;2;29;23;13m██[38;2;25;22;7m██[38;2;54;40;27m██[38;2;56;39;29m████[38;2;84;67;49m██[38;2;0;0;0m        
[38;2;0;0;0m        [38;2;65;47;29m██[38;2;4;7;0m██[38;2;7;4;5m██[38;2;6;5;4m██[38;2;5;5;5m████████████[38;2;5;5;4m██[38;2;5;5;5m██[38;2;9;6;7m██[38;2;15;8;4m██[38;2;35;25;18m██[38;2;27;19;10m██[38;2;69;52;43m██[38;2;54;39;27m██[38;2;55;41;29m██[38;2;185;160;145m  [38;2;0;0;0m      
[38;2;0;0;0m        [38;2;26;21;10m██[38;2;5;4;3m██[38;2;5;5;4m██[38;2;5;5;5m████████[38;2;6;6;6m████[38;2;5;5;5m██[38;2;6;6;6m██[38;2;7;6;5m██[38;2;21;14;8m██[38;2;5;8;3m██[38;2;34;32;22m██[38;2;15;9;3m██[38;2;57;46;37m██[38;2;57;42;31m██[38;2;53;40;27m██[38;2;56;39;29m██[38;2;105;98;82m  [38;2;0;0;0m    
[38;2;0;0;0m      [38;2;62;43;29m  [38;2;12;10;0m██[38;2;5;5;4m██[38;2;9;6;3m██[38;2;15;7;5m██[38;2;14;9;4m██[38;2;9;7;4m██[38;2;6;6;6m████[38;2;8;8;5m██[38;2;7;7;7m████[38;2;11;8;4m██[38;2;73;56;36m██[38;2;10;7;3m██[38;2;29;27;20m██[38;2;13;8;3m██[38;2;50;42;30m██[38;2;59;40;35m██[38;2;14;12;0m██[38;2;67;50;37m██[38;2;193;179;172m  [38;2;0;0;0m    
[38;2;0;0;0m      [38;2;61;43;27m██[38;2;5;6;1m██[38;2;9;6;1m██[38;2;36;26;12m██[38;2;114;79;56m██[38;2;113;82;62m██[38;2;69;40;22m██[38;2;9;7;0m██[38;2;10;8;4m██[38;2;9;7;6m██[38;2;7;7;7m██[38;2;9;7;6m██[38;2;9;7;2m██[38;2;118;80;56m██[38;2;18;11;3m██[38;2;15;7;6m██[38;2;88;62;48m██[38;2;120;87;60m██[38;2;225;206;173m██[38;2;255;247;219m██[38;2;60;44;31m██[38;2;85;70;52m██[38;2;0;0;0m    
[38;2;0;0;0m      [38;2;33;25;9m██[38;2;9;7;3m██[38;2;14;9;3m██[38;2;115;80;55m██[38;2;117;80;53m██[38;2;118;82;53m██[38;2;117;83;54m██[38;2;111;77;51m██[38;2;13;9;3m██[38;2;9;9;5m██[38;2;13;7;7m██[38;2;10;8;7m██[38;2;12;10;4m██[38;2;129;89;64m██[38;2;54;39;18m██[38;2;17;13;6m██[38;2;130;88;57m██[38;2;126;88;60m██[38;2;121;84;54m██[38;2;252;234;207m██[38;2;191;170;150m██[38;2;58;35;23m██[38;2;84;84;84m  [38;2;0;0;0m  
[38;2;0;0;0m    [38;2;50;31;27m  [38;2;21;15;3m██[38;2;8;5;4m██[38;2;68;50;37m██[38;2;119;82;55m██[38;2;121;87;51m██[38;2;121;86;57m████[38;2;103;71;55m██[38;2;39;29;17m██[38;2;9;9;5m██[38;2;10;10;8m██[38;2;10;10;6m██[38;2;19;16;7m██[38;2;127;90;63m██[38;2;108;72;55m██[38;2;96;66;51m██[38;2;117;80;58m██[38;2;126;90;65m██[38;2;129;92;62m██[38;2;124;84;58m██[38;2;255;255;239m██[38;2;51;34;23m██[38;2;255;248;245m  [38;2;0;0;0m  
[38;2;0;0;0m    [38;2;61;50;35m  [38;2;20;11;6m██[38;2;4;0;0m██[38;2;147;106;75m██[38;2;120;86;56m██[38;2;121;87;56m██[38;2;121;88;56m██[38;2;116;80;52m██[38;2;8;6;3m██[38;2;61;44;31m██[38;2;9;9;8m██[38;2;13;9;5m██[38;2;30;26;16m██[38;2;45;36;22m██[38;2;129;91;65m██[38;2;120;85;68m██[38;2;123;86;64m██[38;2;6;10;5m██[38;2;100;74;54m██[38;2;129;92;62m██[38;2;130;92;64m██[38;2;238;208;185m██[38;2;142;115;97m██[38;2;237;228;223m  [38;2;0;0;0m  
[38;2;0;0;0m    [38;2;63;49;35m  [38;2;11;11;4m████[38;2;130;92;63m██[38;2;121;88;56m██[38;2;121;88;59m██[38;2;128;92;59m██[38;2;11;12;0m██[38;2;11;8;7m██[38;2;67;49;24m██[38;2;16;9;4m██[38;2;54;38;23m██[38;2;84;59;42m██[38;2;86;59;38m██[38;2;131;93;64m██[38;2;128;93;69m██[38;2;126;83;62m██[38;2;16;10;10m██[38;2;14;5;1m██[38;2;132;93;69m██[38;2;134;95;70m██[38;2;138;99;69m██[38;2;217;203;194m██[38;2;239;226;220m  [38;2;0;0;0m  
[38;2;0;0;0m    [38;2;64;47;35m  [38;2;7;10;1m██[38;2;16;14;7m██[38;2;122;86;56m██[38;2;125;88;59m██[38;2;127;89;59m██[38;2;45;30;12m██[38;2;12;7;10m██[38;2;15;16;7m██[38;2;114;82;58m██[38;2;25;21;9m██[38;2;135;95;67m██[38;2;130;96;68m██[38;2;122;87;61m██[38;2;134;96;67m██[38;2;124;86;68m██[38;2;120;85;62m██[38;2;107;79;53m██[38;2;128;92;68m██[38;2;65;40;21m██[38;2;131;96;66m██[38;2;128;91;61m██[38;2;255;255;241m██[38;2;228;226;223m  [38;2;8;8;8m  
[38;2;0;0;0m    [38;2;67;51;38m  [38;2;13;7;2m██[38;2;143;121;108m██[38;2;122;84;54m██[38;2;126;88;59m██[38;2;130;91;59m██[38;2;10;10;3m██[38;2;130;94;67m██[38;2;123;91;64m██[38;2;116;84;60m██[38;2;121;85;57m██[38;2;119;84;60m██[38;2;132;95;66m██[38;2;133;95;66m██[38;2;135;97;69m██[38;2;126;88;62m██[38;2;132;89;69m██[38;2;136;97;68m██[38;2;159;117;92m██[38;2;139;93;72m██[38;2;131;97;67m██[38;2;132;95;65m██[38;2;255;255;246m██[38;2;157;150;145m  [38;2;21;22;22m  
[38;2;0;0;0m    [38;2;70;58;41m  [38;2;4;2;0m██[38;2;213;175;139m██[38;2;126;89;59m████[38;2;118;82;56m██[38;2;16;9;8m██[38;2;11;11;3m██[38;2;74;67;53m██[38;2;21;17;13m██[38;2;29;23;15m██[38;2;112;79;57m██[38;2;135;97;69m██████[38;2;93;62;45m██[38;2;16;14;6m██[38;2;7;12;0m██[38;2;140;123;107m██[38;2;129;110;102m██[38;2;134;104;65m██[38;2;135;97;66m██[38;2;237;214;197m██[38;2;164;142;112m  [38;2;0;0;0m  
[38;2;0;0;0m    [38;2;72;58;47m  [38;2;34;22;16m██[38;2;122;83;56m██[38;2;126;88;60m██[38;2;129;92;62m██[38;2;104;75;51m██[38;2;13;11;6m██[38;2;129;96;76m██[38;2;75;66;45m██[38;2;22;13;9m██[38;2;18;10;4m██[38;2;136;102;70m██[38;2;135;97;69m██████[38;2;45;38;28m██[38;2;6;8;1m██[38;2;35;25;21m██[38;2;248;232;222m██[38;2;12;8;5m██[38;2;138;105;65m██[38;2;138;100;70m██[38;2;196;173;145m██[38;2;254;235;215m  [38;2;0;0;0m  
[38;2;0;0;0m    [38;2;49;39;33m  [38;2;209;178;154m██[38;2;121;85;55m██[38;2;127;89;60m██[38;2;129;92;62m██[38;2;104;74;51m██[38;2;9;9;4m██[38;2;81;58;40m██[38;2;133;100;73m██[38;2;85;57;37m██[38;2;131;97;73m██[38;2;135;97;69m████[38;2;135;98;69m██[38;2;137;100;71m██[38;2;103;75;49m██[38;2;71;47;33m██[38;2;221;204;190m██[38;2;239;220;204m██[38;2;45;37;33m██[38;2;142;108;73m██[38;2;138;100;71m██[38;2;172;130;100m██[38;2;255;255;252m██[38;2;24;25;26m  
[38;2;0;0;0m      [38;2;185;141;111m██[38;2;126;88;59m██[38;2;128;91;63m██[38;2;129;92;62m██[38;2;103;70;49m██[38;2;12;10;4m██[38;2;47;29;16m██[38;2;131;93;64m██[38;2;131;94;65m████[38;2;133;95;66m██[38;2;137;100;70m██[38;2;137;100;69m██[38;2;137;100;70m██[38;2;134;97;68m██[38;2;131;90;62m██[38;2;255;255;250m██[38;2;96;80;65m██[38;2;58;51;41m██[38;2;144;107;75m██[38;2;138;100;71m██[38;2;135;97;67m██[38;2;255;255;252m██[38;2;116;108;100m  
[38;2;0;0;0m    [38;2;40;32;22m  [38;2;129;92;63m██[38;2;126;89;60m██[38;2;127;90;61m██[38;2;129;92;62m██[38;2;106;78;52m██[38;2;10;11;5m██[38;2;27;19;6m██[38;2;133;95;66m██[38;2;135;97;69m██████[38;2;137;100;70m████[38;2;136;99;69m██[38;2;138;100;71m██[38;2;134;93;72m██[38;2;255;255;253m██[38;2;61;47;36m██[38;2;37;33;27m██[38;2;140;105;70m██[38;2;138;100;71m██[38;2;138;98;67m██[38;2;255;253;246m██[38;2;255;244;228m  
[38;2;0;0;0m    [38;2;129;109;91m  [38;2;127;86;57m██[38;2;127;89;60m██[38;2;129;92;62m████[38;2;118;84;58m██[38;2;58;48;15m██[38;2;13;12;8m██[38;2;135;97;63m██[38;2;135;97;69m████[38;2;134;96;67m██[38;2;135;98;69m██[38;2;136;98;68m██[38;2;136;99;70m██[38;2;137;100;70m██[38;2;130;93;63m██[38;2;255;255;255m██[38;2;13;7;4m██[38;2;17;11;9m██[38;2;135;105;71m██[38;2;139;101;72m██[38;2;140;100;71m██[38;2;225;211;194m██[38;2;255;255;251m██
[38;2;0;0;0m    [38;2;200;167;136m  [38;2;124;87;58m██[38;2;126;88;59m██[38;2;127;90;61m██[38;2;129;92;62m██[38;2;121;88;56m██[38;2;117;95;41m██[38;2;19;13;8m██[38;2;61;51;31m██[38;2;138;95;68m██[38;2;135;97;69m██████[38;2;137;100;70m████[38;2;139;99;69m██[38;2;207;172;150m██[38;2;11;9;1m██[38;2;8;6;6m██[38;2;255;250;224m██[38;2;139;101;72m██[38;2;140;100;73m██[38;2;141;101;72m██[38;2;178;136;104m██[38;2;255;255;242m██
[38;2;0;0;0m    [38;2;181;145;118m██[38;2;125;88;59m██[38;2;126;88;59m██[38;2;127;90;61m██[38;2;130;93;64m██[38;2;111;77;51m██[38;2;116;89;48m██[38;2;108;88;52m██[38;2;7;8;5m██[38;2;119;86;62m██[38;2;126;89;64m██[38;2;136;98;70m██[38;2;135;97;68m██[38;2;134;95;67m██[38;2;109;82;48m██[38;2;114;91;48m██[38;2;128;105;53m██[38;2;12;9;10m██[38;2;5;8;7m██[38;2;136;106;56m██[38;2;138;102;71m██[38;2;137;100;70m████[38;2;137;96;67m██[38;2;255;255;254m██
[38;2;0;0;0m    [38;2;169;130;105m██[38;2;124;87;58m██[38;2;126;88;59m████[38;2;128;91;62m██[38;2;94;66;42m██[38;2;115;89;46m██[38;2;118;97;42m██[38;2;15;10;3m██[38;2;46;37;21m██[38;2;135;96;70m██[38;2;134;96;68m██[38;2;119;84;55m██[38;2;131;98;66m██[38;2;126;94;60m██[38;2;121;98;50m██[38;2;123;99;51m██[38;2;9;10;12m██[38;2;31;25;12m██[38;2;128;100;53m██[38;2;136;96;67m██[38;2;137;100;70m██[38;2;137;99;71m██[38;2;130;93;60m██[38;2;255;255;254m██
[38;2;0;0;0m  [38;2;14;11;5m  [38;2;135;105;79m██[38;2;122;87;57m██[38;2;126;88;59m████[38;2;127;89;60m██[38;2;113;79;53m██[38;2;115;90;47m██[38;2;116;93;45m██[38;2;46;38;17m██[38;2;10;9;10m██[38;2;133;94;70m██[38;2;134;96;67m████[38;2;127;90;63m██[38;2;133;98;68m██[38;2;118;85;53m██[38;2;111;89;48m██[38;2;12;7;9m██[38;2;90;74;37m██[38;2;117;91;49m██[38;2;119;85;55m██[38;2;136;99;69m██[38;2;135;98;69m██[38;2;132;94;62m██[38;2;255;255;250m██
[38;2;0;0;0m  [38;2;67;9;5m  [38;2;51;37;20m██[38;2;120;86;56m██[38;2;122;87;56m██[38;2;124;87;57m██[38;2;125;87;58m██[38;2;113;82;50m██[38;2;115;89;48m██[38;2;116;89;48m██[38;2;99;80;38m██[38;2;6;7;3m██[38;2;137;93;71m██[38;2;116;79;59m██[38;2;130;92;66m██[38;2;132;95;66m██[38;2;134;97;68m██[38;2;109;77;44m██[38;2;32;20;8m██[38;2;29;23;12m██[38;2;97;77;35m██[38;2;115;91;51m██[38;2;136;95;66m██[38;2;135;97;69m████[38;2;131;91;62m██[38;2;255;255;249m██
[38;2;0;0;0m  [38;2;30;27;12m  [38;2;20;14;4m██[38;2;119;85;57m██[38;2;121;87;60m██[38;2;121;88;56m██[38;2;122;89;57m██[38;2;103;78;42m██[38;2;113;88;45m████[38;2;118;91;46m██[38;2;5;3;6m██[38;2;116;96;52m██[38;2;106;77;44m██[38;2;123;91;69m██[38;2;124;87;64m██[38;2;112;87;51m██[38;2;120;92;46m██[38;2;5;6;3m██[38;2;104;85;43m██[38;2;107;84;42m██[38;2;118;98;48m██[38;2;138;96;69m██[38;2;132;97;67m██[38;2;135;97;68m██[38;2;132;93;64m██[38;2;255;255;246m██
[38;2;0;0;0m  [38;2;16;12;2m██[38;2;12;12;5m██[38;2;88;66;42m██[38;2;104;76;46m██[38;2;105;77;47m██[38;2;101;73;46m██[38;2;111;85;43m██[38;2;113;88;44m██[38;2;108;84;43m██[38;2;119;94;44m██[38;2;6;9;4m██[38;2;119;91;49m██[38;2;116;89;48m██[38;2;116;90;47m██[38;2;116;92;44m██[38;2;116;93;44m██[38;2;124;95;49m██[38;2;6;5;8m██[38;2;122;93;48m██[38;2;115;89;44m██[38;2;119;93;48m██[38;2;104;81;46m██[38;2;110;82;44m██[38;2;129;98;72m  [38;2;233;202;184m  [38;2;163;162;160m  
[38;2;6;4;2m  [38;2;15;11;7m██[38;2;12;8;2m██[38;2;20;13;2m██[38;2;107;82;42m██[38;2;105;79;42m██[38;2;100;77;35m██[38;2;111;85;43m██[38;2;112;86;44m██[38;2;87;63;26m██[38;2;118;92;44m██[38;2;11;9;5m██[38;2;114;89;45m██[38;2;113;88;46m██[38;2;116;89;48m████[38;2;116;90;47m██[38;2;121;93;48m██[38;2;9;5;4m██[38;2;121;93;48m██[38;2;116;90;48m██[38;2;116;92;45m██[38;2;105;81;41m██[38;2;112;87;45m██[38;2;128;115;97m  [38;2;0;0;0m    
[38;2;53;37;23m  [38;2;25;23;11m  [38;2;10;6;1m██[38;2;10;8;4m██[38;2;14;9;0m██[38;2;64;55;26m██[38;2;91;71;29m██[38;2;95;70;34m██[38;2;107;82;42m██[38;2;107;83;42m██[38;2;110;91;43m██[38;2;30;21;11m██[38;2;114;88;45m██[38;2;113;88;46m██[38;2;114;88;46m████[38;2;113;88;45m██[38;2;118;91;45m██[38;2;17;11;5m██[38;2;123;89;50m██[38;2;116;89;48m██[38;2;23;14;6m██[38;2;81;61;35m██[38;2;179;155;139m  [38;2;0;0;0m      
[38;2;26;24;8m██[38;2;29;25;15m  [38;2;8;6;5m██[38;2;5;5;5m██[38;2;5;5;4m██[38;2;38;30;16m██[38;2;105;80;42m██[38;2;107;81;43m██[38;2;103;79;40m██[38;2;108;82;41m██[38;2;111;83;41m██[38;2;82;64;33m██[38;2;110;84;42m██[38;2;111;85;43m██[38;2;113;87;44m██[38;2;113;88;45m██[38;2;113;87;44m██[38;2;113;88;45m██[38;2;23;16;3m██[38;2;116;89;45m██[38;2;129;103;57m██[38;2;35;23;14m██[38;2;56;40;23m██[38;2;251;251;251m  [38;2;0;0;0m      
[38;2;17;15;3m  [38;2;13;12;6m  [38;2;10;6;3m██[38;2;5;5;5m██[38;2;7;7;4m██[38;2;25;20;5m██[38;2;103;79;41m██[38;2;105;80;43m██[38;2;99;75;37m██[38;2;105;81;41m██[38;2;99;75;37m██[38;2;105;79;41m██[38;2;109;83;41m██[38;2;109;83;40m████[38;2;110;84;42m██[38;2;112;86;43m████[38;2;70;50;22m██[38;2;112;87;44m██[38;2;112;85;44m██[38;2;68;63;40m██[38;2;78;59;45m██[38;2;183;152;146m  [38;2;0;0;0m      
[38;2;16;16;2m  [38;2;15;12;7m  [38;2;6;5;2m██[38;2;5;5;5m██[38;2;7;5;2m██[38;2;16;12;4m██[38;2;102;76;39m██[38;2;103;79;41m██[38;2;104;79;42m██[38;2;105;80;43m████[38;2;104;80;42m██[38;2;107;82;40m██[38;2;108;82;40m██[38;2;108;82;41m██[38;2;108;82;40m██[38;2;108;83;40m██[38;2;109;83;40m██[38;2;103;77;39m██[38;2;109;83;41m██[38;2;107;81;40m██[38;2;93;77;50m██[38;2;91;74;53m  [38;2;9;6;6m  [38;2;0;0;0m      
[38;2;32;22;12m  [38;2;46;34;24m  [38;2;6;4;0m██[38;2;4;4;4m██[38;2;7;5;4m██[38;2;42;31;11m██[38;2;98;72;39m██[38;2;100;75;39m██[38;2;101;77;40m██[38;2;103;79;41m██[38;2;103;79;40m██[38;2;105;80;43m████[38;2;105;80;42m██[38;2;105;80;43m██[38;2;105;80;40m██[38;2;108;81;40m██[38;2;106;82;40m██[38;2;108;82;41m██[38;2;108;82;40m██[38;2;105;79;38m██[38;2;124;109;76m██[38;2;87;62;52m██[38;2;0;0;0m  [38;2;45;46;0m  [38;2;0;0;0m    
[38;2;17;12;0m  [38;2;33;26;13m  [38;2;6;3;0m██[38;2;5;2;3m██[38;2;8;4;2m██[38;2;78;58;28m██[38;2;94;68;35m██[38;2;100;72;40m██[38;2;100;74;38m██[38;2;100;74;39m██[38;2;100;75;38m██[38;2;101;77;40m██[38;2;103;79;40m██[38;2;103;79;41m██[38;2;105;80;43m██[38;2;105;80;42m██[38;2;105;80;43m████[38;2;105;80;42m██[38;2;103;81;40m██[38;2;106;79;39m██[38;2;236;223;169m██[38;2;69;47;36m██[38;2;0;0;0m  [38;2;44;24;22m  [38;2;0;0;0m    [0m
