
[38;2;0;0;0m                              [38;2;34;34;34m  [38;2;0;0;0m  [38;2;104;105;107m  [38;2;51;55;58m  [38;2;42;46;50m  [38;2;41;45;49m  [38;2;40;44;48m    [38;2;40;45;48m  [38;2;26;29;32m  [38;2;24;28;31m  [38;2;25;28;32m  [38;2;27;29;33m  [38;2;29;32;35m  [38;2;26;29;33m  [38;2;25;28;31m  [38;2;64;69;69m  [38;2;0;0;0m  
[38;2;0;0;0m                          [38;2;1;1;1m  [38;2;3;3;3m  [38;2;45;49;54m  [38;2;42;45;49m  [38;2;41;45;49m██[38;2;41;46;49m██[38;2;41;45;49m████[38;2;41;45;50m██[38;2;42;46;49m██[38;2;41;46;49m██[38;2;42;46;49m██[38;2;42;46;50m██[38;2;25;28;31m██[38;2;25;28;32m██████[38;2;24;27;30m  [38;2;101;101;101m  [38;2;0;0;0m  
[38;2;0;0;0m                        [38;2;0;51;51m  [38;2;50;54;56m  [38;2;41;45;49m  [38;2;41;45;48m██[38;2;42;45;48m██[38;2;41;45;49m████[38;2;41;44;49m██[38;2;41;45;49m██████[38;2;41;45;48m██[38;2;41;45;49m██████[38;2;25;28;31m██[38;2;25;28;32m██  [38;2;1;1;1m  [38;2;0;0;0m    
[38;2;0;0;0m                      [38;2;2;2;3m  [38;2;43;48;51m  [38;2;41;45;49m██[38;2;41;45;50m██[38;2;41;45;49m██[38;2;41;45;50m██[38;2;41;45;49m████[38;2;42;45;49m██[38;2;41;45;50m██[38;2;41;45;49m██[38;2;41;45;50m████[38;2;42;45;48m██[38;2;41;45;49m██[38;2;42;45;49m██[38;2;39;43;47m██[38;2;25;28;32m████[38;2;24;27;31m  [38;2;32;32;32m  [38;2;19;50;50m  
[38;2;0;0;0m                    [38;2;8;8;8m  [38;2;24;27;31m  [38;2;26;29;32m██[38;2;24;27;31m██[38;2;29;32;35m██[38;2;35;39;42m██[38;2;37;41;45m██[38;2;39;43;47m████[38;2;38;42;46m██[38;2;37;40;44m██[38;2;35;38;42m██[38;2;32;36;40m██[38;2;29;32;35m██[38;2;25;28;31m██[38;2;24;27;31m██[38;2;25;28;32m██[38;2;26;28;32m██[38;2;26;29;32m██[38;2;25;28;31m██[38;2;26;29;32m██[38;2;26;28;32m  [38;2;29;32;36m  
[38;2;0;0;0m                      [38;2;25;28;32m  ██[38;2;26;29;32m██[38;2;25;29;32m██[38;2;26;29;32m████[38;2;25;29;32m██[38;2;26;29;32m██[38;2;25;29;32m██[38;2;25;28;32m██[38;2;25;29;32m██[38;2;26;29;32m██[38;2;25;29;32m████[38;2;25;28;32m██[38;2;25;29;32m██[38;2;26;29;32m████[38;2;25;29;32m██[38;2;26;29;32m██[38;2;26;28;32m██[38;2;50;51;53m  
[38;2;0;0;0m                    [38;2;18;18;19m  [38;2;25;28;32m██[38;2;25;29;32m██████[38;2;25;28;32m██[38;2;25;29;32m██[38;2;25;28;32m██[38;2;25;29;32m██[38;2;25;28;32m████████[38;2;25;29;32m████████[38;2;25;28;32m██████[38;2;26;28;32m██[38;2;26;29;33m  [38;2;15;15;15m  
[38;2;0;0;0m                    [38;2;38;39;40m  [38;2;25;28;32m██████████████[38;2;25;29;32m██[38;2;24;28;32m██[38;2;25;28;32m██[38;2;25;28;31m████[38;2;24;28;31m██[38;2;25;28;31m██[38;2;25;29;31m██[38;2;25;28;32m██████████[38;2;25;29;32m  [38;2;38;40;44m  
[38;2;0;0;0m                    [38;2;64;66;70m  [38;2;25;28;32m██[38;2;26;29;32m██[38;2;25;28;32m██[38;2;26;28;32m██[38;2;25;28;32m██[38;2;26;29;32m██[38;2;17;22;30m██[38;2;21;26;31m██[38;2;25;28;32m██[38;2;26;28;32m██[38;2;194;162;62m██[38;2;247;189;70m██[38;2;244;178;69m██[38;2;240;164;67m██[38;2;246;183;69m██[38;2;22;26;30m██[38;2;26;28;32m██[38;2;25;28;32m████[38;2;26;28;32m████[38;2;36;39;41m  
[38;2;0;0;0m              [38;2;124;90;52m  [38;2;247;171;73m  [38;2;94;75;21m  [38;2;44;47;51m  [38;2;25;28;32m██[38;2;26;29;32m██[38;2;25;28;32m██████[38;2;245;200;71m██[38;2;249;199;71m██[38;2;251;202;71m██[38;2;169;145;58m██[38;2;26;29;32m██[38;2;244;205;72m██[38;2;250;203;71m██[38;2;244;176;68m██[38;2;242;170;68m██[38;2;247;193;70m██[38;2;24;27;31m██[38;2;25;28;32m██████[38;2;26;28;32m██[38;2;35;38;41m  [38;2;0;62;62m  
[38;2;0;0;0m          [38;2;55;49;6m  [38;2;73;32;16m  [38;2;238;140;58m  [38;2;241;165;67m██[38;2;246;170;72m  [38;2;48;51;53m  [38;2;25;28;32m██████[38;2;25;29;32m██[38;2;224;184;67m██[38;2;248;192;70m██[38;2;250;202;72m██[38;2;241;166;67m██[38;2;250;201;71m██[38;2;60;56;38m██[38;2;247;206;73m██[38;2;242;168;67m██[38;2;249;197;71m██[38;2;250;199;71m██[38;2;249;196;70m██[38;2;31;32;32m██[38;2;25;28;32m████████  [38;2;33;36;36m  
[38;2;0;0;0m      [38;2;231;154;0m  [38;2;126;62;62m  [38;2;247;176;81m  [38;2;245;172;77m  [38;2;230;136;56m  [38;2;241;165;67m██[38;2;244;167;68m  [38;2;252;206;72m  [38;2;212;177;66m██[38;2;28;30;32m██[38;2;25;28;32m██[38;2;26;29;32m██[38;2;253;208;73m██[38;2;242;167;68m██[38;2;250;201;71m██[38;2;250;200;71m██[38;2;250;202;71m██[38;2;216;178;66m██[38;2;249;203;72m██[38;2;245;182;69m██[38;2;243;171;68m██[38;2;251;201;71m██[38;2;250;200;71m██[38;2;43;43;35m██[38;2;25;29;32m██[38;2;25;28;32m████████  
[38;2;128;108;45m  [38;2;151;100;50m  [38;2;245;172;76m  [38;2;246;168;68m  [38;2;233;162;95m  [38;2;241;165;67m██[38;2;241;165;68m  [38;2;230;138;57m██[38;2;242;165;67m██[38;2;240;165;67m██[38;2;66;63;49m██[38;2;248;199;71m██[38;2;250;204;72m██[38;2;77;70;41m██[38;2;25;28;31m██[38;2;108;94;47m██[38;2;250;201;71m██[38;2;246;183;70m██[38;2;242;168;68m██[38;2;250;201;72m██[38;2;128;109;50m██[38;2;248;204;72m██[38;2;245;182;69m██[38;2;250;202;72m████[38;2;250;202;71m██[38;2;66;62;39m██[38;2;25;28;32m██[38;2;25;29;32m██[38;2;25;28;32m████[38;2;25;28;31m  [38;2;22;24;24m  
[38;2;251;177;76m  [38;2;250;179;84m  [38;2;241;165;67m  [38;2;242;166;68m██[38;2;235;150;62m██[38;2;241;165;67m██[38;2;241;165;68m██[38;2;185;101;48m██[38;2;240;163;66m██[38;2;165;99;52m██[38;2;40;45;49m██[38;2;35;40;48m██[38;2;244;199;71m██[38;2;249;201;71m██[38;2;252;205;72m██[38;2;191;159;62m██[38;2;246;198;71m██[38;2;250;201;71m████[38;2;241;200;71m██[38;2;28;31;32m██[38;2;247;206;73m██[38;2;246;183;69m██[38;2;250;202;71m██[38;2;250;202;72m██[38;2;250;204;71m██[38;2;75;69;40m██[38;2;26;29;32m██[38;2;26;28;32m██[38;2;25;28;32m██[38;2;27;30;32m  [38;2;251;233;182m  [38;2;0;0;0m  
[38;2;242;166;69m██[38;2;242;165;68m██[38;2;238;158;66m██[38;2;242;165;67m██[38;2;236;152;65m██[38;2;242;165;67m██[38;2;243;166;67m██[38;2;33;36;38m██[38;2;35;43;50m██[38;2;41;45;49m██[38;2;41;45;50m██[38;2;42;46;50m██[38;2;26;29;31m██[38;2;13;18;29m██[38;2;129;110;50m██[38;2;254;210;74m██[38;2;246;172;68m██[38;2;247;198;71m██[38;2;250;201;72m██[38;2;252;211;73m██[38;2;249;206;72m██[38;2;249;202;71m██[38;2;247;193;70m██[38;2;248;194;71m██[38;2;248;195;70m██[38;2;250;203;71m██[38;2;50;48;36m██[38;2;10;16;29m██[38;2;56;47;37m██[38;2;54;53;37m██[38;2;249;200;71m██[38;2;250;201;71m  [38;2;152;102;51m  
[38;2;241;165;67m  ██[38;2;238;156;64m██[38;2;241;165;67m██[38;2;235;150;62m██[38;2;241;165;67m██[38;2;70;56;39m██[38;2;41;45;49m██████[38;2;37;41;45m██[38;2;24;28;32m██[38;2;25;29;32m██[38;2;26;28;32m██[38;2;25;28;32m██[38;2;27;29;32m██[38;2;24;27;31m██[38;2;22;26;31m██[38;2;35;36;33m██[38;2;70;62;39m██[38;2;111;94;46m██[38;2;137;115;51m██[38;2;148;125;54m██[38;2;150;116;53m██[38;2;143;121;53m██[38;2;128;107;50m██[38;2;109;93;46m██[38;2;95;82;44m██[38;2;232;182;68m██[38;2;249;199;71m██[38;2;250;201;72m██[38;2;250;201;71m██[38;2;200;168;87m  
[38;2;241;165;67m  ██[38;2;239;160;65m██[38;2;241;166;68m██[38;2;232;144;60m██[38;2;240;164;67m██[38;2;12;19;29m██[38;2;41;45;49m██[38;2;42;45;49m██[38;2;30;34;37m██[38;2;24;28;32m██[38;2;25;28;32m████[38;2;26;28;32m████[38;2;25;28;32m██[38;2;24;28;32m██[38;2;26;28;32m████[38;2;26;29;32m██[38;2;25;29;32m██[38;2;25;28;32m████[38;2;26;28;32m████[38;2;26;29;32m██[38;2;65;59;38m██[38;2;252;205;72m██[38;2;250;202;72m██[38;2;250;202;71m██[38;2;250;201;71m████[38;2;252;204;73m  
[38;2;238;159;65m  [38;2;238;157;64m██[38;2;224;123;53m██[38;2;240;162;66m██[38;2;225;125;53m██[38;2;232;146;61m██[38;2;17;23;30m██[38;2;39;43;47m██[38;2;25;28;31m██[38;2;25;29;32m████[38;2;25;28;32m██[38;2;25;29;32m██[38;2;25;28;32m██[38;2;25;29;32m██[38;2;26;29;32m██[38;2;25;29;32m██[38;2;26;29;32m██[38;2;26;28;31m██[38;2;25;28;32m██[38;2;25;29;31m██[38;2;26;28;32m██[38;2;25;29;32m██[38;2;28;30;32m██[38;2;44;44;35m██[38;2;254;211;73m██[38;2;250;201;72m██[38;2;251;202;71m██[38;2;250;202;71m██[38;2;251;201;71m██[38;2;250;201;71m██[38;2;250;202;71m██[38;2;251;202;71m  
[38;2;241;165;67m  [38;2;241;166;67m██[38;2;241;165;67m██[38;2;242;166;68m██[38;2;241;165;67m██[38;2;241;165;68m██[38;2;227;137;58m██[38;2;27;29;32m██[38;2;25;28;32m██████████[38;2;26;28;32m██[38;2;25;28;32m██[38;2;26;28;32m██[38;2;25;28;32m██[38;2;26;28;32m████[38;2;25;28;32m██[38;2;26;29;31m██[38;2;23;27;34m██[38;2;73;55;11m██[38;2;251;205;73m██[38;2;250;201;71m██[38;2;251;201;71m██[38;2;250;201;71m██[38;2;250;201;72m████[38;2;250;201;71m██████  
[38;2;245;167;68m  [38;2;241;165;67m██[38;2;241;166;67m██[38;2;242;165;68m██[38;2;241;166;68m██[38;2;241;164;67m██[38;2;242;168;68m██[38;2;240;165;66m██[38;2;73;58;39m██[38;2;21;25;31m██[38;2;25;28;32m██[38;2;26;29;32m██[38;2;25;29;32m████[38;2;26;29;31m██[38;2;26;29;32m██[38;2;21;25;31m██[38;2;26;28;31m██[38;2;44;39;24m██[38;2;82;60;9m██[38;2;164;126;30m██[38;2;248;199;71m██[38;2;252;203;72m██[38;2;250;202;72m████[38;2;250;202;71m██[38;2;250;202;72m██[38;2;250;202;71m██[38;2;250;201;72m████[38;2;250;202;72m████[38;2;250;201;71m  
[38;2;248;171;69m  [38;2;241;165;67m██[38;2;241;166;68m██[38;2;241;166;67m██[38;2;241;166;68m██[38;2;240;161;66m██[38;2;241;167;67m██[38;2;241;166;67m██[38;2;241;166;68m██[38;2;240;171;67m██[38;2;254;207;73m██[38;2;254;210;73m██[38;2;235;192;69m██[38;2;236;192;68m██[38;2;116;84;9m██[38;2;243;197;67m██[38;2;247;198;71m██[38;2;95;66;3m██[38;2;254;208;74m██[38;2;249;200;71m██[38;2;251;202;72m████[38;2;251;202;71m██[38;2;250;201;72m██[38;2;251;201;72m██[38;2;251;202;72m██[38;2;250;201;71m██[38;2;251;201;71m██[38;2;250;201;72m██[38;2;251;201;71m██[38;2;250;201;71m██[38;2;251;201;71m██[38;2;250;201;71m  
[38;2;129;97;62m  [38;2;241;165;67m████[38;2;242;165;67m██[38;2;241;165;67m██[38;2;241;166;67m██[38;2;241;165;67m██████[38;2;243;171;68m██[38;2;250;201;72m██[38;2;234;187;64m██[38;2;240;193;67m██[38;2;248;200;71m██[38;2;213;170;56m██[38;2;215;173;57m██[38;2;251;202;72m██[38;2;224;178;60m██[38;2;253;204;73m██[38;2;250;202;71m██[38;2;250;202;72m██[38;2;253;207;74m██[38;2;252;204;72m██[38;2;250;201;71m██[38;2;251;201;72m██[38;2;250;201;71m██████[38;2;250;201;72m██[38;2;250;202;72m██[38;2;250;201;71m██[38;2;250;201;72m██[38;2;250;201;71m  
[38;2;82;59;41m  [38;2;250;172;70m  [38;2;241;166;67m██[38;2;241;166;68m██[38;2;241;165;68m██[38;2;241;165;67m██████[38;2;241;166;67m██[38;2;241;165;67m  [38;2;250;201;71m██[38;2;246;200;70m██[38;2;104;74;5m██[38;2;93;65;0m██[38;2;102;73;4m██[38;2;223;180;60m██[38;2;250;201;72m██[38;2;181;142;41m██[38;2;93;65;0m██[38;2;96;67;0m████[38;2;99;70;0m██[38;2;152;116;27m██[38;2;250;201;71m██[38;2;251;201;71m██[38;2;250;201;72m██[38;2;250;201;71m██[38;2;250;202;72m████[38;2;250;202;71m████[38;2;250;201;71m██[38;2;251;202;71m  
[38;2;0;0;0m  [38;2;124;122;61m  [38;2;253;177;73m  [38;2;241;165;67m  ██████  [38;2;243;166;67m  [38;2;124;97;41m  [38;2;250;201;71m  ████[38;2;248;199;71m██[38;2;250;201;72m████[38;2;251;201;72m██[38;2;250;201;72m██[38;2;248;199;71m██[38;2;254;208;75m██[38;2;254;209;76m██[38;2;254;210;76m██[38;2;250;201;71m██[38;2;250;201;72m██[38;2;251;201;72m████[38;2;251;202;72m██████[38;2;250;201;72m██████[38;2;251;203;73m  
[38;2;0;0;0m    [38;2;39;20;0m  [38;2;38;27;12m  [38;2;244;170;75m  [38;2;240;166;70m  [38;2;242;169;73m  [38;2;56;41;20m  [38;2;215;118;74m  [38;2;19;12;6m  [38;2;251;204;75m  [38;2;250;201;71m██████████[38;2;251;201;72m██[38;2;250;201;71m██[38;2;251;202;71m██[38;2;250;201;71m██[38;2;251;202;71m██[38;2;251;201;72m██[38;2;251;201;71m████[38;2;250;202;71m██[38;2;250;201;71m████[38;2;251;202;72m██[38;2;250;202;72m██[38;2;250;202;71m██[38;2;250;201;71m██[38;2;250;202;71m██[38;2;122;100;42m  
[38;2;0;0;0m          [38;2;119;119;59m  [38;2;0;0;0m        [38;2;165;155;31m  [38;2;250;201;71m  ██[38;2;250;201;72m██[38;2;250;202;72m██[38;2;250;201;72m██████[38;2;250;202;71m██[38;2;250;201;71m██[38;2;250;202;72m████[38;2;250;201;72m██[38;2;251;201;71m██[38;2;250;202;72m██[38;2;251;201;71m██[38;2;250;202;71m████[38;2;250;202;72m████[38;2;250;201;72m██[38;2;250;203;71m  [38;2;207;189;100m  
[38;2;0;0;0m                    [38;2;54;36;18m  [38;2;253;208;78m  [38;2;250;201;71m██[38;2;250;202;71m██[38;2;236;193;67m██[38;2;231;189;65m██[38;2;237;195;68m██[38;2;250;201;72m██[38;2;249;201;71m██[38;2;250;201;71m██[38;2;250;202;71m████[38;2;251;202;71m████[38;2;250;202;71m████[38;2;251;202;71m██[38;2;250;202;71m██████[38;2;250;201;71m  [38;2;206;172;80m  [38;2;0;0;0m  
[38;2;0;0;0m                      [38;2;218;163;54m  [38;2;252;203;71m  [38;2;250;201;71m██[38;2;251;203;72m██[38;2;243;200;71m██[38;2;174;135;37m██[38;2;91;63;0m██[38;2;94;65;0m██[38;2;227;184;62m██[38;2;251;202;72m██[38;2;250;202;72m████[38;2;250;201;72m██[38;2;250;202;71m██[38;2;250;201;72m████[38;2;251;201;71m██[38;2;251;201;72m████[38;2;254;214;76m  [38;2;61;44;16m  [38;2;0;0;0m  
[38;2;0;0;0m                        [38;2;121;94;60m  [38;2;251;203;72m  [38;2;250;201;72m████[38;2;250;202;72m██[38;2;250;201;71m██[38;2;251;202;71m██[38;2;250;201;72m██[38;2;250;202;71m██[38;2;250;202;72m████████[38;2;251;202;72m██[38;2;250;201;72m██[38;2;251;202;71m████[38;2;252;209;74m  [38;2;250;248;74m  [38;2;0;0;0m    
[38;2;0;0;0m                          [38;2;175;175;129m  [38;2;252;204;72m  [38;2;250;201;72m████[38;2;250;202;72m██[38;2;251;201;71m██[38;2;250;201;72m████[38;2;250;202;72m██[38;2;250;201;72m██[38;2;250;202;72m██[38;2;251;201;71m██[38;2;250;202;72m██[38;2;250;201;72m██[38;2;250;201;71m  [38;2;253;207;77m  [38;2;98;76;22m  [38;2;0;0;0m      
[38;2;0;0;0m                            [38;2;145;144;74m  [38;2;252;207;82m  [38;2;250;201;72m  [38;2;250;202;71m████[38;2;250;201;71m██[38;2;251;201;72m██[38;2;250;201;71m████[38;2;250;202;71m██[38;2;250;201;71m████[38;2;249;200;71m  [38;2;254;213;103m  [38;2;138;137;68m  [38;2;0;0;0m        
[38;2;0;0;0m                              [38;2;18;12;6m  [38;2;167;167;0m  [38;2;251;213;98m  [38;2;253;208;73m  [38;2;250;201;71m  [38;2;250;201;72m  [38;2;249;201;71m  [38;2;250;201;72m  [38;2;252;203;71m  [38;2;252;205;73m  [38;2;229;204;124m  [38;2;167;118;49m  [38;2;0;0;0m            [0m
