
[38;2;68;68;101m  [38;2;187;190;205m  [38;2;186;191;202m██[38;2;91;97;118m██[38;2;37;44;72m██[38;2;34;41;69m██[38;2;34;42;66m██[38;2;34;41;68m██[38;2;33;41;65m██[38;2;69;76;103m██[38;2;151;156;174m██[38;2;162;164;179m██[38;2;160;162;177m██[38;2;177;182;194m██[38;2;155;150;164m██[38;2;183;174;181m██[38;2;211;193;194m██[38;2;173;171;183m██[38;2;154;155;166m██[38;2;175;177;190m██[38;2;163;167;181m██[38;2;172;174;187m██[38;2;172;175;185m██[38;2;166;170;183m  [38;2;117;135;156m  [38;2;5;5;10m  [38;2;0;0;0m      
[38;2;163;176;203m  [38;2;182;188;202m██[38;2;183;188;200m██[38;2;110;116;137m██[38;2;36;43;70m██[38;2;34;42;66m██[38;2;34;41;67m██[38;2;33;40;66m██[38;2;37;44;69m██[38;2;96;100;127m██[38;2;160;167;183m██[38;2;163;168;181m██[38;2;144;139;151m██[38;2;171;176;190m██[38;2;198;185;189m██[38;2;182;171;177m██[38;2;225;208;200m██[38;2;221;204;200m██[38;2;172;156;163m██[38;2;175;165;174m██[38;2;147;150;162m██[38;2;152;157;169m██[38;2;179;184;194m██[38;2;187;191;202m██[38;2;186;194;210m  [38;2;62;62;64m  [38;2;0;0;0m      
[38;2;175;181;193m  [38;2;183;187;200m██[38;2;180;185;197m██[38;2;164;168;185m██[38;2;35;42;69m██[38;2;34;41;67m██[38;2;31;35;65m██[38;2;31;38;65m██[38;2;73;79;104m██[38;2;166;172;184m██[38;2;131;135;154m██[38;2;168;166;179m██[38;2;198;181;180m██[38;2;164;166;181m██[38;2;222;202;199m██[38;2;179;165;168m██[38;2;226;208;200m██[38;2;226;209;201m██[38;2;221;202;198m██[38;2;222;204;200m██[38;2;169;156;164m██[38;2;167;157;168m██[38;2;170;173;186m██[38;2;172;177;190m██[38;2;160;164;181m  [38;2;56;63;65m  [38;2;0;0;0m      
[38;2;173;178;189m  [38;2;177;182;190m██[38;2;175;180;189m██[38;2;171;176;189m██[38;2;39;45;70m██[38;2;33;39;66m██[38;2;31;35;65m██[38;2;50;55;81m██[38;2;132;139;159m██[38;2;166;170;183m██[38;2;123;126;143m██[38;2;208;190;191m██[38;2;209;188;187m██[38;2;161;157;168m██[38;2;227;207;205m██[38;2;222;200;201m██[38;2;227;210;204m██[38;2;227;209;203m██[38;2;226;208;202m████[38;2;220;202;198m██[38;2;223;202;200m██[38;2;166;161;171m██[38;2;170;175;188m██[38;2;145;149;163m██[38;2;141;153;183m  [38;2;6;7;7m  [38;2;0;0;0m    
[38;2;179;186;196m  [38;2;179;184;195m██[38;2;171;178;190m██[38;2;142;145;161m██[38;2;93;96;117m██[38;2;32;36;67m██[38;2;35;39;68m██[38;2;106;110;132m██[38;2;161;166;181m██[38;2;147;148;161m██[38;2;179;166;173m██[38;2;226;203;199m██[38;2;206;186;185m██[38;2;198;184;189m██[38;2;227;206;203m██[38;2;230;209;209m██[38;2;230;209;207m██[38;2;206;187;185m██[38;2;212;193;189m██[38;2;226;208;202m██[38;2;226;209;201m██[38;2;225;208;201m██[38;2;211;194;193m██[38;2;169;175;187m██[38;2;171;174;188m██[38;2;165;173;189m  [38;2;47;52;55m  [38;2;0;0;0m    
[38;2;169;176;185m██[38;2;171;175;185m██[38;2;170;173;186m██[38;2;118;121;139m██[38;2;137;141;159m██[38;2;34;39;68m██[38;2;80;85;109m██[38;2;138;136;151m██[38;2;164;163;175m██[38;2;174;163;170m██[38;2;211;191;194m██[38;2;208;184;183m██[38;2;217;195;192m██[38;2;226;208;201m██[38;2;231;214;206m██[38;2;232;215;207m██[38;2;231;214;206m██[38;2;226;209;201m██[38;2;226;207;202m██[38;2;226;205;200m██[38;2;225;205;199m██[38;2;226;205;199m██[38;2;225;203;199m██[38;2;168;171;183m██[38;2;169;171;185m██[38;2;161;165;178m  [38;2;106;107;124m  [38;2;0;0;0m    
[38;2;166;170;183m██[38;2;168;171;185m██[38;2;166;169;184m██[38;2;107;110;133m██[38;2;146;152;168m██[38;2;46;51;77m██[38;2;144;146;164m██[38;2;168;158;169m██[38;2;189;174;176m██[38;2;213;192;192m██[38;2;183;160;164m██[38;2;226;202;198m██[38;2;225;207;200m██[38;2;227;210;202m██[38;2;231;214;207m████[38;2;229;212;204m██[38;2;226;209;202m██[38;2;218;196;193m██[38;2;205;178;178m██[38;2;217;192;191m██[38;2;226;201;197m██[38;2;225;203;197m██[38;2;171;159;167m██[38;2;167;170;185m██[38;2;143;148;162m  [38;2;159;161;169m  [38;2;0;0;0m    
[38;2;163;166;181m  [38;2;167;169;184m██[38;2;149;152;169m██[38;2;100;106;128m██[38;2;168;172;184m██[38;2;154;160;174m██[38;2;159;149;160m██[38;2;163;142;148m██[38;2;225;202;199m██[38;2;226;202;197m██[38;2;227;202;200m██[38;2;227;203;200m██[38;2;225;207;200m██[38;2;227;210;202m██[38;2;232;215;207m████[38;2;228;211;203m██[38;2;222;204;199m██[38;2;198;176;182m██[38;2;99;86;102m██[38;2;89;79;99m██[38;2;75;63;79m██[38;2;168;149;153m██[38;2;212;190;193m██[38;2;166;170;184m██[38;2;150;155;168m  [38;2;39;42;54m  [38;2;0;0;0m    
[38;2;163;166;181m  [38;2;164;168;182m██[38;2;116;120;140m██[38;2;130;135;158m██[38;2;170;175;186m██[38;2;171;175;186m██[38;2;185;171;179m██[38;2;226;202;199m██[38;2;217;193;190m██[38;2;201;177;179m██[38;2;208;185;186m██[38;2;212;190;190m██[38;2;220;200;196m██[38;2;227;209;202m██[38;2;231;214;206m██[38;2;232;215;207m██[38;2;228;211;203m██[38;2;207;189;188m██[38;2;104;101;126m██[38;2;108;116;142m██[38;2;98;108;138m██[38;2;155;165;192m██[38;2;96;94;116m██[38;2;190;165;167m██[38;2;167;165;180m██[38;2;165;170;183m██[38;2;41;43;54m  [38;2;0;0;0m    
[38;2;164;168;185m  [38;2;166;167;185m██[38;2;102;104;128m██[38;2;151;155;176m██[38;2;170;174;188m██[38;2;171;175;187m██[38;2;183;170;176m██[38;2;226;201;198m██[38;2;139;117;128m██[38;2;47;34;58m██[38;2;87;82;106m██[38;2;83;79;103m██[38;2;101;90;106m██[38;2;226;209;202m██[38;2;231;213;207m██[38;2;231;212;210m██[38;2;229;212;204m██[38;2;217;202;200m██[38;2;108;118;143m██[38;2;243;249;249m██[38;2;180;188;202m██[38;2;127;143;165m██[38;2;173;177;194m██[38;2;217;194;191m██[38;2;134;132;148m██[38;2;164;168;181m██[38;2;35;37;48m  [38;2;0;0;0m    
[38;2;159;162;185m  [38;2;163;165;182m██[38;2;99;101;126m██[38;2;159;164;180m██[38;2;171;176;186m██[38;2;170;175;186m██[38;2;180;166;174m██[38;2;138;118;128m██[38;2;77;76;99m██[38;2;76;86;113m██[38;2;153;160;175m██[38;2;62;76;102m██[38;2;188;196;212m██[38;2;223;208;205m██[38;2;231;211;209m██[38;2;232;214;207m██[38;2;230;212;208m██[38;2;218;204;201m██[38;2;64;82;107m██[38;2;60;82;106m██[38;2;75;109;140m██[38;2;73;94;118m██[38;2;218;211;216m██[38;2;227;203;200m██[38;2;72;76;108m  [38;2;161;166;181m  [38;2;41;43;52m  [38;2;0;0;0m    
[38;2;137;146;177m  [38;2;161;165;182m██[38;2;99;102;126m██[38;2;167;170;186m██[38;2;171;175;185m██[38;2;171;176;186m██[38;2;163;150;162m██[38;2;57;48;72m██[38;2;114;127;154m██[38;2;246;249;250m██[38;2;242;243;245m██[38;2;83;119;153m██[38;2;83;104;124m██[38;2;225;210;207m██[38;2;228;209;206m██[38;2;226;209;200m██[38;2;225;208;200m██[38;2;225;206;201m██[38;2;90;103;125m██[38;2;36;76;106m██[38;2;22;79;108m██[38;2;111;128;146m██[38;2;216;217;222m██[38;2;222;202;201m██[38;2;79;82;117m  [38;2;160;167;180m  [38;2;108;115;154m  [38;2;5;5;5m  [38;2;0;0;0m  
[38;2;78;89;120m  [38;2;159;163;178m██[38;2;113;115;136m██[38;2;167;171;184m██[38;2;170;175;186m██[38;2;172;176;187m██[38;2;169;159;169m██[38;2;83;75;96m██[38;2;68;80;105m██[38;2;160;171;187m██[38;2;7;34;64m██[38;2;27;72;103m██[38;2;91;120;143m██[38;2;224;207;202m██[38;2;226;203;197m██[38;2;226;203;196m██[38;2;225;200;195m██[38;2;225;201;194m██[38;2;221;202;197m██[38;2;161;158;165m██[38;2;188;192;204m██[38;2;194;199;211m██[38;2;206;209;218m██[38;2;208;190;190m██[38;2;83;87;122m  [38;2;148;155;177m  [38;2;141;149;176m  [38;2;4;4;4m  [38;2;0;0;0m  
[38;2;34;34;41m  [38;2;159;164;180m  [38;2;131;134;152m██[38;2;163;169;180m██[38;2;166;170;184m██[38;2;173;178;188m██[38;2;176;169;178m██[38;2;218;202;198m██[38;2;185;187;198m██[38;2;152;170;197m██[38;2;38;89;123m██[38;2;15;75;102m██[38;2;157;159;163m██[38;2;225;202;196m██[38;2;223;196;191m██[38;2;220;191;187m██[38;2;219;189;186m██[38;2;219;190;186m██[38;2;224;202;195m██[38;2;226;205;200m██[38;2;226;208;201m██[38;2;227;210;204m██[38;2;227;211;204m██[38;2;217;196;195m██[38;2;90;92;123m  [38;2;111;117;155m  [38;2;158;165;184m  [38;2;30;30;32m  [38;2;0;0;0m  
[38;2;107;107;159m  [38;2;159;165;182m  [38;2;142;146;161m██[38;2;163;168;182m██[38;2;152;158;170m██[38;2;171;177;189m██[38;2;173;171;181m██[38;2;225;207;202m██[38;2;225;211;210m██[38;2;215;220;231m██[38;2;172;181;197m██[38;2;222;209;208m██[38;2;225;205;198m██[38;2;226;203;197m██[38;2;221;190;186m██[38;2;220;191;187m██[38;2;221;192;188m██[38;2;221;198;192m██[38;2;225;202;196m██[38;2;226;208;202m██[38;2;227;211;203m████[38;2;225;209;202m██[38;2;224;203;200m██[38;2;89;91;117m  [38;2;80;84;115m  [38;2;164;169;185m  [38;2;26;27;115m  [38;2;0;0;0m  
[38;2;1;1;2m  [38;2;148;154;184m  [38;2;151;153;170m██[38;2;163;166;180m██[38;2;167;157;167m██[38;2;171;176;189m██[38;2;174;175;187m██[38;2;228;209;206m██[38;2;202;203;213m██[38;2;212;209;218m██[38;2;224;213;213m██[38;2;231;213;208m██[38;2;228;211;204m██[38;2;227;205;199m██[38;2;226;204;199m██[38;2;226;204;198m██[38;2;227;203;198m██[38;2;226;203;197m██[38;2;228;204;201m██[38;2;226;205;200m██[38;2;226;209;202m██[38;2;226;210;203m██[38;2;226;209;201m██[38;2;225;204;200m██[38;2;92;93;116m██[38;2;61;67;97m  [38;2;162;168;180m  [38;2;93;93;118m  [38;2;0;0;0m  
[38;2;0;0;0m  [38;2;103;110;134m  [38;2;159;162;178m██[38;2;161;162;175m██[38;2;161;126;136m██[38;2;170;176;187m██[38;2;172;176;188m██[38;2;219;202;199m██[38;2;226;211;205m██[38;2;229;211;207m██[38;2;230;211;209m██[38;2;231;212;210m██[38;2;231;214;206m██[38;2;226;209;201m██[38;2;227;205;201m██[38;2;230;203;202m██[38;2;210;178;176m██[38;2;196;150;152m██[38;2;207;154;158m██[38;2;156;110;119m██[38;2;224;206;202m██[38;2;226;209;201m██[38;2;225;206;201m██[38;2;204;186;186m██[38;2;87;92;119m██[38;2;80;86;109m  [38;2;160;167;181m  [38;2;14;15;34m  [38;2;0;0;0m  
[38;2;0;0;0m  [38;2;62;66;98m  [38;2;161;165;181m██[38;2;164;168;180m██[38;2;187;150;156m██[38;2;172;174;186m██[38;2;173;179;188m██[38;2;183;172;179m██[38;2;227;210;202m██[38;2;228;210;202m██[38;2;229;212;204m██[38;2;231;214;206m██[38;2;228;211;202m██[38;2;215;188;185m██[38;2;199;151;155m██[38;2;208;154;159m██[38;2;211;154;158m██[38;2;211;153;156m██[38;2;210;153;156m██[38;2;209;156;159m██[38;2;221;198;195m██[38;2;225;208;200m██[38;2;223;203;198m██[38;2;104;102;117m██[38;2;83;88;113m██[38;2;82;88;111m██[38;2;161;169;179m██[38;2;33;34;46m  [38;2;0;0;0m  
[38;2;0;0;0m  [38;2;44;47;56m  [38;2;162;166;181m  [38;2;164;169;182m██[38;2;168;160;167m██[38;2;169;170;183m██[38;2;172;178;187m██[38;2;170;167;177m██[38;2;226;206;201m██[38;2;226;208;201m██[38;2;227;208;202m██[38;2;227;210;204m██[38;2;224;209;201m██[38;2;197;160;163m██[38;2;209;156;159m██[38;2;211;152;155m██[38;2;212;152;155m██[38;2;205;152;155m██[38;2;201;150;155m██[38;2;211;177;176m██[38;2;225;208;201m██[38;2;226;205;200m██[38;2;126;118;131m██[38;2;79;83;109m██[38;2;78;83;107m██[38;2;83;86;110m██[38;2;162;166;180m██[38;2;33;36;43m  [38;2;0;0;0m  
[38;2;0;0;0m  [38;2;26;26;50m  [38;2;162;167;182m  [38;2;166;170;184m██[38;2;167;171;183m██[38;2;130;132;150m██[38;2;171;176;186m██[38;2;169;173;185m██[38;2;103;101;120m██[38;2;192;179;183m██[38;2;224;205;199m██[38;2;227;206;200m██[38;2;226;207;201m██[38;2;207;177;177m██[38;2;197;152;155m██[38;2;194;149;151m██[38;2;196;160;162m██[38;2;226;201;197m██[38;2;225;204;198m██[38;2;225;205;202m██[38;2;219;201;198m██[38;2;204;197;204m██[38;2;155;159;178m██[38;2;77;82;105m██[38;2;73;77;100m██[38;2;84;85;110m██[38;2;162;166;181m██[38;2;79;88;111m  [38;2;0;0;0m  
[38;2;0;0;0m  [38;2;25;26;49m  [38;2;162;168;185m  [38;2;166;169;184m██[38;2;167;169;183m██[38;2;88;90;113m██[38;2;172;174;187m██[38;2;172;175;186m██[38;2;99;103;126m██[38;2;81;84;110m██[38;2;110;109;127m██[38;2;192;177;181m██[38;2;218;201;201m██[38;2;226;204;201m██[38;2;227;203;200m██[38;2;226;203;200m██[38;2;228;203;200m██[38;2;224;201;199m██[38;2;205;187;188m██[38;2;198;191;198m██[38;2;214;216;228m██[38;2;217;219;228m██[38;2;216;219;227m██[38;2;185;190;203m██[38;2;79;82;106m██[38;2;87;89;116m██[38;2;160;167;180m██[38;2;129;136;163m  [38;2;29;29;36m  
[38;2;0;0;0m  [38;2;26;34;50m  [38;2;163;170;183m  [38;2;166;168;183m██[38;2;158;163;179m██[38;2;83;86;114m██[38;2;160;164;181m██[38;2;171;176;185m██[38;2;141;147;164m██[38;2;89;93;118m██[38;2;197;202;216m██[38;2;194;196;209m██[38;2;145;152;175m██[38;2;139;132;148m██[38;2;177;133;140m██[38;2;178;130;139m██[38;2;178;130;140m██[38;2;138;130;142m██[38;2;190;195;209m██[38;2;207;209;219m██[38;2;216;217;231m██[38;2;216;219;229m██[38;2;216;218;230m██[38;2;213;217;227m██[38;2;125;127;146m██[38;2;87;91;121m██[38;2;163;170;184m██[38;2;142;146;161m  [38;2;117;122;136m  
[38;2;0;0;0m  [38;2;36;36;38m  [38;2;165;171;182m  [38;2;163;165;180m██[38;2;139;144;164m██[38;2;86;90;119m██[38;2;106;111;132m██[38;2;171;174;188m██[38;2;168;174;188m██[38;2;207;210;224m██[38;2;216;218;231m██[38;2;214;218;228m██[38;2;208;212;224m██[38;2;178;184;202m██[38;2;152;152;170m██[38;2;169;133;142m██[38;2;196;152;157m██[38;2;196;186;193m██[38;2;213;218;229m██[38;2;194;196;208m██[38;2;217;220;231m██[38;2;216;221;230m██[38;2;216;220;230m██[38;2;208;211;221m██[38;2;211;214;229m██[38;2;88;92;117m██[38;2;158;161;176m██[38;2;144;147;164m██[38;2;128;132;163m  
[38;2;0;0;0m  [38;2;50;54;74m  [38;2;163;169;181m██[38;2;158;161;177m██[38;2;112;116;137m██[38;2;86;90;117m██[38;2;89;94;121m██[38;2;170;173;188m██[38;2;171;177;189m██[38;2;177;180;193m██[38;2;217;219;231m██[38;2;215;218;229m██[38;2;196;199;209m██[38;2;215;219;229m██[38;2;214;218;230m██[38;2;214;216;227m██[38;2;165;158;170m██[38;2;123;114;132m██[38;2;208;213;224m██[38;2;192;194;207m██[38;2;215;218;229m██[38;2;216;221;230m██[38;2;214;219;229m██[38;2;151;156;177m██[38;2;210;214;227m██[38;2;125;128;145m██[38;2;143;146;162m██[38;2;128;132;149m██[38;2;165;169;186m  
[38;2;0;0;0m  [38;2;111;115;166m  [38;2;161;166;181m██[38;2;150;153;172m██[38;2;94;98;121m██[38;2;86;91;116m██[38;2;87;91;120m██[38;2;124;130;148m██[38;2;169;176;187m██[38;2;160;163;177m██[38;2;215;218;231m██[38;2;215;217;229m██[38;2;216;218;227m██[38;2;195;198;209m██[38;2;215;217;231m██[38;2;213;215;228m██[38;2;117;90;111m██[38;2;91;42;74m██[38;2;124;95;115m██[38;2;201;185;190m██[38;2;201;188;192m██[38;2;209;207;212m██[38;2;215;220;229m██[38;2;161;166;183m██[38;2;215;219;229m██[38;2;163;165;176m██[38;2;133;137;157m██[38;2;88;92;110m██[38;2;162;165;182m  
[38;2;128;128;141m  [38;2;157;162;179m  [38;2;156;161;175m██[38;2;135;140;159m██[38;2;85;91;115m██[38;2;85;91;114m██[38;2;87;91;120m██[38;2;126;131;151m██[38;2;171;176;188m██[38;2;145;148;164m██[38;2;192;194;207m██[38;2;215;218;229m██[38;2;215;218;230m██[38;2;216;218;230m██[38;2;197;200;211m██[38;2;195;194;205m██[38;2;146;114;130m██[38;2;173;148;159m██[38;2;208;183;185m██[38;2;220;196;195m██[38;2;216;191;191m██[38;2;222;204;202m██[38;2;213;215;224m██[38;2;205;208;222m██[38;2;215;217;230m██[38;2;162;167;178m██[38;2;138;143;162m██[38;2;83;87;112m██[38;2;158;160;176m██
[38;2;35;35;40m  [38;2;162;167;183m  [38;2;138;142;159m██[38;2;116;121;143m██[38;2;81;87;108m██[38;2;83;89;111m██[38;2;84;89;116m██[38;2;145;150;169m██[38;2;166;169;180m██[38;2;163;167;184m██[38;2;155;160;176m██[38;2;209;211;225m██[38;2;214;219;228m██[38;2;215;219;229m██[38;2;214;216;226m██[38;2;212;193;193m██[38;2;213;191;189m██[38;2;216;192;191m██[38;2;168;134;140m██[38;2;227;202;199m██[38;2;223;200;197m██[38;2;224;201;200m██[38;2;196;190;191m██[38;2;199;202;214m██[38;2;214;217;229m██[38;2;158;162;175m██[38;2;149;155;174m██[38;2;81;85;111m██[38;2;156;159;177m██
[38;2;87;90;117m  [38;2;160;165;182m  [38;2;133;137;157m  [38;2;97;102;125m██[38;2;77;82;106m██[38;2;83;87;111m██[38;2;78;84;105m██[38;2;126;130;149m██[38;2;204;209;219m██[38;2;170;173;187m██[38;2;118;124;143m██[38;2;130;139;160m██[38;2;181;186;201m██[38;2;216;219;229m██[38;2;195;190;197m██[38;2;224;201;199m██[38;2;225;201;197m██[38;2;225;200;199m██[38;2;167;137;140m██[38;2;201;174;174m██[38;2;226;203;201m██[38;2;225;203;199m██[38;2;220;200;198m██[38;2;197;196;209m██[38;2;211;213;225m██[38;2;137;141;156m██[38;2;140;145;162m██[38;2;82;85;111m██[38;2;156;160;178m██
[38;2;145;151;177m  [38;2;151;157;177m  [38;2;131;136;161m  [38;2;80;85;108m██[38;2;73;78;101m██[38;2;81;84;108m██[38;2;78;83;105m██[38;2;98;103;126m██[38;2;213;216;228m██[38;2;170;174;187m██[38;2;149;153;171m██[38;2;140;144;162m██[38;2;197;201;216m██[38;2;200;203;215m██[38;2;195;186;193m██[38;2;226;202;198m██[38;2;209;186;185m██[38;2;222;198;195m██[38;2;212;180;183m██[38;2;177;138;146m██[38;2;206;176;176m██[38;2;225;201;197m██[38;2;226;201;197m██[38;2;184;181;191m██[38;2;178;181;193m██[38;2;174;177;190m██[38;2;167;171;187m██[38;2;82;86;109m██[38;2;155;159;180m  
[38;2;151;158;175m  [38;2;103;109;134m  [38;2;130;135;161m  [38;2;75;81;104m██[38;2;68;71;95m  [38;2;76;80;104m██[38;2;76;82;105m██[38;2;87;91;116m██[38;2;207;210;224m██[38;2;212;216;228m██[38;2;161;164;178m██[38;2;104;107;133m██[38;2;150;155;171m██[38;2;175;178;190m██[38;2;208;205;216m██[38;2;225;202;201m██[38;2;226;202;198m██[38;2;202;178;178m██[38;2;210;180;180m██[38;2;146;100;115m██[38;2;177;132;140m██[38;2;221;197;194m██[38;2;227;202;197m██[38;2;201;196;207m██[38;2;162;163;177m██[38;2;160;162;174m██[38;2;195;198;210m██[38;2;204;209;221m██[38;2;140;146;168m  
[38;2;145;151;170m  [38;2;39;40;50m  [38;2;123;129;160m  [38;2;76;78;98m██[38;2;67;72;97m  [38;2;72;76;100m  [38;2;78;80;100m██[38;2;79;82;108m██[38;2;161;166;180m██[38;2;211;214;227m██[38;2;202;206;218m██[38;2;158;164;180m██[38;2;104;108;127m██[38;2;142;145;161m██[38;2;206;210;220m██[38;2;196;183;188m██[38;2;225;202;198m██[38;2;226;201;198m██[38;2;188;158;161m██[38;2;135;110;126m██[38;2;141;102;118m██[38;2;213;180;179m██[38;2;221;197;192m██[38;2;205;200;213m██[38;2;208;210;223m██[38;2;201;205;218m██[38;2;201;204;216m██[38;2;201;204;215m██[38;2;90;91;123m  
[38;2;138;144;163m  [38;2;82;82;82m  [38;2;66;70;93m  [38;2;82;85;106m██[38;2;64;68;91m  [38;2;46;50;77m  [38;2;71;76;95m██[38;2;65;71;92m██[38;2;92;97;118m██[38;2;206;210;222m██[38;2;209;212;223m██[38;2;190;192;204m██[38;2;151;155;174m██[38;2;158;161;179m██[38;2;197;201;213m██[38;2;185;187;196m██[38;2;202;177;180m██[38;2;224;201;194m██[38;2;219;194;191m██[38;2;127;133;153m██[38;2;137;144;168m██[38;2;157;128;139m██[38;2;207;183;185m██[38;2;204;207;219m██[38;2;205;207;220m██[38;2;184;187;198m██[38;2;202;206;218m██[38;2;200;203;215m██[38;2;37;39;45m  [0m
