
[38;2;0;0;0m                  [38;2;30;37;37m  [38;2;64;86;86m  [38;2;89;83;81m  [38;2;140;143;141m  [38;2;171;181;179m  [38;2;195;206;206m  [38;2;172;184;183m  [38;2;145;170;168m  [38;2;118;161;158m  [38;2;119;162;164m  [38;2;139;181;185m  [38;2;182;216;216m  [38;2;212;228;228m  [38;2;160;159;160m  [38;2;49;47;47m  [38;2;8;10;10m  [38;2;7;7;7m  [38;2;0;0;0m                  
[38;2;0;0;0m              [38;2;6;0;0m  [38;2;69;62;62m  [38;2;212;224;223m  [38;2;211;227;226m  [38;2;212;228;227m██[38;2;211;230;227m██[38;2;213;234;232m██[38;2;171;140;140m██[38;2;210;205;205m██[38;2;157;146;147m██[38;2;205;208;206m██[38;2;191;164;163m██[38;2;244;228;224m██[38;2;250;229;224m██[38;2;234;210;204m██[38;2;121;137;132m██[38;2;80;152;151m  [38;2;215;229;230m  [38;2;118;115;113m  [38;2;50;67;67m  [38;2;0;0;0m                
[38;2;0;0;0m            [38;2;44;46;46m  [38;2;209;217;218m  [38;2;211;226;228m██[38;2;211;227;227m██[38;2;212;228;227m██[38;2;214;229;229m██[38;2;156;167;159m██[38;2;227;199;193m██[38;2;216;229;225m██[38;2;191;167;172m██[38;2;178;186;179m██[38;2;209;218;213m██[38;2;248;225;220m██[38;2;247;230;224m██[38;2;251;230;225m██[38;2;224;207;201m██[38;2;217;199;192m██[38;2;247;229;222m██[38;2;227;205;200m██[38;2;91;132;130m██[38;2;204;224;224m  [38;2;96;92;92m  [38;2;68;68;68m  [38;2;0;0;0m            
[38;2;0;0;0m          [38;2;134;132;131m  [38;2;211;226;223m  [38;2;212;227;227m██[38;2;212;228;227m██[38;2;212;227;223m██[38;2;197;226;223m██[38;2;225;193;187m██[38;2;180;174;170m██[38;2;201;205;207m██[38;2;249;232;226m██[38;2;140;130;127m██[38;2;170;163;161m██[38;2;249;231;227m██[38;2;252;225;218m██[38;2;253;225;220m██[38;2;247;228;221m██[38;2;249;230;223m██[38;2;248;229;222m██[38;2;252;228;223m██[38;2;224;205;198m██[38;2;251;227;223m██[38;2;251;230;226m██[38;2;102;135;130m██[38;2;229;230;230m  [38;2;12;12;12m  [38;2;0;0;0m          
[38;2;0;0;0m      [38;2;2;2;2m  [38;2;184;187;186m  [38;2;211;227;226m██[38;2;211;227;227m██[38;2;212;228;227m██[38;2;187;202;200m██[38;2;116;157;151m██[38;2;251;229;224m██[38;2;180;182;183m██[38;2;214;203;202m██[38;2;252;225;224m██[38;2;250;223;220m██[38;2;252;225;221m██[38;2;249;226;221m██[38;2;250;227;221m████[38;2;249;227;221m████[38;2;250;226;221m██[38;2;239;221;216m██[38;2;220;203;198m██[38;2;215;196;189m██[38;2;243;223;217m██[38;2;214;196;189m██[38;2;249;225;221m██[38;2;148;146;144m██[38;2;232;239;238m  [38;2;58;68;68m  [38;2;0;0;0m        
[38;2;0;0;0m    [38;2;41;41;41m  [38;2;209;209;208m  [38;2;214;227;228m██[38;2;211;227;227m██[38;2;211;228;227m██[38;2;186;200;200m██[38;2;94;131;128m██[38;2;249;230;226m██[38;2;189;187;183m██[38;2;253;227;229m██[38;2;251;229;223m██[38;2;250;227;222m██[38;2;250;227;221m██[38;2;250;226;221m██[38;2;249;226;221m██[38;2;249;227;221m████[38;2;250;227;221m██[38;2;249;227;221m██[38;2;253;225;220m██[38;2;249;227;221m██[38;2;247;228;224m██[38;2;227;224;221m██[38;2;190;183;183m██[38;2;219;207;205m██[38;2;239;217;217m██[38;2;201;182;179m██[38;2;208;197;194m██[38;2;218;232;229m  [38;2;6;6;6m  [38;2;0;0;0m      
[38;2;0;0;0m    [38;2;162;160;156m  [38;2;188;197;199m██[38;2;211;228;227m██[38;2;213;228;228m██[38;2;177;194;196m██[38;2;142;160;159m██[38;2;243;227;222m██[38;2;225;207;204m██[38;2;252;225;224m██[38;2;250;227;221m████[38;2;250;227;220m██[38;2;249;227;221m██[38;2;250;227;221m██████[38;2;249;226;221m██[38;2;249;227;221m██[38;2;249;227;220m██[38;2;249;226;220m██[38;2;249;227;221m██[38;2;248;227;220m██[38;2;180;167;158m██[38;2;17;31;30m██[38;2;6;49;52m██[38;2;19;46;46m██[38;2;207;198;195m██[38;2;237;218;215m██[38;2;206;200;196m██[38;2;225;237;235m  [38;2;87;87;87m  [38;2;0;0;0m    
[38;2;0;0;0m  [38;2;71;64;65m  [38;2;206;220;220m██[38;2;212;228;228m██[38;2;219;235;234m██[38;2;182;196;196m██[38;2;111;138;141m██[38;2;183;165;163m██[38;2;251;230;230m██[38;2;253;225;225m██[38;2;248;226;221m██[38;2;249;227;221m██████[38;2;250;227;221m████[38;2;249;227;221m████[38;2;250;227;221m████[38;2;249;227;221m██[38;2;250;227;221m██[38;2;250;226;221m████[38;2;250;227;221m██[38;2;246;226;220m██[38;2;253;240;235m██[38;2;94;92;99m██[38;2;4;48;47m██[38;2;32;56;55m██[38;2;251;226;222m██[38;2;198;207;211m██[38;2;186;188;188m  [38;2;89;89;89m  [38;2;0;0;0m  
[38;2;106;152;152m  [38;2;211;229;228m  [38;2;132;167;164m██[38;2;221;233;233m██[38;2;193;208;210m██[38;2;86;139;137m██[38;2;224;208;213m██[38;2;230;220;224m██[38;2;248;234;233m██[38;2;248;226;222m██[38;2;249;227;221m██[38;2;250;227;221m██████[38;2;246;223;217m██[38;2;248;225;219m██[38;2;251;228;222m██[38;2;253;230;224m████[38;2;250;227;221m██[38;2;248;227;220m██[38;2;250;227;221m████[38;2;248;227;221m██[38;2;249;227;221m██[38;2;252;225;220m██[38;2;253;225;221m██[38;2;250;225;223m██[38;2;249;228;222m██[38;2;84;90;85m██[38;2;10;46;48m██[38;2;249;235;231m██[38;2;182;210;210m██[38;2;203;205;204m  [38;2;21;26;26m  
[38;2;160;151;151m  [38;2;219;230;231m██[38;2;159;197;194m██[38;2;209;226;222m██[38;2;85;152;148m██[38;2;206;197;191m██[38;2;8;40;38m██[38;2;30;41;38m██[38;2;251;231;226m██[38;2;251;228;222m██[38;2;252;228;222m██[38;2;248;225;219m██[38;2;249;226;220m██[38;2;246;223;217m████[38;2;247;229;223m██[38;2;215;193;187m██[38;2;160;137;131m██[38;2;121;98;92m██[38;2;116;93;87m██[38;2;122;99;94m██[38;2;167;144;138m██[38;2;218;195;189m██[38;2;251;230;224m██[38;2;249;228;221m██[38;2;247;227;220m██[38;2;249;226;220m████[38;2;249;227;220m██[38;2;250;227;221m██[38;2;242;218;217m██[38;2;7;40;35m██[38;2;194;194;190m██[38;2;219;227;224m██[38;2;167;162;163m  
[38;2;249;249;250m  [38;2;184;210;211m██[38;2;208;225;226m██[38;2;145;187;189m██[38;2;201;191;190m██[38;2;7;44;46m██[38;2;8;33;30m██[38;2;249;226;220m██[38;2;251;228;222m████[38;2;249;226;220m██[38;2;251;228;222m██[38;2;253;232;226m██[38;2;239;219;212m██[38;2;121;98;92m██[38;2;58;34;29m██[38;2;68;42;38m██[38;2;88;61;58m██[38;2;102;75;71m██[38;2;111;85;80m██[38;2;94;70;64m██[38;2;96;73;67m██[38;2;90;67;61m██[38;2;62;40;35m██[38;2;113;84;80m██[38;2;241;216;211m██[38;2;247;228;221m██[38;2;250;229;221m██[38;2;249;227;221m████[38;2;248;218;212m██[38;2;249;205;203m██[38;2;162;145;142m██[38;2;101;150;145m██[38;2;208;223;223m██
[38;2;219;229;228m██[38;2;79;136;136m██[38;2;174;199;198m██[38;2;132;147;145m██[38;2;10;44;43m██[38;2;29;48;48m██[38;2;249;225;225m██[38;2;251;228;222m██████[38;2;250;227;221m██[38;2;253;231;224m██[38;2;150;123;119m██[38;2;58;29;28m██[38;2;94;63;64m██[38;2;111;80;80m██[38;2;112;80;80m██[38;2;109;77;78m██[38;2;110;76;75m██[38;2;108;74;73m██[38;2;107;73;71m██[38;2;105;71;69m██[38;2;104;73;70m██[38;2;100;75;70m██[38;2;100;70;67m██[38;2;98;65;63m██[38;2;81;53;49m██[38;2;195;174;168m██[38;2;248;229;222m██[38;2;248;228;221m██[38;2;250;224;217m██[38;2;249;206;203m██[38;2;250;213;208m██[38;2;198;186;187m██[38;2;203;225;222m██
[38;2;207;224;223m██[38;2;53;115;115m██[38;2;68;130;126m██[38;2;41;60;59m██[38;2;1;38;38m██[38;2;251;228;227m██[38;2;252;229;224m██[38;2;252;229;223m████[38;2;250;227;221m██[38;2;253;234;228m██[38;2;92;64;60m██[38;2;89;56;54m██[38;2;108;75;76m██[38;2;104;70;71m██[38;2;102;69;69m██[38;2;103;69;68m██[38;2;104;70;69m██[38;2;105;69;69m██[38;2;107;71;71m██[38;2;106;70;70m██[38;2;105;70;68m██[38;2;107;72;70m██[38;2;109;73;69m██[38;2;111;73;70m██[38;2;108;69;69m██[38;2;109;73;71m██[38;2;110;79;75m██[38;2;72;47;42m██[38;2;248;231;223m██[38;2;248;226;220m██[38;2;250;211;206m██[38;2;247;203;199m██[38;2;246;221;217m██[38;2;197;220;217m██
[38;2;200;224;221m██[38;2;72;124;125m██[38;2;226;218;217m██[38;2;6;50;50m██[38;2;235;212;211m██[38;2;254;224;221m██[38;2;252;229;223m████[38;2;250;230;225m██[38;2;247;236;230m██[38;2;73;47;43m██[38;2;109;74;72m██[38;2;110;76;76m██[38;2;106;72;73m██[38;2;109;74;75m██[38;2;111;76;76m██[38;2;111;75;75m██[38;2;109;72;72m██[38;2;107;69;69m██[38;2;106;67;68m██[38;2;104;67;66m██[38;2;102;67;65m██[38;2;105;67;66m██[38;2;106;69;67m██[38;2;108;69;67m██[38;2;112;72;71m██[38;2;110;70;68m██[38;2;111;72;72m██[38;2;109;74;72m██[38;2;99;76;70m██[38;2;246;226;219m██[38;2;250;217;208m██[38;2;249;207;202m██[38;2;252;216;214m██[38;2;182;211;209m██
[38;2;202;220;222m██[38;2;173;155;156m██[38;2;54;76;73m██[38;2;140;130;130m██[38;2;253;214;212m██[38;2;252;225;221m██[38;2;252;228;223m██[38;2;252;229;223m██[38;2;247;230;227m██[38;2;74;56;49m██[38;2;105;76;73m██[38;2;108;73;71m██[38;2;109;72;74m██[38;2;113;74;76m██[38;2;114;75;76m████[38;2;113;74;75m██[38;2;112;73;74m██[38;2;112;72;72m██[38;2;111;71;71m██[38;2;108;68;68m██[38;2;113;71;73m██[38;2;112;71;72m██[38;2;112;72;71m██[38;2;112;71;69m██[38;2;109;71;70m██[38;2;110;71;70m██[38;2;116;71;71m██[38;2;112;71;68m██[38;2;108;75;73m██[38;2;250;233;226m██[38;2;251;222;218m██[38;2;250;214;208m██[38;2;248;220;220m██[38;2;193;218;216m██
[38;2;198;225;228m██[38;2;130;135;133m██[38;2;13;40;36m██[38;2;251;204;200m██[38;2;248;211;209m██[38;2;253;225;221m██[38;2;252;229;223m██[38;2;252;228;223m██[38;2;127;109;105m██[38;2;95;69;65m██[38;2;106;72;70m██[38;2;110;72;71m██[38;2;102;63;66m██[38;2;101;62;65m██[38;2;103;63;64m██[38;2;106;66;67m██[38;2;106;68;69m██[38;2;110;71;72m██[38;2;113;73;73m██[38;2;115;74;75m██[38;2;116;76;76m██[38;2;115;73;74m██[38;2;113;71;72m██[38;2;111;70;68m██[38;2;112;68;67m██[38;2;112;72;71m██[38;2;112;73;74m██[38;2;112;71;72m██[38;2;111;70;69m██[38;2;108;73;68m██[38;2;146;123;116m██[38;2;251;226;221m██[38;2;250;221;213m██[38;2;236;213;213m██[38;2;194;217;216m██
[38;2;90;144;138m██[38;2;80;122;113m██[38;2;186;174;172m██[38;2;253;212;209m██[38;2;249;211;209m██[38;2;253;225;221m██[38;2;252;229;223m██[38;2;250;227;222m██[38;2;71;51;46m██[38;2;105;75;71m██[38;2;109;70;68m██[38;2;117;76;75m██[38;2;114;71;73m██[38;2;112;67;70m██[38;2;110;66;69m██[38;2;109;66;69m██[38;2;109;67;68m██[38;2;111;69;70m██[38;2;114;70;71m██[38;2;116;72;73m██[38;2;118;73;74m██[38;2;116;68;69m██[38;2;114;67;68m██[38;2;113;66;66m██[38;2;112;64;63m██[38;2;109;65;64m██[38;2;108;69;70m██[38;2;111;70;71m██[38;2;110;69;70m██[38;2;106;72;71m██[38;2;100;73;72m██[38;2;249;226;220m████[38;2;191;192;192m██[38;2;191;215;217m██
[38;2;165;191;192m██[38;2;95;161;162m██[38;2;252;217;214m██[38;2;245;201;198m██[38;2;249;211;209m██[38;2;253;225;221m██[38;2;252;228;223m██[38;2;250;227;222m██[38;2;77;52;48m██[38;2;107;73;71m██[38;2;112;72;71m██[38;2;111;67;66m██[38;2;114;70;72m██[38;2;113;69;71m██[38;2;113;68;71m██[38;2;111;67;69m██[38;2;111;67;68m██[38;2;112;68;69m████[38;2;114;68;70m████[38;2;118;70;70m████[38;2;121;73;73m██[38;2;127;77;76m██[38;2;131;84;84m██[38;2;131;89;91m██[38;2;139;92;95m██[38;2;140;91;92m██[38;2;114;70;70m██[38;2;107;69;71m██[38;2;247;224;218m██[38;2;249;226;220m██[38;2;181;199;199m██[38;2;189;213;215m██
[38;2;190;214;217m██[38;2;72;125;123m██[38;2;248;212;209m██[38;2;252;202;201m██[38;2;249;210;208m██[38;2;253;225;221m██[38;2;252;229;223m██[38;2;252;228;222m██[38;2;107;81;78m██[38;2;112;71;72m██[38;2;111;64;64m██[38;2;109;62;60m██[38;2;112;65;67m██[38;2;113;67;70m██[38;2;114;68;71m██[38;2;114;68;72m██[38;2;115;69;71m██[38;2;114;69;71m████[38;2;116;69;71m██[38;2;118;70;73m██[38;2;129;78;79m██[38;2;134;83;84m██[38;2;144;92;91m██[38;2;156;100;99m██[38;2;160;108;108m██[38;2;158;108;111m██[38;2;164;105;109m██[38;2;164;101;102m██[38;2;168;104;102m██[38;2;120;67;67m██[38;2;251;227;222m██[38;2;251;229;224m██[38;2;190;221;219m██[38;2;188;211;211m██
[38;2;188;212;214m██[38;2;188;218;215m██[38;2;161;150;149m██[38;2;253;208;205m██[38;2;252;212;207m██[38;2;253;224;220m██[38;2;252;229;223m████[38;2;184;157;155m██[38;2;120;75;75m██[38;2;131;81;81m██[38;2;131;83;82m██[38;2;129;80;82m██[38;2;125;75;78m████[38;2;126;76;79m██[38;2;128;78;81m██[38;2;131;81;84m██[38;2;133;83;86m██[38;2;138;86;88m██[38;2;142;90;92m██[38;2;149;94;97m██[38;2;154;100;102m██[38;2;161;106;106m██[38;2;164;107;105m██[38;2;163;103;105m██[38;2;164;100;102m██[38;2;172;97;99m██[38;2;214;136;134m██[38;2;227;146;142m██[38;2;207;132;129m██[38;2;251;227;226m██[38;2;248;225;219m██[38;2;184;212;208m██[38;2;138;140;137m  
[38;2;182;211;212m██[38;2;187;210;214m██[38;2;183;202;201m██[38;2;251;214;213m██[38;2;251;215;209m██[38;2;254;225;221m██[38;2;250;226;221m██[38;2;251;228;222m██[38;2;246;225;219m██[38;2;147;100;100m██[38;2;153;99;99m██[38;2;158;104;104m██[38;2;157;103;105m██[38;2;151;98;102m██[38;2;146;96;99m██[38;2;145;95;98m██[38;2;146;96;99m██[38;2;147;97;100m██[38;2;150;99;102m██[38;2;153;101;103m██[38;2;157;104;106m██[38;2;162;105;108m██[38;2;163;105;105m██[38;2;162;102;102m██[38;2;162;100;101m██[38;2;166;96;96m██[38;2;189;111;112m██[38;2;233;144;146m██[38;2;234;141;139m██[38;2;235;141;137m██[38;2;231;144;144m██[38;2;251;225;222m██[38;2;226;212;206m██[38;2;182;210;211m██[38;2;235;175;169m  
[38;2;185;210;212m██[38;2;184;210;211m██[38;2;181;211;209m██[38;2;191;202;200m██[38;2;249;220;212m██[38;2;253;223;219m██[38;2;250;227;221m██[38;2;249;227;221m██[38;2;249;225;219m██[38;2;131;87;88m██[38;2;160;104;105m██[38;2;163;104;106m██[38;2;161;105;105m██[38;2;160;103;109m██[38;2;161;104;111m██[38;2;163;106;112m██[38;2;162;107;110m██[38;2;163;107;110m██[38;2;165;107;110m██[38;2;166;107;111m██[38;2;163;104;107m██[38;2;160;100;102m██[38;2;160;99;99m██[38;2;165;101;102m██[38;2;167;101;102m██[38;2;201;118;118m██[38;2;233;143;144m██[38;2;235;140;140m██[38;2;234;140;139m██[38;2;235;141;135m██[38;2;229;139;135m██[38;2;249;225;222m██[38;2;196;197;193m██[38;2;81;110;109m██[38;2;155;132;126m  
[38;2;174;201;202m██[38;2;180;210;210m██[38;2;180;209;209m██[38;2;182;212;208m██[38;2;180;188;188m██[38;2;252;229;225m██[38;2;249;228;221m██[38;2;250;227;221m██[38;2;250;226;220m██[38;2;179;158;152m██[38;2;157;105;108m██[38;2;159;99;99m██[38;2;161;102;102m██[38;2;160;99;104m██[38;2;159;97;103m██[38;2;158;99;104m██[38;2;159;100;104m██[38;2;159;101;104m██[38;2;159;99;103m██[38;2;159;98;102m██[38;2;167;104;106m██[38;2;169;105;106m██[38;2;165;101;102m██[38;2;170;103;104m██[38;2;218;135;135m██[38;2;235;142;142m██[38;2;235;141;141m██[38;2;235;141;140m██[38;2;235;141;138m██[38;2;234;141;137m██[38;2;216;143;137m██[38;2;249;226;220m██[38;2;175;185;183m██[38;2;134;158;156m  [38;2;29;28;29m  
[38;2;174;206;205m██[38;2;137;164;165m██[38;2;177;207;207m██[38;2;179;209;208m██[38;2;181;210;209m██[38;2;172;190;191m██[38;2;250;225;226m██[38;2;249;227;221m████[38;2;247;226;220m██[38;2;124;84;82m██[38;2;162;98;105m██[38;2;157;104;107m██[38;2;161;103;105m██[38;2;164;102;107m██[38;2;163;102;107m██[38;2;164;102;107m██[38;2;163;102;106m██[38;2;165;102;105m████[38;2;163;97;99m████[38;2;194;121;121m██[38;2;229;143;144m██[38;2;236;142;142m██[38;2;235;141;141m████[38;2;235;141;139m████[38;2;234;141;139m██[38;2;213;181;176m██[38;2;250;227;221m██[38;2;145;148;148m██[38;2;103;108;109m  [38;2;46;46;46m  
[38;2;174;205;201m██[38;2;175;204;200m██[38;2;94;137;136m██[38;2;176;206;206m██[38;2;178;208;208m██[38;2;180;210;207m██[38;2;177;204;203m██[38;2;253;230;228m██[38;2;249;227;220m██[38;2;249;226;221m██[38;2;213;191;185m██[38;2;166;100;106m██[38;2;171;99;106m██[38;2;157;104;106m██[38;2;168;102;96m██[38;2;165;99;93m██[38;2;162;96;93m██[38;2;165;97;93m██[38;2;170;101;98m██[38;2;185;111;109m██[38;2;213;133;131m██[38;2;229;146;146m██[38;2;234;145;146m██[38;2;234;141;141m██[38;2;236;142;142m██[38;2;235;141;141m██[38;2;235;141;140m██[38;2;235;141;139m████[38;2;236;144;140m██[38;2;253;230;225m██[38;2;249;228;220m██[38;2;251;227;222m  [38;2;27;29;29m  [38;2;0;0;0m  
[38;2;84;150;148m██[38;2;170;203;204m██[38;2;173;205;206m██[38;2;64;131;133m██[38;2;175;204;205m██[38;2;175;206;205m██[38;2;178;209;208m██[38;2;176;199;196m██[38;2;251;226;223m██[38;2;250;229;221m██[38;2;249;227;225m██[38;2;149;117;111m██[38;2;226;141;149m██[38;2;222;134;143m██[38;2;215;137;139m██[38;2;209;131;127m██[38;2;216;140;137m██[38;2;225;146;144m██[38;2;227;147;145m██[38;2;229;144;143m██[38;2;234;145;144m██[38;2;236;142;143m██[38;2;238;140;142m██[38;2;235;141;141m██[38;2;234;141;141m██[38;2;234;141;140m██[38;2;234;141;139m██[38;2;235;141;139m██[38;2;235;141;138m██[38;2;205;157;151m██[38;2;249;227;221m██[38;2;249;229;223m██[38;2;160;149;147m  [38;2;0;0;0m    
[38;2;61;83;79m  [38;2;71;149;144m  [38;2;86;154;152m██[38;2;167;209;203m██[38;2;64;143;142m██[38;2;103;147;143m██[38;2;177;207;206m██[38;2;178;206;207m██[38;2;179;211;211m██[38;2;237;224;222m██[38;2;249;230;222m██[38;2;244;228;222m██[38;2;165;118;115m██[38;2;233;142;144m██[38;2;237;138;142m██[38;2;236;140;140m██[38;2;234;141;141m██[38;2;235;140;142m██[38;2;235;140;141m██[38;2;236;140;140m██[38;2;236;140;139m██[38;2;235;141;139m██[38;2;234;141;140m██[38;2;235;141;140m██[38;2;235;141;139m██████[38;2;233;141;137m██[38;2;229;141;138m██[38;2;252;228;223m██[38;2;250;227;221m██[38;2;241;224;218m  [38;2;1;39;39m  [38;2;0;0;0m    
[38;2;45;45;45m  [38;2;35;35;35m  [38;2;40;39;38m  [38;2;70;112;107m  [38;2;65;147;143m  [38;2;66;147;142m  [38;2;70;148;138m██[38;2;106;119;117m██[38;2;177;205;206m██[38;2;174;211;210m██[38;2;185;184;182m██[38;2;253;227;223m██[38;2;246;229;224m██[38;2;193;153;153m██[38;2;236;145;144m██[38;2;241;140;134m██[38;2;235;141;135m██[38;2;236;141;137m██[38;2;236;140;137m██[38;2;237;140;138m██[38;2;234;141;140m██[38;2;232;141;140m██[38;2;235;141;139m██████[38;2;234;141;139m██[38;2;233;141;139m██[38;2;219;137;135m██[38;2;250;232;226m██[38;2;249;227;221m██[38;2;216;199;197m  [38;2;55;55;55m  [38;2;0;0;0m      
[38;2;0;0;0m      [38;2;74;74;74m  [38;2;2;2;2m  [38;2;45;36;36m  [38;2;93;84;83m  [38;2;220;166;158m  [38;2;222;168;164m██[38;2;179;148;150m██[38;2;175;196;198m██[38;2;175;195;191m██[38;2;245;227;222m██[38;2;246;231;222m██[38;2;253;235;229m██[38;2;163;112;110m██[38;2;233;144;143m██[38;2;235;141;140m██[38;2;236;140;140m██[38;2;233;141;138m██[38;2;232;142;138m██[38;2;235;141;139m██[38;2;234;140;140m██[38;2;234;140;138m██[38;2;234;141;138m██[38;2;238;142;141m██[38;2;198;159;153m██[38;2;248;225;222m██[38;2;248;226;220m  [38;2;142;131;127m  [38;2;24;24;24m  [38;2;0;0;0m        
[38;2;0;0;0m              [38;2;22;27;31m  [38;2;197;151;146m  [38;2;238;205;194m  [38;2;245;230;221m██[38;2;241;216;213m██[38;2;156;174;172m██[38;2;171;183;180m██[38;2;249;230;226m██[38;2;252;228;223m██[38;2;241;226;219m██[38;2;190;155;152m██[38;2;187;120;121m██[38;2;217;136;135m██[38;2;234;142;141m██[38;2;235;143;141m██[38;2;229;135;140m██[38;2;208;130;134m██[38;2;221;187;184m██[38;2;249;229;221m██[38;2;246;227;220m██[38;2;237;218;212m  [38;2;45;45;47m  [38;2;0;0;0m            
[38;2;0;0;0m                [38;2;96;0;0m  [38;2;31;36;36m  [38;2;200;154;148m  [38;2;249;221;219m  [38;2;247;226;220m██[38;2;209;205;203m██[38;2;102;142;134m██[38;2;250;231;230m██[38;2;251;230;220m██[38;2;251;228;222m████[38;2;251;227;221m██[38;2;249;232;228m██[38;2;252;228;226m██[38;2;249;225;220m██[38;2;248;226;220m██[38;2;249;226;221m  [38;2;237;221;214m  [38;2;60;56;56m  [38;2;6;6;6m  [38;2;0;0;0m              
[38;2;0;0;0m                    [38;2;18;18;18m  [38;2;10;11;11m  [38;2;88;77;76m  [38;2;208;179;173m  [38;2;244;230;226m  [38;2;250;229;224m  [38;2;251;227;219m██[38;2;252;229;223m██[38;2;250;227;221m██[38;2;248;225;219m██[38;2;249;226;220m  [38;2;253;233;227m  [38;2;225;206;201m  [38;2;109;103;102m  [38;2;15;14;15m  [38;2;42;42;42m  [38;2;2;2;2m  [38;2;0;0;0m                [0m
