
[38;2;0;0;0m                                [38;2;8;8;8m  [38;2;1;1;1m██[38;2;0;0;0m██[38;2;2;2;2m██[38;2;1;1;1m████  [38;2;0;0;0m                  
[38;2;0;0;0m                            [38;2;105;105;105m  [38;2;5;5;5m██[38;2;1;1;1m██[38;2;0;0;0m██[38;2;19;19;19m██[38;2;1;1;1m██████████[38;2;0;0;0m                
[38;2;0;0;0m                          [38;2;37;37;37m  [38;2;23;23;23m██[38;2;36;36;36m██[38;2;1;1;1m██[38;2;73;73;73m██[38;2;0;0;0m██[38;2;1;1;1m████████████  [38;2;0;0;0m            
[38;2;0;0;0m                          [38;2;102;102;102m  [38;2;22;22;22m██[38;2;0;0;0m██[38;2;1;1;1m██[38;2;27;27;27m██[38;2;54;54;54m██[38;2;6;6;6m██[38;2;1;1;1m████████████[38;2;0;0;0m            
[38;2;0;0;0m                          ██[38;2;25;25;25m██[38;2;3;3;3m██[38;2;57;57;57m██[38;2;0;0;0m██[38;2;1;1;1m██[38;2;41;41;41m██[38;2;43;43;43m██[38;2;1;1;1m████[38;2;49;49;49m██[38;2;7;7;7m██[38;2;1;1;1m██[38;2;24;24;24m  [38;2;0;0;0m          
[38;2;0;0;0m                        [38;2;1;1;1m  [38;2;3;3;3m██[38;2;5;5;5m██[38;2;71;71;71m██[38;2;158;158;158m██[38;2;0;0;0m██[38;2;1;1;1m██[38;2;0;0;0m██[38;2;205;205;205m██[38;2;38;38;38m██[38;2;1;1;1m██[38;2;12;12;12m██[38;2;44;44;44m██[38;2;1;1;1m████[38;2;0;0;0m          
[38;2;0;0;0m                        [38;2;1;1;1m  [38;2;32;32;32m██[38;2;168;168;168m██[38;2;211;211;211m██[38;2;174;174;174m██[38;2;0;0;0m██[38;2;1;1;1m██[38;2;4;4;4m██[38;2;241;241;241m██[38;2;196;196;196m██[38;2;0;0;0m████[38;2;43;43;43m██[38;2;0;0;0m██[38;2;1;1;1m████[38;2;0;0;0m        
[38;2;0;0;0m                        [38;2;1;1;1m  [38;2;105;105;105m██[38;2;254;254;254m██[38;2;131;131;131m██[38;2;116;116;116m██[38;2;0;0;0m████[38;2;148;148;148m██[38;2;228;228;228m██[38;2;174;174;174m██[38;2;164;164;164m██[38;2;0;0;0m██[38;2;8;8;8m██[38;2;0;0;0m██████[38;2;1;1;1m██  [38;2;0;0;0m    
[38;2;0;0;0m                      [38;2;15;15;15m  [38;2;1;1;1m██[38;2;90;90;90m██[38;2;254;254;254m██[38;2;125;125;125m██[38;2;221;221;221m██[38;2;193;193;193m██[38;2;2;2;2m██[38;2;219;219;219m██[38;2;127;127;127m██[38;2;114;114;114m██[38;2;162;162;162m██[38;2;183;183;183m██[38;2;1;1;1m██[38;2;5;5;5m██[38;2;1;1;1m████[38;2;0;0;0m        
[38;2;0;0;0m                        [38;2;1;1;1m██[38;2;179;179;179m██[38;2;232;232;232m██[38;2;237;237;237m██[38;2;233;233;233m████[38;2;111;111;111m██[38;2;232;232;232m██[38;2;127;127;127m██[38;2;105;105;105m██[38;2;255;255;255m██[38;2;167;167;167m██[38;2;1;1;1m██[38;2;46;46;46m██[38;2;1;1;1m  [38;2;34;34;34m  [38;2;0;0;0m        
[38;2;0;0;0m                      [38;2;2;2;2m  [38;2;0;0;0m██[38;2;228;228;228m██[38;2;233;233;233m██████[38;2;232;232;232m██[38;2;231;231;231m██[38;2;233;233;233m██[38;2;236;236;236m██[38;2;237;237;237m██[38;2;232;232;232m██[38;2;10;10;10m██[38;2;3;3;3m██[38;2;68;68;68m██[38;2;1;1;1m  [38;2;0;0;0m          
[38;2;0;0;0m                      [38;2;4;4;4m██[38;2;0;0;0m██[38;2;198;198;198m██[38;2;232;232;232m██████████[38;2;233;233;233m██[38;2;232;232;232m████[38;2;212;212;212m██[38;2;1;1;1m██[38;2;24;24;24m██[38;2;32;32;32m██[38;2;8;8;8m  [38;2;0;0;0m          
[38;2;0;0;0m                      [38;2;12;12;12m██[38;2;1;1;1m██[38;2;6;6;6m██[38;2;234;234;234m██[38;2;233;233;233m██[38;2;187;187;187m██[38;2;180;180;180m██[38;2;221;221;221m██[38;2;232;232;232m██████[38;2;2;2;2m██[38;2;1;1;1m██[38;2;48;48;48m██[38;2;0;0;0m██[38;2;33;33;33m  [38;2;0;0;0m          
[38;2;197;197;197m  [38;2;158;158;158m  [38;2;105;105;105m  [38;2;107;107;107m  [38;2;4;4;4m  [38;2;0;0;0m  [38;2;235;235;235m  [38;2;236;236;236m  [38;2;132;132;132m  [38;2;0;0;0m    [38;2;72;72;72m  [38;2;52;52;52m██[38;2;79;79;79m██[38;2;93;93;93m██[38;2;235;235;235m██[38;2;232;232;232m██[38;2;233;233;233m██[38;2;232;232;232m██[38;2;233;233;233m██[38;2;232;232;232m██[38;2;173;173;173m██[38;2;0;0;0m████[38;2;14;14;14m██[38;2;1;1;1m██[38;2;0;0;0m            
[38;2;233;233;233m██[38;2;232;232;232m████[38;2;233;233;233m██[38;2;232;232;232m██[38;2;236;236;236m██[38;2;255;255;255m██████[38;2;240;240;240m██[38;2;253;253;253m██[38;2;235;235;235m██[38;2;236;236;236m██[38;2;16;16;16m████[38;2;0;0;0m██[38;2;214;214;214m██[38;2;217;217;217m██[38;2;215;215;215m██[38;2;205;205;205m██[38;2;93;93;93m██[38;2;30;30;30m██[38;2;0;0;0m██[38;2;52;52;52m██[38;2;46;46;46m██[38;2;1;1;1m  [38;2;0;0;0m            
[38;2;1;1;1m  [38;2;117;117;117m  [38;2;233;233;233m████[38;2;218;218;218m██[38;2;252;252;252m██[38;2;255;255;255m██[38;2;254;254;254m██████[38;2;240;240;240m██[38;2;233;233;233m██[38;2;232;232;232m██[38;2;233;233;233m████[38;2;213;213;213m██[38;2;232;232;232m██████[38;2;131;131;131m██[38;2;46;46;46m██[38;2;0;0;0m██[38;2;55;55;55m██[38;2;5;5;5m██[38;2;1;1;1m██[38;2;2;2;2m  [38;2;0;0;0m            
[38;2;0;0;0m      [38;2;218;218;218m  [38;2;108;108;108m  [38;2;253;253;253m██[38;2;251;251;251m██[38;2;255;255;255m██[38;2;252;252;252m██[38;2;244;244;244m██[38;2;254;254;254m██[38;2;222;222;222m██[38;2;232;232;232m██[38;2;231;231;231m██[38;2;232;232;232m██████[38;2;211;211;211m██[38;2;231;231;231m██[38;2;13;13;13m██[38;2;8;8;8m██[38;2;12;12;12m██[38;2;1;1;1m████[38;2;8;8;8m    [38;2;0;0;0m            
[38;2;0;0;0m        [38;2;249;249;249m  [38;2;254;254;254m██[38;2;233;233;233m██[38;2;244;244;244m██[38;2;223;223;223m██[38;2;255;255;255m██[38;2;196;196;196m██[38;2;155;155;155m██[38;2;223;223;223m██[38;2;158;158;158m██[38;2;189;189;189m██[38;2;193;193;193m██[38;2;184;184;184m██[38;2;181;181;181m██[38;2;202;202;202m██[38;2;224;224;224m██[38;2;240;240;240m██[38;2;231;231;231m██[38;2;6;6;6m██[38;2;8;8;8m  [38;2;0;0;0m                
[38;2;0;0;0m      [38;2;69;69;69m  [38;2;255;255;255m██[38;2;250;250;250m██[38;2;255;255;255m██[38;2;167;167;167m██[38;2;255;255;255m████[38;2;97;97;97m██[38;2;194;194;194m██[38;2;22;22;22m██[38;2;0;0;0m██[38;2;209;209;209m██[38;2;255;255;255m████████[38;2;254;254;254m██[38;2;253;253;253m██[38;2;255;255;255m████[38;2;17;17;17m  [38;2;0;0;0m                
[38;2;0;0;0m    [38;2;79;79;79m  [38;2;161;161;161m  [38;2;255;255;255m████[38;2;238;238;238m██[38;2;252;252;252m██[38;2;255;255;255m██[38;2;177;177;177m██[38;2;198;198;198m██[38;2;116;116;116m██[38;2;118;118;118m██[38;2;34;34;34m██[38;2;75;75;75m██[38;2;67;67;67m██[38;2;255;255;255m██████[38;2;239;239;239m██[38;2;255;255;255m██████[38;2;254;254;254m  [38;2;0;0;0m                
[38;2;0;0;0m  [38;2;79;79;79m  [38;2;205;205;205m  [38;2;1;1;1m██[38;2;0;0;0m██[38;2;138;138;138m██[38;2;120;120;120m██[38;2;255;255;255m██[38;2;196;196;196m██[38;2;223;223;223m██[38;2;195;195;195m██[38;2;56;56;56m██[38;2;5;5;5m██[38;2;222;222;222m██[38;2;134;134;134m██[38;2;255;255;255m██████[38;2;232;232;232m██[38;2;255;255;255m██████████[38;2;239;239;239m  [38;2;0;0;0m              
[38;2;0;0;0m  [38;2;121;121;121m  [38;2;1;1;1m████[38;2;0;0;0m██[38;2;41;41;41m██[38;2;250;250;250m██[38;2;255;255;255m██████[38;2;99;99;99m██[38;2;26;26;26m██[38;2;18;18;18m██[38;2;32;32;32m██[38;2;235;235;235m██[38;2;255;255;255m████████████[38;2;238;238;238m██[38;2;255;255;255m██████[38;2;224;224;224m  [38;2;0;0;0m            
[38;2;0;0;0m    [38;2;23;23;23m██[38;2;19;19;19m██[38;2;0;0;0m██[38;2;220;220;220m██[38;2;255;255;255m██[38;2;234;234;234m██[38;2;0;0;0m██[38;2;25;25;25m██[38;2;142;142;142m██[38;2;255;255;255m██[38;2;198;198;198m██[38;2;32;32;32m██[38;2;201;201;201m██[38;2;255;255;255m████[38;2;228;228;228m██[38;2;252;252;252m██[38;2;255;255;255m██[38;2;233;233;233m██[38;2;255;255;255m██[38;2;230;230;230m██[38;2;255;255;255m██████[38;2;115;115;115m  [38;2;0;0;0m          
[38;2;5;5;5m  [38;2;42;42;42m  [38;2;1;1;1m████[38;2;20;20;20m██[38;2;254;254;254m██[38;2;255;255;255m██[38;2;47;47;47m██[38;2;165;165;165m██[38;2;50;50;50m██[38;2;48;48;48m██[38;2;118;118;118m██[38;2;145;145;145m██[38;2;255;255;255m████████[38;2;251;251;251m██[38;2;210;210;210m██[38;2;254;254;254m██[38;2;255;255;255m████[38;2;231;231;231m██[38;2;255;255;255m██[38;2;253;253;253m██[38;2;159;159;159m██[38;2;222;222;222m  [38;2;0;0;0m          
[38;2;0;0;0m██[38;2;1;1;1m██[38;2;0;0;0m████[38;2;253;253;253m██[38;2;255;255;255m████[38;2;252;252;252m██[38;2;191;191;191m██[38;2;0;0;0m██[38;2;121;121;121m██[38;2;129;129;129m██[38;2;32;32;32m██[38;2;255;255;255m██████[38;2;234;234;234m██[38;2;245;245;245m██[38;2;184;184;184m██[38;2;255;255;255m████[38;2;254;254;254m██[38;2;244;244;244m██[38;2;255;255;255m██[38;2;208;208;208m██[38;2;231;231;231m████[38;2;234;234;234m  [38;2;1;1;1m  [38;2;0;0;0m      
[38;2;0;0;0m██[38;2;43;43;43m██[38;2;2;2;2m██[38;2;212;212;212m██[38;2;245;245;245m██[38;2;254;254;254m██[38;2;255;255;255m██[38;2;14;14;14m██[38;2;4;4;4m██[38;2;255;255;255m██[38;2;60;60;60m██[38;2;233;233;233m██[38;2;170;170;170m██[38;2;255;255;255m██████[38;2;245;245;245m██[38;2;238;238;238m██[38;2;230;230;230m██[38;2;255;255;255m████[38;2;243;243;243m██[38;2;254;254;254m██[38;2;157;157;157m██[38;2;173;173;173m██[38;2;232;232;232m██[38;2;233;233;233m██[38;2;232;232;232m██[38;2;236;236;236m  [38;2;0;0;0m      
[38;2;33;33;33m██[38;2;0;0;0m██[38;2;139;139;139m██[38;2;250;250;250m██[38;2;254;254;254m██[38;2;255;255;255m██████[38;2;145;145;145m██[38;2;255;255;255m██[38;2;15;15;15m██[38;2;2;2;2m██[38;2;253;253;253m██[38;2;255;255;255m██[38;2;254;254;254m██[38;2;255;255;255m██[38;2;254;254;254m██[38;2;231;231;231m██[38;2;194;194;194m██[38;2;255;255;255m████[38;2;219;219;219m██[38;2;247;247;247m██[38;2;243;243;243m██[38;2;244;244;244m██[38;2;220;220;220m██[38;2;233;233;233m██[38;2;232;232;232m████[38;2;235;235;235m  [38;2;0;0;0m    
[38;2;1;1;1m██[38;2;133;133;133m██[38;2;255;255;255m████[38;2;43;43;43m██[38;2;18;18;18m██[38;2;251;251;251m██[38;2;255;255;255m████[38;2;253;253;253m██[38;2;225;225;225m██[38;2;254;254;254m██[38;2;242;242;242m██[38;2;255;255;255m██[38;2;253;253;253m██[38;2;254;254;254m██[38;2;255;255;255m██[38;2;86;86;86m  [38;2;166;166;166m  [38;2;255;255;255m████[38;2;252;252;252m██[38;2;244;244;244m██[38;2;255;255;255m██  [38;2;131;131;131m  [38;2;234;234;234m██[38;2;232;232;232m██████  [38;2;0;0;0m  
[38;2;135;135;135m██[38;2;255;255;255m████[38;2;253;253;253m██[38;2;18;18;18m██[38;2;200;200;200m██[38;2;255;255;255m██[38;2;213;213;213m██[38;2;75;75;75m██[38;2;135;135;135m██[38;2;239;239;239m██[38;2;255;255;255m██████[38;2;247;247;247m██[38;2;249;249;249m██[38;2;244;244;244m  [38;2;0;0;0m    [38;2;180;180;180m  [38;2;228;228;228m██[38;2;253;253;253m██[38;2;255;255;255m  [38;2;183;183;183m  [38;2;0;0;0m      [38;2;232;232;232m  ████[38;2;233;233;233m██[38;2;105;105;105m  
[38;2;255;255;255m██████[38;2;254;254;254m██[38;2;0;0;0m██[38;2;109;109;109m██[38;2;252;252;252m██[38;2;55;55;55m██[38;2;124;124;124m██[38;2;41;41;41m██[38;2;238;238;238m██[38;2;255;255;255m██████[38;2;241;241;241m██[38;2;240;240;240m██[38;2;0;0;0m        [38;2;222;222;222m  [38;2;30;30;30m  [38;2;0;0;0m            [38;2;135;135;135m  [38;2;232;232;232m██[38;2;233;233;233m████
[38;2;255;255;255m██████[38;2;254;254;254m██[38;2;241;241;241m██[38;2;30;30;30m██[38;2;20;20;20m██[38;2;4;4;4m██[38;2;28;28;28m██[38;2;74;74;74m██[38;2;143;143;143m██[38;2;255;255;255m██████[38;2;254;254;254m██[38;2;77;77;77m  [38;2;0;0;0m                          [38;2;115;115;115m  [38;2;237;237;237m██[38;2;232;232;232m██
[38;2;255;255;255m██[38;2;254;254;254m██[38;2;0;0;0m██[38;2;155;155;155m██[38;2;255;255;255m██[38;2;140;140;140m██[38;2;179;179;179m██[38;2;191;191;191m██[38;2;107;107;107m██[38;2;98;98;98m██[38;2;255;255;255m██████████[38;2;0;0;0m                                [38;2;235;235;235m  [0m
