
[38;2;0;0;0m                    [38;2;3;1;1m  [38;2;192;91;125m  [38;2;254;157;187m  [38;2;254;174;197m██[38;2;255;174;198m██[38;2;255;173;198m██[38;2;255;174;198m██████[38;2;255;170;195m██[38;2;254;146;179m██[38;2;254;108;152m██[38;2;254;108;153m  [38;2;170;76;108m  [38;2;0;0;0m  [38;2;135;135;135m  [38;2;0;0;0m            
[38;2;0;0;0m            [38;2;82;70;72m  [38;2;162;96;115m  [38;2;66;12;24m  [38;2;101;90;91m  [38;2;254;187;202m  [38;2;255;172;196m██[38;2;255;173;197m████[38;2;255;172;196m██[38;2;255;173;197m██[38;2;245;139;170m██[38;2;254;174;198m██[38;2;255;173;197m████[38;2;255;173;196m██[38;2;255;172;196m██[38;2;255;174;198m██[38;2;254;148;180m██[38;2;92;72;78m  [38;2;254;168;193m  [38;2;247;194;205m  [38;2;97;69;79m  [38;2;0;0;0m        
[38;2;0;0;0m          [38;2;57;45;48m  [38;2;254;169;194m██[38;2;191;37;35m██[38;2;148;134;134m██[38;2;254;208;210m██[38;2;255;176;199m██[38;2;255;163;190m██[38;2;255;172;197m██[38;2;255;173;197m██[38;2;255;130;168m██[38;2;255;103;149m████[38;2;253;156;186m██[38;2;247;150;179m██[38;2;255;172;196m██[38;2;255;174;199m██[38;2;254;173;198m██[38;2;254;174;198m██[38;2;176;38;43m██[38;2;213;157;178m██[38;2;255;172;196m██[38;2;255;173;196m████[38;2;254;179;203m  [38;2;117;116;116m  [38;2;0;0;0m    
[38;2;0;0;0m        [38;2;73;72;72m  [38;2;254;174;198m  [38;2;247;174;198m██[38;2;61;37;40m██[38;2;254;207;209m██[38;2;255;158;187m██[38;2;255;190;203m██[38;2;255;208;211m██[38;2;255;172;197m██[38;2;255;173;197m██[38;2;254;174;198m██[38;2;255;176;200m██[38;2;255;121;161m██[38;2;255;106;152m██[38;2;254;141;175m██[38;2;234;101;141m██[38;2;253;174;198m██[38;2;255;177;201m██[38;2;253;171;196m██[38;2;182;34;34m██[38;2;254;206;208m██[38;2;250;198;203m██[38;2;254;174;198m██[38;2;255;173;196m██[38;2;255;173;197m██[38;2;254;177;201m  [38;2;3;2;2m  [38;2;0;0;0m  
[38;2;0;0;0m        [38;2;182;133;152m  [38;2;253;173;196m██[38;2;231;95;136m██[38;2;254;175;202m██[38;2;254;173;197m██[38;2;255;192;205m██[38;2;255;207;210m██[38;2;255;208;210m██[38;2;251;174;195m██[38;2;245;91;138m██[38;2;246;99;145m██[38;2;233;80;125m██[38;2;228;84;126m██[38;2;255;164;191m██[38;2;254;151;182m██[38;2;255;173;197m██[38;2;254;173;197m██[38;2;240;120;157m██[38;2;255;172;196m██[38;2;254;174;199m██[38;2;195;62;101m██[38;2;241;87;133m██[38;2;246;94;140m██[38;2;254;173;197m██[38;2;255;173;197m██[38;2;255;172;197m██[38;2;180;132;148m  [38;2;0;0;0m  
[38;2;0;0;0m      [38;2;11;4;10m  [38;2;254;174;197m██[38;2;254;201;207m██[38;2;67;53;57m██[38;2;255;172;196m██[38;2;248;144;175m██[38;2;255;208;210m████[38;2;251;168;193m██[38;2;245;96;141m██[38;2;248;189;198m██[38;2;255;208;210m██[38;2;255;192;204m██[38;2;255;174;198m██[38;2;255;171;196m██[38;2;255;173;197m████[38;2;255;174;198m██[38;2;231;79;125m██[38;2;251;167;192m██[38;2;255;209;210m██[38;2;254;214;217m██[38;2;244;174;199m██[38;2;255;178;202m██[38;2;249;160;188m██[38;2;255;173;197m██[38;2;255;205;209m██[38;2;254;175;199m  [38;2;0;0;0m  
[38;2;0;0;0m    [38;2;2;2;2m  [38;2;206;150;170m  [38;2;255;173;197m██[38;2;254;174;198m██[38;2;245;175;199m██[38;2;247;132;169m██[38;2;255;172;196m██[38;2;255;199;207m██[38;2;251;175;198m██[38;2;226;64;110m██[38;2;255;207;209m██[38;2;255;208;210m████████[38;2;255;207;209m██[38;2;255;171;196m██[38;2;255;172;197m██[38;2;255;197;206m██[38;2;255;207;210m██[38;2;255;174;197m██[38;2;255;172;197m██[38;2;255;208;210m██[38;2;76;62;66m██[38;2;254;172;196m██[38;2;255;172;196m██[38;2;255;173;197m██[38;2;255;204;208m██[38;2;254;152;183m██[38;2;77;54;62m  
[38;2;0;0;0m    [38;2;18;14;15m  [38;2;253;171;195m██[38;2;255;173;197m██[38;2;233;169;192m██[38;2;254;173;197m██[38;2;250;164;190m██[38;2;254;172;196m██[38;2;254;183;204m██[38;2;205;45;42m  [38;2;251;211;212m██[38;2;255;207;210m██[38;2;255;208;210m████████[38;2;254;172;197m██[38;2;252;116;159m██[38;2;255;173;197m██[38;2;254;135;171m██[38;2;255;208;210m██[38;2;255;209;210m██[38;2;247;156;183m██[38;2;255;201;207m██[38;2;195;172;171m██[38;2;253;171;196m██[38;2;255;173;197m██[38;2;255;172;196m██[38;2;255;198;206m██[38;2;255;194;204m██[38;2;226;133;164m  
[38;2;0;0;0m    [38;2;254;175;199m  [38;2;255;201;208m██[38;2;255;172;196m██[38;2;146;81;103m██[38;2;247;153;183m██[38;2;254;171;196m██[38;2;174;80;97m██[38;2;254;177;201m██[38;2;180;48;54m  [38;2;178;66;81m██[38;2;254;204;208m██[38;2;255;208;210m██████[38;2;254;177;198m██[38;2;135;58;83m██[38;2;118;82;89m  [38;2;249;175;198m██[38;2;153;69;96m██[38;2;255;206;209m██[38;2;255;208;210m██[38;2;254;202;208m██[38;2;254;178;201m██[38;2;254;182;201m██[38;2;230;99;143m██[38;2;255;174;197m██[38;2;255;162;189m██[38;2;255;196;206m██[38;2;255;210;211m██[38;2;254;122;163m  
[38;2;12;11;12m  [38;2;252;176;200m  [38;2;255;188;204m██[38;2;255;194;205m██[38;2;254;162;190m██[38;2;75;45;56m██[38;2;232;95;135m██[38;2;222;58;105m██[38;2;180;39;44m  [38;2;190;34;31m██[38;2;178;68;83m  [38;2;196;120;142m██[38;2;232;162;186m██[38;2;255;172;196m██[38;2;253;178;197m██[38;2;237;174;196m██[38;2;155;92;78m██[38;2;252;141;109m██[38;2;224;160;183m██[38;2;152;111;125m██[38;2;241;138;108m██[38;2;254;188;208m██[38;2;255;207;209m██[38;2;255;179;199m██[38;2;226;72;116m██[38;2;255;172;196m██[38;2;201;148;168m██[38;2;253;107;152m██[38;2;254;125;164m██[38;2;254;171;196m██[38;2;255;208;210m██[38;2;220;193;196m  
[38;2;240;171;194m  [38;2;126;65;84m  [38;2;254;215;217m██[38;2;255;170;196m██[38;2;253;109;152m██[38;2;123;66;78m██[38;2;248;159;187m██[38;2;255;172;196m██[38;2;202;125;150m██[38;2;251;176;202m██[38;2;176;69;87m██[38;2;183;40;44m██[38;2;180;34;34m  [38;2;183;71;84m██[38;2;143;78;67m██[38;2;250;166;139m██[38;2;241;230;221m██[38;2;120;73;67m██[38;2;174;124;142m██[38;2;243;212;197m██[38;2;240;231;222m██[38;2;180;101;82m██[38;2;254;172;196m██[38;2;255;172;196m██[38;2;237;69;119m██[38;2;255;172;196m██[38;2;254;182;205m██[38;2;162;69;97m  [38;2;251;111;156m██[38;2;255;172;197m██[38;2;254;196;206m  [38;2;2;1;2m  
[38;2;253;113;158m  [38;2;1;0;0m  [38;2;255;215;218m  [38;2;157;113;126m██[38;2;173;85;111m██[38;2;254;174;199m██[38;2;255;175;198m██[38;2;255;173;197m██[38;2;248;160;188m██[38;2;189;46;49m██[38;2;185;88;105m██[38;2;108;85;93m██[38;2;215;198;191m██[38;2;241;230;221m██[38;2;240;230;222m██[38;2;240;230;221m██[38;2;240;231;222m██[38;2;233;226;219m██[38;2;240;230;221m██[38;2;240;229;221m██[38;2;240;230;221m██[38;2;239;229;221m██[38;2;182;163;163m██[38;2;254;182;207m██[38;2;253;106;151m██[38;2;255;172;196m██[38;2;254;182;205m██[38;2;222;131;158m  [38;2;117;58;76m██[38;2;254;172;196m██[38;2;250;172;197m  [38;2;0;26;26m  
[38;2;30;27;28m  [38;2;11;7;9m  [38;2;254;208;214m  [38;2;189;136;154m██[38;2;173;151;153m██[38;2;212;171;175m██[38;2;189;94;125m██[38;2;132;60;79m██[38;2;140;80;74m██[38;2;222;214;207m██[38;2;227;156;173m██[38;2;231;119;151m██[38;2;233;119;152m██[38;2;235;197;201m██[38;2;240;230;222m██[38;2;240;231;222m██[38;2;240;230;222m██[38;2;240;231;222m██[38;2;236;198;200m██[38;2;230;112;145m██[38;2;233;99;137m██[38;2;225;117;147m██[38;2;233;178;188m██[38;2;235;228;220m██[38;2;197;93;128m██[38;2;254;175;199m██[38;2;254;179;203m██[38;2;212;133;155m██[38;2;107;70;82m██[38;2;254;158;187m██[38;2;181;55;86m  [38;2;0;0;0m  
[38;2;0;0;0m  [38;2;7;1;5m  [38;2;116;87;98m  [38;2;254;173;197m██[38;2;185;37;42m██[38;2;237;103;146m██[38;2;253;139;174m██[38;2;127;70;57m██[38;2;17;15;15m██[38;2;4;4;4m██[38;2;8;8;9m██[38;2;40;32;32m██[38;2;218;155;143m██[38;2;227;190;180m██[38;2;240;231;222m██████[38;2;240;230;221m██[38;2;246;179;158m██[38;2;148;102;96m██[38;2;9;8;8m██[38;2;24;23;24m██[38;2;20;18;19m██[38;2;6;6;6m██[38;2;170;103;86m██[38;2;252;176;200m██[38;2;254;177;201m██[38;2;206;119;139m██[38;2;228;110;148m██[38;2;243;169;184m██[38;2;226;100;141m  [38;2;0;0;0m  
[38;2;0;0;0m  [38;2;29;4;21m  [38;2;122;23;39m  [38;2;144;94;110m  [38;2;227;162;188m██[38;2;254;180;205m██[38;2;254;172;196m██[38;2;153;104;91m██[38;2;215;243;246m██[38;2;192;107;150m██[38;2;188;19;121m██[38;2;253;239;245m██[38;2;185;20;117m██[38;2;224;222;216m██[38;2;243;228;214m██[38;2;244;227;211m██[38;2;245;226;211m██[38;2;245;226;212m██[38;2;201;219;221m██[38;2;207;182;194m  [38;2;188;15;119m██[38;2;250;238;244m██[38;2;190;18;121m██[38;2;145;23;92m██[38;2;145;65;66m██[38;2;253;175;199m██[38;2;255;174;198m██[38;2;104;72;76m██[38;2;153;76;101m██[38;2;106;41;44m██[38;2;253;146;175m  [38;2;12;10;11m  
[38;2;0;0;0m  [38;2;1;0;21m  [38;2;67;31;42m  [38;2;186;39;41m  [38;2;18;12;14m  [38;2;253;171;195m██[38;2;254;172;196m██[38;2;75;66;67m  [38;2;243;233;226m  [38;2;175;152;162m  [38;2;254;104;159m██[38;2;254;120;165m██[38;2;254;109;164m██[38;2;247;233;221m██[38;2;246;225;207m██████[38;2;246;225;206m██[38;2;248;233;220m██[38;2;162;83;120m██[38;2;254;104;159m██[38;2;254;120;165m██[38;2;253;107;162m██[38;2;238;233;235m  [38;2;248;224;216m██[38;2;254;173;197m██[38;2;254;172;196m██[38;2;172;63;81m██[38;2;254;175;200m██[38;2;178;37;38m  [38;2;7;4;5m  [38;2;16;13;13m  
[38;2;0;0;0m    [38;2;76;14;26m  [38;2;17;1;13m  [38;2;224;161;183m  [38;2;255;173;197m██[38;2;254;172;196m██[38;2;87;65;72m  [38;2;239;230;221m██[38;2;241;232;224m██[38;2;196;151;164m██[38;2;187;98;132m██[38;2;191;154;163m██[38;2;245;225;208m██[38;2;246;225;207m██████[38;2;247;225;207m██[38;2;246;225;207m██[38;2;245;231;219m██[38;2;197;136;154m██[38;2;195;150;159m██[38;2;236;227;220m██[38;2;240;231;221m██[38;2;225;211;205m██[38;2;253;172;196m██[38;2;254;137;173m██[38;2;254;163;190m██[38;2;254;172;196m  [38;2;52;9;14m  [38;2;40;0;0m  [38;2;0;0;0m  
[38;2;0;0;0m    [38;2;52;0;0m  [38;2;142;127;128m  [38;2;94;86;86m  [38;2;254;175;199m  [38;2;254;172;196m██[38;2;68;61;62m██[38;2;239;230;221m██[38;2;240;231;222m██[38;2;240;230;220m██[38;2;242;229;217m██[38;2;244;227;213m██[38;2;244;227;211m██[38;2;244;226;211m██[38;2;244;227;212m██[38;2;245;227;212m██[38;2;245;226;210m██[38;2;245;225;209m██[38;2;245;226;209m██[38;2;244;227;212m██[38;2;241;229;219m██[38;2;240;231;222m████[38;2;170;168;164m██[38;2;253;172;196m██[38;2;255;132;169m██[38;2;236;88;132m██[38;2;253;171;195m██[38;2;16;12;13m  [38;2;0;0;0m    
[38;2;0;0;0m        [38;2;130;130;130m  [38;2;254;171;197m  [38;2;254;172;196m██[38;2;55;37;41m██[38;2;239;230;221m██[38;2;240;231;222m████[38;2;240;231;221m██[38;2;240;231;222m██████[38;2;240;230;221m██[38;2;239;230;221m██[38;2;240;231;222m██████[38;2;240;231;221m████[38;2;240;231;222m██[38;2;239;230;221m██[38;2;86;80;80m██[38;2;254;171;196m██[38;2;255;160;189m██[38;2;245;144;174m██[38;2;168;119;136m██[38;2;26;19;20m  [38;2;0;0;0m    
[38;2;0;0;0m          [38;2;254;112;159m  [38;2;255;172;196m██[38;2;233;64;114m██[38;2;244;231;220m██[38;2;240;231;222m████[38;2;240;230;222m██[38;2;240;231;222m██[38;2;240;230;222m██[38;2;240;230;221m██[38;2;197;148;148m██[38;2;193;134;130m██[38;2;239;230;221m██[38;2;240;231;222m████[38;2;240;230;222m██[38;2;240;231;221m██[38;2;240;231;222m████[38;2;135;98;113m██[38;2;255;180;204m██[38;2;249;100;145m██[38;2;253;174;197m██[38;2;14;8;9m  [38;2;26;11;16m  [38;2;0;0;0m    
[38;2;0;0;0m          [38;2;109;71;81m  [38;2;254;153;183m██[38;2;212;54;100m██[38;2;240;108;151m██[38;2;220;192;181m  [38;2;239;231;222m  [38;2;239;230;221m████[38;2;240;231;222m██[38;2;242;235;226m██[38;2;243;234;226m██[38;2;240;231;222m██[38;2;219;186;179m██[38;2;240;231;222m██[38;2;239;230;222m██[38;2;239;230;221m██[38;2;241;232;223m██[38;2;175;169;166m  [38;2;215;96;138m  [38;2;252;181;207m██[38;2;235;68;118m██[38;2;249;144;175m██[38;2;175;78;110m  [38;2;16;6;9m  [38;2;0;0;0m      
[38;2;0;0;0m            [38;2;245;183;199m  [38;2;100;45;62m  [38;2;229;105;146m  [38;2;13;12;12m  [38;2;38;37;40m  [38;2;122;108;108m██[38;2;157;157;157m██[38;2;196;196;196m██[38;2;221;220;220m██[38;2;234;234;234m██[38;2;237;237;237m██[38;2;234;234;233m██[38;2;220;219;219m██[38;2;194;193;192m██[38;2;147;146;146m██[38;2;129;104;111m██[38;2;38;31;34m  [38;2;14;11;11m  [38;2;253;123;162m██[38;2;242;131;161m  [38;2;116;111;109m  [38;2;47;47;47m  [38;2;0;0;0m        
[38;2;0;0;0m            [38;2;15;15;15m  [38;2;254;254;254m  ████[38;2;255;255;255m██████████████████████████[38;2;253;253;253m██[38;2;39;38;38m  [38;2;10;10;10m  [38;2;0;0;0m            
[38;2;0;0;0m            [38;2;1;1;1m  [38;2;253;253;253m██[38;2;255;255;255m██[38;2;252;252;252m██[38;2;254;254;254m████[38;2;253;253;253m██[38;2;255;255;255m██[38;2;254;254;254m██[38;2;252;252;252m██[38;2;254;254;254m██[38;2;255;255;255m████[38;2;254;254;254m██[38;2;255;255;255m██[38;2;254;254;254m██[38;2;255;255;255m██[38;2;254;254;254m██[38;2;53;51;52m  [38;2;0;0;0m              
[38;2;0;0;0m              [38;2;254;254;254m████[38;2;14;14;14m██[38;2;238;238;238m██[38;2;254;254;254m██[38;2;57;56;56m██[38;2;254;254;254m██[38;2;45;45;44m██[38;2;180;179;178m██[38;2;36;35;35m██[38;2;254;254;254m████[38;2;50;50;50m██[38;2;255;255;255m██[38;2;214;214;214m██[38;2;244;244;244m██[38;2;254;254;254m██[38;2;68;62;63m  [38;2;0;0;0m              
[38;2;0;0;0m            [38;2;88;72;76m  [38;2;246;237;228m██[38;2;220;219;218m██[38;2;70;67;68m██[38;2;2;2;2m██[38;2;254;254;254m██[38;2;27;27;27m██[38;2;254;254;254m██[38;2;25;24;24m██[38;2;254;254;254m██[38;2;70;69;69m██[38;2;254;254;254m██[38;2;245;245;245m██[38;2;87;87;87m██[38;2;254;254;254m██[38;2;123;123;123m██[38;2;248;248;248m██[38;2;98;95;94m██[38;2;247;243;234m██[38;2;184;153;156m  [38;2;36;36;36m  [38;2;0;0;0m          
[38;2;0;0;0m          [38;2;1;0;1m  [38;2;240;232;222m  [38;2;234;171;156m██[38;2;231;129;104m██[38;2;142;140;140m██[38;2;227;227;227m██[38;2;110;108;108m██[38;2;2;1;1m██[38;2;250;250;250m██[38;2;98;96;95m██[38;2;255;255;255m██[38;2;107;106;105m██[38;2;241;240;240m██[38;2;225;225;225m██[38;2;153;153;153m██[38;2;254;254;254m██[38;2;73;73;73m██[38;2;246;247;246m██[38;2;243;95;72m██[38;2;102;96;96m██[38;2;155;152;150m██[38;2;12;10;10m  [38;2;0;0;0m          
[38;2;0;0;0m        [38;2;2;2;5m  [38;2;238;232;225m  [38;2;239;230;221m██[38;2;235;168;161m██[38;2;244;239;230m██[38;2;203;203;202m  [38;2;200;199;199m██[38;2;64;64;63m██[38;2;5;5;5m██[38;2;253;253;253m██[38;2;90;89;88m██[38;2;254;254;254m██[38;2;26;25;25m██[38;2;253;253;253m  [38;2;191;191;191m██[38;2;202;202;202m██[38;2;254;254;254m██[38;2;52;52;52m██[38;2;106;97;96m██[38;2;238;218;208m██[38;2;245;165;141m██[38;2;238;229;220m██[38;2;121;99;104m  [38;2;0;0;0m          
[38;2;0;0;0m        [38;2;6;6;6m  [38;2;246;237;227m██[38;2;241;230;220m██[38;2;228;134;122m██[38;2;193;122;110m  [38;2;240;240;239m██[38;2;154;151;151m██[38;2;254;254;254m██[38;2;7;7;7m██[38;2;247;247;247m██[38;2;14;13;13m██[38;2;237;236;236m██[38;2;42;41;41m██[38;2;254;254;254m██[38;2;179;179;179m██[38;2;224;224;224m██[38;2;254;254;254m██[38;2;30;30;30m██[38;2;137;135;136m  [38;2;242;223;211m██[38;2;244;221;209m██[38;2;239;230;221m██[38;2;75;61;64m  [38;2;0;0;0m          
[38;2;0;0;0m        [38;2;25;24;24m  [38;2;236;230;224m██[38;2;243;234;225m██[38;2;163;122;110m██[38;2;161;161;160m  [38;2;254;254;254m██[38;2;95;95;95m██[38;2;254;254;254m████[38;2;255;255;254m██[38;2;211;210;210m██[38;2;50;49;49m██[38;2;254;254;254m██[38;2;255;255;255m██[38;2;215;215;215m██[38;2;110;110;110m██[38;2;55;55;55m██[38;2;2;2;2m██[38;2;253;253;253m  [38;2;179;120;104m  [38;2;207;202;197m██[38;2;249;239;227m██[38;2;80;70;72m  [38;2;0;0;0m          
[38;2;0;0;0m        [38;2;4;4;4m  [38;2;227;228;227m  [38;2;158;192;199m██[38;2;222;236;240m██[38;2;254;254;254m██[38;2;255;255;255m██[38;2;254;254;254m██[38;2;255;255;255m████████[38;2;254;254;254m██[38;2;255;255;255m██████[38;2;224;224;224m██[38;2;249;249;249m██[38;2;197;197;197m██[38;2;255;255;255m██[38;2;224;248;252m██[38;2;89;86;93m  [38;2;204;208;208m  [38;2;154;129;131m  [38;2;4;4;4m  [38;2;0;0;0m        
[38;2;0;0;0m          [38;2;27;20;21m  [38;2;96;65;72m  [38;2;184;184;182m  [38;2;255;255;255m████[38;2;254;254;254m██████████████████[38;2;255;255;255m████████[38;2;254;254;254m  [38;2;0;0;0m  [38;2;2;3;3m  [38;2;0;0;0m            [0m
