
[38;2;170;176;170m  [38;2;170;177;170m      [38;2;171;177;170m    [38;2;170;177;170m  [38;2;171;177;170m      [38;2;147;153;146m  [38;2;38;51;32m  [38;2;47;63;39m██[38;2;50;73;38m██[38;2;60;86;42m██[38;2;47;72;35m██[38;2;38;55;30m  [38;2;106;116;106m  [38;2;94;103;91m  [38;2;147;154;141m  [38;2;88;93;84m  [38;2;120;128;113m  [38;2;54;71;48m  [38;2;46;70;36m██[38;2;52;77;37m██[38;2;65;84;60m  [38;2;121;130;115m  [38;2;179;192;177m    [38;2;180;191;177m  [38;2;180;192;177m  [38;2;179;192;176m  
[38;2;186;188;185m    [38;2;185;188;185m  [38;2;186;188;185m      [38;2;185;188;185m    [38;2;186;188;185m  [38;2;178;181;177m  [38;2;39;54;31m  [38;2;47;68;38m██[38;2;54;79;40m██[38;2;62;89;49m██[38;2;64;88;49m██[38;2;64;91;50m██[38;2;68;91;52m██[38;2;41;61;33m██[38;2;34;48;25m██[38;2;46;58;38m  [38;2;34;50;27m██[38;2;41;65;33m██[38;2;46;68;34m██[38;2;55;81;41m██[38;2;62;91;48m██[38;2;68;97;55m██[38;2;51;73;37m  [38;2;179;191;176m  [38;2;179;192;177m        
[38;2;176;184;175m        [38;2;175;184;175m  [38;2;176;184;175m        [38;2;82;91;79m  [38;2;49;66;40m██[38;2;51;75;40m██[38;2;62;88;49m██[38;2;60;83;47m██[38;2;59;78;48m██[38;2;59;78;50m██[38;2;60;78;51m██[38;2;61;79;52m██[38;2;50;66;40m██[38;2;38;55;28m██[38;2;45;66;34m██[38;2;46;71;35m██[38;2;53;79;39m██[38;2;59;86;44m██[38;2;59;86;47m██[38;2;61;87;50m██[38;2;64;91;52m██[38;2;66;85;56m  [38;2;194;204;188m        
[38;2;155;158;153m                [38;2;152;155;150m  [38;2;42;60;38m  [38;2;51;73;40m██[38;2;69;96;55m██[38;2;64;91;51m██[38;2;65;85;53m██[38;2;61;75;49m██[38;2;52;66;40m██[38;2;56;71;46m██[38;2;64;83;53m██[38;2;61;80;47m██[38;2;55;75;41m██[38;2;56;81;41m██[38;2;54;81;40m██[38;2;59;85;46m██[38;2;64;88;50m██[38;2;62;86;50m██[38;2;60;84;48m██[38;2;62;88;51m██[38;2;60;85;46m██[38;2;160;168;154m  [38;2;187;197;183m  [38;2;196;207;192m    
[38;2;160;163;157m      [38;2;160;163;156m  [38;2;160;163;157m    [38;2;160;164;157m  [38;2;160;163;157m  [38;2;95;102;92m  [38;2;46;67;40m██[38;2;73;102;56m██[38;2;70;102;55m██[38;2;71;102;55m██[38;2;70;101;57m██[38;2;70;100;55m████[38;2;70;99;53m██[38;2;66;94;47m██[38;2;65;94;51m██[38;2;61;90;46m██[38;2;53;78;39m██[38;2;59;87;43m██[38;2;62;90;48m██[38;2;66;93;51m██[38;2;64;91;48m██[38;2;66;93;51m██[38;2;69;96;54m██[38;2;68;100;53m██[38;2;64;91;50m  [38;2;201;211;199m  [38;2;207;219;204m    
[38;2;169;175;167m    [38;2;168;175;166m  [38;2;168;175;167m  [38;2;169;175;166m  [38;2;169;175;167m  [38;2;169;175;166m  [38;2;171;176;169m  [38;2;39;54;36m██[38;2;61;87;47m██[38;2;77;107;58m██[38;2;67;96;51m██[38;2;70;97;52m██[38;2;71;105;54m██[38;2;71;103;54m██[38;2;69;101;53m██[38;2;67;99;53m██[38;2;63;95;50m██[38;2;59;86;43m██[38;2;58;85;44m██[38;2;48;67;38m██[38;2;58;83;44m██[38;2;64;93;49m██[38;2;69;101;54m██[38;2;68;103;51m██[38;2;70;102;53m██[38;2;70;102;52m████[38;2;71;103;53m██[38;2;74;98;61m  [38;2;195;201;192m  [38;2;202;209;200m  
[38;2;199;201;198m        [38;2;198;201;198m  [38;2;199;201;198m    [38;2;104;109;99m  [38;2;49;69;43m██[38;2;74;104;56m██[38;2;77;107;59m██[38;2;68;97;51m██[38;2;69;98;50m██[38;2;71;84;63m██[38;2;198;198;197m██[38;2;168;169;168m██[38;2;101;103;101m██[38;2;34;35;34m██[38;2;118;121;116m██[38;2;110;114;106m██[38;2;81;97;73m██[38;2;58;84;44m██[38;2;68;97;53m██[38;2;64;85;49m██[38;2;79;85;75m██[38;2;50;60;44m██[38;2;36;45;28m██[38;2;42;56;35m██[38;2;73;87;66m██[38;2;60;85;45m██[38;2;126;137;121m  [38;2;146;156;143m  
[38;2;170;174;168m        [38;2;170;174;167m  [38;2;170;174;168m  [38;2;177;181;175m  [38;2;47;63;40m██[38;2;56;79;48m██[38;2;74;108;55m██[38;2;75;105;58m██[38;2;62;89;50m██[38;2;67;94;52m██[38;2;73;95;57m██[38;2;216;215;219m██[38;2;103;104;103m██[38;2;55;54;56m██[38;2;52;50;51m██[38;2;199;198;197m██[38;2;212;212;213m██[38;2;70;88;61m██[38;2;60;85;50m██[38;2;70;100;54m██[38;2;87;111;70m██[38;2;210;209;213m██[38;2;54;54;56m██[38;2;100;100;99m██[38;2;48;46;46m██[38;2;206;204;205m██[38;2;170;181;166m██[38;2;68;79;65m  [38;2;135;141;140m  
[38;2;172;178;169m            [38;2;88;95;83m  [38;2;54;75;50m██[38;2;61;83;51m██[38;2;72;105;59m██[38;2;74;105;57m██[38;2;58;78;47m██[38;2;56;76;49m██[38;2;63;90;51m██[38;2;67;95;51m██[38;2;55;72;39m██[38;2;27;41;23m██[38;2;49;58;44m██[38;2;106;116;100m██[38;2;57;76;56m██[38;2;55;71;50m██[38;2;65;81;64m██[38;2;65;87;62m██[38;2;70;96;63m██[38;2;70;90;61m██[38;2;68;78;62m██[38;2;24;24;27m██[38;2;135;138;133m██[38;2;129;140;128m██[38;2;45;64;34m██[38;2;74;83;70m  [38;2;174;181;172m  
[38;2;162;167;160m          [38;2;167;171;164m  [38;2;56;72;49m  [38;2;64;90;51m██[38;2;56;79;48m██[38;2;59;80;52m██[38;2;72;104;57m██[38;2;71;99;56m██[38;2;51;71;48m██[38;2;51;66;42m██[38;2;52;73;48m██[38;2;56;80;50m██[38;2;57;82;51m██[38;2;60;79;52m██[38;2;46;64;41m██[38;2;27;37;27m██[38;2;67;79;68m██[38;2;64;86;71m██[38;2;67;83;68m██[38;2;58;74;58m██[38;2;64;86;61m██[38;2;62;87;54m██[38;2;69;97;50m██[38;2;73;101;57m██[38;2;51;70;38m██[38;2;33;45;31m██[38;2;130;133;129m  [38;2;159;161;158m  
[38;2;175;179;171m          [38;2;96;105;92m  [38;2;60;79;50m██[38;2;70;99;54m██[38;2;72;101;56m██[38;2;54;70;50m██[38;2;57;78;54m██[38;2;67;92;56m██[38;2;69;97;56m██[38;2;67;92;54m██[38;2;52;67;42m██[38;2;48;59;43m██[38;2;45;59;41m██[38;2;42;51;37m██[38;2;66;66;52m██[38;2;81;69;57m██[38;2;72;56;47m██[38;2;68;54;44m██[38;2;66;61;51m██[38;2;67;77;65m██[38;2;49;63;49m██[38;2;54;71;52m██[38;2;59;79;55m██[38;2;57;76;48m██[38;2;39;52;36m██[38;2;45;62;36m██[38;2;83;91;76m  [38;2;90;97;83m  
[38;2;196;204;189m  [38;2;195;204;189m      [38;2;191;199;184m  [38;2;55;72;50m  [38;2;65;89;54m██[38;2;75;106;58m██[38;2;75;108;59m██[38;2;75;106;57m██[38;2;68;97;54m██[38;2;72;101;57m██[38;2;70;100;54m██[38;2;65;90;55m██[38;2;60;76;51m██[38;2;74;75;54m██[38;2;77;64;51m██[38;2;64;44;39m██[38;2;59;42;38m██[38;2;59;43;41m██[38;2;63;45;43m██[38;2;65;47;45m██[38;2;63;45;43m██[38;2;58;40;38m██[38;2;57;42;39m██[38;2;55;44;41m██[38;2;42;52;40m██[38;2;35;47;30m██[38;2;46;65;41m██[38;2;55;75;48m██[38;2;134;144;132m  [38;2;137;147;135m  
[38;2;161;171;155m  [38;2;160;171;155m  [38;2;161;171;155m    [38;2;92;103;86m  [38;2;58;76;51m██[38;2;70;98;54m██[38;2;76;108;59m██[38;2;77;109;58m██[38;2;77;109;59m██[38;2;76;109;59m██[38;2;77;109;59m██[38;2;75;109;60m██[38;2;75;107;59m██[38;2;59;49;35m██[38;2;58;38;36m██[38;2;62;44;42m██[38;2;58;39;37m██[38;2;63;45;43m██[38;2;66;48;46m██[38;2;63;45;43m██[38;2;59;41;40m██[38;2;63;45;45m██[38;2;57;39;38m██[38;2;56;41;39m██[38;2;64;44;43m██[38;2;60;42;40m██[38;2;54;38;34m██[38;2;79;85;62m██[38;2;59;73;49m██[38;2;171;184;164m  [38;2;182;194;174m  
[38;2;195;200;190m        [38;2;59;74;52m  [38;2;58;78;50m██[38;2;76;107;59m██[38;2;77;109;59m██████████[38;2;79;109;58m██[38;2;86;95;60m██[38;2;60;39;42m██[38;2;58;41;38m██[38;2;64;45;42m██[38;2;58;37;35m██[38;2;57;38;39m██[38;2;56;35;34m██[38;2;94;46;38m██[38;2;86;46;39m██[38;2;79;42;35m██[38;2;82;45;37m██[38;2;67;43;38m██[38;2;59;44;39m██[38;2;59;42;40m██[38;2;57;41;37m██[38;2;58;39;37m██[38;2;81;89;55m██[38;2;101;126;88m  [38;2;178;192;176m  
[38;2;177;183;176m        [38;2;53;69;48m██[38;2;62;87;54m██[38;2;76;110;58m██[38;2;77;109;59m██[38;2;77;108;59m██[38;2;77;109;59m██[38;2;77;108;59m██[38;2;77;109;59m██[38;2;77;109;56m██[38;2;71;50;40m██[38;2;60;39;37m██[38;2;58;38;37m██[38;2;55;35;33m██[38;2;86;47;40m██[38;2;138;59;46m██[38;2;148;67;62m██[38;2;145;68;62m██[38;2;161;86;82m██[38;2;172;98;95m██[38;2;139;67;61m██[38;2;133;66;60m██[38;2;139;65;56m██[38;2;125;55;40m██[38;2;87;45;37m██[38;2;58;40;37m██[38;2;53;35;28m██[38;2;82;98;58m  [38;2;197;206;193m  
[38;2;89;96;88m        [38;2;53;70;49m██[38;2;73;100;58m██[38;2;76;108;58m██[38;2;77;109;59m██[38;2;77;108;59m██[38;2;77;109;59m██[38;2;77;108;59m██[38;2;77;109;59m██[38;2;85;96;61m██[38;2;56;40;37m██[38;2;56;40;36m██[38;2;85;45;40m██[38;2;182;93;80m██[38;2;145;79;71m██[38;2;163;93;86m██[38;2;178;111;104m██[38;2;180;111;104m██[38;2;180;112;105m██[38;2;177;109;103m██[38;2;177;112;105m██[38;2;170;105;96m██[38;2;169;96;91m██[38;2;163;89;84m██[38;2;159;85;79m██[38;2;80;33;24m██[38;2;56;34;31m██[38;2;80;92;57m██[38;2;166;180;155m  
[38;2;132;141;127m        [38;2;51;66;46m██[38;2;75;103;58m██[38;2;76;109;58m██[38;2;76;108;58m██[38;2;77;109;59m██[38;2;77;109;60m██[38;2;77;109;58m██[38;2;78;110;58m██[38;2;75;60;44m██[38;2;57;42;35m██[38;2;82;47;44m██[38;2;167;99;96m██[38;2;179;111;106m██[38;2;139;70;66m██[38;2;141;74;70m██[38;2;129;68;64m██[38;2;132;67;62m██[38;2;130;68;64m██[38;2;117;58;54m██[38;2;136;69;65m██[38;2;161;92;85m██[38;2;160;92;85m██[38;2;171;101;94m██[38;2;177;113;106m██[38;2;139;61;54m██[38;2;72;37;30m██[38;2;78;74;50m██[38;2;107;130;95m  
[38;2;95;104;90m        [38;2;50;65;46m██[38;2;67;91;54m██[38;2;77;109;58m██[38;2;76;108;59m██[38;2;75;107;58m██[38;2;77;108;60m██[38;2;77;108;59m██[38;2;83;103;61m██[38;2;56;37;34m██[38;2;78;44;43m██[38;2;159;95;90m██[38;2;117;65;61m██[38;2;112;62;56m██[38;2;124;65;63m██[38;2;115;61;58m██[38;2;97;52;49m██[38;2;99;51;49m██[38;2;98;52;49m████[38;2;117;62;58m██[38;2;145;76;72m██[38;2;135;76;71m██[38;2;124;62;58m██[38;2;129;66;60m██[38;2;123;60;58m██[38;2;150;85;79m██[38;2;75;66;45m██[38;2;79;107;62m  
[38;2;89;100;87m        [38;2;50;65;47m██[38;2;59;77;50m██[38;2;75;108;59m██[38;2;75;107;58m██[38;2;74;106;57m██[38;2;77;109;59m██[38;2;77;110;58m██[38;2;80;73;47m██[38;2;63;42;39m██[38;2;107;54;52m██[38;2;138;77;74m██[38;2;87;47;43m██[38;2;94;51;48m██[38;2;102;56;51m██[38;2;109;56;53m██[38;2;92;46;44m██[38;2;116;63;58m██[38;2;111;58;54m██[38;2;106;55;52m██[38;2;132;72;68m██[38;2;144;81;73m██[38;2;126;72;68m██[38;2;96;49;48m██[38;2;104;54;54m██[38;2;98;51;48m██[38;2;147;83;78m██[38;2;96;65;45m██[38;2;71;99;53m  
[38;2;87;97;84m        [38;2;50;63;46m██[38;2;55;70;52m██[38;2;73;104;57m██[38;2;75;108;58m██[38;2;74;106;57m██[38;2;77;109;59m██[38;2;76;109;59m██[38;2;57;40;35m██[38;2;95;51;49m██[38;2;118;66;61m██[38;2;129;70;67m██[38;2;104;54;49m██[38;2;126;71;69m██[38;2;126;77;71m██[38;2;130;69;66m██[38;2;134;79;73m██[38;2;129;70;67m██[38;2;153;88;83m██[38;2;112;61;57m██[38;2;141;92;87m██[38;2;145;102;92m██[38;2;144;85;80m██[38;2;127;67;66m██[38;2;110;57;53m██[38;2;93;47;44m██[38;2;109;58;56m██[38;2;106;66;51m██[38;2;65;94;54m██
[38;2;89;99;86m        [38;2;51;65;48m██[38;2;53;68;51m██[38;2;67;94;53m██[38;2;73;107;56m██[38;2;74;105;56m██[38;2;77;108;60m██[38;2;78;104;60m██[38;2;55;36;34m██[38;2;117;62;60m██[38;2;131;73;68m██[38;2;133;75;70m██[38;2;141;91;87m██[38;2;146;114;101m██[38;2;189;148;129m██[38;2;128;71;67m██[38;2;140;80;74m██[38;2;138;76;69m██[38;2;149;88;81m██[38;2;144;83;79m██[38;2;165;130;126m██[38;2;200;174;154m██[38;2;140;85;82m██[38;2;139;79;76m██[38;2;142;79;70m██[38;2;90;45;42m██[38;2;103;59;56m██[38;2;94;57;47m██[38;2;74;79;53m  
[38;2;80;90;77m        [38;2;47;61;44m██[38;2;52;67;50m██[38;2;61;85;51m██[38;2;74;105;56m██[38;2;75;103;55m██[38;2;77;107;58m██[38;2;60;55;36m██[38;2;81;44;39m██[38;2;97;52;50m██[38;2;134;77;73m██[38;2;140;78;74m██[38;2;116;93;90m██[38;2;54;46;44m██[38;2;113;111;109m██[38;2;192;177;173m██[38;2;188;163;154m██[38;2;148;85;79m██[38;2;174;125;121m██[38;2;168;142;136m██[38;2;108;81;78m██[38;2;45;43;42m██[38;2;123;92;92m██[38;2;118;94;86m██[38;2;142;83;80m██[38;2;126;63;60m██[38;2;115;66;62m██[38;2;115;67;63m██[38;2;75;92;69m  
[38;2;80;89;77m        [38;2;41;55;41m██[38;2;51;65;50m██[38;2;61;80;54m██[38;2;75;104;57m██[38;2;74;106;56m██[38;2;70;89;51m██[38;2;75;67;49m██[38;2;100;55;52m██[38;2;96;52;48m██[38;2;131;75;72m██[38;2;131;93;88m██[38;2;139;104;95m██[38;2;150;128;120m██[38;2;184;162;152m██[38;2;223;204;190m██[38;2;162;110;107m██[38;2;210;183;175m██[38;2;223;213;200m██[38;2;219;210;204m██[38;2;186;180;173m██[38;2;155;142;137m██[38;2;170;148;143m██[38;2;132;84;77m██[38;2;121;77;71m██[38;2;131;66;62m██[38;2;114;67;62m██[38;2;136;78;74m██[38;2;73;86;72m  
[38;2;78;87;77m  [38;2;78;87;76m  [38;2;78;87;77m    [38;2;46;60;45m██[38;2;46;60;46m██[38;2;54;70;53m██[38;2;74;102;58m██[38;2;80;103;59m██[38;2;76;101;58m██[38;2;69;48;37m██[38;2;103;59;58m██[38;2;97;50;48m██[38;2;121;70;67m██[38;2;149;130;114m██[38;2;189;141;133m██[38;2;228;186;169m██[38;2;226;189;172m██[38;2;223;197;183m██[38;2;222;192;175m██[38;2;225;188;170m██[38;2;225;186;166m██[38;2;222;203;191m██[38;2;222;199;188m██[38;2;215;179;164m██[38;2;185;147;135m██[38;2;123;82;77m██[38;2;130;84;80m██[38;2;133;78;75m██[38;2;111;65;60m██[38;2;140;80;77m██[38;2;73;75;65m  
[38;2;77;86;75m        [38;2;54;68;53m██[38;2;40;54;40m██[38;2;55;68;54m██[38;2;71;93;60m██[38;2;72;88;49m██[38;2;85;105;59m██[38;2;58;40;33m██[38;2;115;71;67m██[38;2;97;51;49m██[38;2;122;73;69m██[38;2;138;123;112m██[38;2;186;142;132m██[38;2;225;191;180m██[38;2;224;193;181m██[38;2;222;198;187m██[38;2;221;196;185m██[38;2;224;186;170m██[38;2;225;187;171m██[38;2;224;197;186m██[38;2;225;199;188m██[38;2;227;188;173m██[38;2;224;185;173m██[38;2;135;96;89m██[38;2;141;92;88m██[38;2;124;78;74m██[38;2;115;66;66m██[38;2;136;82;78m██[38;2;96;67;61m  
[38;2;174;177;171m      [38;2;186;188;182m  [38;2;57;71;56m██[38;2;38;52;39m██[38;2;51;66;50m██[38;2;55;71;54m██[38;2;81;94;58m██[38;2;91;103;61m██[38;2;56;40;38m██[38;2;125;84;80m██[38;2;99;53;50m██[38;2;121;77;75m██[38;2;132;90;83m██[38;2;229;196;186m██[38;2;223;196;189m██[38;2;224;196;190m██[38;2;223;199;193m██[38;2;221;200;193m██[38;2;221;196;189m██[38;2;222;197;189m██[38;2;222;198;190m██[38;2;223;197;190m██[38;2;226;196;189m██[38;2;223;193;185m██[38;2;127;78;73m██[38;2;139;91;86m██[38;2;112;69;63m██[38;2;98;51;50m██[38;2;151;87;82m██[38;2;138;78;73m  
[38;2;151;157;151m      [38;2;63;69;63m  [38;2;59;72;58m██[38;2;41;55;42m██[38;2;48;63;47m██[38;2;56;72;56m██[38;2;61;73;51m██[38;2;98;100;63m██[38;2;59;46;46m██[38;2;125;89;85m██[38;2;112;66;62m██[38;2;111;72;68m██[38;2;120;80;77m██[38;2;172;147;137m██[38;2;225;188;180m██[38;2;224;191;182m██[38;2;224;192;182m██[38;2;224;192;183m██[38;2;224;191;183m██[38;2;225;196;187m██[38;2;223;194;186m██[38;2;212;176;168m██[38;2;213;175;167m██[38;2;128;81;76m██[38;2;139;86;81m██[38;2;127;78;74m██[38;2;118;72;67m██[38;2;100;54;49m██[38;2;151;84;79m██[38;2;131;80;76m██
[38;2;179;183;179m    [38;2;131;136;134m  [38;2;39;49;40m  [38;2;59;74;58m██[38;2;48;62;49m██[38;2;50;66;52m██[38;2;59;73;56m██[38;2;57;69;53m██[38;2;86;84;59m██[38;2;61;53;49m██[38;2;126;94;89m██[38;2;97;63;60m██[38;2;127;81;74m██[38;2;63;52;50m██[38;2;120;91;84m██[38;2;128;118;108m██[38;2;199;169;160m██[38;2;224;188;177m██[38;2;224;190;178m██[38;2;224;188;179m██[38;2;225;190;183m██[38;2;225;185;176m██[38;2;182;150;141m██[38;2;93;80;76m██[38;2;89;72;67m██[38;2;138;92;87m██[38;2;85;54;50m██[38;2;113;69;65m██[38;2;115;59;58m██[38;2;149;84;78m██[38;2;129;73;67m██
[38;2;178;182;178m    [38;2;27;39;30m  [38;2;47;62;49m██[38;2;56;70;57m██[38;2;48;62;49m██[38;2;55;70;56m██[38;2;60;73;57m██[38;2;55;69;49m██[38;2;73;72;53m██[38;2;69;59;56m██[38;2;123;89;85m██[38;2;109;79;76m██[38;2;112;83;81m██[38;2;119;111;106m██[38;2;121;120;112m██[38;2;122;120;112m██[38;2;125;122;115m██[38;2;136;116;107m██[38;2;200;165;155m██[38;2;214;179;169m██[38;2;195;158;149m██[38;2;113;95;92m██[38;2;113;85;82m██[38;2;166;111;107m██[38;2;129;93;88m██[38;2;80;66;64m██[38;2;123;79;79m██[38;2;100;54;50m██[38;2;123;74;70m██[38;2;155;86;81m██[38;2;120;67;64m██
[38;2;204;203;204m  [38;2;63;69;64m  [38;2;36;49;39m██[38;2;50;64;51m██[38;2;48;62;47m██[38;2;55;69;54m██[38;2;59;73;58m██[38;2;60;73;57m██[38;2;57;70;52m██[38;2;68;68;51m██[38;2;98;80;76m██[38;2;123;89;85m██[38;2;122;88;87m██[38;2;104;95;89m██[38;2;123;98;94m██[38;2;118;118;110m██[38;2;121;121;115m██[38;2;122;123;116m██[38;2;116;113;104m██[38;2;115;104;96m██[38;2;95;82;77m██[38;2;98;85;80m██[38;2;91;76;74m██[38;2;87;71;69m██[38;2;96;75;71m██[38;2;104;77;74m██[38;2;92;68;65m██[38;2;95;67;63m██[38;2;97;51;49m██[38;2;124;81;79m██[38;2;150;83;77m██[38;2;124;70;67m██
[38;2;150;152;150m  [38;2;34;48;37m  [38;2;42;53;43m██[38;2;47;61;48m██[38;2;52;66;52m██[38;2;58;72;57m██[38;2;60;73;59m██[38;2;59;73;56m██[38;2;57;71;53m██[38;2;60;68;49m██[38;2;126;91;90m██[38;2;119;81;76m██[38;2;123;88;86m██[38;2;121;95;92m██[38;2;119;109;102m██[38;2;117;112;102m██[38;2;121;117;108m████[38;2;115;101;94m██[38;2;122;122;115m██[38;2;118;109;102m██[38;2;104;95;86m██[38;2;109;94;90m██[38;2;94;82;78m██[38;2;92;77;72m██[38;2;93;68;64m██[38;2;82;64;60m██[38;2;98;65;59m██[38;2;95;46;43m██[38;2;116;81;79m██[38;2;146;81;74m██[38;2;118;64;60m██
[38;2;33;44;35m  [38;2;38;51;40m██[38;2;46;58;45m██[38;2;53;67;54m██[38;2;60;74;61m██[38;2;59;73;58m██[38;2;60;73;59m██[38;2;59;73;58m██[38;2;58;72;56m██[38;2;75;70;59m██[38;2;117;87;87m██[38;2;120;81;79m██[38;2;118;81;78m██[38;2;114;83;80m██[38;2;131;116;109m██[38;2;120;103;98m██[38;2;110;98;91m██[38;2;122;114;106m██[38;2;113;104;97m██[38;2;122;115;107m██[38;2;123;113;106m██[38;2;125;108;101m██[38;2;173;130;117m██[38;2;226;181;175m██[38;2;195;159;151m██[38;2;56;48;45m██[38;2;74;57;55m██[38;2;89;83;59m██[38;2;101;57;52m██[38;2;113;72;67m██[38;2;126;67;62m██[38;2;131;87;81m██[0m
