
[38;2;0;0;0m                    [38;2;122;14;7m  [38;2;234;178;46m  [38;2;232;170;40m  [38;2;211;139;19m  [38;2;206;126;8m  [38;2;205;123;5m██[38;2;206;125;6m  [38;2;210;134;15m  [38;2;229;166;37m  [38;2;234;179;46m  [38;2;105;64;23m  [38;2;0;0;0m                    
[38;2;0;0;0m                [38;2;140;128;0m  [38;2;233;181;47m  [38;2;207;128;13m  [38;2;204;121;1m██[38;2;207;129;2m██[38;2;209;134;1m██[38;2;211;137;1m██[38;2;211;138;1m██[38;2;211;137;1m██[38;2;210;134;1m██[38;2;208;130;2m██[38;2;205;123;1m██[38;2;208;131;13m  [38;2;233;180;47m  [38;2;140;132;0m  [38;2;0;0;0m                
[38;2;0;0;0m              [38;2;146;97;48m  [38;2;234;175;42m  [38;2;201;116;2m██[38;2;207;127;2m██[38;2;211;137;1m██[38;2;214;143;1m██[38;2;215;147;1m██[38;2;214;148;1m██[38;2;217;151;1m██[38;2;217;150;1m██[38;2;216;148;1m██[38;2;214;144;1m██[38;2;212;138;1m██[38;2;204;126;2m██[38;2;202;119;1m██[38;2;229;172;42m  [38;2;109;109;21m  [38;2;0;0;0m              
[38;2;0;0;0m            [38;2;168;155;12m  [38;2;236;177;44m  [38;2;201;116;2m██[38;2;206;129;2m██[38;2;201;130;1m██[38;2;215;147;1m██[38;2;218;153;1m██[38;2;220;157;0m██[38;2;233;168;0m██[38;2;221;160;0m██[38;2;221;158;0m██[38;2;220;158;0m██[38;2;218;154;1m██[38;2;216;149;1m██[38;2;213;142;1m██[38;2;208;132;1m██[38;2;203;119;2m██[38;2;226;167;38m  [38;2;198;97;48m  [38;2;0;0;0m            
[38;2;0;0;0m            [38;2;179;139;36m  [38;2;198;109;2m██[38;2;204;124;2m██[38;2;185;114;1m██[38;2;172;107;1m██[38;2;219;155;1m██[38;2;220;159;0m██[38;2;7;5;0m██[38;2;223;163;0m██[38;2;223;164;0m████[38;2;222;162;0m██[38;2;221;160;0m██[38;2;220;156;0m██[38;2;217;150;1m██[38;2;213;141;1m██[38;2;176;103;1m██[38;2;167;88;2m██[38;2;237;184;48m  [38;2;172;160;0m  [38;2;0;0;0m          
[38;2;0;0;0m          [38;2;223;188;0m  [38;2;167;84;7m  [38;2;170;91;1m██[38;2;47;29;0m██[38;2;217;147;1m██[38;2;222;156;1m██[38;2;187;126;0m██[38;2;35;25;0m██[38;2;0;0;0m██[38;2;176;65;0m██[38;2;170;54;0m██[38;2;162;57;0m██[38;2;3;2;0m██[38;2;0;0;0m██[38;2;4;2;0m██[38;2;208;147;1m██[38;2;213;145;1m██[38;2;195;122;1m██[38;2;164;89;1m██[38;2;192;100;3m██[38;2;164;127;30m  [38;2;0;0;0m          
[38;2;0;0;0m          [38;2;238;168;35m  [38;2;193;101;3m██[38;2;185;106;1m██[38;2;181;116;1m██[38;2;187;115;0m██[38;2;154;18;1m██[38;2;29;6;0m██[38;2;0;0;0m██[38;2;135;18;0m██[38;2;156;19;0m██[38;2;0;0;0m██████[38;2;1;0;0m██[38;2;162;23;0m██[38;2;154;18;0m██[38;2;209;132;1m██[38;2;171;103;1m██[38;2;203;124;1m██[38;2;181;94;2m██[38;2;219;147;30m  [38;2;164;159;79m  [38;2;0;0;0m        
[38;2;0;0;0m        [38;2;159;159;159m  [38;2;201;115;18m  [38;2;155;74;2m██[38;2;193;100;2m██[38;2;160;31;2m██[38;2;5;0;0m██[38;2;24;3;0m██[38;2;0;0;0m████[38;2;45;45;31m██[38;2;0;0;0m████████[38;2;248;240;159m██[38;2;244;226;159m██[38;2;172;65;33m██[38;2;157;23;0m██[38;2;161;31;1m██[38;2;200;115;2m██[38;2;183;97;2m██[38;2;173;75;2m  [38;2;91;60;30m  [38;2;0;0;0m        
[38;2;0;0;0m          [38;2;188;80;4m  [38;2;169;47;5m██[38;2;173;58;20m██[38;2;161;160;115m██[38;2;0;0;0m██████████████████████[38;2;2;2;1m██[38;2;10;8;2m██[38;2;242;223;131m██[38;2;186;91;45m██[38;2;171;49;6m██[38;2;184;83;4m██[38;2;152;123;32m  [38;2;0;0;0m        
[38;2;0;0;0m          [38;2;1;0;0m██[38;2;59;57;41m██[38;2;239;186;48m██[38;2;2;2;0m██[38;2;0;0;0m██████████████████████████[38;2;8;5;0m██[38;2;198;155;42m██[38;2;234;190;70m██[38;2;194;100;46m██[38;2;221;168;42m  [38;2;0;0;0m        
[38;2;0;0;0m      [38;2;131;131;87m  [38;2;210;205;145m  [38;2;1;0;0m██[38;2;0;0;0m██████████████████████[38;2;2;0;0m██[38;2;0;0;0m██████████[38;2;2;1;0m██[38;2;69;41;2m██[38;2;233;181;47m██[38;2;204;175;105m  [38;2;239;197;173m  [38;2;0;0;0m      
[38;2;0;0;0m    [38;2;86;86;57m  [38;2;202;180;121m  [38;2;224;173;45m██[38;2;183;106;1m██[38;2;0;0;0m██████[38;2;140;51;9m██[38;2;1;0;0m██[38;2;0;0;0m██[38;2;164;62;13m██[38;2;1;0;0m██[38;2;0;0;0m████████[38;2;192;80;19m██[38;2;1;0;0m██[38;2;0;0;0m██████[38;2;11;3;0m██[38;2;6;3;0m██[38;2;90;52;0m██[38;2;162;101;16m██[38;2;237;197;81m  [38;2;115;105;66m  [38;2;0;0;0m    
[38;2;0;0;0m  [38;2;100;50;50m  [38;2;246;236;163m  [38;2;231;180;48m██[38;2;175;99;1m██[38;2;149;73;0m██[38;2;71;28;0m██[38;2;0;0;0m██[38;2;1;0;0m██[38;2;183;69;15m██[38;2;87;34;7m██[38;2;0;0;0m██[38;2;175;89;26m██[38;2;187;77;18m██[38;2;0;0;0m████[38;2;30;13;3m██[38;2;0;0;0m██[38;2;27;12;3m██[38;2;160;72;19m██[38;2;0;0;0m████████[38;2;20;4;0m██[38;2;173;84;1m██[38;2;150;77;0m██[38;2;168;104;15m██[38;2;239;199;80m  [38;2;222;222;106m  [38;2;0;0;0m  
[38;2;0;0;0m  [38;2;207;197;133m  [38;2;233;181;46m  [38;2;149;79;0m██[38;2;184;101;1m██[38;2;104;29;0m██[38;2;0;0;0m██████[38;2;183;73;16m██[38;2;205;117;37m██[38;2;3;1;0m██[38;2;0;0;0m██[38;2;211;127;43m██[38;2;190;84;21m██[38;2;0;0;0m██[38;2;1;0;0m██[38;2;207;120;41m██[38;2;42;20;5m██[38;2;193;97;28m██[38;2;0;0;0m████[38;2;58;35;12m██[38;2;0;0;0m██████[38;2;149;72;0m██[38;2;197;116;0m██[38;2;222;161;31m██[38;2;237;206;112m  [38;2;0;0;0m  
[38;2;126;126;75m  [38;2;235;192;69m  [38;2;205;130;5m██[38;2;187;107;1m██[38;2;47;19;0m██[38;2;0;0;0m████[38;2;19;8;1m██[38;2;0;0;0m██[38;2;193;91;25m██[38;2;211;128;43m██[38;2;203;108;33m██[38;2;1;0;0m██[38;2;170;109;44m██[38;2;217;144;63m██[38;2;209;124;52m██[38;2;1;1;0m██[38;2;181;121;53m██[38;2;216;143;61m██[38;2;197;121;47m██[38;2;186;96;30m██[38;2;0;0;0m██[38;2;24;15;4m██[38;2;0;0;0m████[38;2;51;12;0m██[38;2;126;31;0m██[38;2;178;94;1m██[38;2;180;105;0m██[38;2;227;175;45m  [38;2;157;141;41m  
[38;2;177;170;123m  [38;2;224;172;44m██[38;2;160;97;0m██[38;2;27;14;0m██[38;2;0;0;0m██████[38;2;64;28;7m██[38;2;0;0;0m██[38;2;203;111;35m██[38;2;213;133;49m██[38;2;216;141;60m██[38;2;214;134;59m██[38;2;4;2;0m██[38;2;221;158;81m██[38;2;222;161;84m██[38;2;220;154;79m██[38;2;14;10;5m██[38;2;221;156;78m██[38;2;219;151;72m██[38;2;217;145;64m██[38;2;0;0;0m██[38;2;5;3;1m██[38;2;0;0;0m██████[38;2;123;31;0m██[38;2;123;33;0m██[38;2;169;92;0m██[38;2;177;108;8m██[38;2;237;193;71m  
[38;2;226;188;84m  [38;2;162;94;5m██[38;2;168;93;0m██[38;2;137;47;0m██[38;2;122;30;0m██[38;2;14;3;0m██[38;2;0;0;0m██[38;2;69;32;8m██[38;2;0;0;0m██[38;2;207;125;46m██[38;2;219;146;65m██[38;2;220;154;75m██[38;2;223;161;85m██[38;2;222;166;91m██[38;2;91;59;31m██[38;2;228;175;101m██[38;2;226;173;100m██[38;2;129;98;56m██[38;2;224;168;94m██[38;2;223;164;89m██[38;2;224;159;81m██[38;2;101;68;32m██[38;2;8;5;2m██[38;2;2;1;0m██[38;2;0;0;0m██[38;2;7;1;0m██[38;2;99;24;0m██[38;2;122;30;0m██[38;2;183;100;0m██[38;2;203;126;0m██[38;2;233;183;48m  
[38;2;231;180;46m  [38;2;203;126;0m██[38;2;195;115;0m██[38;2;127;33;0m██[38;2;123;30;0m██[38;2;0;0;0m████[38;2;48;24;6m██[38;2;54;32;11m██[38;2;214;139;61m██[38;2;224;157;79m██[38;2;111;56;24m██[38;2;201;154;88m██[38;2;227;178;106m██[38;2;229;182;111m██[38;2;233;187;116m██[38;2;230;185;115m██[38;2;230;184;113m██[38;2;232;183;110m██[38;2;119;75;40m██[38;2;225;169;95m██[38;2;222;159;83m██[38;2;34;23;10m██[38;2;0;0;0m████[38;2;1;0;0m██[38;2;52;12;0m██[38;2;125;30;0m██[38;2;175;91;0m██[38;2;202;125;0m██[38;2;223;166;34m  
[38;2;231;180;45m  [38;2;204;127;0m██[38;2;196;116;0m██[38;2;124;34;0m██[38;2;1;0;0m██[38;2;0;0;0m████[38;2;3;1;0m██[38;2;221;142;60m██[38;2;215;145;70m██[38;2;198;145;78m██[38;2;138;124;106m██[38;2;136;94;58m██[38;2;73;37;19m██[38;2;231;191;123m██[38;2;234;195;127m██[38;2;233;195;128m██[38;2;151;120;76m██[38;2;215;136;76m██[38;2;126;111;89m██[38;2;146;126;97m██[38;2;227;170;95m██[38;2;192;138;71m██[38;2;0;0;0m██████[38;2;32;8;0m██[38;2;123;30;0m██[38;2;171;89;0m██[38;2;202;124;0m██[38;2;172;113;19m  
[38;2;179;124;30m  [38;2;158;88;0m██[38;2;107;65;0m██[38;2;25;10;0m██[38;2;38;9;0m██[38;2;8;2;0m██[38;2;0;0;0m████[38;2;213;138;62m██[38;2;127;91;48m██[38;2;234;234;234m██[38;2;249;249;249m██[38;2;238;238;238m██[38;2;160;138;96m██[38;2;235;200;134m██[38;2;236;203;137m██[38;2;236;203;138m██[38;2;235;201;135m██[38;2;194;196;199m██[38;2;246;246;246m██[38;2;248;248;248m██[38;2;236;235;235m██[38;2;229;171;94m██[38;2;51;46;38m██[38;2;1;0;0m██[38;2;120;30;0m██[38;2;6;1;0m██[38;2;56;14;0m██[38;2;160;84;0m██[38;2;197;120;0m██[38;2;187;128;24m  
[38;2;218;165;42m  [38;2;173;101;0m██[38;2;202;124;0m██[38;2;180;97;0m██[38;2;124;31;0m██[38;2;1;0;0m██[38;2;2;1;0m██[38;2;1;0;0m██[38;2;213;141;68m██[38;2;220;220;220m██[38;2;253;253;253m██[38;2;193;193;193m██[38;2;252;252;252m██[38;2;242;244;246m██[38;2;242;206;141m██[38;2;236;209;145m██[38;2;238;210;147m██[38;2;238;208;142m██[38;2;255;255;255m██[38;2;222;222;222m██[38;2;128;128;128m██[38;2;254;254;254m██[38;2;137;110;72m██[38;2;233;211;168m██[38;2;0;0;0m██[38;2;57;15;1m██[38;2;124;30;0m██[38;2;138;42;0m██[38;2;194;114;0m██[38;2;204;127;0m██[38;2;234;181;45m  
[38;2;134;134;0m  [38;2;223;164;33m  [38;2;202;125;0m██[38;2;195;114;0m██[38;2;123;45;0m██[38;2;0;0;0m██[38;2;233;171;123m██[38;2;85;52;22m██[38;2;60;43;22m██[38;2;252;246;238m██[38;2;255;255;255m██[38;2;178;178;178m██[38;2;254;254;254m██[38;2;255;254;254m██[38;2;245;195;132m██[38;2;237;213;151m██[38;2;241;218;159m██[38;2;240;213;150m██[38;2;255;254;254m██[38;2;255;255;255m██[38;2;228;228;228m██[38;2;255;254;254m██[38;2;231;183;116m██[38;2;195;183;157m██[38;2;195;104;39m██[38;2;170;154;130m██[38;2;123;30;0m██[38;2;151;75;0m██[38;2;162;90;0m██[38;2;178;106;1m  [38;2;108;82;19m  
[38;2;0;0;0m  [38;2;134;104;26m  [38;2;156;88;2m  [38;2;156;85;0m██[38;2;1;0;0m██[38;2;62;15;0m██[38;2;173;91;32m██[38;2;141;76;36m██[38;2;216;150;76m██[38;2;216;164;92m██[38;2;253;253;253m██[38;2;254;254;254m████[38;2;234;203;141m██[38;2;202;140;87m██[38;2;240;218;157m██[38;2;244;228;179m██[38;2;240;217;156m██[38;2;167;165;160m██[38;2;252;252;252m██[38;2;253;253;253m██[38;2;229;230;230m██[38;2;227;179;108m██[38;2;214;160;114m██[38;2;184;90;32m██[38;2;129;90;68m██[38;2;143;63;1m██[38;2;197;117;0m██[38;2;199;122;0m  [38;2;219;166;38m  [38;2;0;0;0m  
[38;2;0;0;0m    [38;2;131;102;25m  [38;2;194;118;2m  [38;2;198;118;0m██[38;2;177;92;1m██[38;2;152;60;14m██[38;2;173;96;41m██[38;2;182;99;38m██[38;2;225;174;102m██[38;2;228;174;107m██[38;2;201;115;57m██[38;2;233;187;138m██[38;2;251;243;216m██[38;2;240;216;155m██[38;2;161;146;104m██[38;2;185;169;122m██[38;2;241;218;157m██[38;2;239;214;151m██[38;2;222;159;101m██[38;2;169;100;57m██[38;2;209;175;115m██[38;2;229;182;112m██[38;2;175;112;59m██[38;2;232;194;150m██[38;2;136;47;1m██[38;2;156;82;1m██[38;2;166;95;0m  [38;2;219;166;38m  [38;2;0;0;0m    
[38;2;0;0;0m      [38;2;7;5;1m  [38;2;211;144;21m  [38;2;147;76;0m██[38;2;177;91;1m██[38;2;173;84;30m██[38;2;186;101;39m██[38;2;227;175;102m██[38;2;231;185;113m██[38;2;237;199;132m██[38;2;234;202;138m██[38;2;238;210;146m██[38;2;240;215;153m██[38;2;241;219;158m██[38;2;241;220;158m██[38;2;240;217;155m██[38;2;236;210;149m██[38;2;252;221;153m██[38;2;90;83;69m██[38;2;148;123;81m██[38;2;242;220;176m██[38;2;236;202;150m██[38;2;140;48;1m██[38;2;147;73;1m██[38;2;205;123;0m  [38;2;139;109;28m  [38;2;4;3;0m  [38;2;0;0;0m    
[38;2;0;0;0m        [38;2;154;79;0m  [38;2;192;132;36m  [38;2;200;118;2m  [38;2;132;60;1m██[38;2;151;61;11m██[38;2;206;137;70m██[38;2;224;179;109m██[38;2;196;197;197m██[38;2;244;244;244m██[38;2;219;218;220m██[38;2;176;175;173m██[38;2;158;157;152m██[38;2;176;175;173m██[38;2;220;221;222m██[38;2;246;247;247m██[38;2;254;254;254m██[38;2;108;104;95m██[38;2;231;188;118m██[38;2;235;209;168m██[38;2;161;77;2m██[38;2;191;108;0m  [38;2;224;162;30m  [38;2;156;156;0m  [38;2;0;0;0m        
[38;2;0;0;0m            [38;2;215;101;50m  [38;2;176;143;47m  [38;2;208;128;11m  [38;2;181;97;15m  [38;2;228;179;108m██[38;2;212;173;109m██[38;2;119;118;118m██[38;2;185;185;185m██[38;2;232;232;232m██[38;2;233;233;233m██[38;2;194;194;194m██[38;2;133;133;133m██[38;2;204;204;203m██[38;2;115;99;67m██[38;2;232;193;125m██[38;2;247;232;198m  [38;2;192;104;1m  [38;2;217;152;28m  [38;2;138;138;0m  [38;2;0;0;0m            
[38;2;0;0;0m              [38;2;92;3;0m  [38;2;183;61;0m  [38;2;138;9;1m  [38;2;200;116;44m██[38;2;229;183;111m██[38;2;232;191;122m██[38;2;168;147;109m██[38;2;216;217;218m██[38;2;244;245;247m██[38;2;200;200;203m██[38;2;152;135;102m██[38;2;235;199;132m██[38;2;233;193;126m██[38;2;248;232;197m██[38;2;180;52;16m  [38;2;145;7;0m  [38;2;119;8;0m  [38;2;55;0;0m  [38;2;0;0;0m            
[38;2;0;0;0m        [38;2;58;0;0m  [38;2;55;0;0m  [38;2;132;6;0m  [38;2;161;10;0m  [38;2;125;6;0m  [38;2;185;10;0m██[38;2;215;140;58m██[38;2;192;93;32m██[38;2;223;170;102m██[38;2;231;188;119m██[38;2;204;145;86m██[38;2;179;100;51m██[38;2;181;105;56m██[38;2;227;187;121m██[38;2;232;190;120m██[38;2;218;158;112m██[38;2;214;135;52m██[38;2;169;9;0m██[38;2;164;10;0m██[38;2;154;10;0m██[38;2;153;10;0m  [38;2;127;4;0m  [38;2;48;0;0m  [38;2;0;0;0m        
[38;2;0;0;0m        [38;2;33;1;0m  [38;2;188;10;0m  [38;2;162;7;0m  [38;2;188;10;0m██[38;2;183;9;0m██[38;2;188;10;0m██[38;2;196;42;19m██[38;2;223;164;89m██[38;2;202;118;55m██[38;2;153;80;39m██[38;2;180;133;81m██[38;2;231;185;115m██[38;2;210;168;109m██[38;2;117;75;52m██[38;2;191;98;40m██[38;2;214;143;71m██[38;2;222;160;83m██[38;2;189;11;0m██[38;2;155;7;0m██[38;2;188;10;0m██[38;2;173;8;0m██[38;2;188;10;0m  [38;2;164;9;0m  [38;2;53;0;0m  [38;2;0;0;0m      
[38;2;0;0;0m          [38;2;86;0;0m  [38;2;76;2;0m  [38;2;194;10;0m    [38;2;188;10;0m  [38;2;189;10;0m██[38;2;230;184;114m██[38;2;230;184;113m██[38;2;216;151;87m██[38;2;208;130;70m██[38;2;204;125;65m██[38;2;206;126;67m██[38;2;213;145;81m██[38;2;220;160;94m██[38;2;229;180;110m██[38;2;195;34;16m██[38;2;188;10;0m    [38;2;191;10;0m  [38;2;156;7;0m  [38;2;117;0;0m  [38;2;0;0;0m          
[38;2;0;0;0m                [38;2;20;0;0m  [38;2;19;0;0m  [38;2;88;4;0m  [38;2;194;11;0m  [38;2;237;201;135m  [38;2;236;201;134m  [38;2;229;187;122m  [38;2;229;185;121m██[38;2;229;186;121m  [38;2;231;191;126m  [38;2;243;205;137m  [38;2;212;101;63m  [38;2;190;8;0m  [38;2;88;3;0m  [38;2;93;0;0m  [38;2;89;0;0m  [38;2;0;0;0m              [0m
