
[38;2;52;52;52m    [38;2;246;246;246m    [38;2;235;235;235m  [38;2;236;236;236m        [38;2;32;32;32m  [38;2;246;246;246m  [38;2;247;247;247m  [38;2;246;246;246m    [38;2;247;247;247m  [38;2;246;246;246m  [38;2;13;13;13m  [38;2;147;147;147m  [38;2;246;246;246m    [38;2;247;247;247m  [38;2;246;246;246m    [38;2;247;247;247m  [38;2;246;246;246m    [38;2;247;247;247m    [38;2;246;246;246m    [38;2;247;247;247m    [38;2;246;246;246m      
[38;2;52;52;52m    [38;2;247;247;247m      [38;2;73;73;73m  [38;2;72;72;72m      [38;2;15;15;15m██[38;2;59;59;59m  [38;2;246;246;246m  [38;2;247;247;247m  [38;2;246;246;246m      [38;2;0;0;0m  [38;2;35;35;35m██[38;2;247;247;247m    [38;2;246;246;246m    [38;2;247;247;247m      [38;2;248;248;248m  [38;2;119;119;119m  [38;2;247;247;247m    [38;2;246;246;246m  [38;2;247;247;247m    [38;2;246;246;246m  [38;2;226;226;226m  [38;2;245;245;245m  
[38;2;52;52;52m    [38;2;247;247;247m          [38;2;246;246;246m    [38;2;25;25;25m██[38;2;254;254;254m██[38;2;126;126;126m  [38;2;247;247;247m  [38;2;246;246;246m      [38;2;230;230;230m██[38;2;251;251;251m██[38;2;100;100;100m  [38;2;247;247;247m          [38;2;249;249;249m  [38;2;32;32;32m██[38;2;248;248;248m  [38;2;245;245;245m      [38;2;246;246;246m  [38;2;244;244;244m  [38;2;246;246;246m  [38;2;226;226;226m  [38;2;245;245;245m  
[38;2;52;52;52m    [38;2;247;247;247m      [38;2;246;246;246m  [38;2;220;220;220m  [38;2;223;223;223m    [38;2;35;35;35m██[38;2;251;251;251m██[38;2;235;235;235m██[38;2;141;141;141m  [38;2;247;247;247m    [38;2;196;196;196m  [38;2;251;251;251m██[38;2;250;250;250m██[38;2;21;21;21m  [38;2;247;247;247m  [38;2;246;246;246m  [38;2;247;247;247m    [38;2;237;237;237m  [38;2;87;87;87m██[38;2;218;218;218m██[38;2;246;246;246m        [38;2;247;247;247m  [38;2;244;244;244m  [38;2;246;246;246m  [38;2;226;226;226m  [38;2;245;245;245m  
[38;2;244;244;244m    [38;2;177;177;177m  [38;2;246;246;246m    [38;2;247;247;247m    [38;2;32;32;32m    [38;2;48;48;48m██[38;2;250;250;250m██[38;2;251;251;251m██[38;2;214;214;214m██[38;2;196;196;196m  [38;2;246;246;246m  [38;2;0;0;0m  [38;2;250;250;250m████[38;2;251;251;251m██[38;2;64;64;64m  [38;2;246;246;246m    [38;2;147;147;147m  [38;2;184;184;184m██[38;2;250;250;250m██[38;2;58;58;58m██[38;2;248;248;248m  [38;2;247;247;247m      [38;2;246;246;246m  [38;2;244;244;244m  [38;2;246;246;246m  [38;2;226;226;226m  [38;2;245;245;245m  
[38;2;247;247;247m    [38;2;0;0;0m  [38;2;8;8;8m██[38;2;177;177;177m  [38;2;247;247;247m        [38;2;65;65;65m██[38;2;251;251;251m██[38;2;250;250;250m██[38;2;251;251;251m██[38;2;187;187;187m██[38;2;226;226;226m  [38;2;46;46;46m██[38;2;250;250;250m██[38;2;251;251;251m██[38;2;250;250;250m██[38;2;54;54;54m██[38;2;247;247;247m  [38;2;41;41;41m  [38;2;247;247;247m██[38;2;251;251;251m████[38;2;5;5;5m██[38;2;247;247;247m    [38;2;244;244;244m  [38;2;247;247;247m  [38;2;246;246;246m  [38;2;244;244;244m  [38;2;246;246;246m  [38;2;226;226;226m  [38;2;246;246;246m  
[38;2;246;246;246m    [38;2;199;199;199m  [38;2;252;252;252m████[38;2;18;18;18m██[38;2;117;117;117m  [38;2;247;247;247m  [38;2;205;205;205m  [38;2;94;94;94m██[38;2;250;250;250m████[38;2;251;251;251m██[38;2;250;250;250m██[38;2;128;128;128m██[38;2;254;254;254m██[38;2;250;250;250m██████[38;2;251;251;251m██[38;2;0;0;0m  [38;2;252;252;252m██[38;2;251;251;251m██[38;2;250;250;250m████[38;2;0;0;0m  [38;2;247;247;247m  [38;2;246;246;246m  [38;2;244;244;244m  [38;2;247;247;247m    [38;2;252;252;252m  [38;2;90;90;90m  [38;2;120;120;120m  [38;2;246;246;246m  
[38;2;246;246;246m  [38;2;247;247;247m  [38;2;246;246;246m  [38;2;58;58;58m██[38;2;251;251;251m██[38;2;250;250;250m██[38;2;253;253;253m██[38;2;32;32;32m██[38;2;101;101;101m  [38;2;161;161;161m██[38;2;250;250;250m██[38;2;251;251;251m████████[38;2;250;250;250m████[38;2;251;251;251m██[38;2;250;250;250m██[38;2;251;251;251m████[38;2;250;250;250m██[38;2;251;251;251m████[38;2;250;250;250m██[38;2;109;109;109m  [38;2;247;247;247m  [38;2;238;238;238m  [38;2;72;72;72m  [38;2;0;0;0m██[38;2;69;69;69m██[38;2;254;254;254m██[38;2;16;16;16m  [38;2;247;247;247m    
[38;2;246;246;246m  [38;2;247;247;247m  [38;2;246;246;246m  [38;2;9;9;9m  [38;2;251;251;251m██████████[38;2;232;232;232m██[38;2;250;250;250m████[38;2;251;251;251m██[38;2;250;250;250m██████████[38;2;251;251;251m██████████████[38;2;0;0;0m██[38;2;125;125;125m██[38;2;251;251;251m████[38;2;250;250;250m██[38;2;251;251;251m██[38;2;0;0;0m  [38;2;246;246;246m    [38;2;243;243;243m  
[38;2;246;246;246m  [38;2;174;174;174m  [38;2;246;246;246m  [38;2;247;247;247m  ██[38;2;251;251;251m████[38;2;250;250;250m████████████[38;2;251;251;251m██████[38;2;250;250;250m██[38;2;251;251;251m██[38;2;250;250;250m██[38;2;251;251;251m██[38;2;250;250;250m██[38;2;251;251;251m██[38;2;250;250;250m██████████████[38;2;251;251;251m██[38;2;3;3;3m██[38;2;248;248;248m  [38;2;246;246;246m  [38;2;252;252;252m  [38;2;160;160;160m  
[38;2;247;247;247m  [38;2;174;174;174m  [38;2;251;251;251m  [38;2;254;254;254m  [38;2;0;0;0m  [38;2;251;251;251m████████[38;2;250;250;250m██[38;2;251;251;251m████████[38;2;250;250;250m██[38;2;251;251;251m████[38;2;250;250;250m██[38;2;251;251;251m██[38;2;250;250;250m████[38;2;251;251;251m██[38;2;250;250;250m██[38;2;251;251;251m████████████[38;2;175;175;175m██[38;2;253;253;253m  [38;2;50;50;50m  [38;2;0;0;0m  [38;2;242;242;242m██[38;2;7;7;7m██
[38;2;134;134;134m██[38;2;165;165;165m██[38;2;195;195;195m██[38;2;223;223;223m██[38;2;246;246;246m██[38;2;250;250;250m████████[38;2;251;251;251m██[38;2;250;250;250m██████[38;2;251;251;251m██████[38;2;250;250;250m██[38;2;251;251;251m██[38;2;250;250;250m██████[38;2;251;251;251m██[38;2;250;250;250m██████[38;2;251;251;251m██[38;2;250;250;250m██[38;2;251;251;251m██[38;2;247;247;247m██[38;2;0;0;0m██[38;2;113;113;113m██[38;2;251;251;251m██[38;2;250;250;250m██[38;2;47;47;47m██[38;2;249;249;249m  
[38;2;251;251;251m██████████[38;2;250;250;250m██[38;2;251;251;251m██████████████████[38;2;250;250;250m██[38;2;251;251;251m██████[38;2;250;250;250m██[38;2;251;251;251m████[38;2;250;250;250m██[38;2;251;251;251m██████████[38;2;104;104;104m██[38;2;251;251;251m██████[38;2;151;151;151m██[38;2;254;254;254m  [38;2;247;247;247m  
[38;2;60;60;60m  [38;2;169;169;169m██[38;2;251;251;251m████[38;2;250;250;250m████████████████[38;2;251;251;251m██████[38;2;250;250;250m████████[38;2;251;251;251m████[38;2;250;250;250m██████[38;2;251;251;251m████████[38;2;250;250;250m██[38;2;251;251;251m████[38;2;191;191;191m██[38;2;196;196;196m  [38;2;247;247;247m    
[38;2;247;247;247m  [38;2;253;253;253m  [38;2;0;0;0m  [38;2;252;252;252m██[38;2;251;251;251m██████████[38;2;192;192;192m██[38;2;251;251;251m██████[38;2;250;250;250m██[38;2;251;251;251m████████████████[38;2;250;250;250m██[38;2;251;251;251m██████[38;2;238;238;238m██[38;2;251;251;251m██████[38;2;250;250;250m██[38;2;153;153;153m  [38;2;246;246;246m  [38;2;247;247;247m  [38;2;246;246;246m  
[38;2;247;247;247m    [38;2;246;246;246m  [38;2;88;88;88m  [38;2;139;139;139m██[38;2;250;250;250m██[38;2;251;251;251m██[38;2;250;250;250m████[38;2;232;232;232m██[38;2;253;253;253m██[38;2;251;251;251m████[38;2;253;253;253m██[38;2;55;55;55m██[38;2;3;3;3m██[38;2;0;0;0m██████[38;2;25;25;25m██[38;2;152;152;152m██[38;2;253;253;253m██[38;2;251;251;251m██[38;2;253;253;253m██[38;2;251;251;251m██[38;2;250;250;250m██[38;2;251;251;251m██████[38;2;252;252;252m██[38;2;0;0;0m  [38;2;50;50;50m  [38;2;252;252;252m  [38;2;247;247;247m  [38;2;246;246;246m  
[38;2;246;246;246m    [38;2;93;93;93m  [38;2;55;55;55m██[38;2;253;253;253m██[38;2;252;252;252m██[38;2;251;251;251m██[38;2;250;250;250m██[38;2;107;107;107m██[38;2;250;250;250m██[38;2;107;107;107m██[38;2;166;167;167m██[38;2;73;74;75m██[38;2;211;215;216m██[38;2;233;233;233m██[38;2;231;231;231m████[38;2;114;116;117m██[38;2;206;209;211m██████[38;2;221;224;227m██[38;2;69;71;71m██[38;2;225;228;230m██[38;2;209;209;209m██[38;2;250;250;250m██[38;2;251;251;251m██[38;2;74;74;74m██[38;2;251;251;251m██[38;2;254;254;254m██[38;2;251;251;251m██████[38;2;0;0;0m  [38;2;249;249;249m  
[38;2;251;251;251m  [38;2;0;0;0m  [38;2;252;252;252m██[38;2;251;251;251m██████████[38;2;241;241;241m██[38;2;251;251;251m██[38;2;9;9;9m██[38;2;179;180;180m██[38;2;205;207;209m██[38;2;213;215;217m██[38;2;0;0;0m██[38;2;230;230;230m██[38;2;231;231;231m██[38;2;104;105;106m██[38;2;206;209;211m████████[38;2;179;181;181m██[38;2;182;183;183m██[38;2;251;251;251m████[38;2;250;250;250m██[38;2;231;231;231m██[38;2;251;251;251m████████████[38;2;24;24;24m██
[38;2;183;183;183m██[38;2;250;250;250m██[38;2;252;252;252m██[38;2;250;250;250m████[38;2;251;251;251m██[38;2;250;250;250m██[38;2;37;37;37m██[38;2;250;250;250m██████[38;2;30;30;30m██[38;2;107;109;110m██[38;2;206;209;211m██[38;2;221;222;223m██[38;2;219;219;219m██[38;2;125;125;125m██[38;2;0;0;0m██[38;2;35;36;36m██[38;2;0;0;0m██[38;2;206;209;211m██[38;2;210;214;216m██[38;2;179;180;180m██[38;2;83;83;83m██[38;2;251;251;251m██[38;2;250;250;250m████[38;2;251;251;251m██[38;2;228;228;228m██[38;2;251;251;251m██[38;2;227;227;227m██[38;2;254;254;254m██[38;2;252;252;252m██[38;2;250;250;250m████
[38;2;4;4;4m██[38;2;0;0;0m████[38;2;252;252;252m██[38;2;213;213;213m██[38;2;250;250;250m██[38;2;251;251;251m██[38;2;252;252;252m██[38;2;251;251;251m██████[38;2;207;210;212m██[38;2;206;209;211m████[38;2;110;112;112m██[38;2;231;231;231m██[38;2;0;0;0m██[38;2;73;73;73m██[38;2;3;3;3m██[38;2;0;0;0m██[38;2;206;209;211m██████[38;2;102;102;102m██[38;2;251;251;251m██[38;2;250;250;250m██[38;2;251;251;251m██[38;2;243;243;243m██[38;2;37;37;37m██[38;2;179;179;179m██[38;2;181;181;181m██[38;2;200;200;200m██[38;2;10;10;10m██[38;2;0;0;0m██[38;2;2;2;2m██
[38;2;244;244;244m  [38;2;4;4;4m  [38;2;251;251;251m██[38;2;186;186;186m██[38;2;180;180;180m██[38;2;238;238;238m██[38;2;59;59;59m██[38;2;250;250;250m██[38;2;251;251;251m██[38;2;250;250;250m████[38;2;206;209;211m██[38;2;140;142;144m██[38;2;206;209;211m██[38;2;210;213;215m██[38;2;169;170;173m██[38;2;2;2;2m██[38;2;153;153;153m██[38;2;206;209;211m██[38;2;19;19;19m██[38;2;206;209;211m██[38;2;193;195;197m██[38;2;206;209;211m██[38;2;67;67;67m██[38;2;250;250;250m██████[38;2;25;25;25m██[38;2;219;219;219m██[38;2;181;181;181m██████[38;2;183;183;183m██[38;2;0;0;0m  [38;2;246;246;246m  
[38;2;80;80;80m  [38;2;252;252;252m██[38;2;176;176;176m██[38;2;181;181;181m████[38;2;175;175;175m██[38;2;253;253;253m██[38;2;203;203;203m██[38;2;251;251;251m██[38;2;250;250;250m██[38;2;251;251;251m██[38;2;227;230;232m██[38;2;207;210;212m██[38;2;206;209;211m██[38;2;19;19;20m██[38;2;217;218;219m██[38;2;53;53;53m██[38;2;177;177;177m██[38;2;174;176;178m██[38;2;201;204;206m██[38;2;211;214;216m██[38;2;100;110;110m██[38;2;213;216;218m██[38;2;36;36;36m██[38;2;251;251;251m██████[38;2;250;250;250m██[38;2;168;168;168m██[38;2;191;191;191m██[38;2;181;181;181m██████[38;2;180;180;180m██[38;2;0;0;0m  
[38;2;225;225;225m██[38;2;196;196;196m██[38;2;178;178;178m██[38;2;181;181;181m████[38;2;81;81;81m██[38;2;251;251;251m████[38;2;250;250;250m██[38;2;251;251;251m██[38;2;250;250;250m██[38;2;179;41;69m██[38;2;179;41;68m██[38;2;116;26;43m██[38;2;16;21;20m██[38;2;63;64;64m██[38;2;73;74;73m██[38;2;50;53;53m██[38;2;35;5;6m██[38;2;154;31;54m██[38;2;180;42;69m██[38;2;109;21;38m██[38;2;123;25;43m██[38;2;18;18;18m██[38;2;250;250;250m████[38;2;251;251;251m████[38;2;110;110;110m██[38;2;49;49;49m██[38;2;180;180;180m██[38;2;74;74;74m██[38;2;185;185;185m██[38;2;180;180;180m██[38;2;182;182;182m██
[38;2;23;23;23m██[38;2;0;0;0m  [38;2;181;181;181m██████[38;2;209;209;209m██[38;2;15;15;15m██[38;2;251;251;251m██[38;2;250;250;250m██[38;2;235;235;235m██[38;2;252;252;252m██[38;2;193;126;113m██[38;2;168;109;98m██[38;2;102;64;56m██[38;2;41;27;24m██[38;2;33;24;21m██[38;2;26;19;16m██[38;2;36;26;23m██[38;2;53;37;31m██[38;2;224;174;156m██[38;2;46;30;25m██[38;2;87;62;53m██[38;2;251;186;165m██[38;2;4;3;3m██[38;2;251;251;251m██[38;2;250;250;250m████[38;2;251;251;251m██[38;2;77;77;77m██[38;2;5;5;5m██[38;2;181;181;181m██[38;2;179;179;179m██[38;2;16;16;16m  [38;2;0;0;0m  [38;2;187;187;187m██
[38;2;247;247;247m  [38;2;103;103;103m██[38;2;181;181;181m██[38;2;180;180;180m██[38;2;176;176;176m██[38;2;89;89;89m██[38;2;79;79;79m██[38;2;251;251;251m████[38;2;233;233;233m██[38;2;254;254;254m██[38;2;147;147;147m██[38;2;255;255;255m████[38;2;245;245;245m██[38;2;251;182;163m██[38;2;250;184;163m████[38;2;242;176;156m██[38;2;218;219;219m██[38;2;255;255;255m████[38;2;231;232;232m██[38;2;35;24;21m██[38;2;251;251;251m██[38;2;250;250;250m████[38;2;251;251;251m██[38;2;253;253;253m██[38;2;182;182;182m██[38;2;181;181;181m████[38;2;100;100;100m██[38;2;246;246;246m  [38;2;243;243;243m  
[38;2;116;116;116m  [38;2;181;181;181m██████[38;2;33;33;33m██[38;2;184;184;184m██[38;2;251;251;251m██[38;2;209;209;209m██[38;2;250;250;250m██[38;2;240;240;240m██[38;2;254;254;254m██[38;2;22;2;1m██[38;2;153;114;98m██[38;2;255;191;169m██[38;2;152;98;84m██[38;2;254;199;177m██[38;2;250;184;164m██[38;2;249;184;163m██[38;2;142;108;95m██[38;2;178;133;116m██[38;2;242;177;156m██[38;2;203;152;134m██[38;2;24;2;1m██[38;2;68;49;43m██[38;2;250;250;250m██████████[38;2;189;189;189m██[38;2;181;181;181m██████[38;2;1;1;1m  [38;2;246;246;246m  
[38;2;5;5;5m██[38;2;181;181;181m██████[38;2;164;164;164m██[38;2;1;2;2m██[38;2;251;251;251m██████[38;2;238;238;238m██[38;2;253;253;253m██[38;2;112;44;43m██[38;2;236;150;131m██[38;2;216;118;102m██[38;2;255;159;138m██[38;2;207;125;110m██[38;2;250;183;163m██[38;2;250;184;163m██[38;2;253;179;159m██[38;2;198;124;108m██[38;2;126;68;56m██[38;2;234;146;128m██[38;2;122;47;45m██[38;2;6;3;3m██[38;2;253;253;253m██[38;2;251;251;251m████████[38;2;61;13;23m██[38;2;0;0;0m██[38;2;64;64;64m██[38;2;182;182;182m██[38;2;193;193;193m██[38;2;232;232;232m  
[38;2;190;190;190m██[38;2;181;181;181m██[38;2;186;186;186m██[38;2;56;11;20m██[38;2;170;39;65m██[38;2;79;79;79m██[38;2;181;181;181m██[38;2;250;250;250m████[38;2;237;237;237m██[38;2;216;216;216m██[38;2;195;127;114m██[38;2;255;172;151m██[38;2;255;157;137m██[38;2;255;158;138m██[38;2;233;157;139m██[38;2;249;183;163m████[38;2;253;177;156m██[38;2;255;159;139m██[38;2;255;155;134m██[38;2;255;159;138m██[38;2;255;181;158m██[38;2;68;6;11m██[38;2;107;107;107m██[38;2;251;251;251m██[38;2;250;250;250m██[38;2;251;251;251m██[38;2;244;244;244m██[38;2;95;95;95m██[38;2;170;39;65m██[38;2;172;39;65m██[38;2;72;15;26m██[38;2;31;31;31m██[38;2;6;6;6m██
[38;2;192;192;192m██[38;2;17;1;3m██[38;2;170;39;65m██[38;2;169;39;64m██[38;2;170;39;65m██[38;2;202;202;202m██[38;2;0;0;0m██[38;2;251;251;251m██████[38;2;176;176;176m██[38;2;218;158;141m██[38;2;250;182;163m██[38;2;250;182;162m████[38;2;250;183;163m██[38;2;249;184;163m██[38;2;249;183;163m██[38;2;95;69;60m██[38;2;251;182;162m██████[38;2;250;183;163m██[38;2;65;5;10m██[38;2;6;6;6m██[38;2;251;251;251m██████[38;2;179;179;179m██[38;2;209;209;209m██[38;2;169;39;65m██[38;2;170;39;64m██[38;2;170;39;65m██[38;2;170;38;65m██[38;2;78;13;25m██
[38;2;171;39;65m██[38;2;170;39;65m██████[38;2;166;38;64m██[38;2;180;180;180m██[38;2;51;51;51m██[38;2;250;250;250m██████[38;2;134;134;134m██[38;2;227;167;148m██[38;2;249;184;163m██[38;2;250;184;163m██[38;2;249;184;163m██[38;2;249;183;163m██[38;2;250;184;163m██[38;2;249;184;163m██[38;2;251;184;164m██[38;2;249;184;163m██[38;2;250;184;163m████[38;2;249;184;163m██[38;2;56;3;7m██[38;2;120;120;120m██[38;2;251;251;251m████[38;2;250;250;250m██[38;2;106;106;106m██[38;2;252;252;252m██[38;2;170;38;65m██[38;2;170;39;65m████████
[38;2;170;39;65m██████[38;2;170;39;64m██[38;2;6;1;2m██[38;2;57;57;57m██[38;2;246;246;246m██[38;2;251;251;251m██████[38;2;45;45;45m██[38;2;219;161;143m██[38;2;250;184;163m██████[38;2;202;131;117m██[38;2;194;127;114m██[38;2;91;50;45m██[38;2;162;116;103m██[38;2;250;183;163m██[38;2;249;183;163m████[38;2;250;184;163m██[38;2;31;1;2m██[38;2;181;181;181m██[38;2;251;251;251m██████[38;2;64;64;64m██[38;2;244;244;244m██[38;2;170;39;65m████████[38;2;170;39;64m██
[38;2;170;39;65m██████[38;2;169;39;65m██[38;2;160;160;160m██[38;2;168;38;63m██[38;2;251;251;251m██[38;2;250;250;250m██████[38;2;22;22;22m██[38;2;195;143;127m██[38;2;250;184;163m██[38;2;249;184;163m████[38;2;238;174;154m██[38;2;193;126;113m██[38;2;144;95;85m██[38;2;89;36;33m██[38;2;249;184;163m████[38;2;72;50;44m██[38;2;249;184;163m██[38;2;0;0;0m██[38;2;181;181;181m██[38;2;250;250;250m████[38;2;251;251;251m██[38;2;197;197;197m██[38;2;180;180;180m██[38;2;170;39;65m██████[38;2;170;39;64m██[38;2;170;39;65m██[0m
