
[38;2;230;220;121m  [38;2;72;63;37m  [38;2;23;22;14m  [38;2;118;118;0m  [38;2;23;23;0m  [38;2;0;0;0m                                    [38;2;114;114;0m  [38;2;135;115;57m  [38;2;0;0;0m                                
[38;2;66;66;0m  [38;2;0;0;0m                                            [38;2;102;102;0m  [38;2;211;185;112m  [38;2;0;0;0m                          [38;2;74;74;74m  [38;2;33;33;33m  [38;2;13;13;13m  
[38;2;0;0;0m                                                [38;2;166;161;92m  [38;2;87;87;0m  [38;2;0;0;0m          [38;2;40;40;40m  [38;2;7;7;7m  [38;2;2;24;18m  [38;2;35;42;32m  [38;2;21;31;22m  [38;2;33;44;33m  [38;2;40;48;37m  [38;2;109;101;82m  [38;2;189;109;99m  [38;2;228;132;123m  
[38;2;0;0;0m                [38;2;0;33;0m  [38;2;0;0;0m                              [38;2;105;98;30m  [38;2;44;44;0m  [38;2;28;28;28m  [38;2;0;0;0m  [38;2;53;53;53m  [38;2;8;20;14m  [38;2;31;33;25m  [38;2;95;101;79m  [38;2;169;146;118m  [38;2;236;189;156m  [38;2;235;188;155m  [38;2;239;191;158m  [38;2;235;177;148m  [38;2;226;135;128m  [38;2;220;147;137m  [38;2;224;151;133m  [38;2;104;97;76m  
[38;2;0;0;0m                [38;2;64;72;39m  [38;2;0;12;0m  [38;2;0;21;0m  [38;2;0;0;0m  [38;2;16;17;7m  [38;2;0;0;0m              [38;2;13;13;13m  [38;2;71;71;71m  [38;2;3;3;3m  [38;2;53;53;53m  [38;2;1;6;0m  [38;2;10;13;9m  [38;2;44;68;50m  [38;2;115;111;87m  [38;2;205;171;139m  [38;2;242;193;159m  [38;2;233;187;155m  [38;2;229;184;152m  [38;2;231;185;153m  [38;2;231;186;154m██[38;2;222;129;120m██[38;2;221;133;126m██[38;2;222;129;120m██[38;2;226;141;130m  [38;2;206;156;138m  [38;2;122;117;92m  [38;2;18;18;0m  
[38;2;0;0;0m              [38;2;5;5;5m  [38;2;64;88;66m  [38;2;26;27;27m  [38;2;76;88;55m  [38;2;26;195;26m  [38;2;65;81;48m  [38;2;1;1;1m  [38;2;0;0;0m        [38;2;43;43;43m  [38;2;2;2;2m  [38;2;57;74;47m  [38;2;65;90;98m  [38;2;89;89;63m  [38;2;164;127;110m  [38;2;232;187;155m  [38;2;240;191;158m  [38;2;229;184;152m  [38;2;231;185;154m  [38;2;231;185;153m██[38;2;230;180;151m██[38;2;212;144;133m  [38;2;81;83;65m  [38;2;101;91;74m  [38;2;229;184;152m██[38;2;239;190;157m  [38;2;210;172;141m  [38;2;224;163;147m  [38;2;80;92;69m  [38;2;123;123;123m  [38;2;66;66;66m  [38;2;0;0;0m  
[38;2;0;0;0m          [38;2;12;12;12m  [38;2;0;0;0m  [38;2;57;73;46m  [38;2;66;90;66m  [38;2;69;89;72m  [38;2;45;79;79m  [38;2;78;92;41m  [38;2;64;80;50m  [38;2;132;132;19m  [38;2;48;48;48m  [38;2;0;0;0m  [38;2;10;10;10m  [38;2;47;57;26m  [38;2;67;92;78m  [38;2;105;142;149m  [38;2;108;146;155m  [38;2;83;101;148m██[38;2;222;149;139m  [38;2;224;162;144m██[38;2;232;185;154m████[38;2;231;187;154m██[38;2;230;166;146m  [38;2;171;127;113m  [38;2;59;78;57m  [38;2;34;37;35m  [38;2;60;60;60m  [38;2;2;54;52m  [38;2;112;102;85m  [38;2;15;19;14m  [38;2;0;56;1m  [38;2;68;0;0m  [38;2;0;0;0m        
[38;2;0;0;0m    [38;2;42;52;29m  [38;2;25;49;25m  [38;2;14;14;14m  [38;2;83;97;47m  [38;2;48;54;24m  [38;2;47;68;51m  [38;2;65;94;77m  [38;2;56;88;79m  [38;2;64;95;81m██[38;2;62;94;80m  [38;2;59;87;72m  [38;2;61;85;63m  [38;2;57;77;49m  [38;2;33;43;23m  [38;2;69;89;95m  [38;2;107;144;154m  [38;2;106;143;152m██[38;2;107;144;153m██[38;2;108;146;154m██[38;2;72;95;147m██[38;2;217;142;134m██[38;2;221;152;140m██[38;2;228;171;148m  [38;2;221;150;137m  [38;2;130;101;87m  [38;2;128;136;106m  [38;2;5;48;47m  [38;2;35;35;35m  [38;2;0;0;0m      [38;2;49;25;25m  [38;2;1;1;1m  [38;2;0;0;0m            
[38;2;0;0;0m    [38;2;38;47;27m  [38;2;43;56;35m  [38;2;145;167;113m  [38;2;43;76;77m  [38;2;47;81;80m  [38;2;35;70;68m  [38;2;43;78;75m██[38;2;59;91;81m██[38;2;66;100;90m██[38;2;49;81;76m██[38;2;53;85;78m██[38;2;77;113;97m██[38;2;31;70;69m██[38;2;44;76;90m  [38;2;81;103;126m██[38;2;107;144;153m██[38;2;107;143;152m██[38;2;107;144;153m████[38;2;58;95;144m██[38;2;210;127;124m  [38;2;142;109;92m  [38;2;54;68;39m  [38;2;34;53;18m  [38;2;217;214;167m  [38;2;0;0;0m                            
[38;2;0;0;0m    [38;2;18;18;18m  [38;2;54;83;72m  [38;2;50;74;60m██[38;2;65;96;81m██[38;2;67;99;85m██[38;2;66;96;82m██[38;2;63;94;81m██[38;2;57;88;78m██[38;2;51;86;76m██[38;2;62;94;80m██[38;2;63;94;81m██[38;2;67;98;83m██[38;2;63;95;82m██[38;2;32;70;76m██[38;2;80;101;125m██[38;2;108;144;153m██[38;2;128;134;141m██[38;2;113;140;148m██[38;2;107;143;152m██[38;2;78;106;137m██[38;2;79;91;116m  [38;2;88;102;56m  [38;2;77;94;38m  [38;2;0;0;0m  [38;2;253;226;91m  [38;2;195;194;0m  [38;2;0;0;0m                          
[38;2;18;18;0m  [38;2;2;2;0m  [38;2;1;1;0m  [38;2;118;125;40m  [38;2;60;92;80m  [38;2;55;87;78m██[38;2;72;107;92m██[38;2;29;68;71m██[38;2;47;78;75m██[38;2;84;121;104m██[38;2;39;78;74m██[38;2;58;92;79m██[38;2;55;92;84m██[38;2;57;88;78m██[38;2;62;93;80m██[38;2;58;96;86m██[38;2;25;73;80m██[38;2;187;105;107m██[38;2;224;135;120m██[38;2;218;124;119m██[38;2;105;145;154m██[38;2;95;126;142m██[38;2;70;94;130m  [38;2;61;77;45m  [38;2;1;1;1m  [38;2;0;0;0m  [38;2;31;28;16m  [38;2;5;5;2m  [38;2;0;0;0m                          
[38;2;18;17;9m  [38;2;54;66;35m  [38;2;54;79;63m  [38;2;66;95;77m██[38;2;57;88;77m██[38;2;47;79;77m██[38;2;82;118;101m██[38;2;34;74;71m██[38;2;63;95;80m██[38;2;66;99;82m██[38;2;63;98;81m██[38;2;75;109;91m██[38;2;38;71;73m██[38;2;32;72;74m██[38;2;105;76;77m██[38;2;184;107;98m██[38;2;226;159;140m██[38;2;222;156;145m██[38;2;226;147;127m██[38;2;212;122;112m██[38;2;105;138;149m██[38;2;89;116;135m██[38;2;60;93;145m  [38;2;70;81;41m  [38;2;70;70;7m  [38;2;0;0;0m  [38;2;188;188;0m  [38;2;238;222;135m  [38;2;36;36;0m  [38;2;0;0;0m                        
[38;2;241;219;108m  [38;2;8;8;3m  [38;2;17;17;8m  [38;2;48;74;62m  [38;2;64;95;81m██[38;2;52;84;77m██[38;2;28;71;70m██[38;2;46;84;77m██[38;2;69;104;83m██[38;2;40;78;74m██[38;2;49;83;80m██[38;2;41;75;75m██[38;2;44;73;73m██[38;2;232;167;140m██[38;2;231;186;154m██[38;2;231;185;153m██[38;2;231;178;148m██[38;2;224;151;134m██[38;2;159;104;111m██[38;2;82;105;129m██[38;2;83;105;129m██[38;2;84;107;131m  [38;2;80;105;134m  [38;2;67;82;41m  [38;2;25;74;0m  [38;2;0;0;0m  [38;2;20;20;0m  [38;2;225;221;119m  [38;2;0;0;0m                          
[38;2;223;211;105m  [38;2;46;46;0m  [38;2;52;64;36m  [38;2;45;78;76m  [38;2;78;113;97m██[38;2;59;91;79m██[38;2;73;108;87m██[38;2;75;111;89m██[38;2;71;106;93m██[38;2;28;69;71m██[38;2;46;82;78m██[38;2;89;87;82m██[38;2;234;177;147m██[38;2;232;186;153m██[38;2;231;185;153m██[38;2;229;161;136m██[38;2;217;135;128m██[38;2;187;112;113m██[38;2;86;103;129m██[38;2;60;93;146m██[38;2;60;87;136m██[38;2;62;90;111m  [38;2;36;44;17m  [38;2;15;19;8m  [38;2;0;0;0m      [38;2;135;135;0m  [38;2;17;17;11m  [38;2;0;0;0m                        
[38;2;0;0;0m  [38;2;46;46;23m  [38;2;44;75;21m  [38;2;60;85;65m  [38;2;57;88;77m  [38;2;38;71;74m██[38;2;37;70;72m██[38;2;37;71;72m██[38;2;41;78;76m██[38;2;62;80;76m██[38;2;199;116;104m██[38;2;231;189;155m██[38;2;231;186;154m████[38;2;232;185;154m██[38;2;211;114;112m██[38;2;126;90;106m██[38;2;85;106;129m██[38;2;84;106;127m██[38;2;75;93;117m██[38;2;72;86;112m██[38;2;65;83;100m  [38;2;56;59;22m  [38;2;0;0;0m          [38;2;85;82;51m  [38;2;0;0;0m                        
[38;2;0;0;0m  [38;2;248;241;122m  [38;2;36;37;32m  [38;2;119;126;50m  [38;2;41;71;66m  [38;2;41;74;75m  [38;2;58;96;87m██[38;2;95;95;86m██[38;2;230;133;117m██[38;2;231;190;157m██[38;2;232;185;153m██[38;2;231;185;153m██[38;2;213;126;116m██[38;2;131;86;82m██[38;2;74;91;110m██[38;2;67;89;118m██[38;2;83;106;129m██[38;2;83;105;129m██[38;2;83;106;129m██[38;2;82;105;128m██[38;2;81;104;127m██[38;2;71;86;114m██[38;2;63;80;85m  [38;2;46;47;44m  [38;2;0;0;0m        [38;2;223;213;124m  [38;2;73;73;0m  [38;2;0;0;0m                      
[38;2;0;0;0m  [38;2;190;176;86m  [38;2;4;5;2m  [38;2;110;112;44m  [38;2;119;137;39m  [38;2;215;111;100m  [38;2;233;183;151m██[38;2;231;185;153m████[38;2;232;185;154m██[38;2;230;179;151m██[38;2;218;128;121m██[38;2;27;73;74m██[38;2;119;111;152m██[38;2;76;93;119m██[38;2;83;106;129m████[38;2;81;104;127m██[38;2;90;118;136m██[38;2;83;106;129m██[38;2;82;104;127m██[38;2;79;100;124m██[38;2;77;96;121m  [38;2;60;75;43m  [38;2;45;45;0m  [38;2;0;0;0m      [38;2;188;188;115m  [38;2;157;157;0m  [38;2;0;0;0m                      
[38;2;0;0;0m  [38;2;199;199;33m  [38;2;15;15;15m  [38;2;114;111;82m  [38;2;230;185;153m  [38;2;231;185;153m██[38;2;232;186;154m████[38;2;232;187;154m██[38;2;223;157;143m██[38;2;221;135;127m██[38;2;63;83;105m██[38;2;72;86;114m██[38;2;76;94;118m██[38;2;81;104;127m██[38;2;87;113;132m██[38;2;101;135;146m██[38;2;107;145;155m██[38;2;106;143;152m██[38;2;99;133;145m██[38;2;83;105;129m██[38;2;82;104;128m██[38;2;79;100;124m██[38;2;71;92;104m  [38;2;9;35;35m  [38;2;0;0;0m      [38;2;43;12;0m  [38;2;80;72;40m  [38;2;0;0;0m                      
[38;2;0;0;0m  [38;2;46;46;46m  [38;2;128;120;91m  [38;2;230;185;153m  [38;2;232;186;154m██[38;2;232;185;154m██[38;2;232;187;154m██[38;2;224;164;145m██[38;2;219;146;138m██[38;2;221;134;125m██[38;2;83;86;111m██[38;2;72;87;113m██[38;2;76;95;121m██[38;2;88;110;122m██[38;2;77;83;80m██[38;2;82;94;94m██[38;2;72;74;71m██[38;2;98;127;134m██[38;2;82;94;94m██[38;2;107;143;153m██[38;2;106;142;152m██[38;2;82;106;129m██[38;2;81;102;127m██[38;2;80;101;126m  [38;2;60;70;33m  [38;2;0;0;0m      [38;2;211;112;0m  [38;2;214;201;113m  [38;2;0;0;0m                      
[38;2;0;0;0m    [38;2;162;110;98m  [38;2;221;160;149m██[38;2;231;184;153m██[38;2;225;164;146m██[38;2;219;146;138m██[38;2;219;147;138m██[38;2;218;116;111m██[38;2;67;87;132m██[38;2;72;87;113m██[38;2;74;91;117m██[38;2;60;64;71m██[38;2;101;134;141m██[38;2;90;111;114m██[38;2;101;134;141m██[38;2;73;75;72m██[38;2;108;147;157m██[38;2;79;88;88m██[38;2;108;148;157m██[38;2;107;144;153m██[38;2;108;145;154m██[38;2;86;111;132m██[38;2;80;102;125m██[38;2;63;83;79m  [38;2;11;11;0m  [38;2;0;0;0m      [38;2;161;148;86m  [38;2;0;0;0m                      
[38;2;0;0;0m  [38;2;127;71;71m  [38;2;219;121;112m  [38;2;222;125;118m  [38;2;219;140;132m  [38;2;218;144;136m  [38;2;219;112;107m  [38;2;215;139;133m  [38;2;215;127;122m  [38;2;68;97;135m  [38;2;61;86;131m  [38;2;78;99;119m  [38;2;59;61;67m██[38;2;77;84;82m██[38;2;96;123;128m██[38;2;93;115;119m██[38;2;106;141;150m██[38;2;79;88;87m██[38;2;107;145;155m██[38;2;107;144;153m████████[38;2;93;122;139m██[38;2;78;100;120m  [38;2;8;10;4m  [38;2;0;0;0m      [38;2;159;159;146m  [38;2;18;14;7m  [38;2;0;0;0m                    
[38;2;0;0;0m    [38;2;45;47;1m  [38;2;61;70;16m  [38;2;29;80;28m  [38;2;64;97;43m  [38;2;51;82;28m  [38;2;54;147;3m  [38;2;63;90;115m  [38;2;64;83;69m  [38;2;2;2;1m  [38;2;21;26;13m  [38;2;72;94;107m  [38;2;85;112;137m██[38;2;65;81;102m██[38;2;98;127;135m██[38;2;108;145;152m██[38;2;106;142;152m██[38;2;106;143;153m██[38;2;106;144;152m██[38;2;107;144;153m██[38;2;106;144;153m██[38;2;107;143;152m██[38;2;98;129;144m██[38;2;83;108;131m  [38;2;41;52;29m  [38;2;0;0;0m        [38;2;112;106;61m  [38;2;0;0;0m                    
[38;2;0;0;0m      [38;2;120;120;59m  [38;2;18;18;6m  [38;2;13;13;13m  [38;2;19;19;17m  [38;2;5;5;0m  [38;2;12;14;5m  [38;2;0;25;0m  [38;2;0;0;0m  [38;2;4;4;4m  [38;2;28;30;8m  [38;2;90;120;139m  [38;2;82;105;129m██[38;2;80;105;132m██[38;2;82;106;130m██[38;2;82;107;131m██[38;2;82;109;136m██[38;2;86;117;142m██[38;2;92;129;151m██[38;2;98;136;154m██[38;2;105;142;154m██[38;2;84;108;131m██[38;2;82;106;129m██[38;2;63;84;71m  [38;2;59;59;59m  [38;2;0;0;0m    [38;2;136;136;0m  [38;2;246;231;105m  [38;2;0;0;0m                    
[38;2;0;0;0m      [38;2;236;231;156m  [38;2;0;0;0m                [38;2;17;17;17m  [38;2;72;82;33m  [38;2;107;144;153m  [38;2;101;136;147m██[38;2;90;119;136m██[38;2;81;106;130m██[38;2;80;106;132m██[38;2;80;106;133m██[38;2;81;106;132m██[38;2;82;107;131m██[38;2;80;105;131m██[38;2;83;108;130m████[38;2;74;98;109m  [38;2;6;6;6m  [38;2;0;0;0m    [38;2;136;124;57m  [38;2;44;39;27m  [38;2;0;0;0m                    
[38;2;0;0;0m      [38;2;116;116;66m  [38;2;0;0;0m                  [38;2;150;151;77m  [38;2;80;110;143m  [38;2;102;136;148m██[38;2;111;148;156m██[38;2;112;150;157m██[38;2;110;147;155m██[38;2;101;135;148m██[38;2;95;125;140m██[38;2;65;98;144m██[38;2;84;109;130m██[38;2;84;108;131m████[38;2;83;107;128m  [38;2;4;4;4m  [38;2;96;96;51m  [38;2;238;231;134m  [38;2;43;43;30m  [38;2;0;0;0m                      
[38;2;0;0;0m        [38;2;164;161;69m  [38;2;0;0;0m                [38;2;19;19;233m  [38;2;83;114;140m  [38;2;89;117;136m██[38;2;104;141;156m██[38;2;104;141;158m██[38;2;100;138;159m██[38;2;76;114;157m██[38;2;72;101;137m██[38;2;83;109;131m██████[38;2;84;109;131m██[38;2;83;108;131m  [38;2;112;121;81m  [38;2;0;0;0m                            
[38;2;0;0;0m        [38;2;241;229;134m  [38;2;0;0;0m                  [38;2;62;77;59m  [38;2;56;89;146m  [38;2;86;112;130m██[38;2;84;110;131m██[38;2;84;110;133m██[38;2;83;110;133m██[38;2;84;110;133m██████[38;2;84;110;132m████  [38;2;82;86;58m  [38;2;2;2;2m  [38;2;0;0;0m                          
[38;2;0;0;0m        [38;2;108;107;51m  [38;2;0;0;0m                [38;2;104;104;0m  [38;2;61;79;55m  [38;2;82;108;130m  [38;2;84;112;133m██[38;2;75;106;140m██[38;2;85;112;134m██[38;2;85;111;134m██████[38;2;85;111;133m████[38;2;84;111;133m██[38;2;84;110;133m  [38;2;81;82;52m  [38;2;3;3;3m  [38;2;0;0;0m                          
[38;2;0;0;0m        [38;2;29;29;11m  [38;2;0;0;0m                [38;2;28;28;29m  [38;2;71;97;98m  [38;2;86;116;137m██[38;2;86;117;138m██[38;2;86;116;138m██████████[38;2;86;116;137m██[38;2;85;115;137m██[38;2;99;132;147m██[38;2;113;150;158m██[38;2;81;111;119m  [38;2;68;68;109m  [38;2;0;0;0m                          
[38;2;0;0;0m          [38;2;205;194;92m  [38;2;0;0;0m        [38;2;41;41;27m  [38;2;134;127;81m  [38;2;124;117;64m  [38;2;97;126;123m  [38;2;120;158;163m  [38;2;90;122;142m██[38;2;88;119;140m██████[38;2;86;117;140m██[38;2;87;121;146m██[38;2;101;137;157m██[38;2;118;156;165m██[38;2;123;160;165m██[38;2;121;158;163m██[38;2;119;156;161m  [38;2;71;103;132m  [38;2;28;94;94m  [38;2;0;0;0m                          
[38;2;0;0;0m          [38;2;49;49;0m  [38;2;67;62;38m  [38;2;53;53;35m  [38;2;206;178;117m  [38;2;188;178;109m  [38;2;98;73;48m  [38;2;12;12;12m  [38;2;76;103;108m  [38;2;91;124;145m██[38;2;123;160;166m██[38;2;124;162;166m██[38;2;90;125;148m██[38;2;99;136;157m██[38;2;117;155;165m██[38;2;123;161;165m██[38;2;118;156;164m  [38;2;114;151;164m  [38;2;114;152;166m  [38;2;126;164;169m  [38;2;129;167;172m  [38;2;126;157;162m  [38;2;59;75;80m  [38;2;0;4;4m  [38;2;0;0;0m                          
[38;2;0;0;0m            [38;2;1;1;0m  [38;2;0;0;0m          [38;2;82;101;102m  [38;2;95;128;149m  [38;2;127;164;170m  [38;2;124;161;166m  [38;2;123;162;167m  [38;2;123;161;166m  [38;2;131;170;174m  [38;2;133;170;173m  [38;2;139;172;170m  [38;2;127;149;155m  [38;2;14;14;16m  [38;2;10;140;140m  [38;2;131;165;165m  [38;2;169;169;169m  [38;2;0;0;0m                              [0m
