
[38;2;0;0;0m              [38;2;89;89;89m  [38;2;111;111;111m  [38;2;208;208;208m  [38;2;239;239;239m  [38;2;244;244;244m  [38;2;241;241;241m    [38;2;245;244;244m  [38;2;241;241;241m  [38;2;227;227;227m  [38;2;202;202;202m  [38;2;78;78;78m  [38;2;70;70;70m  [38;2;0;0;0m              
[38;2;0;0;0m            [38;2;136;136;136m  [38;2;189;189;189m  [38;2;252;252;252m  [38;2;243;243;243m██[38;2;244;244;244m██[38;2;242;242;242m██[38;2;242;240;241m██████[38;2;242;239;241m██[38;2;241;240;241m██[38;2;242;240;241m██[38;2;241;239;240m  [38;2;230;227;228m  [38;2;73;73;73m  [38;2;64;64;64m  [38;2;0;0;0m          
[38;2;0;0;0m          [38;2;97;97;97m  [38;2;190;190;190m  [38;2;249;249;249m██[38;2;246;246;246m██[38;2;251;251;251m████[38;2;226;226;226m██[38;2;241;239;240m██[38;2;243;241;242m██[38;2;241;240;241m██[38;2;241;239;240m██[38;2;242;240;241m██████[38;2;241;239;240m██[38;2;242;240;241m  [38;2;203;203;203m  [38;2;22;22;22m  [38;2;0;0;0m        
[38;2;0;0;0m        [38;2;160;160;160m  [38;2;202;202;202m  [38;2;247;247;247m██[38;2;246;246;246m████[38;2;243;243;243m██[38;2;236;236;236m██[38;2;237;238;239m██[38;2;242;239;241m██[38;2;242;240;241m██[38;2;241;240;240m██[38;2;240;240;240m██[38;2;207;207;207m██[38;2;248;246;247m██[38;2;245;243;244m██[38;2;217;215;216m██[38;2;245;244;244m██[38;2;209;209;209m██[38;2;206;206;206m  [38;2;34;34;34m  [38;2;0;0;0m      
[38;2;0;0;0m        [38;2;131;131;131m  [38;2;248;248;248m██[38;2;246;246;246m██[38;2;171;180;186m██[38;2;241;243;240m██[38;2;208;207;206m██[38;2;40;33;21m██[38;2;205;174;97m██[38;2;226;195;100m██[38;2;227;192;98m██[38;2;220;187;107m██[38;2;242;243;238m██[38;2;133;143;144m██[38;2;222;220;221m██[38;2;241;239;240m██[38;2;228;228;228m██[38;2;243;243;243m██[38;2;250;250;250m██[38;2;246;246;246m██[38;2;204;204;204m  [38;2;0;0;0m      
[38;2;0;0;0m      [38;2;94;94;94m  [38;2;196;196;196m  [38;2;246;246;246m██[38;2;237;237;236m██[38;2;210;225;235m██[38;2;234;233;231m██[38;2;173;153;149m██[38;2;85;79;76m██[38;2;217;181;92m██[38;2;217;182;90m██[38;2;217;182;88m██[38;2;215;181;88m██[38;2;231;229;232m██[38;2;153;146;142m██[38;2;190;188;189m██[38;2;241;239;240m██[38;2;208;207;204m██[38;2;248;248;248m██[38;2;242;242;242m██[38;2;224;224;224m██[38;2;246;246;246m  [38;2;239;239;239m  [38;2;0;0;0m    
[38;2;0;0;0m      [38;2;202;203;208m  [38;2;243;245;244m  [38;2;244;243;243m██[38;2;204;209;212m██[38;2;176;176;178m██[38;2;233;231;235m██[38;2;204;186;187m██[38;2;90;106;105m██[38;2;214;180;103m██[38;2;217;181;97m██[38;2;214;180;89m██[38;2;215;180;87m██[38;2;132;140;142m██[38;2;198;201;201m██[38;2;154;145;146m██[38;2;234;232;232m██[38;2;178;184;188m██[38;2;248;248;248m██[38;2;243;241;242m██[38;2;213;213;213m██[38;2;245;245;245m██[38;2;213;213;213m  [38;2;0;0;0m    
[38;2;0;0;0m    [38;2;110;110;110m  [38;2;59;80;95m  [38;2;242;242;243m██[38;2;245;244;245m██[38;2;113;147;161m██[38;2;178;167;164m██[38;2;153;138;135m██[38;2;171;148;142m██[38;2;139;128;89m██[38;2;225;204;127m██[38;2;235;216;133m██[38;2;90;81;54m██[38;2;109;96;67m██[38;2;192;173;167m██[38;2;222;220;219m██[38;2;181;156;153m██[38;2;203;205;204m██[38;2;129;146;153m██[38;2;246;244;245m██[38;2;242;240;241m██[38;2;230;228;229m██[38;2;242;240;241m██[38;2;93;108;120m  [38;2;90;90;90m  [38;2;0;0;0m  
[38;2;0;0;0m    [38;2;97;93;97m  [38;2;167;103;110m  [38;2;240;240;241m██[38;2;200;197;199m██[38;2;123;158;174m██[38;2;212;206;204m██[38;2;225;213;202m██[38;2;239;228;223m██[38;2;93;79;52m██[38;2;226;204;130m██[38;2;107;90;53m██[38;2;243;218;138m██[38;2;56;48;35m██[38;2;211;198;190m██[38;2;180;173;169m██[38;2;211;196;187m██[38;2;139;137;138m██[38;2;104;113;120m██[38;2;239;236;239m██[38;2;241;239;240m██[38;2;240;238;239m██[38;2;176;174;175m  [38;2;72;96;112m  [38;2;150;157;162m  [38;2;0;0;0m  
[38;2;0;0;0m  [38;2;156;156;156m  [38;2;169;172;175m  [38;2;212;211;211m██[38;2;244;241;241m██[38;2;174;163;159m██[38;2;248;230;216m██[38;2;250;232;218m██[38;2;249;231;216m██[38;2;231;214;205m██[38;2;157;145;137m██[38;2;124;115;100m██[38;2;113;100;75m██[38;2;123;113;74m██[38;2;253;239;230m██[38;2;251;234;219m██[38;2;250;234;219m██[38;2;249;233;219m██[38;2;160;151;145m██[38;2;161;139;138m██[38;2;216;216;216m██[38;2;242;239;241m██[38;2;243;241;242m██[38;2;249;248;248m██[38;2;180;113;116m  [38;2;102;95;100m  [38;2;142;142;142m  
[38;2;0;0;0m  [38;2;170;170;170m  [38;2;215;215;218m  [38;2;241;239;240m██[38;2;243;242;243m██[38;2;198;176;172m██[38;2;226;214;204m██[38;2;42;38;37m██[38;2;91;89;89m██[38;2;47;44;44m██[38;2;216;199;188m██[38;2;249;232;221m██[38;2;250;233;219m██[38;2;250;233;217m██[38;2;251;234;223m██[38;2;116;112;104m██[38;2;88;82;79m██[38;2;194;184;175m██[38;2;247;231;213m██[38;2;172;156;155m██[38;2;170;168;169m██[38;2;242;240;241m██[38;2;242;241;241m██[38;2;212;213;212m██[38;2;151;79;85m██[38;2;165;142;144m██[38;2;195;195;195m  
[38;2;106;106;106m  [38;2;162;163;164m  [38;2;180;179;180m██[38;2;238;236;237m██[38;2;234;232;232m██[38;2;190;178;173m██[38;2;139;134;140m██[38;2;145;142;143m██[38;2;73;90;104m██[38;2;85;86;85m██[38;2;194;178;167m██[38;2;250;233;218m██[38;2;250;234;217m██[38;2;249;232;216m██[38;2;185;180;182m██[38;2;146;141;144m██[38;2;43;42;44m██[38;2;209;201;209m██[38;2;30;24;23m██[38;2;204;196;191m██[38;2;186;184;185m██[38;2;242;240;241m██[38;2;241;240;240m██[38;2;153;153;153m██[38;2;151;151;151m██[38;2;192;204;208m██[38;2;176;176;174m  
[38;2;0;0;0m  [38;2;171;171;171m  [38;2;170;169;169m██[38;2;234;232;233m██[38;2;221;219;220m██[38;2;198;190;187m██[38;2;230;229;229m██[38;2;35;122;174m██[38;2;24;33;42m██[38;2;20;72;103m██[38;2;250;233;225m██[38;2;251;233;217m██[38;2;251;233;218m██[38;2;250;233;218m██[38;2;232;233;233m██[38;2;206;224;234m██[38;2;14;34;51m██[38;2;19;59;85m██[38;2;209;204;210m██[38;2;142;143;141m██[38;2;234;232;233m██[38;2;242;240;241m██[38;2;241;239;240m██[38;2;156;154;155m██[38;2;155;156;156m██[38;2;153;173;185m██[38;2;206;203;206m  
[38;2;0;0;0m  [38;2;108;108;108m  [38;2;204;204;204m  [38;2;227;225;226m██[38;2;214;212;213m██[38;2;182;172;167m██[38;2;235;224;212m██[38;2;90;105;112m██[38;2;204;211;214m██[38;2;243;243;243m██[38;2;249;232;218m██[38;2;251;234;218m██[38;2;250;233;218m██[38;2;251;234;218m██[38;2;245;246;247m██[38;2;159;198;224m██[38;2;178;210;230m██[38;2;83;130;162m██[38;2;246;248;248m██[38;2;97;93;91m██[38;2;245;240;245m██[38;2;242;240;240m██[38;2;242;240;241m██[38;2;157;156;156m██[38;2;166;165;165m██[38;2;143;159;165m██[38;2;180;180;180m  
[38;2;0;0;0m  [38;2;52;52;52m  [38;2;163;163;163m  [38;2;222;220;221m██[38;2;206;204;205m██[38;2;236;202;197m██[38;2;247;209;202m██[38;2;250;233;218m██[38;2;249;232;216m██[38;2;250;234;217m██[38;2;250;232;219m██[38;2;250;233;217m██[38;2;251;234;217m██[38;2;251;234;218m██[38;2;247;237;225m██[38;2;224;220;213m██[38;2;160;160;156m██[38;2;249;247;245m██[38;2;229;217;207m██[38;2;166;144;140m██[38;2;242;240;240m████[38;2;242;240;241m██[38;2;178;176;177m██[38;2;213;213;214m██[38;2;199;198;201m  [38;2;75;75;75m  
[38;2;0;0;0m  [38;2;201;201;201m  [38;2;185;185;185m  [38;2;197;196;195m██[38;2;183;177;170m██[38;2;243;179;181m██[38;2;232;183;180m██[38;2;249;233;217m██[38;2;251;234;218m██████████████[38;2;250;234;218m██[38;2;248;228;213m██[38;2;239;171;174m██[38;2;200;181;180m██[38;2;221;219;219m██[38;2;238;236;237m████[38;2;229;227;228m██[38;2;208;209;209m██[38;2;220;220;220m██[38;2;101;101;101m  [38;2;0;0;0m  
[38;2;62;62;62m  [38;2;185;185;185m  [38;2;102;102;102m  [38;2;190;188;188m██[38;2;204;194;188m██[38;2;251;232;218m██[38;2;224;206;192m██[38;2;250;233;217m██[38;2;251;234;218m██[38;2;251;233;218m██[38;2;251;233;217m██[38;2;251;234;217m██[38;2;251;234;218m████████[38;2;250;234;217m██[38;2;215;186;179m██[38;2;245;213;204m██[38;2;212;211;214m██[38;2;231;231;232m██[38;2;233;231;232m██[38;2;234;232;233m██[38;2;212;211;211m██[38;2;220;220;220m  [38;2;105;105;105m  [38;2;0;0;0m  
[38;2;187;187;187m  [38;2;13;13;13m  [38;2;96;96;96m  [38;2;194;194;194m██[38;2;136;141;145m██[38;2;249;233;217m██[38;2;251;234;217m██[38;2;251;234;218m██[38;2;250;233;218m██[38;2;228;210;198m██[38;2;247;229;216m██[38;2;227;209;197m██[38;2;206;188;176m██[38;2;254;246;235m██[38;2;248;232;215m██[38;2;251;234;218m████[38;2;249;232;219m██[38;2;202;199;189m██[38;2;208;216;228m██[38;2;224;224;224m██[38;2;225;223;224m██[38;2;214;212;213m██[38;2;219;218;219m██[38;2;187;187;187m  [38;2;104;104;104m  [38;2;0;0;0m  
[38;2;124;124;124m  [38;2;0;0;0m  [38;2;101;101;101m  [38;2;198;197;196m██[38;2;127;158;188m██[38;2;243;231;214m██[38;2;250;233;216m██[38;2;251;234;218m██[38;2;250;234;218m██[38;2;250;233;217m██[38;2;251;234;217m██[38;2;250;234;217m██[38;2;251;234;217m██[38;2;251;236;220m██[38;2;250;233;217m██[38;2;251;234;218m██[38;2;251;233;217m██[38;2;248;235;223m██[38;2;175;159;156m██[38;2;125;152;177m██[38;2;215;214;214m██[38;2;219;219;219m██[38;2;218;217;218m██[38;2;215;215;215m██[38;2;208;208;208m  [38;2;133;133;133m  [38;2;0;0;0m  
[38;2;0;0;0m    [38;2;106;106;106m  [38;2;220;220;220m██[38;2;171;186;197m██[38;2;60;98;138m██[38;2;247;232;221m██[38;2;249;234;218m██[38;2;250;234;218m██[38;2;251;233;218m██[38;2;250;234;218m██[38;2;250;233;218m████████[38;2;250;234;218m██[38;2;251;233;217m██[38;2;227;225;222m██[38;2;190;173;172m██[38;2;160;183;204m██[38;2;209;206;210m██[38;2;203;201;202m██[38;2;187;187;187m██[38;2;215;215;215m██[38;2;188;188;188m██[38;2;143;143;143m  [38;2;43;43;43m  
[38;2;0;0;0m    [38;2;63;63;63m  [38;2;225;225;225m  [38;2;193;193;195m██[38;2;65;111;155m██[38;2;150;151;150m██[38;2;231;217;204m██[38;2;251;233;217m██[38;2;250;234;218m██████[38;2;250;233;218m██[38;2;250;234;218m██[38;2;251;234;218m██[38;2;250;233;217m██[38;2;206;199;190m██[38;2;248;229;216m██[38;2;159;181;202m██[38;2;176;185;199m██[38;2;206;204;205m██[38;2;141;140;140m██[38;2;155;155;155m██[38;2;219;219;219m██[38;2;169;169;169m██[38;2;105;105;105m  [38;2;0;0;0m  
[38;2;0;0;0m    [38;2;76;76;76m  [38;2;178;178;178m  [38;2;196;195;194m██[38;2;86;138;177m██[38;2;142;141;140m██[38;2;166;165;166m██[38;2;172;163;154m██[38;2;251;233;216m██[38;2;249;234;218m██[38;2;250;234;218m██████[38;2;250;233;218m██[38;2;182;169;154m██[38;2;250;236;215m██[38;2;182;167;160m██[38;2;80;128;174m██[38;2;196;194;196m██[38;2;200;199;199m██[38;2;175;175;175m██[38;2;166;166;166m██[38;2;220;220;220m  [38;2;185;185;185m  [38;2;158;158;158m  [38;2;0;0;0m  
[38;2;0;0;0m      [38;2;187;187;187m  [38;2;189;189;190m██[38;2;132;165;183m██[38;2;125;124;123m██[38;2;166;166;166m██[38;2;161;160;161m██[38;2;145;144;144m██[38;2;185;175;166m██[38;2;243;223;211m██[38;2;250;234;218m██[38;2;252;234;219m██[38;2;246;227;213m██[38;2;215;182;172m██[38;2;132;100;92m██[38;2;118;146;170m██[38;2;176;188;199m██[38;2;197;197;197m██[38;2;154;154;154m██[38;2;161;161;161m██[38;2;166;166;166m██[38;2;216;216;216m  [38;2;55;55;55m  [38;2;203;203;203m  [38;2;0;0;0m  
[38;2;0;0;0m      [38;2;98;98;98m  [38;2;170;170;170m  [38;2;148;149;149m██[38;2;131;144;154m██[38;2;169;169;169m██[38;2;162;162;162m██[38;2;138;137;137m██[38;2;159;161;161m██[38;2;215;159;146m██[38;2;219;158;146m██[38;2;221;158;147m██[38;2;218;157;146m██[38;2;213;156;144m██[38;2;164;157;155m██[38;2;107;146;176m██[38;2;176;173;173m██[38;2;165;165;165m██[38;2;150;150;150m██[38;2;167;167;167m██[38;2;166;166;166m██[38;2;205;205;205m  [38;2;114;114;114m  [38;2;199;199;199m  [38;2;81;81;81m  
[38;2;0;0;0m    [38;2;29;29;29m  [38;2;155;155;155m  [38;2;68;68;68m  [38;2;140;141;142m  [38;2;119;145;162m██[38;2;162;163;163m██[38;2;161;161;161m██[38;2;142;140;140m██[38;2;222;177;168m██[38;2;218;168;159m██[38;2;217;158;147m██[38;2;220;158;146m██[38;2;184;137;127m██[38;2;203;162;149m██[38;2;109;157;182m██[38;2;147;145;147m██[38;2;202;201;202m██[38;2;216;216;216m██[38;2;218;218;218m██[38;2;162;162;162m██[38;2;166;166;166m██[38;2;163;163;163m  [38;2;147;147;147m  [38;2;116;116;116m  [38;2;125;125;125m  
[38;2;0;0;0m  [38;2;126;126;126m  [38;2;174;174;174m  [38;2;85;85;85m  [38;2;170;170;170m  [38;2;194;193;193m  [38;2;232;233;229m  [38;2;161;163;164m██[38;2;165;165;165m██[38;2;148;148;149m██[38;2;185;176;166m██[38;2;245;233;219m██[38;2;249;232;220m██[38;2;252;232;219m██[38;2;201;197;192m██[38;2;126;132;146m██[38;2;152;153;151m██[38;2;254;254;254m██[38;2;179;179;179m██[38;2;167;167;167m██[38;2;250;250;250m  [38;2;153;154;152m██[38;2;166;166;166m██[38;2;136;136;136m  [38;2;113;113;113m  [38;2;0;0;0m  [38;2;164;164;164m  
[38;2;0;0;0m        [38;2;170;170;158m  [38;2;136;151;165m  [38;2;54;118;158m██[38;2;178;185;194m  [38;2;233;232;231m  [38;2;156;160;162m██[38;2;230;233;234m██[38;2;163;156;152m██[38;2;253;238;226m██[38;2;253;242;228m██[38;2;202;203;205m██[38;2;254;254;254m██[38;2;188;188;188m██[38;2;178;178;178m██[38;2;243;243;243m██[38;2;246;248;249m  [38;2;101;119;132m  [38;2;144;149;152m██[38;2;166;166;166m██[38;2;179;179;179m  [38;2;197;197;197m  [38;2;0;0;0m  [38;2;120;120;120m  
[38;2;0;0;0m        [38;2;170;170;170m  [38;2;76;120;153m  [38;2;52;116;159m██[38;2;29;69;100m██[38;2;46;98;136m██[38;2;88;108;120m  [38;2;252;252;252m  [38;2;240;241;238m██[38;2;128;122;112m██[38;2;130;131;128m██[38;2;160;161;161m██[38;2;229;225;224m██[38;2;254;254;254m██  [38;2;149;162;169m  [38;2;30;75;106m  [38;2;53;115;156m██[38;2;97;115;129m██[38;2;163;163;164m██[38;2;179;179;179m  [38;2;185;185;185m  [38;2;87;87;87m  [38;2;0;0;0m  
[38;2;0;0;0m        [38;2;140;145;145m  [38;2;54;112;155m  [38;2;52;116;160m██[38;2;48;107;147m██[38;2;54;114;159m██[38;2;80;112;135m██[38;2;36;73;99m██[38;2;35;71;99m██[38;2;120;131;139m██[38;2;43;65;92m██[38;2;29;64;89m██[38;2;37;77;106m██[38;2;49;109;149m██[38;2;56;113;153m██[38;2;32;76;99m██[38;2;50;117;159m██[38;2;52;116;159m██[38;2;47;92;125m██[38;2;195;196;195m██[38;2;121;121;121m  [38;2;80;80;80m  [38;2;101;101;101m  [38;2;0;0;0m  
[38;2;0;0;0m        [38;2;81;102;118m  [38;2;52;115;158m██[38;2;52;115;160m██[38;2;55;113;153m██[38;2;52;116;159m██[38;2;119;140;150m██[38;2;58;114;156m██[38;2;25;37;49m██[38;2;36;79;108m██[38;2;36;84;123m██[38;2;52;103;139m██[38;2;49;104;141m██[38;2;52;116;159m██[38;2;52;116;158m██[38;2;32;77;105m██[38;2;53;115;158m██[38;2;53;115;159m██[38;2;41;94;128m██[38;2;217;216;216m  [38;2;75;75;75m  [38;2;0;0;0m  [38;2;64;64;64m  [38;2;0;0;0m  
[38;2;0;0;0m        [38;2;66;117;149m  [38;2;52;116;158m██[38;2;53;113;154m██[38;2;53;115;155m██[38;2;52;116;159m██[38;2;139;151;163m██[38;2;54;116;161m██[38;2;52;117;156m██[38;2;53;116;159m██[38;2;53;114;158m██[38;2;53;110;148m██[38;2;58;104;133m██[38;2;52;116;159m████[38;2;41;94;130m██[38;2;52;116;159m████[38;2;32;80;112m██[38;2;188;192;195m  [38;2;0;0;0m        
[38;2;0;0;0m      [38;2;24;24;48m  [38;2;51;115;160m  [38;2;33;82;112m  [38;2;34;77;107m  [38;2;55;112;155m  [38;2;52;115;159m  [38;2;133;147;156m  [38;2;54;115;160m  [38;2;52;115;159m  [38;2;52;114;159m  [38;2;51;115;159m  [38;2;52;115;159m  [38;2;93;122;142m  [38;2;52;115;159m  [38;2;52;114;160m  [38;2;50;108;146m  [38;2;52;115;159m    [38;2;32;74;102m  [38;2;137;164;179m  [38;2;0;0;0m        [0m
