
[38;2;122;42;55m    [38;2;123;42;55m  [38;2;122;43;55m  [38;2;123;43;55m  [38;2;123;65;73m  [38;2;121;83;88m  [38;2;111;65;71m  [38;2;68;35;36m  [38;2;201;199;199m██[38;2;222;230;229m██[38;2;209;226;225m██[38;2;211;226;226m████████[38;2;211;225;225m██[38;2;211;226;226m██[38;2;212;225;225m██[38;2;213;225;225m██[38;2;212;223;223m██[38;2;213;226;226m██[38;2;213;226;224m██[38;2;234;225;226m██[38;2;80;56;59m  [38;2;78;37;37m  [38;2;124;84;85m  [38;2;97;56;60m        [38;2;97;56;59m  
[38;2;122;42;55m  [38;2;122;43;55m  [38;2;122;43;54m  [38;2;123;43;55m  [38;2;122;43;55m  [38;2;123;65;73m  [38;2;121;84;89m  [38;2;69;37;41m  [38;2;242;244;244m██[38;2;212;221;224m██[38;2;215;225;227m██[38;2;212;225;226m██[38;2;213;225;225m████[38;2;213;226;226m████████[38;2;213;225;225m██[38;2;211;225;225m██[38;2;211;226;226m██[38;2;212;225;226m██[38;2;216;224;226m██[38;2;214;226;227m██[38;2;207;228;226m██[38;2;213;203;204m  [38;2;106;69;69m  [38;2;97;56;60m    [38;2;97;55;60m    [38;2;97;56;60m  
[38;2;123;43;55m  [38;2;123;43;54m  [38;2;122;43;55m  [38;2;123;43;55m    [38;2;123;65;72m  [38;2;110;79;86m  [38;2;234;251;252m██[38;2;188;194;194m██[38;2;215;227;227m██[38;2;212;224;224m██[38;2;213;225;225m██[38;2;213;226;226m████[38;2;214;225;225m██[38;2;215;227;227m██[38;2;214;226;226m██[38;2;215;227;227m██[38;2;213;225;226m██[38;2;213;226;226m██[38;2;214;226;226m██[38;2;214;227;227m██[38;2;211;222;223m██[38;2;208;218;219m██[38;2;208;226;226m██[38;2;251;250;249m██[38;2;243;236;236m██[38;2;104;71;71m  [38;2;96;52;56m  [38;2;128;70;76m      
[38;2;122;43;54m  [38;2;123;43;55m    [38;2;122;43;55m    [38;2;216;148;162m  [38;2;238;220;229m██[38;2;159;137;148m██[38;2;216;223;223m██[38;2;241;251;251m██[38;2;212;224;224m██[38;2;214;226;226m████[38;2;212;224;224m██[38;2;214;226;226m██[38;2;213;225;225m██[38;2;216;228;228m██[38;2;217;229;229m██[38;2;213;225;225m██[38;2;213;226;226m██[38;2;215;227;227m██[38;2;215;226;226m██[38;2;227;234;236m██[38;2;239;250;251m██[38;2;190;209;208m██[38;2;201;222;218m██[38;2;208;229;227m██[38;2;168;147;151m  [38;2;94;34;40m  [38;2;135;73;80m      
[38;2;103;27;40m          [38;2;169;70;101m██[38;2;136;47;75m██[38;2;252;173;197m██[38;2;236;228;231m██[38;2;214;226;226m██[38;2;209;221;221m██[38;2;229;241;241m██[38;2;205;217;217m██[38;2;244;254;254m██[38;2;211;223;223m██[38;2;234;246;246m██[38;2;217;229;229m██[38;2;229;241;241m██[38;2;211;223;223m██[38;2;214;226;226m██[38;2;234;246;246m██[38;2;216;228;228m██[38;2;210;221;222m██[38;2;245;254;254m██[38;2;221;226;229m██[38;2;200;213;212m██[38;2;203;229;226m██[38;2;214;198;205m██[38;2;213;153;165m  [38;2;135;73;80m  [38;2;134;73;80m  [38;2;134;72;80m  
[38;2;105;66;70m        [38;2;122;89;92m  [38;2;203;199;202m██[38;2;202;105;138m██[38;2;140;85;101m██[38;2;228;241;240m██[38;2;184;198;197m██[38;2;223;233;234m██[38;2;217;231;232m██[38;2;211;223;223m██[38;2;240;252;252m██[38;2;242;253;253m██[38;2;240;251;251m██[38;2;214;226;226m██[38;2;240;251;251m██[38;2;230;241;241m██[38;2;213;225;225m██[38;2;229;241;241m██[38;2;221;234;234m██[38;2;211;224;224m██[38;2;214;224;225m██[38;2;177;165;175m██[38;2;232;168;186m██[38;2;143;81;99m██[38;2;178;81;115m██[38;2;189;89;118m██[38;2;105;37;49m  [38;2;102;35;46m    
[38;2;126;82;85m        [38;2;124;101;106m  [38;2;177;190;188m██[38;2;183;180;185m██[38;2;224;225;229m██[38;2;219;227;229m██[38;2;212;227;226m██[38;2;213;224;225m██[38;2;152;168;170m██[38;2;214;227;227m██[38;2;238;250;250m██[38;2;233;245;245m██[38;2;237;249;249m██[38;2;213;225;225m██[38;2;220;232;232m██[38;2;212;224;224m██[38;2;214;226;226m██[38;2;213;225;225m████[38;2;215;224;226m██[38;2;213;225;225m██[38;2;201;187;197m██[38;2;234;147;168m██[38;2;210;99;130m██[38;2;155;93;115m██[38;2;131;79;97m██[38;2;88;31;41m  [38;2;87;31;41m    
[38;2;129;86;85m        [38;2;247;243;244m██[38;2;158;176;175m██[38;2;230;236;238m██[38;2;222;230;232m██[38;2;174;186;187m██[38;2;218;229;228m██[38;2;214;229;229m██[38;2;150;166;167m██[38;2;214;227;227m██[38;2;213;225;225m████[38;2;215;227;227m██[38;2;212;224;224m██[38;2;214;226;226m██[38;2;213;225;225m██[38;2;213;226;226m██████[38;2;215;223;225m██[38;2;211;228;227m██[38;2;217;226;228m██[38;2;144;72;97m██[38;2;211;104;136m██[38;2;159;142;150m██[38;2;148;163;160m██[38;2;126;108;109m  [38;2;118;78;81m    
[38;2;81;45;46m      [38;2;73;37;36m  [38;2;234;242;242m██[38;2;158;175;175m██[38;2;214;231;229m██[38;2;213;224;225m██[38;2;214;221;223m██[38;2;219;228;229m██[38;2;180;200;199m██[38;2;137;154;155m██[38;2;209;221;221m██[38;2;213;225;225m██[38;2;213;226;226m██[38;2;213;225;225m██[38;2;212;225;225m██[38;2;211;223;223m██[38;2;215;228;227m██[38;2;214;226;226m██[38;2;214;226;225m██[38;2;213;226;226m██[38;2;208;216;218m██[38;2;200;219;217m██[38;2;212;228;227m██[38;2;225;239;239m██[38;2;221;219;220m██[38;2;174;192;191m██[38;2;210;214;217m██[38;2;204;213;207m██[38;2;140;96;98m    
[38;2;63;23;26m      [38;2;109;84;85m  [38;2;219;232;231m██[38;2;204;214;213m██[38;2;215;227;227m██[38;2;185;197;197m██[38;2;214;226;226m██[38;2;216;225;227m██[38;2;148;172;169m██[38;2;159;184;181m██[38;2;189;200;199m██[38;2;212;224;222m██[38;2;214;226;224m██[38;2;214;226;225m██[38;2;213;226;226m██[38;2;208;224;223m██[38;2;217;232;231m██[38;2;216;228;226m██[38;2;214;226;224m██[38;2;215;227;225m██[38;2;179;188;189m██[38;2;216;227;228m██[38;2;213;225;225m██[38;2;199;215;214m██[38;2;213;223;224m██[38;2;203;220;219m██[38;2;228;237;239m██[38;2;211;208;211m██[38;2;129;87;88m    
[38;2;148;108;113m    [38;2;149;108;113m  [38;2;179;165;164m██[38;2;205;223;222m██[38;2;211;225;226m██[38;2;215;227;227m██[38;2;149;161;161m██[38;2;216;228;228m██[38;2;209;217;215m██[38;2;159;167;159m██[38;2;202;209;205m██[38;2;175;187;185m██[38;2;214;226;224m████[38;2;216;228;227m██[38;2;214;226;226m██[38;2;213;228;227m██[38;2;196;210;209m██[38;2;215;227;225m██[38;2;213;225;223m██[38;2;218;230;228m██[38;2;165;174;175m██[38;2;214;224;225m██[38;2;177;188;188m██[38;2;160;176;175m██[38;2;216;226;227m██[38;2;222;238;237m██[38;2;214;225;227m██[38;2;166;164;167m██[38;2;89;48;48m    
[38;2;77;45;50m      [38;2;226;219;218m██[38;2;195;218;217m██[38;2;212;228;229m██[38;2;216;227;227m██[38;2;169;182;181m██[38;2;177;189;189m██[38;2;224;227;225m██[38;2;175;170;157m██[38;2;219;210;206m██[38;2;165;177;175m██[38;2;211;224;222m██[38;2;214;225;223m██[38;2;213;225;225m██[38;2;210;222;222m██[38;2;213;229;228m██[38;2;157;172;171m██[38;2;215;227;225m██[38;2;214;226;224m██[38;2;206;219;216m██[38;2;140;149;151m██[38;2;216;226;226m██[38;2;185;196;197m██[38;2;161;178;177m██[38;2;216;226;227m██[38;2;237;253;252m██[38;2;208;221;222m██[38;2;135;136;138m██[38;2;65;26;25m  [38;2;115;68;67m  
[38;2;117;81;94m      [38;2;243;243;243m██[38;2;193;215;209m██[38;2;204;214;215m██[38;2;210;224;224m██[38;2;200;206;206m██[38;2;160;149;143m██[38;2;218;225;222m██[38;2;209;166;166m██[38;2;207;193;184m██[38;2;165;169;168m██[38;2;200;204;203m██[38;2;215;219;218m██[38;2;214;223;223m██[38;2;213;223;224m████[38;2;149;161;161m██[38;2;216;224;224m██[38;2;214;221;222m██[38;2;193;208;204m██[38;2;143;135;136m██[38;2;214;230;225m██[38;2;208;224;220m██[38;2;166;182;185m██[38;2;219;229;230m██[38;2;235;251;250m██[38;2;215;226;227m██[38;2;151;157;160m██[38;2;67;36;36m  [38;2;96;53;55m  
[38;2;77;45;50m      [38;2;237;243;241m██[38;2;193;212;208m██[38;2;184;197;197m██[38;2;205;198;206m██[38;2;181;205;195m██[38;2;233;165;170m██[38;2;217;222;218m██[38;2;227;183;182m██[38;2;177;161;150m██[38;2;170;172;169m██[38;2;215;217;214m██[38;2;214;216;213m██[38;2;219;220;218m██[38;2;217;222;218m██[38;2;201;205;201m██[38;2;148;148;146m██[38;2;188;199;195m██[38;2;213;222;219m██[38;2;180;188;185m██[38;2;173;147;151m██[38;2;207;216;211m██[38;2;217;228;224m██[38;2;162;176;179m██[38;2;218;232;232m██[38;2;231;245;245m██[38;2;215;225;227m██[38;2;176;184;185m██[38;2;82;55;53m  [38;2;52;14;15m  
[38;2;101;63;64m    [38;2;102;64;65m  [38;2;227;236;233m██[38;2;207;222;220m██[38;2;178;193;192m██[38;2;170;190;191m██[38;2;180;154;158m██[38;2;244;187;179m██[38;2;223;225;220m██[38;2;228;177;175m██[38;2;179;158;147m██[38;2;171;172;167m██[38;2;192;193;188m██[38;2;182;184;179m██[38;2;220;214;208m██[38;2;218;220;211m██[38;2;184;181;174m██[38;2;164;146;145m██[38;2;185;181;180m██[38;2;175;181;177m██[38;2;179;182;178m██[38;2;199;155;164m██[38;2;169;176;169m██[38;2;219;222;218m██[38;2;150;161;165m██[38;2;215;233;232m██[38;2;224;235;235m██[38;2;213;223;225m██[38;2;201;211;212m██[38;2;115;94;90m  [38;2;125;82;83m  
[38;2;93;62;64m    [38;2;100;72;74m  [38;2;213;227;227m████[38;2;180;194;194m██[38;2;143;156;155m██[38;2;243;190;187m██[38;2;246;205;191m██[38;2;218;201;209m██[38;2;143;119;115m██[38;2;247;194;186m██[38;2;196;183;181m██[38;2;190;188;181m██[38;2;188;187;178m██[38;2;187;187;178m██[38;2;195;190;183m██[38;2;92;80;79m██[38;2;146;125;126m██[38;2;173;169;166m██[38;2;205;196;198m██[38;2;181;189;181m██[38;2;193;165;157m██[38;2;161;132;135m██[38;2;211;221;214m██[38;2;133;144;148m██[38;2;223;235;235m██[38;2;225;237;237m██[38;2;205;217;217m██[38;2;211;223;224m██[38;2;169;150;149m  [38;2;58;16;20m  
[38;2;97;70;74m    [38;2;132;112;113m  [38;2;192;206;206m██[38;2;211;225;225m██[38;2;157;171;171m██[38;2;132;126;126m██[38;2;208;167;161m██[38;2;120;90;84m██[38;2;113;73;78m██[38;2;218;204;193m██[38;2;238;180;166m██[38;2;198;177;174m██[38;2;174;161;157m██[38;2;195;187;184m██[38;2;196;188;182m██[38;2;193;187;179m██[38;2;196;187;184m██[38;2;213;189;188m██[38;2;181;146;147m██[38;2;196;179;185m██[38;2;189;182;184m██[38;2;203;177;176m██[38;2;221;184;184m██[38;2;173;182;174m██[38;2;133;144;148m██[38;2;221;232;233m██[38;2;218;230;230m██[38;2;190;200;201m██[38;2;227;238;238m██[38;2;192;177;175m██[38;2;78;38;42m  
[38;2;112;78;83m    [38;2;214;209;209m██[38;2;178;192;192m██[38;2;216;230;230m██[38;2;141;155;155m██[38;2;186;148;147m██[38;2;232;188;186m██[38;2;113;65;79m██[38;2;99;58;58m██[38;2;170;134;135m██[38;2;235;183;170m██[38;2;215;178;169m██[38;2;198;162;156m██[38;2;209;184;179m██[38;2;203;184;178m██[38;2;198;184;176m██[38;2;180;156;154m██[38;2;219;175;178m██[38;2;132;68;74m██[38;2;48;17;17m██[38;2;92;56;56m██[38;2;82;34;50m██[38;2;180;108;114m██[38;2;177;160;165m██[38;2;155;166;170m██[38;2;216;228;229m██[38;2;215;227;227m██[38;2;175;186;186m██[38;2;231;245;245m██[38;2;216;209;206m██[38;2;94;52;56m  
[38;2;112;63;69m    [38;2;213;232;235m██[38;2;160;179;179m██[38;2;213;229;229m██[38;2;137;142;146m██[38;2;227;155;167m██[38;2;71;6;30m██[38;2;91;53;73m██[38;2;47;25;58m██[38;2;58;8;27m██[38;2;176;107;112m██[38;2;243;201;191m██[38;2;228;185;174m██[38;2;230;183;171m██[38;2;212;176;172m██[38;2;201;181;175m██[38;2;185;132;147m██[38;2;74;11;34m██[38;2;103;50;76m██[38;2;51;40;66m██[38;2;74;56;73m██[38;2;74;23;42m██[38;2;82;4;29m██[38;2;150;88;104m██[38;2;169;168;173m██[38;2;218;226;228m██[38;2;210;227;226m██[38;2;165;176;176m██[38;2;227;236;235m██[38;2;234;220;225m██[38;2;37;10;19m  
[38;2;91;55;55m  [38;2;86;48;50m  [38;2;225;241;243m██[38;2;158;177;176m██[38;2;209;226;226m██[38;2;143;147;152m██[38;2;220;148;150m██[38;2;204;164;185m██[38;2;99;106;125m██[38;2;85;108;131m██[38;2;215;223;231m██[38;2;92;74;74m██[38;2;249;231;215m██[38;2;252;229;212m██[38;2;250;220;204m██[38;2;239;191;177m██[38;2;238;201;182m██[38;2;235;187;182m██[38;2;229;201;205m██[38;2;96;101;130m██[38;2;82;98;131m██[38;2;228;234;241m██[38;2;74;66;80m██[38;2;209;167;187m██[38;2;84;13;41m██[38;2;184;188;191m██[38;2;215;224;225m██[38;2;210;225;225m██[38;2;157;168;168m██[38;2;217;228;226m██[38;2;211;204;207m██[38;2;134;90;89m  
[38;2;97;60;64m  [38;2;146;132;130m  [38;2;231;242;244m██[38;2;162;181;180m██[38;2;197;214;214m██[38;2;182;186;191m██[38;2;230;161;162m██[38;2;237;211;221m██[38;2;158;171;176m██[38;2;144;177;196m██[38;2;69;103;128m██[38;2;177;175;180m██[38;2;252;233;219m██[38;2;250;227;214m██[38;2;254;228;212m██[38;2;254;225;213m██[38;2;252;224;213m██[38;2;246;218;216m██[38;2;119;125;128m██[38;2;107;148;172m██[38;2;74;97;134m██[38;2;75;108;128m██[38;2;107;116;132m██[38;2;251;248;251m██[38;2;122;119;127m██[38;2;188;202;202m██[38;2;213;224;224m██[38;2;213;223;223m██[38;2;148;157;159m██[38;2;214;228;225m██[38;2;181;180;180m██[38;2;132;90;89m  
[38;2;158;116;118m  [38;2;182;180;179m██[38;2;237;249;248m██[38;2;171;185;189m██[38;2;184;211;211m██[38;2;229;220;225m██[38;2;221;157;165m██[38;2;254;223;224m██[38;2;241;205;203m██[38;2;147;156;163m██[38;2;179;194;204m██[38;2;185;179;178m██[38;2;254;219;210m██[38;2;254;225;214m██[38;2;254;225;213m██[38;2;252;223;209m██[38;2;253;219;205m██[38;2;252;210;205m██[38;2;250;235;234m██[38;2;145;189;189m██[38;2;133;183;193m██[38;2;148;215;216m██[38;2;168;187;188m██[38;2;250;229;229m██[38;2;208;212;210m██[38;2;207;223;222m██[38;2;213;225;225m██[38;2;219;229;230m██[38;2;164;174;175m██[38;2;211;224;223m██[38;2;148;147;149m██[38;2;85;48;48m  
[38;2;137;103;101m  [38;2;166;167;168m██[38;2;235;246;245m██[38;2;163;190;187m██[38;2;108;63;82m██[38;2;134;81;96m██[38;2;183;117;130m██[38;2;245;180;182m██[38;2;250;175;182m██[38;2;247;174;184m██[38;2;246;189;191m██[38;2;251;205;202m██[38;2;253;219;210m██[38;2;253;224;214m██[38;2;254;223;213m██[38;2;254;220;211m██[38;2;252;212;206m██[38;2;254;204;199m██[38;2;253;196;194m██[38;2;242;183;182m██[38;2;247;184;187m██[38;2;253;193;200m██[38;2;248;226;223m██[38;2;199;162;161m██[38;2;223;235;235m██[38;2;229;241;241m██[38;2;214;226;226m██[38;2;215;227;227m██[38;2;147;158;158m██[38;2;216;228;228m██[38;2;150;149;154m██[38;2;123;80;82m  
[38;2;97;72;71m  [38;2;160;170;167m██[38;2;235;243;241m██[38;2;137;107;116m██[38;2;150;102;108m██[38;2;254;219;216m██[38;2;120;66;72m██[38;2;250;179;181m██[38;2;254;172;180m██[38;2;248;178;180m██[38;2;248;188;186m██[38;2;251;208;197m██[38;2;253;216;208m██[38;2;252;222;213m██[38;2;254;221;212m██[38;2;254;215;209m██[38;2;253;209;204m██[38;2;254;196;195m██[38;2;250;182;186m██[38;2;253;171;183m██[38;2;250;171;178m██[38;2;249;178;181m██[38;2;248;185;185m██[38;2;137;112;113m██[38;2;212;228;231m██[38;2;231;243;243m██[38;2;213;225;225m████[38;2;148;162;162m██[38;2;212;226;226m██[38;2;171;174;176m██[38;2;85;43;46m  
[38;2;148;131;132m  [38;2;162;176;175m██[38;2;229;228;229m██[38;2;158;124;128m██[38;2;254;212;206m██[38;2;177;103;103m██[38;2;210;183;183m██[38;2;162;106;108m██[38;2;244;169;172m██[38;2;250;188;190m██[38;2;253;195;194m██[38;2;253;209;203m██[38;2;235;200;193m██[38;2;221;190;182m██[38;2;232;198;190m██[38;2;173;133;127m██[38;2;240;196;192m██[38;2;254;195;195m██[38;2;252;188;188m██[38;2;246;178;176m██[38;2;250;176;179m██[38;2;248;180;183m██[38;2;248;180;184m██[38;2;183;173;173m██[38;2;208;225;223m██[38;2;217;228;228m██[38;2;215;227;227m██[38;2;214;226;226m██[38;2;149;164;164m██[38;2;212;228;228m██[38;2;195;198;202m██[38;2;90;54;53m  
[38;2;214;212;210m██[38;2;167;187;184m██[38;2;128;89;97m██[38;2;253;226;214m██[38;2;227;161;147m██[38;2;252;182;177m██[38;2;64;41;50m██[38;2;61;149;139m██[38;2;111;63;69m██[38;2;247;194;186m██[38;2;254;219;208m██[38;2;252;218;210m██[38;2;254;226;217m██[38;2;254;226;216m██[38;2;254;226;217m██[38;2;253;221;212m██[38;2;253;218;211m██[38;2;253;206;201m██[38;2;252;197;195m██[38;2;254;194;193m██[38;2;250;188;187m██[38;2;251;195;191m██[38;2;240;194;191m██[38;2;239;241;242m██[38;2;208;220;225m██[38;2;212;221;222m██[38;2;214;224;225m██[38;2;214;223;225m██[38;2;151;164;166m██[38;2;213;228;225m██[38;2;218;219;224m██[38;2;85;59;57m  
[38;2;229;235;231m██[38;2;159;168;165m██[38;2;253;228;224m██[38;2;254;227;211m██[38;2;184;127;111m██[38;2;212;151;136m██[38;2;249;194;178m██[38;2;103;64;75m██[38;2;57;24;28m██[38;2;99;64;67m██[38;2;233;207;203m██[38;2;247;221;210m██[38;2;251;230;214m██[38;2;253;230;213m██[38;2;252;229;213m██[38;2;251;224;210m██[38;2;250;222;208m██[38;2;251;217;205m██[38;2;251;213;204m██[38;2;252;211;205m██[38;2;253;211;204m██[38;2;252;219;210m██[38;2;153;127;125m██[38;2;213;227;228m██[38;2;218;224;233m██[38;2;215;221;224m██[38;2;216;221;224m██[38;2;215;221;223m██[38;2;146;156;159m██[38;2;206;218;216m██[38;2;235;234;238m██[38;2;123;104;104m██
[38;2;240;242;238m██[38;2;44;11;16m██[38;2;253;229;221m██[38;2;253;227;216m██[38;2;190;139;131m██[38;2;252;202;186m██[38;2;196;167;160m██[38;2;191;192;199m██[38;2;165;145;157m██[38;2;128;96;140m██[38;2;142;109;130m██[38;2;120;91;89m██[38;2;247;226;208m██[38;2;254;229;210m██[38;2;255;228;210m██[38;2;253;225;210m████[38;2;254;228;213m██[38;2;253;226;212m██[38;2;231;204;195m██[38;2;133;103;104m██[38;2;75;58;61m██[38;2;117;114;117m██[38;2;228;225;232m██[38;2;226;238;235m██[38;2;218;221;224m██[38;2;216;220;223m██[38;2;215;219;222m██[38;2;137;147;150m██[38;2;216;226;225m██[38;2;244;242;247m██[38;2;175;164;163m██
[38;2;62;24;40m██[38;2;120;91;116m██[38;2;254;228;219m██[38;2;254;226;211m██[38;2;233;193;182m██[38;2;252;225;218m██[38;2;99;61;67m██[38;2;220;218;219m██[38;2;242;232;234m██[38;2;86;61;83m██[38;2;118;95;148m██[38;2;144;115;140m██[38;2;103;54;53m██[38;2;237;174;160m██[38;2;234;179;162m██[38;2;209;162;150m██[38;2;133;110;108m██[38;2;77;45;55m██[38;2;129;102;107m██[38;2;182;177;177m██[38;2;173;186;186m██[38;2;168;182;190m██[38;2;179;181;185m██[38;2;209;215;218m██[38;2;227;233;235m██[38;2;218;219;223m██[38;2;227;222;228m██[38;2;214;213;218m██[38;2;135;138;147m██[38;2;221;220;228m██[38;2;246;241;248m██[38;2;197;188;196m██
[38;2;120;93;126m██[38;2;134;113;150m██[38;2;80;60;77m██[38;2;253;229;219m██[38;2;252;224;206m██[38;2;252;230;222m██[38;2;83;40;51m██[38;2;225;211;220m██[38;2;218;215;218m██[38;2;51;19;33m██[38;2;111;89;138m██[38;2;127;105;143m██[38;2;80;39;66m██[38;2;182;127;129m██[38;2;254;188;176m██[38;2;183;121;130m██[38;2;73;41;65m██[38;2;138;105;145m██[38;2;135;110;143m██[38;2;39;15;33m██[38;2;177;171;177m██[38;2;167;178;183m██[38;2;222;216;222m██[38;2;172;175;179m██[38;2;235;231;237m██[38;2;223;213;222m██[38;2;226;214;222m██[38;2;213;210;216m██[38;2;140;138;150m██[38;2;216;210;221m██[38;2;246;236;245m██[38;2;188;183;188m██
[38;2;110;89;131m██[38;2;133;111;152m██[38;2;105;89;124m██[38;2;96;72;94m██[38;2;236;213;209m██[38;2;134;102;106m██[38;2;220;194;201m██[38;2;224;209;219m██[38;2;205;206;209m██[38;2;41;14;22m██[38;2;107;90;129m██[38;2;109;87;122m██[38;2;130;104;147m██[38;2;92;57;80m██[38;2;158;101;118m██[38;2;170;115;141m██[38;2;98;75;108m██[38;2;114;87;130m██[38;2;109;90;127m██[38;2;101;67;99m██[38;2;30;6;20m██[38;2;179;178;184m██[38;2;231;218;227m██[38;2;170;171;174m██[38;2;230;216;226m██[38;2;228;210;220m██[38;2;221;202;213m██[38;2;187;180;187m██[38;2;172;161;175m██[38;2;225;212;224m██[38;2;241;224;234m██[38;2;176;173;177m██
[38;2;107;88;124m██[38;2;108;90;126m████[38;2;113;92;132m██[38;2;91;71;101m██[38;2;73;43;58m██[38;2;233;212;222m██[38;2;205;191;205m██[38;2;230;223;229m██[38;2;46;17;33m██[38;2;102;83;116m██[38;2;125;106;141m██[38;2;131;111;143m██[38;2;88;69;100m██[38;2;101;81;110m██[38;2;93;76;103m██[38;2;108;90;124m██[38;2;109;91;125m██[38;2;86;68;97m██[38;2;110;89;124m██[38;2;136;110;140m██[38;2;152;126;137m██[38;2;227;212;224m██[38;2;178;168;178m██[38;2;228;211;223m██[38;2;229;205;219m██[38;2;210;193;204m██[38;2;159;151;159m██[38;2;170;157;168m██[38;2;220;197;211m██[38;2;223;202;216m██[38;2;195;183;196m██[0m
