
[38;2;189;44;32m██[38;2;200;56;44m██[38;2;116;68;46m██[38;2;156;125;98m██[38;2;158;118;80m██[38;2;131;92;53m██[38;2;161;116;72m██[38;2;173;126;80m██[38;2;174;127;81m██[38;2;173;127;81m██[38;2;179;130;83m██[38;2;175;128;82m██[38;2;139;99;62m██[38;2;86;61;37m  [38;2;100;72;46m  [38;2;93;66;41m  [38;2;118;85;56m  [38;2;155;112;71m██[38;2;181;132;85m██[38;2;181;132;84m██[38;2;173;126;81m██[38;2;173;127;80m██[38;2;174;127;81m██[38;2;172;125;78m██[38;2;176;128;82m██[38;2;160;126;97m██[38;2;47;39;33m  [38;2;4;3;2m  [38;2;6;3;2m  [38;2;4;2;2m    
[38;2;143;31;24m██[38;2;177;147;115m██[38;2;157;116;80m██[38;2;142;101;61m██[38;2;143;103;62m██[38;2;158;114;71m██[38;2;169;123;78m██[38;2;173;126;80m██[38;2;161;117;75m██[38;2;25;16;10m██[38;2;0;0;0m██████[38;2;36;23;17m  [38;2;142;81;58m██[38;2;0;0;0m██████[38;2;75;45;33m  [38;2;88;53;38m██[38;2;22;15;10m██[38;2;130;93;60m██[38;2;181;132;84m██[38;2;173;126;80m██[38;2;172;125;80m██[38;2;158;114;70m██[38;2;158;114;69m██[38;2;162;124;88m██[38;2;30;26;23m  [38;2;4;2;2m    
[38;2;158;114;70m██[38;2;135;96;58m██[38;2;139;99;59m██[38;2;160;115;72m██[38;2;128;91;55m██[38;2;165;120;75m██[38;2;176;127;82m██[38;2;4;2;1m██[38;2;0;0;0m████[38;2;113;65;47m  [38;2;0;0;0m██  [38;2;153;92;66m██[38;2;155;84;57m██[38;2;0;0;0m████  [38;2;158;97;70m██[38;2;156;93;67m  [38;2;23;14;10m██[38;2;0;0;0m████[38;2;22;15;9m██[38;2;164;119;76m██[38;2;174;127;81m██[38;2;161;117;73m██[38;2;135;95;57m██[38;2;142;101;59m██[38;2;179;137;100m██[38;2;10;9;9m  
[38;2;131;92;54m██[38;2;133;93;55m██[38;2;141;100;60m██[38;2;142;102;62m██[38;2;154;111;68m██[38;2;96;69;44m██[38;2;0;0;0m██████  [38;2;114;67;49m██[38;2;0;0;0m██[38;2;177;113;83m  [38;2;198;129;97m██[38;2;117;68;48m██[38;2;0;0;0m████[38;2;184;117;87m██[38;2;205;130;97m██[38;2;200;120;88m██[38;2;5;3;2m  [38;2;40;26;18m  [38;2;0;0;0m██████[38;2;8;6;4m██[38;2;171;124;78m██[38;2;161;116;72m██[38;2;135;96;58m██[38;2;140;100;60m██[38;2;165;120;76m██
[38;2;121;82;45m██[38;2;128;90;53m██[38;2;147;105;64m██[38;2;138;98;59m██[38;2;15;10;6m██[38;2;0;0;0m████████[38;2;148;90;65m██[38;2;41;23;17m  [38;2;0;0;0m  [38;2;213;140;105m██[38;2;206;139;105m██[38;2;37;21;15m  [38;2;0;0;0m██[38;2;1;0;0m  [38;2;218;154;119m██[38;2;215;149;114m██[38;2;211;144;109m██[38;2;1;0;0m  [38;2;187;116;86m██[38;2;0;0;0m  ████████[38;2;99;69;43m██[38;2;156;112;69m██[38;2;151;109;67m██[38;2;140;100;60m██
[38;2;115;79;43m██[38;2;142;102;61m██[38;2;122;84;47m██[38;2;8;6;3m██[38;2;0;0;0m████████  [38;2;203;126;94m██[38;2;12;7;5m  [38;2;202;144;110m  [38;2;222;164;129m██[38;2;227;174;138m██[38;2;10;6;3m██[38;2;0;0;0m██[38;2;220;173;137m██[38;2;240;184;145m██[38;2;236;173;135m██[38;2;229;165;127m██[38;2;0;0;0m  [38;2;212;139;104m██[38;2;25;15;10m  [38;2;0;0;0m██████████[38;2;42;28;18m██[38;2;155;112;68m██[38;2;154;112;68m██
[38;2;113;77;41m██[38;2;121;83;46m██[38;2;45;30;17m  [38;2;0;0;0m██████████[38;2;128;83;61m██[38;2;220;150;114m██[38;2;5;3;2m  [38;2;247;197;158m██[38;2;239;193;156m██[38;2;247;192;152m██[38;2;4;2;2m  [38;2;0;0;0m  [38;2;252;202;161m██[38;2;251;200;160m██[38;2;248;194;155m██[38;2;242;186;147m██[38;2;6;1;0m  [38;2;230;166;129m██[38;2;212;136;101m  [38;2;0;0;0m██[38;2;52;34;24m  [38;2;0;0;0m██████[38;2;144;104;67m██[38;2;30;20;14m██[38;2;151;109;66m██
[38;2;104;71;37m██[38;2;123;84;45m██[38;2;0;0;0m████████████[38;2;220;149;113m██[38;2;77;54;39m██[38;2;3;2;1m  [38;2;254;208;168m██[38;2;255;210;168m██[38;2;63;48;37m  [38;2;4;3;2m  [38;2;58;44;35m  [38;2;254;205;165m██[38;2;254;206;165m████[38;2;255;212;174m██[38;2;31;18;13m██[38;2;245;200;167m██[38;2;231;166;127m██[38;2;0;0;0m██[38;2;54;34;25m  [38;2;0;0;0m  ████[38;2;4;2;1m██[38;2;173;126;81m██[38;2;161;117;73m██
[38;2;116;80;43m██[38;2;10;6;4m  [38;2;0;0;0m██████[38;2;41;27;18m  [38;2;0;0;0m██  [38;2;208;144;108m██[38;2;222;167;130m██[38;2;93;75;61m██[38;2;254;205;165m██[38;2;254;206;165m██[38;2;253;205;165m██[38;2;14;9;5m  [38;2;254;226;184m██[38;2;255;207;166m██[38;2;255;207;165m██[38;2;255;215;180m██[38;2;254;215;181m██[38;2;161;134;109m██[38;2;255;239;205m██[38;2;254;219;181m██[38;2;58;34;25m  [38;2;96;64;48m  [38;2;14;8;5m██[38;2;0;0;0m██████[38;2;155;112;72m██[38;2;174;127;81m██
[38;2;128;88;48m██[38;2;0;0;0m████████[38;2;39;23;16m██[38;2;0;0;0m██[38;2;11;6;4m  [38;2;225;165;130m██[38;2;251;200;159m██[38;2;242;196;160m██[38;2;255;207;166m██████[38;2;103;78;60m  [38;2;254;211;169m██[38;2;255;207;166m██[38;2;255;208;168m██[38;2;255;212;174m██[38;2;227;191;159m██[38;2;244;215;174m██[38;2;255;210;168m██[38;2;253;208;167m██[38;2;120;77;59m  [38;2;109;79;60m██[38;2;150;94;70m██[38;2;0;0;0m██[38;2;3;2;1m██[38;2;0;0;0m██[38;2;5;3;2m██[38;2;174;127;81m██
[38;2;91;60;31m██[38;2;0;0;0m████████[38;2;34;23;16m██[38;2;15;8;6m██[38;2;101;69;52m██[38;2;249;197;157m██[38;2;166;124;98m██[38;2;15;10;8m██[38;2;18;12;9m██[38;2;128;93;69m  [38;2;255;209;168m██[38;2;237;189;152m██[38;2;243;188;150m██[38;2;255;207;166m██[38;2;255;207;165m██[38;2;255;216;184m██[38;2;249;196;156m██[38;2;254;206;166m██[38;2;251;199;160m██[38;2;254;205;165m██[38;2;134;99;75m  [38;2;251;191;148m██[38;2;195;127;95m██[38;2;0;0;0m████[38;2;166;120;76m██[38;2;0;0;0m██[38;2;166;120;74m██
[38;2;0;0;0m  ██████[38;2;1;0;0m  [38;2;27;18;13m██[38;2;187;109;78m██[38;2;223;173;135m██[38;2;80;80;85m  [38;2;249;248;249m██[38;2;211;211;211m  [38;2;253;253;253m██[38;2;248;247;248m██[38;2;51;52;57m██[38;2;254;209;169m██[38;2;243;189;150m██[38;2;255;207;165m██[38;2;255;208;168m██[38;2;252;209;172m██[38;2;238;181;142m██[38;2;247;193;154m██[38;2;253;192;151m██[38;2;254;217;174m██[38;2;130;106;85m  [38;2;241;192;158m██[38;2;223;150;114m██[38;2;0;0;0m████[38;2;103;73;46m██[38;2;68;48;31m  [38;2;168;122;77m██
[38;2;0;0;0m████  ██  [38;2;1;1;1m██[38;2;223;148;110m██[38;2;182;184;193m██[38;2;111;108;111m██[38;2;87;75;66m██[38;2;44;37;34m  [38;2;104;96;93m██[38;2;253;252;253m██[38;2;238;237;239m██[38;2;183;138;106m██[38;2;248;194;156m██[38;2;255;207;166m██[38;2;255;206;165m██[38;2;240;182;143m██[38;2;248;189;149m██[38;2;118;119;123m██[38;2;237;235;238m██[38;2;0;0;0m  [38;2;49;34;26m  [38;2;250;208;174m██[38;2;228;159;121m██[38;2;0;0;0m██[38;2;48;33;20m██[38;2;1;0;0m██[38;2;159;115;71m██[38;2;107;76;47m██
[38;2;14;10;7m  [38;2;193;156;123m██[38;2;254;196;155m██[38;2;47;35;27m██[38;2;19;12;8m  [38;2;69;42;30m  [38;2;207;141;107m██[38;2;207;150;116m██[38;2;243;188;148m██[38;2;254;207;166m██[38;2;249;196;157m██[38;2;235;178;140m██[38;2;147;114;92m██[38;2;161;139;122m██[38;2;132;129;134m  [38;2;255;207;166m██[38;2;255;207;165m██[38;2;255;213;176m██[38;2;236;167;128m██[38;2;136;137;145m██[38;2;248;247;248m██[38;2;252;251;252m██[38;2;249;249;249m██[38;2;189;188;189m██[38;2;137;101;75m██[38;2;228;164;127m██[38;2;0;0;0m██[38;2;58;39;24m██[38;2;114;79;46m  [38;2;141;101;62m██[38;2;147;105;64m██
[38;2;116;87;68m  [38;2;175;104;74m██[38;2;161;87;61m██[38;2;183;113;84m██[38;2;19;12;8m  [38;2;210;136;102m██[38;2;206;142;107m██[38;2;234;178;141m██[38;2;111;87;69m██[38;2;230;169;131m██[38;2;240;178;139m██[38;2;234;170;132m██[38;2;240;171;132m██[38;2;106;64;45m██[38;2;180;158;128m  [38;2;255;207;165m██[38;2;255;206;165m██[38;2;255;217;184m██[38;2;116;77;57m██[38;2;151;105;78m██[38;2;187;140;108m██[38;2;198;154;119m  [38;2;118;94;75m  [38;2;178;179;183m██[38;2;95;88;87m██[38;2;195;144;112m██[38;2;0;0;0m██[38;2;93;62;34m██[38;2;99;67;35m██[38;2;118;83;51m  [38;2;137;97;58m██
[38;2;98;73;56m  [38;2;143;105;81m██[38;2;116;60;42m██[38;2;22;13;9m██[38;2;114;81;62m██[38;2;211;138;104m██[38;2;186;119;89m██[38;2;221;156;120m██[38;2;238;189;153m██[38;2;252;221;189m██[38;2;233;208;179m██[38;2;222;197;166m██[38;2;254;218;180m██[38;2;254;213;178m██[38;2;255;207;166m████[38;2;252;201;162m██[38;2;245;201;168m██[38;2;109;95;84m  [38;2;217;158;123m██[38;2;219;143;108m██[38;2;226;159;122m██[38;2;230;167;130m██[38;2;236;174;135m██[38;2;160;134;112m██[38;2;46;33;24m██[38;2;0;0;0m██[38;2;99;65;32m██[38;2;121;83;46m██[38;2;124;86;48m██[38;2;114;79;43m██
[38;2;40;25;13m  [38;2;218;159;125m██[38;2;111;67;48m██[38;2;61;36;25m  [38;2;195;148;116m██[38;2;224;150;114m██[38;2;75;51;39m██[38;2;139;139;144m  [38;2;78;62;56m██[38;2;185;133;102m  [38;2;249;196;158m██[38;2;250;207;170m██[38;2;255;208;167m██[38;2;255;206;165m██[38;2;255;207;166m████[38;2;242;183;144m██[38;2;228;161;123m██[38;2;234;168;130m██[38;2;255;212;170m██[38;2;255;215;173m██[38;2;118;92;73m  [38;2;139;109;88m██[38;2;167;144;121m██[38;2;228;198;167m██[38;2;127;95;74m██[38;2;98;68;53m  [38;2;106;71;36m██[38;2;106;72;36m██[38;2;101;67;34m██[38;2;94;62;32m██
[38;2;54;35;18m██[38;2;196;139;107m██[38;2;197;117;84m██[38;2;165;90;63m██[38;2;129;83;61m██[38;2;221;150;113m██[38;2;113;77;58m  [38;2;109;108;111m  [38;2;224;222;226m██[38;2;244;243;245m██[38;2;208;208;211m██[38;2;70;69;71m██[38;2;129;96;76m  [38;2;223;183;144m██[38;2;255;214;172m██[38;2;255;209;168m██[38;2;255;209;167m██[38;2;243;184;144m██[38;2;214;184;150m██[38;2;255;206;165m██[38;2;254;211;173m██[38;2;195;171;146m  [38;2;51;41;34m██[38;2;202;166;137m██[38;2;223;182;147m██[38;2;167;116;89m██[38;2;102;74;57m██[38;2;93;61;30m██[38;2;95;62;29m██[38;2;99;65;30m██[38;2;99;66;33m██
[38;2;5;3;2m  [38;2;2;1;0m  [38;2;225;171;134m██[38;2;154;85;59m██[38;2;173;97;68m██[38;2;164;110;83m██[38;2;180;125;94m██[38;2;41;11;8m██[38;2;21;19;20m  [38;2;196;194;196m  [38;2;252;252;252m██[38;2;250;249;250m██[38;2;249;249;249m██[38;2;253;252;253m██[38;2;235;234;239m██[38;2;185;185;192m██[38;2;120;119;124m  [38;2;105;97;98m██[38;2;124;101;90m██[38;2;121;94;81m██[38;2;110;84;70m██[38;2;111;84;70m██[38;2;88;68;60m██[38;2;44;43;44m  [38;2;220;183;145m██[38;2;200;145;112m██[38;2;31;20;10m  [38;2;77;50;24m██[38;2;91;60;30m██[38;2;119;80;41m██[38;2;97;68;45m  
[38;2;7;2;1m  [38;2;5;2;2m  [38;2;2;2;1m  [38;2;159;113;88m  [38;2;201;135;102m██[38;2;130;90;68m██[38;2;231;156;118m██[38;2;39;7;5m  [38;2;0;0;0m██████  [38;2;44;41;42m██[38;2;182;180;183m██[38;2;229;228;229m██[38;2;252;251;252m██[38;2;249;249;249m██[38;2;248;247;248m████████[38;2;202;199;204m██[38;2;156;154;158m██[38;2;141;140;146m  [38;2;168;130;103m██[38;2;190;140;110m██[38;2;83;54;27m██[38;2;111;75;38m██[38;2;67;46;27m  [38;2;1;0;0m  [38;2;5;3;2m  
[38;2;15;6;4m  [38;2;31;12;10m  [38;2;38;12;9m██[38;2;150;35;27m██[38;2;60;32;21m  [38;2;53;31;20m██[38;2;225;153;116m██[38;2;30;25;23m  [38;2;0;0;0m  [38;2;8;3;2m██[38;2;131;44;39m██[38;2;142;47;42m██[38;2;144;48;43m██[38;2;102;35;30m██[38;2;1;0;0m██[38;2;8;3;2m██[38;2;4;2;1m██[38;2;1;0;0m  [38;2;21;7;5m██[38;2;32;14;13m██[38;2;13;4;4m██[38;2;30;4;4m  [38;2;80;26;22m██[38;2;52;16;13m██[38;2;80;57;43m  [38;2;21;16;11m  [38;2;2;1;1m  [38;2;5;3;2m  [38;2;4;1;1m    [38;2;5;3;2m  
[38;2;93;30;24m██[38;2;155;47;38m██[38;2;210;84;74m██[38;2;33;12;8m██[38;2;192;111;79m██[38;2;177;101;71m██[38;2;90;68;53m██[38;2;232;165;127m██[38;2;190;188;194m  [38;2;149;55;49m  [38;2;142;53;48m██[38;2;153;64;58m██[38;2;157;69;63m██[38;2;156;68;62m██[38;2;155;68;62m██[38;2;59;34;24m██[38;2;150;61;55m██[38;2;148;58;52m██[38;2;90;31;27m  [38;2;145;139;148m██[38;2;147;141;150m██[38;2;29;23;20m  [38;2;81;28;24m██[38;2;86;67;51m██[38;2;0;0;0m  [38;2;5;1;1m  [38;2;11;7;5m  [38;2;5;3;2m  [38;2;4;1;1m    [38;2;5;3;2m  
[38;2;210;85;75m██[38;2;172;38;28m██[38;2;190;51;40m██[38;2;124;71;50m██[38;2;207;133;100m██[38;2;182;107;76m██[38;2;188;106;75m██[38;2;223;169;131m██[38;2;128;91;65m██[38;2;254;254;254m██[38;2;74;28;20m  [38;2;170;81;75m██[38;2;167;80;74m██[38;2;185;101;92m██[38;2;193;111;101m██[38;2;200;119;109m██[38;2;135;87;68m██[38;2;203;122;112m██[38;2;193;111;101m██[38;2;136;65;55m  [38;2;142;136;144m██[38;2;158;154;160m██[38;2;43;13;11m  [38;2;238;194;151m██[38;2;0;0;0m  [38;2;0;0;1m  [38;2;11;8;6m  [38;2;5;3;2m  [38;2;4;1;1m    [38;2;5;3;2m  
[38;2;181;40;29m██[38;2;174;38;28m██[38;2;183;46;36m██[38;2;149;93;68m██[38;2;212;140;105m██[38;2;187;110;79m██[38;2;172;97;69m██[38;2;91;54;38m██[38;2;227;173;134m██[38;2;190;138;106m██[38;2;239;239;240m  [38;2;74;80;84m██[38;2;178;93;84m██[38;2;196;114;104m██[38;2;208;127;117m██[38;2;217;135;125m██[38;2;221;139;129m██[38;2;222;140;130m████[38;2;221;139;129m██[38;2;5;9;11m██[38;2;250;250;251m██[38;2;30;19;13m  [38;2;0;0;0m  [38;2;6;1;1m    [38;2;8;4;3m  [38;2;5;3;2m  [38;2;4;1;1m    [38;2;5;3;2m  
[38;2;148;30;22m██[38;2;186;56;46m██[38;2;182;45;33m██[38;2;59;40;29m  [38;2;211;139;104m██[38;2;201;126;94m██[38;2;171;95;67m██[38;2;163;91;65m██[38;2;170;92;64m██[38;2;70;51;40m  [38;2;233;167;129m██[38;2;62;42;28m  [38;2;194;111;98m██[38;2;212;130;120m██[38;2;223;142;131m██[38;2;227;147;136m██████[38;2;229;149;138m██[38;2;230;150;139m██[38;2;180;118;102m  [38;2;187;188;195m  [38;2;79;59;45m██[38;2;103;30;25m██[38;2;1;1;1m      [38;2;1;0;0m  [38;2;1;1;1m  [38;2;3;1;1m  [38;2;5;3;2m  
[38;2;158;34;25m██[38;2;178;41;31m██[38;2;161;33;23m██[38;2;67;12;8m  [38;2;214;142;106m██[38;2;207;134;100m██[38;2;182;105;75m██[38;2;168;93;65m██[38;2;148;81;56m██[38;2;153;83;57m██[38;2;125;69;48m  [38;2;109;76;58m  [38;2;48;29;22m  [38;2;222;139;129m██[38;2;229;149;138m██[38;2;231;150;139m██[38;2;230;150;139m██[38;2;231;151;140m██[38;2;233;155;144m██[38;2;238;159;147m██[38;2;240;168;156m██[38;2;55;39;29m  [38;2;208;65;53m██[38;2;198;96;88m██[38;2;85;29;24m  [38;2;4;1;0m            
[38;2;179;59;50m██[38;2;107;20;14m██[38;2;181;51;42m██[38;2;179;54;44m██[38;2;98;64;48m  [38;2;210;135;102m██[38;2;196;119;87m██[38;2;175;100;70m██[38;2;157;86;59m██[38;2;147;80;55m██[38;2;165;90;63m██[38;2;168;94;66m██[38;2;33;23;13m  [38;2;226;145;134m██[38;2;234;155;144m██[38;2;239;161;149m██[38;2;241;163;152m██[38;2;242;166;154m██[38;2;244;169;156m██[38;2;245;170;158m██[38;2;254;185;172m██[38;2;199;60;49m██[38;2;209;76;65m██[38;2;219;127;117m██[38;2;201;73;63m██[38;2;5;3;2m            
[38;2;189;64;55m██[38;2;91;16;11m██[38;2;185;51;40m██[38;2;130;25;17m██[38;2;136;28;20m██[38;2;220;147;111m██[38;2;206;133;100m██[38;2;192;116;85m██[38;2;177;101;71m██[38;2;162;87;60m██[38;2;163;89;62m██[38;2;191;109;78m██[38;2;97;56;39m██[38;2;223;141;131m██[38;2;241;163;152m██[38;2;242;166;154m██[38;2;245;169;157m██[38;2;245;170;158m██[38;2;246;172;160m██[38;2;251;177;164m██[38;2;255;212;203m██[38;2;214;73;62m██[38;2;210;79;68m██[38;2;207;82;72m██[38;2;201;74;64m██[38;2;10;7;5m            
[38;2;170;36;26m██[38;2;152;31;21m██[38;2;167;36;25m██[38;2;116;22;15m██[38;2;176;52;42m██[38;2;62;17;13m██[38;2;229;155;117m██[38;2;204;128;95m██[38;2;199;123;90m██[38;2;184;108;77m██[38;2;181;103;73m██[38;2;191;112;80m██[38;2;202;128;95m██[38;2;233;145;135m██[38;2;236;157;146m██[38;2;247;173;160m██[38;2;248;174;162m██[38;2;248;173;161m██[38;2;250;177;165m██[38;2;253;183;170m██[38;2;252;194;184m██[38;2;208;77;67m██[38;2;215;91;81m██[38;2;194;70;60m██[38;2;181;61;51m██[38;2;10;7;5m            
[38;2;158;41;32m██[38;2;160;23;13m██[38;2;142;15;7m██[38;2;153;25;16m██[38;2;132;22;15m██[38;2;156;26;16m██[38;2;53;18;16m██[38;2;191;127;97m██[38;2;207;132;98m██[38;2;207;134;101m██[38;2;202;125;92m██[38;2;204;126;93m██[38;2;207;174;139m  [38;2;30;20;16m  [38;2;223;141;131m██[38;2;254;201;193m██[38;2;254;181;168m██[38;2;253;180;167m████[38;2;252;188;177m██[38;2;215;157;143m  [38;2;160;40;31m██[38;2;186;65;55m██[38;2;139;39;32m██[38;2;123;36;30m██[38;2;10;6;4m            
[38;2;134;13;5m██[38;2;134;13;4m██[38;2;100;8;3m██[38;2;154;20;10m██[38;2;117;6;0m██[38;2;172;45;35m██[38;2;120;14;11m██[38;2;175;131;101m██[38;2;119;98;80m██[38;2;213;135;101m██[38;2;218;146;111m██[38;2;214;150;116m██[38;2;236;172;134m██[38;2;150;120;96m██[38;2;79;49;44m  [38;2;225;141;132m██[38;2;233;153;142m██[38;2;243;166;154m██[38;2;237;158;147m██[38;2;239;159;147m██[38;2;60;10;7m██[38;2;98;19;14m██[38;2;79;19;15m██[38;2;113;26;21m██[38;2;91;28;23m██[38;2;4;1;0m  [38;2;4;1;1m          
[38;2;112;6;2m██[38;2;110;5;2m██[38;2;67;8;5m██[38;2;141;15;6m██[38;2;99;7;4m██[38;2;140;20;12m██[38;2;93;12;7m██[38;2;62;45;34m██[38;2;242;185;146m██[38;2;136;103;80m██[38;2;189;118;88m██[38;2;217;144;109m██[38;2;185;139;108m██[38;2;252;213;180m██[38;2;245;190;151m██[38;2;13;0;0m  [38;2;107;75;62m██[38;2;220;141;129m██[38;2;196;125;114m██[38;2;62;13;8m██[38;2;177;40;30m██[38;2;81;16;11m██[38;2;106;20;14m██[38;2;144;34;27m██[38;2;150;40;32m██[38;2;1;0;0m  [38;2;2;1;1m          [0m
