
[38;2;0;0;0m    [38;2;8;0;22m  [38;2;7;0;16m  [38;2;20;19;22m██[38;2;101;93;109m██[38;2;106;99;115m██[38;2;13;13;19m██[38;2;4;0;16m  [38;2;4;0;15m  [38;2;6;0;19m  [38;2;9;0;24m  [38;2;54;52;70m██[38;2;64;63;81m██[38;2;63;63;81m██[38;2;64;62;81m████[38;2;57;55;72m██[38;2;140;142;172m██[38;2;133;135;163m████[38;2;124;126;154m██[38;2;64;63;81m██████████████[38;2;70;68;87m  [38;2;7;0;22m  [38;2;2;0;5m  
[38;2;0;0;0m  [38;2;1;0;4m  [38;2;8;6;13m  [38;2;240;240;240m██[38;2;255;255;255m████████[38;2;190;187;193m██[38;2;9;1;23m██[38;2;46;45;62m██[38;2;55;55;71m██[38;2;60;59;76m██[38;2;62;61;78m██[38;2;64;63;81m████████[38;2;63;61;79m██[38;2;132;134;163m██[38;2;133;135;163m██[38;2;127;129;158m██[38;2;64;63;81m██[38;2;65;64;82m██[38;2;67;66;85m██[38;2;63;61;79m██[38;2;57;56;74m██[38;2;53;52;69m██[38;2;57;56;73m██[38;2;65;64;82m██[38;2;65;65;82m  [38;2;4;0;12m  
[38;2;0;0;0m  [38;2;8;6;14m  [38;2;255;255;255m██████████████[38;2;222;220;223m██[38;2;51;47;67m██[38;2;64;63;81m██████████████[38;2;62;61;79m██[38;2;137;139;169m██[38;2;135;137;166m██[38;2;121;122;149m██[38;2;68;67;85m██[38;2;66;65;83m██[38;2;69;68;87m██[38;2;66;65;84m██[38;2;57;56;73m██[38;2;37;36;52m██[38;2;21;21;34m██[38;2;27;26;40m██[38;2;64;63;82m██[38;2;38;31;54m██
[38;2;6;0;15m  [38;2;234;233;235m██[38;2;255;255;255m██[38;2;116;116;121m██[38;2;198;195;202m██[38;2;255;255;255m██████████[38;2;29;25;33m██[38;2;65;64;82m██[38;2;64;63;81m████████████[38;2;63;61;79m██[38;2;95;95;118m██[38;2;101;102;126m██[38;2;137;139;169m██[38;2;99;99;123m██[38;2;64;63;81m██████████[38;2;65;64;82m██[38;2;46;45;61m██[38;2;23;23;36m██[38;2;66;66;83m██
[38;2;10;8;14m██[38;2;248;248;251m██[38;2;2;1;4m██[38;2;12;0;27m██[38;2;0;0;0m██[38;2;255;255;255m██████████[38;2;182;179;187m██[38;2;68;67;85m██[38;2;63;62;81m██[38;2;64;63;80m████[38;2;64;63;81m████[38;2;63;61;80m██[38;2;38;33;51m██[38;2;145;147;178m██[38;2;132;134;163m██[38;2;132;135;163m██[38;2;132;134;163m██[38;2;53;51;67m██[38;2;64;63;81m██████████[38;2;64;63;80m██[38;2;26;23;39m██[38;2;59;59;76m██
[38;2;113;105;121m██[38;2;184;191;224m██[38;2;189;197;231m██[38;2;174;172;177m██[38;2;255;255;255m██████[38;2;5;0;19m██[38;2;120;117;123m██[38;2;255;255;255m████[38;2;34;27;49m██[38;2;43;41;59m██[38;2;64;63;81m██[38;2;63;62;80m██[38;2;63;62;81m██[38;2;68;68;86m██[38;2;31;26;46m██[38;2;61;60;78m██[38;2;57;56;73m██[38;2;140;142;173m██[38;2;133;135;163m████[38;2;137;139;168m██[38;2;75;75;95m██[38;2;59;58;75m██[38;2;64;63;81m████████[38;2;38;33;53m██[38;2;31;30;44m██
[38;2;201;199;204m██[38;2;252;252;254m██[38;2;255;255;255m████[38;2;150;153;171m██[38;2;192;194;204m██[38;2;255;255;255m██[38;2;0;0;1m██[38;2;53;48;57m██[38;2;255;255;255m████[38;2;8;2;22m██[38;2;68;68;85m██[38;2;64;63;81m██[38;2;62;61;80m██[38;2;26;27;40m██[38;2;56;54;73m██[38;2;64;63;81m██████[38;2;71;71;89m██[38;2;132;134;163m██[38;2;133;135;163m██[38;2;133;135;164m██[38;2;81;81;102m██[38;2;144;147;177m██[38;2;64;63;81m████████[38;2;56;54;73m██[38;2;25;25;38m██
[38;2;200;198;204m██[38;2;255;255;255m████████[38;2;252;252;253m██[38;2;243;243;245m██[38;2;186;193;225m██[38;2;186;192;225m██[38;2;255;255;255m██[38;2;220;217;221m██[38;2;73;74;91m██[38;2;37;37;51m██[38;2;15;15;29m██[38;2;7;0;22m██[38;2;69;70;87m██[38;2;64;63;81m██[38;2;64;63;80m██[38;2;64;62;81m██[38;2;64;63;81m████[38;2;134;136;165m██[38;2;138;140;171m██[38;2;54;53;69m██[38;2;140;142;172m██[38;2;133;135;164m██[38;2;69;68;87m██[38;2;64;63;81m████[38;2;64;62;81m██[38;2;63;63;81m██[38;2;27;28;41m██
[38;2;129;124;137m██[38;2;255;255;255m██████████████████[38;2;41;37;45m██[38;2;4;3;15m██[38;2;107;57;69m██[38;2;12;4;22m██[38;2;17;7;31m██[38;2;33;25;48m██[38;2;39;33;55m██[38;2;51;48;68m██[38;2;64;63;81m████████[38;2;73;72;92m██[38;2;135;137;166m██[38;2;133;135;163m████[38;2;133;135;164m██[38;2;126;127;156m██[38;2;55;54;71m██[38;2;64;63;81m██████
[38;2;27;25;29m██[38;2;255;255;255m████████████████[38;2;177;173;181m██[38;2;209;126;133m██[38;2;42;19;40m██[38;2;23;20;35m██[38;2;67;67;85m██[38;2;70;70;87m██[38;2;72;73;90m██[38;2;73;74;90m██[38;2;69;69;87m██[38;2;61;60;77m██[38;2;40;40;55m██[38;2;23;23;36m██[38;2;67;66;84m██[38;2;55;54;70m██[38;2;139;141;172m██[38;2;132;134;163m██[38;2;133;135;164m██[38;2;133;135;163m████[38;2;134;136;165m██[38;2;127;128;157m██[38;2;67;67;85m██[38;2;64;63;81m██
[38;2;7;0;19m  [38;2;255;255;255m██████████████[38;2;128;124;134m██[38;2;159;84;99m██[38;2;59;27;52m██[38;2;12;0;26m██[38;2;53;46;71m██[38;2;56;48;69m██[38;2;40;36;53m██[38;2;27;26;40m██[38;2;23;23;36m██[38;2;25;25;38m██[38;2;19;19;32m██[38;2;60;59;76m██[38;2;63;62;80m██[38;2;64;63;81m████[38;2;61;60;77m██[38;2;123;124;151m██[38;2;132;134;163m██[38;2;133;135;163m██[38;2;140;142;171m██[38;2;37;35;50m██[38;2;143;146;176m██[38;2;82;81;103m██[38;2;63;63;81m██
[38;2;7;0;17m  [38;2;133;131;135m██[38;2;255;255;255m██████████[38;2;115;111;120m██[38;2;166;109;113m██[38;2;248;231;208m██[38;2;184;155;153m██[38;2;13;0;27m██[38;2;0;0;6m██[38;2;3;0;18m██[38;2;13;5;20m██[38;2;106;66;88m██[38;2;27;16;42m██[38;2;70;68;87m██[38;2;64;63;81m██████[38;2;57;55;73m██[38;2;67;66;84m██[38;2;44;43;59m██[38;2;48;47;64m██[38;2;100;101;124m██[38;2;135;137;167m██[38;2;2;2;8m██[38;2;139;142;171m██[38;2;133;135;163m██[38;2;132;134;163m██[38;2;144;146;177m██
[38;2;0;0;6m  [38;2;6;0;17m  [38;2;255;255;255m████████[38;2;161;156;166m██[38;2;18;13;32m██[38;2;233;206;189m██[38;2;13;0;27m██████[38;2;12;0;26m██[38;2;9;3;23m██[38;2;71;58;71m██[38;2;231;187;190m██[38;2;80;47;75m██[38;2;22;12;40m██[38;2;13;11;27m██[38;2;12;11;23m██[38;2;6;6;22m██[38;2;12;0;27m██[38;2;12;9;27m██[38;2;68;67;85m██[38;2;65;64;83m██[38;2;27;24;37m██[38;2;11;5;25m██[38;2;96;96;120m██[38;2;101;102;126m██[38;2;134;136;166m██[38;2;132;134;163m██[38;2;133;135;163m██
[38;2;0;0;5m  [38;2;0;0;4m  [38;2;8;6;9m██[38;2;255;255;255m██████[38;2;6;0;19m██[38;2;45;38;35m██[38;2;246;208;191m██[38;2;176;148;157m██[38;2;232;197;227m██[38;2;0;0;1m██[38;2;5;1;19m██[38;2;212;179;218m██[38;2;210;178;213m██[38;2;214;181;211m██[38;2;226;192;204m██[38;2;220;192;182m██[38;2;242;176;167m██[38;2;121;68;83m██[38;2;9;10;32m██[38;2;24;18;39m██[38;2;9;8;33m██[38;2;24;10;27m██[38;2;210;106;116m██[38;2;211;118;124m██[38;2;34;34;48m██[38;2;64;63;81m████[38;2;64;63;80m██[38;2;77;77;97m██[38;2;133;135;164m██
[38;2;7;0;25m    [38;2;5;0;22m  [38;2;57;55;61m██[38;2;255;255;255m████[38;2;13;6;24m██[38;2;255;236;199m██[38;2;249;212;190m██[38;2;234;198;200m██[38;2;220;186;207m██[38;2;110;86;117m██[38;2;6;0;14m██[38;2;213;180;218m██[38;2;208;176;215m██[38;2;209;176;215m██[38;2;212;179;213m██[38;2;217;184;208m██[38;2;247;226;213m██[38;2;255;237;207m██[38;2;255;233;201m██[38;2;238;220;194m██[38;2;124;99;97m██[38;2;255;226;192m██[38;2;245;198;174m██[38;2;23;9;30m██[38;2;58;57;75m██[38;2;64;63;81m████████[38;2;130;132;161m██
[38;2;0;0;20m  [38;2;0;0;21m    [38;2;4;0;11m  [38;2;22;22;24m██[38;2;255;255;255m██[38;2;4;1;9m██[38;2;255;244;206m██[38;2;254;217;186m██[38;2;243;207;194m██[38;2;229;195;201m██[38;2;220;186;208m██[38;2;220;185;219m██[38;2;209;176;214m██[38;2;209;175;215m██[38;2;209;176;215m██[38;2;210;177;214m██[38;2;210;177;213m██[38;2;218;185;215m██[38;2;7;1;14m██[38;2;223;196;176m██[38;2;254;217;186m██[38;2;21;16;16m██[38;2;255;237;201m██[38;2;247;145;144m██[38;2;12;9;28m██[38;2;65;64;83m██[38;2;65;64;82m██[38;2;64;63;81m██████[38;2;65;64;83m██
[38;2;0;0;21m      [38;2;4;0;12m  [38;2;4;0;17m  [38;2;6;0;17m  [38;2;147;142;153m██[38;2;104;88;83m██[38;2;255;217;186m██[38;2;254;217;186m██[38;2;244;208;192m██[38;2;236;204;206m██[38;2;227;195;212m██[38;2;215;181;211m██[38;2;211;177;214m██[38;2;209;176;214m████[38;2;213;179;218m██[38;2;233;197;234m██[38;2;9;0;23m██[38;2;137;112;125m██[38;2;254;217;187m██[38;2;255;241;205m██[38;2;84;72;76m██[38;2;206;110;118m██[38;2;25;26;37m██[38;2;63;62;80m██[38;2;64;63;81m██████[38;2;63;63;81m██[38;2;64;63;81m██
[38;2;0;0;4m  [38;2;0;0;3m  [38;2;8;0;25m  [38;2;8;0;23m  [38;2;8;0;24m  [38;2;9;0;25m    [38;2;26;17;31m██[38;2;246;221;189m██[38;2;255;217;186m██[38;2;205;160;144m██[38;2;194;72;84m██[38;2;198;79;90m██[38;2;160;89;105m██[38;2;219;185;209m██[38;2;213;179;212m██[38;2;190;159;196m██[38;2;8;3;20m██[38;2;15;9;22m██[38;2;13;0;26m██[38;2;72;55;78m██[38;2;213;190;178m██[38;2;255;239;203m██[38;2;110;89;85m██[38;2;69;32;53m██[38;2;26;28;39m██[38;2;54;52;71m██[38;2;64;63;81m██████████
[38;2;0;0;5m  [38;2;1;0;3m  [38;2;1;0;4m  [38;2;0;0;4m  [38;2;0;0;0m    [38;2;6;0;19m  [38;2;23;24;33m██[38;2;249;234;200m██[38;2;255;217;186m██[38;2;214;112;124m██[38;2;237;131;141m████[38;2;236;132;142m██[38;2;155;66;81m██[38;2;222;188;206m██[38;2;224;190;218m██[38;2;85;69;94m██[38;2;12;10;13m██[38;2;13;0;28m██[38;2;10;0;23m██[38;2;11;0;25m██[38;2;2;0;11m██[38;2;251;213;186m██[38;2;11;4;24m██[38;2;44;40;61m██[38;2;63;62;80m██[38;2;64;63;81m██[38;2;63;62;81m██[38;2;64;63;81m██████
[38;2;0;0;5m  [38;2;1;0;3m  [38;2;1;0;4m  [38;2;1;0;5m  [38;2;1;0;4m  [38;2;1;0;6m  [38;2;1;0;13m  [38;2;11;0;26m  [38;2;3;0;9m██[38;2;255;231;199m██[38;2;210;158;143m██[38;2;237;132;142m██[38;2;237;131;142m████[38;2;240;134;144m██[38;2;240;208;203m██[38;2;227;193;203m██[38;2;221;187;207m██[38;2;223;188;213m██[38;2;6;0;14m██[38;2;230;201;186m██[38;2;250;221;192m██[38;2;236;212;182m██[38;2;167;86;97m██[38;2;45;42;60m██[38;2;63;62;80m██[38;2;64;63;81m████████████
[38;2;0;0;5m  [38;2;1;0;3m  [38;2;1;0;4m  [38;2;1;0;5m  [38;2;1;0;4m  [38;2;0;0;0m    [38;2;0;0;1m  [38;2;6;0;15m  [38;2;5;4;2m██[38;2;255;228;199m██[38;2;173;117;110m██[38;2;245;139;149m██[38;2;237;132;141m██[38;2;241;139;148m██[38;2;239;222;190m██[38;2;243;207;193m██[38;2;235;200;199m██[38;2;235;202;202m██[38;2;5;0;14m██[38;2;229;192;175m██[38;2;255;233;198m██[38;2;24;22;20m██[38;2;67;66;85m██[38;2;64;63;81m██[38;2;63;62;80m██[38;2;64;63;81m████[38;2;55;55;71m██[38;2;64;63;80m████[38;2;64;63;81m██
[38;2;0;0;4m  [38;2;3;1;5m  [38;2;28;11;23m██[38;2;76;29;55m██[38;2;114;43;78m██[38;2;140;52;92m██[38;2;143;54;94m  [38;2;85;32;61m██[38;2;71;26;50m  [38;2;10;3;5m██[38;2;81;78;98m██[38;2;255;236;202m██[38;2;242;222;188m██[38;2;200;106;116m██[38;2;181;105;107m██[38;2;255;217;186m████[38;2;252;215;188m██[38;2;246;210;192m██[38;2;255;242;216m██[38;2;161;141;133m██[38;2;27;24;39m██[38;2;69;68;86m██[38;2;57;54;73m██[38;2;49;48;65m██[38;2;64;63;81m████[38;2;68;67;85m██[38;2;54;53;70m██[38;2;64;63;81m██████
[38;2;81;31;59m██[38;2;80;30;57m██[38;2;77;31;57m██[38;2;61;5;33m██[38;2;148;57;97m██[38;2;142;53;93m  [38;2;143;54;94m  [38;2;112;41;74m  [38;2;95;36;68m  [38;2;17;26;40m  [38;2;6;9;15m██[38;2;87;84;105m██[38;2;193;182;152m██[38;2;255;216;185m██[38;2;255;217;186m██████[38;2;255;217;185m██[38;2;254;221;189m██[38;2;196;152;140m██[38;2;199;110;119m██[38;2;7;5;22m██[38;2;18;19;30m██[38;2;67;66;85m██[38;2;63;62;80m██[38;2;64;63;81m██[38;2;66;65;83m██[38;2;10;4;24m██[38;2;65;64;82m██[38;2;30;21;45m██[38;2;67;67;84m██[38;2;64;63;81m██
[38;2;143;54;94m██[38;2;144;55;95m██████[38;2;149;60;99m██[38;2;58;9;36m██[38;2;124;47;83m  [38;2;154;59;102m  [38;2;15;19;26m  [38;2;24;31;43m  [38;2;124;119;143m██[38;2;20;19;22m██[38;2;74;72;87m██[38;2;89;86;112m██[38;2;173;159;136m██[38;2;255;225;194m██[38;2;255;216;185m██[38;2;255;216;186m██[38;2;255;227;195m██[38;2;139;69;80m██[38;2;16;14;31m██[38;2;32;32;46m██[38;2;66;64;83m██[38;2;64;62;81m████[38;2;66;66;83m██[38;2;31;20;29m██[38;2;3;1;22m██[38;2;71;70;88m██[38;2;15;7;29m██[38;2;58;56;74m██[38;2;64;63;81m██
[38;2;144;55;95m████[38;2;144;55;94m██[38;2;144;55;95m████[38;2;145;55;95m██[38;2;113;37;74m██[38;2;20;11;16m██[38;2;41;51;69m  [38;2;88;88;59m  [38;2;11;17;31m  [38;2;24;31;43m  [38;2;16;22;35m██[38;2;94;62;19m██[38;2;22;21;34m██[38;2;20;20;31m██[38;2;33;29;25m██[38;2;97;82;88m██[38;2;1;1;15m██[38;2;33;34;47m██[38;2;66;64;83m██[38;2;63;62;80m██[38;2;64;63;81m████[38;2;69;68;87m██[38;2;32;23;29m██[38;2;255;249;225m██[38;2;12;6;27m██[38;2;34;31;50m██[38;2;26;27;38m██[38;2;13;10;28m██[38;2;64;62;80m██
[38;2;150;57;98m██[38;2;143;55;95m██[38;2;144;55;94m██[38;2;144;55;95m████[38;2;110;37;73m██[38;2;163;126;119m██[38;2;215;209;179m██[38;2;40;50;68m  [38;2;33;43;63m  [38;2;45;55;72m  [38;2;11;17;27m██[38;2;110;72;22m██[38;2;9;29;18m██[38;2;4;20;15m██[38;2;42;39;61m██[38;2;24;25;35m██[38;2;20;16;33m██[38;2;4;3;19m██[38;2;5;2;20m██[38;2;17;7;32m██[38;2;18;8;33m██[38;2;55;52;72m██[38;2;37;34;52m██[38;2;171;157;142m██[38;2;227;220;198m██[38;2;3;2;13m██[38;2;12;4;26m██[38;2;12;10;26m██[38;2;25;25;38m██[38;2;13;0;27m  [38;2;67;67;85m██
[38;2;88;33;62m██[38;2;144;55;95m████[38;2;145;56;96m██[38;2;54;13;36m██[38;2;241;186;165m██[38;2;255;216;185m██[38;2;233;196;173m██[38;2;210;198;95m  [38;2;42;52;69m  [38;2;17;21;30m  [38;2;174;168;58m██[38;2;228;158;46m██[38;2;46;18;7m██[38;2;103;70;21m██[38;2;37;18;14m██[38;2;30;21;50m██[38;2;18;13;32m██[38;2;10;0;25m  [38;2;10;1;25m  [38;2;9;0;23m  [38;2;3;0;15m  [38;2;13;9;28m██[38;2;26;25;39m██[38;2;15;15;27m██[38;2;25;26;38m██[38;2;5;0;22m  [38;2;14;1;30m██[38;2;26;27;39m██[38;2;26;28;39m██[38;2;4;0;15m  [38;2;8;0;24m  
[38;2;87;36;63m██[38;2;109;41;74m██[38;2;143;54;94m██[38;2;67;9;37m██[38;2;162;64;83m██[38;2;255;216;185m██[38;2;255;217;186m██[38;2;222;216;190m██[38;2;42;54;73m██[38;2;17;18;28m██[38;2;204;170;53m██[38;2;141;64;61m██[38;2;20;12;11m██[38;2;32;107;64m██[38;2;25;125;76m██[38;2;58;45;18m██[38;2;4;4;6m██[38;2;56;56;72m██[38;2;72;72;90m██[38;2;24;18;40m██[38;2;7;0;22m  [38;2;9;0;23m  [38;2;24;23;37m██[38;2;24;24;38m██[38;2;26;27;39m██[38;2;4;0;14m  [38;2;4;0;21m  [38;2;9;0;19m  [38;2;23;21;37m██[38;2;23;18;36m██[38;2;8;0;19m  [38;2;11;2;25m  
[38;2;63;5;39m██[38;2;88;34;63m██[38;2;73;20;50m██[38;2;90;35;65m██[38;2;5;7;10m██[38;2;117;107;92m██[38;2;206;199;172m██[38;2;5;6;10m██[38;2;22;26;36m██[38;2;30;94;55m██[38;2;53;126;70m██[38;2;49;29;13m██[38;2;245;146;50m██[38;2;68;128;72m██[38;2;170;145;52m██[38;2;252;174;48m██[38;2;1;11;12m██[38;2;23;23;36m██[38;2;70;69;87m██[38;2;1;0;16m  [38;2;49;46;62m  [38;2;4;0;16m  [38;2;21;19;35m██[38;2;25;24;38m██[38;2;6;0;17m  [38;2;0;0;0m  [38;2;4;0;8m  [38;2;3;0;5m  [38;2;16;2;29m  [38;2;20;13;33m██[38;2;11;0;26m  [38;2;8;0;22m  
[38;2;5;7;12m  [38;2;1;0;2m██[38;2;52;8;34m██[38;2;59;60;65m  [38;2;32;40;55m██[38;2;25;33;46m██[38;2;33;42;57m██[38;2;31;39;54m██[38;2;249;179;47m  [38;2;83;131;66m  [38;2;58;40;13m██[38;2;253;187;43m██[38;2;15;67;46m██[38;2;33;131;77m██[38;2;50;130;72m██[38;2;232;161;44m██[38;2;110;133;66m██[38;2;17;16;26m██[38;2;20;19;32m██[38;2;71;71;89m██[38;2;1;0;14m  [38;2;8;5;27m  [38;2;21;18;34m██[38;2;6;0;19m  [38;2;0;0;0m    [38;2;0;0;1m    [38;2;0;0;2m  [38;2;17;5;30m██[38;2;12;0;28m  [38;2;11;0;27m  
[38;2;38;47;64m██[38;2;27;34;46m██[38;2;224;223;224m  [38;2;255;255;255m████[38;2;31;39;54m██[38;2;40;50;67m██[38;2;217;137;46m  [38;2;18;66;45m  [38;2;13;67;40m██[38;2;103;145;70m  [38;2;199;147;45m  [38;2;89;50;22m██[38;2;247;174;41m██[38;2;215;87;53m██[38;2;66;78;46m██[38;2;26;116;71m██[38;2;1;9;7m██[38;2;59;58;76m██[38;2;41;40;56m██[38;2;63;62;80m██[38;2;47;44;64m██[38;2;11;6;26m  [38;2;7;0;16m  [38;2;3;0;11m      [38;2;0;0;0m  [38;2;0;0;2m  [38;2;13;1;24m  [38;2;0;0;0m    
[38;2;41;52;69m██[38;2;41;51;68m██[38;2;32;41;56m██[38;2;186;185;187m██[38;2;33;50;74m██[38;2;169;169;170m  [38;2;24;40;22m  [38;2;215;145;43m  [38;2;147;77;25m  [38;2;233;172;51m  [38;2;201;84;53m  [38;2;67;63;27m██[38;2;4;31;22m██[38;2;16;135;83m██[38;2;147;122;50m██[38;2;225;86;53m██[38;2;60;133;71m██[38;2;180;129;37m██[38;2;50;49;65m██[38;2;41;35;57m██[38;2;9;6;24m  [38;2;8;6;23m  [38;2;8;0;23m  [38;2;7;0;16m  [38;2;0;0;1m      [38;2;0;0;0m  [38;2;0;0;2m  [38;2;14;1;25m  [38;2;0;0;0m    [0m
