
[38;2;0;0;0m        [38;2;92;93;90m  [38;2;55;56;48m██[38;2;58;62;37m██[38;2;75;80;50m██[38;2;93;98;66m██[38;2;80;85;53m██[38;2;51;56;26m██[38;2;62;67;37m██[38;2;85;88;73m  [38;2;24;25;18m  [38;2;0;0;0m                                      [38;2;122;122;122m  [38;2;0;0;0m      
[38;2;0;0;0m    [38;2;167;171;157m  [38;2;91;98;67m██[38;2;85;92;59m██[38;2;91;98;67m██[38;2;92;99;68m██[38;2;90;97;66m██[38;2;70;77;46m██[38;2;62;66;49m██[38;2;61;66;43m██[38;2;92;100;63m██[38;2;84;88;61m██[38;2;65;69;46m██[38;2;84;87;65m██[38;2;114;117;101m  [38;2;0;0;0m                              [38;2;34;34;34m  [38;2;254;254;254m████[38;2;171;181;180m██[38;2;12;13;13m  [38;2;0;0;0m  
[38;2;0;0;0m  [38;2;95;97;83m██[38;2;97;105;68m██[38;2;91;99;62m██[38;2;91;97;64m██[38;2;91;98;60m██[38;2;91;97;64m████[38;2;89;97;63m██[38;2;85;93;54m██[38;2;42;46;31m██[38;2;45;51;23m██[38;2;90;97;60m██[38;2;81;86;54m██[38;2;54;58;34m██[38;2;84;88;61m██[38;2;52;55;37m██[38;2;0;0;0m                          [38;2;4;3;3m  [38;2;243;244;238m██[38;2;253;253;253m██[38;2;255;255;255m██[38;2;240;243;244m██[38;2;161;182;177m██[38;2;0;0;0m  
[38;2;86;92;67m██[38;2;89;101;58m██[38;2;90;98;63m████[38;2;92;97;64m██[38;2;91;96;63m██[38;2;90;97;60m██[38;2;91;97;59m██[38;2;91;97;63m██[38;2;92;98;64m██[38;2;87;93;61m██[38;2;41;43;32m██[38;2;88;95;62m██[38;2;88;95;64m██[38;2;83;88;65m██[38;2;37;41;23m██[38;2;71;78;44m██[38;2;78;82;66m██[38;2;0;0;0m                      [38;2;196;183;181m  [38;2;254;151;132m██[38;2;246;204;204m██[38;2;209;209;209m██[38;2;255;255;255m██[38;2;226;230;228m██[38;2;122;139;134m██[38;2;91;100;102m  
[38;2;89;100;60m██[38;2;37;35;25m██[38;2;39;43;27m██[38;2;35;40;23m██[38;2;35;37;23m██[38;2;38;40;26m██[38;2;39;42;22m██[38;2;86;91;60m██[38;2;91;96;63m██[38;2;89;95;61m██[38;2;90;96;60m██[38;2;40;42;28m██[38;2;71;77;50m██[38;2;68;75;41m██[38;2;60;66;40m██[38;2;39;42;34m██[38;2;83;88;63m██[38;2;38;44;19m██[38;2;61;64;51m██[38;2;0;0;0m                  [38;2;200;204;205m  [38;2;209;215;200m██[38;2;197;136;122m██[38;2;252;183;162m██[38;2;242;242;242m██[38;2;251;251;251m██[38;2;211;220;219m██[38;2;209;219;212m██[38;2;108;119;120m██
[38;2;46;49;31m██[38;2;43;46;27m██[38;2;65;69;51m██[38;2;70;75;56m██[38;2;68;73;51m██[38;2;66;71;50m██[38;2;29;32;14m██[38;2;34;37;19m██[38;2;69;74;44m██[38;2;91;97;61m██[38;2;92;97;64m██[38;2;90;96;62m██[38;2;89;97;64m██[38;2;88;95;62m██[38;2;83;90;59m██[38;2;84;91;60m██[38;2;83;89;61m██[38;2;63;69;41m██[38;2;46;49;28m██[38;2;161;162;156m  [38;2;0;0;0m            [38;2;93;98;94m  [38;2;168;173;159m██[38;2;201;204;193m██[38;2;212;215;209m██[38;2;244;254;251m██[38;2;209;118;107m██[38;2;231;204;203m██[38;2;243;233;238m██[38;2;198;207;204m██[38;2;184;197;197m██[38;2;165;183;176m██
[38;2;65;67;54m██[38;2;67;70;49m██[38;2;64;69;46m██[38;2;67;72;50m██[38;2;67;72;52m████[38;2;74;77;56m██[38;2;56;59;37m██[38;2;44;46;33m██[38;2;88;94;59m██[38;2;91;97;63m██[38;2;90;96;62m██[38;2;86;93;60m██[38;2;85;92;59m██[38;2;84;89;64m██[38;2;82;88;62m██[38;2;85;92;59m██[38;2;81;88;55m██[38;2;81;85;61m██[38;2;67;70;53m██[38;2;0;0;0m          [38;2;190;167;153m  [38;2;189;122;104m██[38;2;172;183;166m██[38;2;202;205;198m██[38;2;240;242;240m██[38;2;232;225;224m██[38;2;226;229;225m██[38;2;239;247;252m██[38;2;244;244;239m██[38;2;220;229;226m██[38;2;164;187;184m██[38;2;167;168;171m  
[38;2;66;71;49m██[38;2;65;70;48m████[38;2;72;77;55m██[38;2;71;77;51m██[38;2;72;77;52m██[38;2;74;78;55m██[38;2;73;78;51m██[38;2;60;63;46m██[38;2;69;73;44m██[38;2;89;94;65m██[38;2;50;64;31m██[38;2;43;45;29m██[38;2;41;43;27m██[38;2;43;44;27m██[38;2;44;46;25m██[38;2;97;101;76m██[38;2;103;107;82m██[38;2;75;79;53m██[38;2;72;76;53m██[38;2;0;0;0m        [38;2;186;138;131m██[38;2;249;145;130m██[38;2;254;197;163m██[38;2;204;211;200m██[38;2;173;176;166m██[38;2;224;226;223m██[38;2;249;251;250m██[38;2;238;240;238m██[38;2;244;244;242m██[38;2;214;224;223m██[38;2;80;88;85m  [38;2;0;0;0m    
[38;2;63;68;46m██[38;2;72;77;55m██[38;2;68;73;51m██[38;2;66;71;49m██[38;2;69;74;52m██[38;2;67;72;50m██[38;2;70;74;51m██[38;2;73;78;51m██[38;2;65;68;49m██[38;2;54;57;36m██[38;2;40;41;27m██[38;2;30;22;11m██[38;2;159;137;126m██[38;2;112;90;79m██[38;2;69;60;44m██[38;2;23;15;2m██[38;2;51;53;39m██[38;2;46;48;34m██[38;2;48;51;32m██[38;2;72;76;51m██[38;2;0;0;0m    [38;2;49;48;46m  [38;2;143;72;52m██[38;2;228;140;118m██[38;2;254;182;152m██[38;2;219;107;73m██[38;2;180;181;175m██[38;2;251;253;250m██[38;2;253;254;250m████[38;2;173;175;170m██[38;2;176;182;178m██[38;2;186;195;194m  [38;2;0;0;0m      
[38;2;63;66;45m██[38;2;65;68;47m██[38;2;65;70;48m██████[38;2;66;72;50m██[38;2;72;76;53m██[38;2;73;78;51m████[38;2;39;41;26m██[38;2;186;142;136m██[38;2;199;169;159m██[38;2;120;117;114m██[38;2;232;216;209m██[38;2;164;141;119m██[38;2;224;193;155m██[38;2;148;124;99m██[38;2;125;104;83m██[38;2;51;45;32m██[38;2;53;57;42m██[38;2;171;176;172m  [38;2;207;210;194m  [38;2;122;109;92m██[38;2;224;151;125m██[38;2;204;109;100m██[38;2;220;98;91m██[38;2;244;146;121m██[38;2;147;136;134m██[38;2;142;146;132m██[38;2;155;159;145m██[38;2;194;197;188m██[38;2;178;188;180m██[38;2;11;11;11m  [38;2;0;0;0m        
[38;2;61;64;43m██[38;2;65;69;48m██[38;2;61;66;44m██[38;2;65;70;48m██[38;2;69;74;52m██[38;2;72;77;55m██[38;2;73;78;54m██[38;2;71;75;48m██[38;2;33;41;26m██[38;2;142;123;108m██[38;2;9;9;9m██[38;2;10;13;16m██[38;2;28;49;66m██[38;2;9;19;23m██[38;2;79;76;70m██[38;2;212;193;165m██[38;2;165;144;122m██[38;2;181;154;131m██[38;2;192;173;161m██[38;2;114;102;81m██[38;2;164;167;170m  [38;2;201;105;93m██[38;2;210;115;90m██[38;2;231;220;202m██[38;2;190;80;56m██[38;2;223;186;147m██[38;2;244;241;223m██[38;2;207;213;203m██[38;2;224;226;221m██[38;2;233;235;230m██[38;2;120;130;122m  [38;2;0;0;0m            
[38;2;59;62;41m██[38;2;61;64;43m██[38;2;34;37;20m██[38;2;66;69;52m██[38;2;49;52;31m██[38;2;76;79;58m██[38;2;73;78;52m██[38;2;72;76;51m██[38;2;72;77;54m██[38;2;85;74;56m██[38;2;110;96;92m██[38;2;182;182;180m██[38;2;76;150;180m██[38;2;47;98;130m██[38;2;42;44;52m██[38;2;231;204;195m██[38;2;143;107;99m██[38;2;225;197;186m██[38;2;25;47;64m██[38;2;5;4;8m██[38;2;247;246;240m██[38;2;225;211;200m██[38;2;250;199;160m██[38;2;174;174;146m██[38;2;149;135;114m██[38;2;111;128;96m██[38;2;180;169;140m██[38;2;250;245;251m██[38;2;206;213;195m██[38;2;38;44;32m██[38;2;0;0;0m              
[38;2;54;57;40m██[38;2;40;43;26m██[38;2;70;74;49m██[38;2;76;80;55m██[38;2;74;77;56m██[38;2;47;50;29m██[38;2;70;74;49m██[38;2;73;78;52m██[38;2;71;79;55m██[38;2;38;40;18m██[38;2;206;184;161m██[38;2;227;199;195m██[38;2;236;203;194m██[38;2;228;190;189m██[38;2;241;197;196m██[38;2;235;196;188m██[38;2;237;201;199m██[38;2;234;203;200m██[38;2;172;156;159m██[38;2;10;29;47m██[38;2;252;251;237m██[38;2;176;183;167m██[38;2;187;115;100m██[38;2;208;96;77m██[38;2;147;139;119m██[38;2;203;188;171m██[38;2;177;158;141m██[38;2;125;132;98m██[38;2;206;204;192m██[38;2;87;95;74m██[38;2;0;0;0m              
[38;2;43;45;31m██[38;2;72;76;53m██[38;2;73;78;52m████[38;2;72;78;54m██[38;2;71;77;56m██[38;2;39;42;25m██[38;2;69;73;48m██[38;2;73;78;55m██[38;2;66;70;47m██[38;2;233;202;174m██[38;2;198;140;138m██[38;2;245;178;179m██[38;2;232;168;168m██[38;2;229;168;172m██[38;2;237;182;188m██[38;2;237;194;195m██[38;2;235;200;198m██[38;2;232;206;203m██[38;2;165;94;84m██[38;2;165;153;147m██[38;2;175;167;150m██[38;2;175;199;179m██[38;2;196;149;125m██[38;2;157;166;145m██[38;2;133;139;115m██[38;2;127;122;95m██[38;2;218;173;170m██[38;2;100;101;83m██[38;2;75;78;57m██[38;2;87;89;75m██[38;2;96;99;90m  [38;2;0;0;0m          
[38;2;21;23;10m██[38;2;74;79;48m██[38;2;73;78;52m████[38;2;63;68;48m██[38;2;48;52;37m██[38;2;46;48;35m██[38;2;68;71;50m██[38;2;73;78;55m██[38;2;73;77;54m██[38;2;228;195;161m██[38;2;190;154;129m██[38;2;204;134;133m██[38;2;232;158;168m██[38;2;233;162;170m██[38;2;235;172;180m██[38;2;235;188;191m██[38;2;240;200;200m██[38;2;131;67;48m██[38;2;216;70;50m██[38;2;196;86;64m██[38;2;152;160;141m██[38;2;133;133;113m██[38;2;110;119;97m██[38;2;205;180;174m██[38;2;219;206;194m██[38;2;199;154;149m██[38;2;31;31;22m██[38;2;90;95;75m██[38;2;92;97;75m██[38;2;87;90;72m██[38;2;93;96;75m██[38;2;0;0;0m          
[38;2;21;23;10m██[38;2;73;78;48m██[38;2;73;78;52m████[38;2;83;88;58m██[38;2;48;50;37m██[38;2;45;49;35m██[38;2;70;75;52m██[38;2;72;78;52m██[38;2;79;73;51m██[38;2;171;132;118m██[38;2;227;169;158m██[38;2;230;158;158m██[38;2;235;148;161m██[38;2;237;156;166m██[38;2;236;166;177m██[38;2;237;185;189m██[38;2;236;200;198m██[38;2;235;221;212m██[38;2;216;84;58m██[38;2;197;81;60m██[38;2;217;204;176m██[38;2;140;136;112m██[38;2;117;115;100m  [38;2;220;183;180m██[38;2;43;45;34m██[38;2;43;43;31m██[38;2;42;43;27m██[38;2;88;93;72m██[38;2;24;27;16m██[38;2;70;73;54m██[38;2;94;97;76m██[38;2;132;134;123m  [38;2;0;0;0m        
[38;2;42;44;31m██[38;2;73;78;48m██[38;2;73;78;52m████[38;2;81;86;56m██[38;2;37;39;26m██[38;2;34;38;24m██[38;2;66;71;48m██[38;2;73;79;52m██[38;2;55;49;27m██[38;2;232;208;177m██[38;2;235;170;172m██[38;2;236;158;160m██[38;2;233;151;162m██[38;2;234;157;166m██[38;2;233;168;177m██[38;2;236;188;190m██[38;2;232;201;198m██[38;2;224;226;226m██[38;2;183;128;119m██[38;2;230;181;178m██[38;2;245;216;194m██[38;2;242;226;207m██[38;2;105;111;106m  [38;2;52;61;43m██[38;2;30;25;17m██[38;2;32;36;22m██[38;2;36;40;23m██[38;2;28;31;23m██[38;2;22;25;16m██[38;2;63;66;47m██[38;2;81;84;63m██[38;2;92;94;80m██[38;2;0;0;0m        
[38;2;38;40;25m██[38;2;73;76;55m██[38;2;73;77;55m██[38;2;73;78;52m██[38;2;79;82;61m██[38;2;34;36;23m██[38;2;28;30;18m██[38;2;69;73;46m██[38;2;70;79;56m██[38;2;144;128;102m██[38;2;69;50;18m██[38;2;226;177;173m██[38;2;244;178;179m██[38;2;234;164;167m██[38;2;234;168;171m██[38;2;234;182;184m██[38;2;236;198;195m██[38;2;237;208;202m██[38;2;207;182;175m██[38;2;234;203;198m██[38;2;236;178;180m██[38;2;159;134;113m██[38;2;225;193;157m██[38;2;33;37;31m  [38;2;58;63;42m██[38;2;42;46;29m██[38;2;28;31;19m██[38;2;24;28;14m██[38;2;23;25;19m██[38;2;38;42;27m██[38;2;63;66;47m██[38;2;64;67;48m██[38;2;94;96;82m██[38;2;0;0;0m        
[38;2;39;46;28m██[38;2;38;44;30m██[38;2;80;83;62m██[38;2;80;84;59m██[38;2;39;42;21m██[38;2;39;41;28m██[38;2;60;64;41m██[38;2;71;75;52m██[38;2;75;77;54m██[38;2;179;148;117m██[38;2;219;194;158m██[38;2;123;101;86m██[38;2;233;198;192m██[38;2;235;196;191m██[38;2;235;202;199m██[38;2;237;208;207m██[38;2;235;212;204m██[38;2;235;213;205m██[38;2;208;181;174m██[38;2;232;211;202m██[38;2;215;188;173m██[38;2;213;192;163m██[38;2;224;202;176m██[38;2;128;126;124m  [38;2;54;59;38m██[38;2;46;50;34m██[38;2;29;33;18m██[38;2;27;30;23m██[38;2;24;28;14m██[38;2;44;48;33m██[38;2;57;60;41m██[38;2;64;67;48m██[38;2;91;93;79m██[38;2;0;0;0m        
[38;2;50;53;32m██[38;2;44;46;32m██[38;2;40;47;29m██[38;2;28;35;17m██[38;2;27;29;16m██[38;2;51;54;37m██[38;2;76;80;57m██[38;2;77;77;51m██[38;2;74;72;47m██[38;2;227;199;162m██[38;2;223;192;161m██[38;2;233;221;189m██[38;2;191;173;152m██[38;2;232;214;210m██[38;2;235;217;210m██[38;2;233;220;211m██[38;2;233;219;210m████[38;2;207;188;180m██[38;2;227;213;204m██[38;2;217;187;148m██[38;2;222;192;160m██[38;2;123;125;120m  [38;2;0;0;0m  [38;2;46;48;39m██[38;2;45;47;35m██[38;2;42;44;30m██[38;2;49;51;37m██[38;2;46;48;34m██[38;2;43;44;30m██[38;2;46;51;31m██[38;2;61;66;44m██[38;2;84;85;75m  [38;2;0;0;0m        
[38;2;54;57;36m██[38;2;51;52;39m██[38;2;50;54;32m██[38;2;51;54;32m██[38;2;49;52;35m██[38;2;71;74;53m██[38;2;73;77;54m██[38;2;81;81;55m██[38;2;140;111;81m██[38;2;151;122;88m██[38;2;178;154;118m██[38;2;222;192;158m██[38;2;226;193;158m██[38;2;186;173;158m██[38;2;235;222;213m██[38;2;234;224;214m██████[38;2;214;196;189m██[38;2;146;116;84m██[38;2;203;168;114m██[38;2;223;191;158m██[38;2;69;70;63m  [38;2;0;0;0m  [38;2;9;9;9m  [38;2;40;42;29m██[38;2;42;44;30m██[38;2;43;44;31m██[38;2;43;44;30m████[38;2;42;47;27m██[38;2;58;63;41m██[38;2;95;97;86m  [38;2;0;0;0m        
[38;2;51;53;36m██[38;2;50;53;36m██[38;2;51;54;35m██[38;2;52;56;35m██[38;2;67;73;45m██[38;2;65;76;59m██[38;2;75;79;56m██[38;2;150;130;93m██[38;2;219;186;141m██[38;2;222;184;145m██[38;2;220;189;143m██[38;2;177;138;132m██[38;2;114;83;63m██[38;2;168;133;101m██[38;2;150;115;106m██[38;2;177;147;137m██[38;2;160;147;136m██[38;2;58;40;30m██[38;2;106;81;57m██[38;2;141;109;73m██[38;2;184;145;97m██[38;2;104;86;65m██[38;2;21;22;16m██[38;2;38;39;33m██[38;2;0;0;0m  [38;2;59;62;40m██[38;2;36;40;25m██[38;2;42;46;31m██[38;2;42;44;30m██[38;2;33;35;21m██[38;2;23;27;13m██[38;2;70;75;52m██[38;2;93;96;75m██[38;2;170;170;161m  [38;2;0;0;0m      
[38;2;86;70;44m██[38;2;120;103;85m██[38;2;33;38;16m██[38;2;58;54;43m██[38;2;57;58;42m██[38;2;75;76;45m██[38;2;211;184;141m██[38;2;214;182;143m██[38;2;218;190;143m██[38;2;77;49;12m██[38;2;202;178;144m██[38;2;164;147;117m██[38;2;65;46;39m██[38;2;53;43;34m██[38;2;63;60;51m██[38;2;58;51;43m██[38;2;41;47;39m██[38;2;42;44;38m██[38;2;88;88;82m██[38;2;142;106;71m██[38;2;150;134;113m  [38;2;0;0;0m        [38;2;58;60;46m██[38;2;45;49;34m██[38;2;43;47;32m██[38;2;43;45;31m██[38;2;42;44;30m██[38;2;42;46;32m██[38;2;57;62;39m██[38;2;61;65;42m██[38;2;57;59;48m██[38;2;0;0;0m      
[38;2;117;91;74m██[38;2;47;47;35m██[38;2;73;78;58m██[38;2;61;58;39m██[38;2;126;110;85m██[38;2;208;173;135m██[38;2;218;187;143m██[38;2;107;89;67m██[38;2;36;31;11m██[38;2;43;37;23m██[38;2;37;39;25m██[38;2;45;47;33m██[38;2;56;60;40m██[38;2;61;66;46m██[38;2;68;73;51m██[38;2;71;76;54m██[38;2;54;56;42m██[38;2;92;96;71m██[38;2;92;94;80m██[38;2;136;136;137m  [38;2;9;12;5m██[38;2;52;56;41m██[38;2;65;68;51m██[38;2;62;65;48m██[38;2;55;56;48m██[38;2;15;16;8m██[38;2;14;17;8m██[38;2;21;24;15m██[38;2;39;43;29m██[38;2;40;44;30m██[38;2;40;44;28m██[38;2;59;64;44m██[38;2;63;65;52m██[38;2;53;53;53m  [38;2;0;0;0m      
[38;2;23;16;11m██[38;2;50;60;49m██[38;2;100;92;81m██[38;2;110;90;65m██[38;2;62;53;37m██[38;2;112;86;64m██[38;2;116;98;70m██[38;2;127;93;61m██[38;2;50;43;37m██[38;2;37;45;30m██[38;2;40;42;28m██[38;2;42;44;30m██[38;2;56;61;41m██[38;2;65;70;50m██[38;2;69;73;52m██[38;2;72;77;55m██[38;2;55;57;43m██[38;2;85;89;64m██[38;2;107;110;94m██[38;2;40;42;31m██[38;2;30;33;21m██[38;2;77;82;62m██[38;2;69;72;51m██[38;2;64;67;46m██[38;2;63;66;45m██[38;2;57;60;39m██[38;2;39;43;29m██[38;2;40;44;30m██[38;2;23;26;15m████[38;2;19;22;11m██[38;2;20;24;8m██[38;2;99;101;88m██[38;2;0;0;0m        
[38;2;0;0;0m      [38;2;97;97;94m  [38;2;0;0;0m      [38;2;76;78;74m  [38;2;23;25;20m██[38;2;26;28;22m██[38;2;31;34;22m██[38;2;39;43;27m██[38;2;52;54;40m██[38;2;68;70;56m██[38;2;69;72;53m██[38;2;82;85;66m██[38;2;69;72;51m██[38;2;67;71;49m██[38;2;52;54;40m██[38;2;67;69;55m██[38;2;41;43;30m██[38;2;37;39;29m██[38;2;71;74;53m██[38;2;70;73;52m██[38;2;62;67;46m██[38;2;78;78;54m██[38;2;68;71;52m██[38;2;53;56;37m██[38;2;39;43;26m██[38;2;41;45;28m██[38;2;40;42;28m██[38;2;57;59;46m██[38;2;89;91;77m██[38;2;0;0;0m        
[38;2;0;0;0m          [38;2;84;84;81m  [38;2;50;52;45m  [38;2;20;23;11m██[38;2;24;27;14m██[38;2;23;26;13m██[38;2;34;37;26m██[38;2;40;43;35m██[38;2;48;50;36m████[38;2;59;62;47m██[38;2;54;56;41m██[38;2;39;41;26m██[38;2;39;42;26m██[38;2;64;67;49m██[38;2;95;98;80m██[38;2;86;88;74m██[38;2;82;85;64m██[38;2;71;74;53m██[38;2;86;89;68m██[38;2;57;59;44m██[38;2;88;93;72m██[38;2;86;89;70m██[38;2;80;83;64m██[38;2;59;64;43m██[38;2;79;84;63m██[38;2;87;90;72m██[38;2;57;60;42m██[38;2;94;96;82m██[38;2;0;0;0m        
[38;2;0;0;0m        [38;2;99;99;97m  [38;2;70;73;56m██[38;2;66;71;51m██[38;2;67;72;52m██[38;2;69;72;50m██[38;2;77;81;59m██[38;2;71;76;54m██[38;2;55;60;38m██[38;2;37;41;27m██[38;2;47;51;35m██[38;2;50;52;38m██[38;2;83;86;67m██[38;2;58;60;45m██[38;2;65;68;53m██[38;2;68;70;55m██[38;2;51;53;38m██[38;2;69;72;55m██[38;2;84;88;64m██[38;2;83;86;65m██[38;2;89;92;71m██[38;2;57;46;32m██[38;2;72;77;61m██[38;2;92;95;73m██[38;2;91;94;73m██[38;2;31;33;19m██[38;2;89;93;70m██[38;2;89;93;72m██[38;2;89;92;71m██[38;2;86;87;79m██[38;2;0;0;0m        
[38;2;0;0;0m        [38;2;192;192;189m  [38;2;63;66;49m██[38;2;63;67;50m██[38;2;74;78;61m██[38;2;76;79;61m██[38;2;79;82;63m██[38;2;91;96;74m██[38;2;91;96;73m██[38;2;88;93;72m██[38;2;33;37;27m██[38;2;74;77;59m██[38;2;94;97;75m██[38;2;94;97;77m██[38;2;92;95;76m██[38;2;90;93;74m██[38;2;87;90;71m██[38;2;91;94;75m██[38;2;90;93;75m██[38;2;87;90;69m██[38;2;86;89;68m██[38;2;67;48;37m██[38;2;27;30;16m██[38;2;89;92;71m██[38;2;90;93;72m██[38;2;35;37;23m██[38;2;93;97;74m██[38;2;92;95;73m██[38;2;91;95;73m██[38;2;169;170;163m  [38;2;0;0;0m        
[38;2;0;0;0m        [38;2;137;139;134m  [38;2;71;76;56m██[38;2;67;69;55m████[38;2;64;66;52m██[38;2;77;79;65m██[38;2;88;93;71m██[38;2;91;96;73m██[38;2;90;94;73m██[38;2;92;94;73m██[38;2;94;97;76m██[38;2;94;97;75m██████████[38;2;90;93;74m██[38;2;89;93;73m██[38;2;93;96;77m██[38;2;94;97;78m██[38;2;93;96;75m██[38;2;88;91;70m██[38;2;61;63;49m██[38;2;65;68;49m██[38;2;36;39;22m██[38;2;90;93;72m██[38;2;91;95;70m██[38;2;96;100;77m██[38;2;1;1;1m  [38;2;0;0;0m        
[38;2;0;0;0m      [38;2;32;33;31m  [38;2;69;73;58m██[38;2;75;80;58m██[38;2;87;90;71m██[38;2;86;89;70m██[38;2;79;82;63m██[38;2;71;74;55m██[38;2;91;96;74m██[38;2;91;96;73m██[38;2;91;95;73m██[38;2;92;95;73m██[38;2;94;97;76m██████████[38;2;92;95;73m██[38;2;90;93;74m██[38;2;87;90;71m██[38;2;67;70;51m██[38;2;93;96;77m██[38;2;94;97;76m██[38;2;95;98;77m██[38;2;61;63;49m██[38;2;67;70;51m██[38;2;36;39;22m██[38;2;73;76;55m██[38;2;69;72;55m██[38;2;153;153;147m  [38;2;0;0;0m          
[38;2;0;0;0m      [38;2;77;81;58m██[38;2;87;90;69m██[38;2;92;95;73m████████[38;2;93;96;75m██[38;2;84;87;68m██[38;2;93;96;77m██[38;2;92;95;76m██[38;2;94;97;78m██[38;2;95;97;77m██[38;2;93;96;75m██[38;2;95;97;77m██[38;2;94;97;76m██[38;2;93;96;77m██[38;2;96;99;80m██[38;2;91;94;73m██[38;2;88;91;75m██[38;2;87;90;74m██[38;2;94;97;75m██[38;2;90;93;74m██[38;2;67;70;51m██[38;2;91;94;77m██[38;2;38;41;24m██[38;2;37;40;23m██[38;2;63;65;52m██[38;2;50;50;47m  [38;2;0;0;0m            [0m
