
[38;2;0;0;0m                              [38;2;13;13;13m  [38;2;50;47;47m  [38;2;98;50;50m  [38;2;205;87;87m██[38;2;204;87;87m██████[38;2;205;87;87m██[38;2;181;78;78m██[38;2;67;47;47m  [38;2;90;91;91m  [38;2;6;6;6m  [38;2;0;0;0m        
[38;2;0;0;0m                          [38;2;19;19;19m  [38;2;64;56;56m  [38;2;190;81;81m██[38;2;204;87;87m██████████████████[38;2;203;87;87m██[38;2;132;69;69m  [38;2;64;68;68m  [38;2;0;0;0m      
[38;2;0;0;0m                        [38;2;84;71;71m  [38;2;110;57;57m  [38;2;204;87;87m██████████████████[38;2;199;85;85m██[38;2;204;87;87m██████[38;2;203;87;87m██[38;2;63;44;44m  [38;2;52;52;52m  [38;2;0;0;0m  
[38;2;0;0;0m                      [38;2;40;29;29m  [38;2;179;76;76m  [38;2;214;121;121m██[38;2;231;181;181m██[38;2;230;179;179m██[38;2;204;89;89m██[38;2;218;137;137m██[38;2;225;161;161m██[38;2;216;132;132m██[38;2;204;87;87m████[38;2;198;84;84m██[38;2;168;74;74m██[38;2;204;86;86m██[38;2;172;75;75m██[38;2;202;86;86m████[38;2;204;87;87m██[38;2;99;47;47m  [38;2;0;0;0m  
[38;2;0;0;0m                      [38;2;108;52;52m  [38;2;231;183;183m██[38;2;223;153;153m██[38;2;228;171;171m██[38;2;213;119;119m██[38;2;221;148;148m██[38;2;238;205;205m██[38;2;222;151;151m██[38;2;220;144;144m██[38;2;191;81;81m██[38;2;225;159;159m██[38;2;197;96;96m██[38;2;152;67;67m██[38;2;233;189;189m██[38;2;180;79;79m██[38;2;211;111;111m██[38;2;183;79;79m██[38;2;230;178;178m██[38;2;197;89;89m██[38;2;83;54;54m  
[38;2;0;0;0m                    [38;2;59;59;59m  [38;2;223;154;154m██[38;2;214;123;123m██[38;2;204;87;87m████[38;2;162;70;70m██[38;2;204;86;86m██[38;2;218;135;135m██[38;2;217;134;134m██[38;2;227;167;167m██[38;2;160;70;70m██[38;2;204;86;86m██[38;2;193;84;84m██[38;2;132;59;59m██[38;2;211;111;111m██[38;2;170;74;74m██[38;2;197;84;84m██[38;2;164;72;72m██[38;2;194;88;88m██[38;2;183;80;80m██[38;2;197;92;92m██
[38;2;0;0;0m                    [38;2;35;33;33m  [38;2;204;87;87m██████[38;2;163;72;72m██[38;2;136;61;61m██[38;2;204;87;87m██████[38;2;203;87;87m██[38;2;139;63;63m██[38;2;181;79;79m██[38;2;191;82;82m██[38;2;180;78;78m██[38;2;203;86;86m██[38;2;162;70;70m██[38;2;183;79;79m██[38;2;156;69;69m██[38;2;169;74;74m██[38;2;182;78;78m██[38;2;198;86;86m██
[38;2;0;0;0m                    [38;2;30;121;121m  [38;2;204;87;87m██[38;2;203;87;87m██[38;2;164;72;72m██[38;2;163;72;72m██[38;2;194;83;83m██[38;2;204;87;87m██████[38;2;163;71;71m██[38;2;151;68;68m██[38;2;102;47;47m██[38;2;161;70;70m██[38;2;187;80;80m██[38;2;203;86;86m██[38;2;151;67;67m██[38;2;172;75;75m██[38;2;137;61;61m██[38;2;166;73;73m████[38;2;197;84;84m██
[38;2;0;0;0m                    [38;2;40;38;38m  [38;2;204;86;86m██[38;2;164;72;72m██[38;2;163;72;72m██[38;2;161;71;71m██[38;2;204;87;87m██[38;2;204;86;86m██[38;2;203;87;87m██[38;2;192;83;83m██[38;2;183;152;148m██[38;2;165;72;72m██[38;2;138;112;110m██[38;2;130;58;58m██[38;2;129;62;62m██[38;2;164;72;72m██[38;2;125;90;88m██[38;2;113;51;51m██[38;2;163;72;72m██[38;2;180;78;78m██[38;2;128;62;62m██[38;2;190;81;81m██
[38;2;0;0;0m                    [38;2;51;22;22m  [38;2;178;77;77m██[38;2;138;64;64m██[38;2;126;70;70m██[38;2;95;43;43m██[38;2;204;87;87m██[38;2;201;86;86m██[38;2;204;87;87m██[38;2;124;70;70m██[38;2;89;72;71m██[38;2;120;95;93m██[38;2;64;32;32m██[38;2;100;46;46m██[38;2;130;89;88m██[38;2;107;57;57m██[38;2;231;190;186m██[38;2;191;151;148m██[38;2;182;153;150m██[38;2;170;74;74m██[38;2;230;189;186m██[38;2;191;82;82m██
[38;2;0;0;0m                    [38;2;42;30;30m  [38;2;120;58;57m██[38;2;148;123;121m██[38;2;206;170;167m██[38;2;68;44;44m██[38;2;204;87;87m██[38;2;167;73;73m██[38;2;175;75;75m██[38;2;222;220;220m██[38;2;185;137;72m██[38;2;175;118;65m██[38;2;184;158;79m██[38;2;196;194;194m██[38;2;225;185;181m██[38;2;237;195;192m██[38;2;237;195;191m██[38;2;237;196;192m██[38;2;151;67;67m██[38;2;54;43;32m██[38;2;68;63;62m██[38;2;196;84;84m██
[38;2;0;0;0m                    [38;2;48;30;30m  [38;2;182;144;141m██[38;2;227;187;183m██[38;2;141;118;115m██[38;2;107;72;71m██[38;2;204;87;87m██[38;2;200;85;85m██[38;2;142;91;90m██[38;2;187;157;153m██[38;2;170;142;71m██[38;2;182;129;69m██[38;2;242;240;240m██[38;2;156;151;151m██[38;2;237;195;192m██[38;2;236;195;192m██[38;2;237;195;192m████[38;2;173;113;63m██[38;2;175;116;65m██[38;2;202;198;198m██[38;2;199;85;85m██
[38;2;0;0;0m                    [38;2;7;6;6m  [38;2;125;58;58m██[38;2;188;157;153m██[38;2;236;196;192m██[38;2;106;72;71m██[38;2;203;87;87m██[38;2;203;86;86m██[38;2;216;178;174m██[38;2;237;195;192m██████[38;2;236;195;192m██[38;2;237;195;192m████[38;2;237;196;192m██[38;2;237;195;191m██[38;2;226;187;184m██[38;2;231;192;189m██[38;2;217;180;176m██[38;2;129;64;64m██[38;2;200;86;86m██
[38;2;0;0;0m                      [38;2;159;70;70m  [38;2;118;70;69m██[38;2;221;183;179m██[38;2;106;67;66m██[38;2;169;74;74m██[38;2;187;80;80m██[38;2;237;196;192m██[38;2;237;195;192m████████████████[38;2;166;137;135m██[38;2;237;195;192m██[38;2;236;195;191m██[38;2;169;74;74m██[38;2;182;80;80m██
[38;2;0;0;0m                    [38;2;30;30;30m  [38;2;73;42;42m  [38;2;163;71;71m██[38;2;163;72;72m██[38;2;85;53;53m██[38;2;163;72;72m██[38;2;164;71;71m██[38;2;237;195;192m████[38;2;237;196;192m██[38;2;237;195;192m██████████[38;2;237;195;191m██[38;2;139;118;115m██[38;2;237;195;192m██[38;2;115;75;74m██[38;2;193;83;83m██[38;2;108;51;51m  
[38;2;0;0;0m                  [38;2;109;109;109m  [38;2;60;42;42m  [38;2;137;62;62m██[38;2;164;72;72m██[38;2;117;90;89m██[38;2;115;61;61m██[38;2;163;72;72m██[38;2;145;66;66m██[38;2;237;195;192m██████████████[38;2;236;195;192m██[38;2;237;195;192m██[38;2;190;158;154m██[38;2;235;195;191m██[38;2;163;72;72m██[38;2;199;86;86m██[38;2;19;12;12m  
[38;2;0;0;0m                [38;2;62;62;62m  [38;2;164;71;71m██[38;2;163;71;71m██[38;2;146;64;64m██[38;2;85;42;42m██[38;2;237;195;192m██[38;2;107;61;60m██[38;2;163;72;72m██[38;2;130;76;75m██[38;2;237;195;192m████████[38;2;236;195;192m██[38;2;237;195;192m████[38;2;237;196;192m██[38;2;237;195;191m██[38;2;238;196;192m██[38;2;164;72;72m██[38;2;174;76;76m██[38;2;199;85;85m██[38;2;107;98;98m  
[38;2;0;0;0m                [38;2;136;61;61m  [38;2;108;49;49m██[38;2;160;70;70m██[38;2;150;67;67m██[38;2;237;195;192m██[38;2;236;195;192m██[38;2;108;67;66m██[38;2;163;72;72m██[38;2;133;94;92m██[38;2;237;195;192m██████████████[38;2;225;186;182m██[38;2;237;196;192m████[38;2;164;72;72m██[38;2;184;80;80m██[38;2;187;82;82m  [38;2;12;12;12m  
[38;2;0;0;0m              [38;2;28;15;15m  [38;2;79;37;37m██[38;2;69;33;33m██[38;2;160;72;72m██[38;2;237;196;192m██[38;2;237;195;192m██[38;2;237;196;192m██[38;2;107;81;79m██[38;2;108;49;49m██[38;2;139;105;103m██[38;2;237;195;192m████[38;2;237;196;192m██[38;2;237;195;192m████[38;2;237;196;192m██[38;2;144;121;119m██[38;2;206;171;168m██[38;2;38;38;38m  [38;2;68;71;71m  [38;2;166;73;73m██[38;2;131;58;58m██[38;2;37;29;29m  [38;2;0;0;0m  
[38;2;0;0;0m              [38;2;161;71;71m██[38;2;155;68;68m██[38;2;87;59;59m██[38;2;188;183;183m██[38;2;237;195;192m██████[38;2;154;127;125m██[38;2;97;44;44m██[38;2;78;61;61m██[38;2;240;198;194m██[38;2;170;142;139m██[38;2;233;193;189m██[38;2;237;195;192m██████[38;2;211;175;171m  [38;2;214;211;211m  [38;2;0;0;0m  [38;2;43;41;41m  [38;2;198;85;85m██[38;2;199;86;86m██[38;2;41;41;41m  [38;2;0;0;0m  
[38;2;0;0;0m            [38;2;48;50;50m  [38;2;163;72;72m██[38;2;250;249;249m██[38;2;205;202;202m██[38;2;255;252;252m██[38;2;248;246;246m██[38;2;237;195;191m██[38;2;237;195;192m██[38;2;231;191;187m██[38;2;117;53;53m██[38;2;136;96;95m██[38;2;170;141;139m██[38;2;92;77;76m██[38;2;42;43;42m  [38;2;7;8;8m  [38;2;53;47;46m  [38;2;24;25;25m  [38;2;111;111;111m  [38;2;0;0;0m    [38;2;95;55;55m  [38;2;90;42;42m██[38;2;127;59;59m  [38;2;0;0;0m    
[38;2;0;0;0m          [38;2;96;103;103m  [38;2;88;83;83m██[38;2;255;252;252m████[38;2;246;246;246m██[38;2;255;252;252m██████[38;2;211;174;170m██[38;2;237;196;192m██[38;2;158;70;70m██[38;2;117;99;97m██[38;2;165;137;135m██[38;2;197;163;159m██[38;2;236;195;191m██[38;2;0;0;0m            [38;2;148;66;66m  [38;2;126;63;63m██[38;2;32;37;37m  [38;2;0;0;0m    
[38;2;0;0;0m        [38;2;79;79;79m  [38;2;249;247;247m██[38;2;255;252;252m██████[38;2;254;250;250m██[38;2;255;252;252m██████[38;2;254;252;252m██[38;2;198;164;161m██[38;2;163;72;72m██[38;2;237;196;192m██[38;2;237;195;192m██[38;2;131;110;107m██[38;2;233;193;189m██[38;2;0;0;0m          [38;2;33;33;33m  [38;2;108;82;82m  [38;2;157;69;69m██[38;2;0;0;0m      
[38;2;0;0;0m      [38;2;194;193;193m  [38;2;254;251;251m██[38;2;255;252;252m████████[38;2;254;249;249m██[38;2;255;253;253m██[38;2;255;252;252m████████[38;2;85;37;37m██[38;2;237;196;192m██[38;2;232;192;188m██[38;2;192;159;156m██[38;2;183;153;149m  [38;2;114;98;96m  [38;2;204;170;168m  [38;2;38;40;40m  [38;2;0;0;0m    [38;2;51;51;51m  [38;2;28;24;24m  [38;2;30;21;21m  [38;2;0;0;0m      
[38;2;0;0;0m  [38;2;11;11;11m  [38;2;61;61;61m  [38;2;255;252;252m██[38;2;254;252;252m██[38;2;253;252;252m██[38;2;255;252;252m██████[38;2;254;249;249m██[38;2;255;253;253m██[38;2;255;252;252m████████[38;2;244;243;243m██[38;2;224;185;181m██[38;2;166;138;135m██[38;2;172;143;140m██[38;2;238;197;193m██[38;2;237;195;192m██[38;2;236;196;192m██[38;2;237;195;192m██[38;2;219;181;178m██[38;2;71;73;74m  [38;2;0;0;0m  [38;2;59;59;59m  [38;2;0;0;0m        
[38;2;0;0;0m  [38;2;28;28;28m  [38;2;159;157;157m██[38;2;255;250;250m██[38;2;254;250;250m██[38;2;254;251;251m██[38;2;254;252;252m██[38;2;255;252;252m████[38;2;253;249;249m██[38;2;235;233;233m██[38;2;255;252;252m██████[38;2;63;62;62m██[38;2;109;107;107m██[38;2;174;144;141m██[38;2;137;118;115m██[38;2;237;195;192m████████████[38;2;199;164;161m██[38;2;120;119;119m  [38;2;77;77;77m  [38;2;0;0;0m        
[38;2;36;35;35m  [38;2;246;241;241m██[38;2;250;246;246m██[38;2;192;187;187m████[38;2;244;241;241m██[38;2;255;249;249m██[38;2;255;252;252m████[38;2;253;249;249m██[38;2;156;154;154m██[38;2;255;252;252m██[38;2;248;245;245m██[38;2;184;179;179m██[38;2;26;25;25m██[38;2;215;178;174m██[38;2;225;185;182m██[38;2;226;187;183m██[38;2;237;195;192m██[38;2;237;196;192m██[38;2;237;195;192m████[38;2;231;191;187m██[38;2;237;195;192m██[38;2;95;85;84m██[38;2;255;252;252m██[38;2;245;241;241m██[38;2;66;66;66m  [38;2;0;0;0m      
[38;2;244;239;239m  [38;2;255;252;252m██[38;2;254;252;252m██[38;2;255;251;251m██[38;2;218;214;214m██[38;2;193;188;188m██[38;2;177;174;174m██[38;2;255;250;250m██[38;2;255;252;252m██[38;2;253;250;250m██[38;2;131;128;128m██[38;2;172;171;171m██[38;2;193;188;188m████[38;2;162;159;159m██[38;2;237;196;192m████[38;2;83;74;73m██[38;2;237;195;192m████████[38;2;191;159;156m██[38;2;236;195;191m██[38;2;247;246;246m██[38;2;255;252;252m████[38;2;201;196;196m██[38;2;0;0;0m      
[38;2;255;250;250m██[38;2;255;252;252m██████[38;2;255;250;250m██[38;2;194;189;189m██[38;2;193;188;188m██[38;2;254;250;250m██[38;2;255;251;251m██[38;2;253;251;251m██[38;2;187;182;182m██[38;2;193;188;188m██████[38;2;102;92;91m██[38;2;120;109;107m██[38;2;177;148;145m██[38;2;172;143;140m██[38;2;237;195;192m██████[38;2;236;195;192m██[38;2;186;155;152m██[38;2;84;82;82m██[38;2;251;251;251m██[38;2;255;254;254m██[38;2;255;252;252m██[38;2;255;250;250m██[38;2;72;72;72m  [38;2;0;0;0m    
[38;2;255;252;252m██████[38;2;255;251;251m██[38;2;255;252;252m██[38;2;237;233;233m██[38;2;193;188;188m██[38;2;192;187;187m██[38;2;255;249;249m██[38;2;254;251;251m██[38;2;193;188;188m████████[38;2;237;195;192m████[38;2;227;189;185m██[38;2;222;184;180m██[38;2;238;196;192m██[38;2;237;195;192m██████[38;2;120;115;115m██[38;2;247;246;246m██[38;2;241;238;238m██[38;2;252;252;252m██[38;2;255;251;251m██[38;2;245;239;239m██[38;2;65;65;65m  [38;2;0;0;0m    
[38;2;255;252;252m██████[38;2;255;254;254m██[38;2;255;255;255m██[38;2;255;250;250m██[38;2;192;188;188m██[38;2;194;189;189m██[38;2;254;249;249m██[38;2;226;223;223m██[38;2;193;188;188m██[38;2;182;177;177m██[38;2;52;52;52m██[38;2;237;196;192m██[38;2;237;195;192m████[38;2;237;196;192m██[38;2;238;196;192m██[38;2;237;195;192m██[38;2;237;196;192m██[38;2;200;165;162m██[38;2;237;196;192m██[38;2;237;235;235m██[38;2;122;120;120m██[38;2;145;143;143m██[38;2;146;142;142m██[38;2;198;193;193m██[38;2;186;182;182m██[38;2;26;26;26m  [38;2;0;0;0m    
[38;2;255;252;252m██████████[38;2;255;251;251m██[38;2;193;188;188m████[38;2;197;192;192m██[38;2;166;162;162m██[38;2;248;247;247m██[38;2;254;251;251m██[38;2;146;145;145m██[38;2;237;195;192m████[38;2;215;178;174m██[38;2;238;196;192m██[38;2;237;196;192m██[38;2;237;195;192m████[38;2;236;195;191m██[38;2;129;108;106m  [38;2;0;0;0m                  [0m
