
[38;2;2;0;13m  [38;2;2;0;19m  [38;2;9;0;26m  [38;2;7;1;23m  [38;2;51;50;68m██[38;2;63;62;80m████[38;2;84;84;105m██[38;2;135;137;167m██[38;2;63;62;80m████[38;2;67;66;85m██[38;2;64;62;81m██[38;2;64;63;79m██[38;2;63;63;80m██[38;2;63;62;80m██[38;2;64;62;80m██[38;2;63;63;80m██[38;2;64;62;80m██[38;2;64;63;79m██[38;2;63;62;80m██[38;2;64;62;80m██[38;2;63;62;80m██[38;2;63;61;79m████[38;2;63;61;80m██[38;2;62;60;78m██[38;2;57;56;74m██[38;2;56;56;73m██[38;2;21;21;34m██[38;2;69;70;87m██[38;2;5;0;22m  
[38;2;6;0;21m  [38;2;12;2;27m  [38;2;44;43;59m██[38;2;60;60;75m██[38;2;59;58;76m██[38;2;54;53;70m██[38;2;102;103;127m██[38;2;131;133;162m████[38;2;94;95;118m██[38;2;56;55;71m██[38;2;66;65;83m██[38;2;60;59;76m██[38;2;64;63;80m████[38;2;63;62;80m██[38;2;64;63;80m██[38;2;63;62;80m██[38;2;64;63;80m████[38;2;63;63;80m██[38;2;64;63;80m██[38;2;62;60;79m██[38;2;63;63;80m██[38;2;63;61;80m██[38;2;57;56;73m██[38;2;136;138;167m██[38;2;124;125;153m██[38;2;63;62;80m██[38;2;41;41;56m██[38;2;37;37;51m██[38;2;54;51;71m██
[38;2;3;0;19m  [38;2;4;0;12m  [38;2;4;0;18m  [38;2;15;9;30m██[38;2;24;24;37m██[38;2;91;92;114m██[38;2;131;133;162m██[38;2;132;134;163m████[38;2;131;133;162m██[38;2;100;100;124m██[38;2;124;126;153m██[38;2;56;55;71m██[38;2;62;61;78m██[38;2;63;62;79m██[38;2;73;73;93m██[38;2;91;91;113m██[38;2;62;61;79m████[38;2;59;58;75m██[38;2;55;54;71m██[38;2;118;119;146m██[38;2;22;15;37m██[38;2;121;122;149m██[38;2;99;99;123m██[38;2;139;141;171m██[38;2;131;134;162m██[38;2;131;133;162m██[38;2;64;63;82m██[38;2;62;61;79m██[38;2;19;19;32m██[38;2;64;63;81m██
[38;2;1;0;8m  [38;2;0;0;0m  [38;2;10;0;26m██[38;2;24;24;36m██[38;2;128;129;158m██[38;2;106;107;131m██[38;2;134;136;166m██[38;2;135;137;167m██[38;2;131;134;163m██[38;2;134;136;165m██[38;2;96;97;120m██[38;2;131;134;163m██[38;2;133;135;164m██[38;2;137;139;169m██[38;2;131;134;163m██[38;2;141;144;174m██[38;2;132;134;163m██[38;2;136;138;168m████[38;2;135;137;166m██[38;2;132;134;163m██[38;2;133;135;164m██[38;2;13;5;27m██[38;2;131;134;163m██████████[38;2;122;123;151m██[38;2;62;61;79m██[38;2;61;60;78m██[38;2;64;63;82m██
[38;2;1;0;10m  [38;2;7;0;24m  [38;2;63;64;80m██[38;2;63;62;79m██[38;2;62;61;79m██[38;2;63;62;80m██[38;2;62;61;79m██[38;2;57;56;73m██[38;2;121;123;150m██[38;2;127;129;157m██[38;2;136;138;167m██[38;2;131;133;163m██[38;2;131;134;163m██[38;2;132;133;162m██[38;2;131;133;163m██[38;2;130;132;160m██[38;2;140;143;173m██[38;2;131;133;163m██[38;2;132;133;163m██[38;2;131;134;163m██[38;2;131;133;163m██[38;2;140;143;172m██[38;2;47;45;61m██[38;2;131;133;163m████[38;2;141;144;174m██[38;2;139;141;171m██[38;2;132;134;163m██[38;2;137;139;169m██[38;2;61;60;78m██[38;2;62;61;79m██[38;2;35;35;48m██
[38;2;8;3;23m██[38;2;67;67;84m██[38;2;63;61;80m██████[38;2;63;62;80m████[38;2;63;61;80m██[38;2;62;61;79m██[38;2;64;62;81m██[38;2;133;135;164m██[38;2;132;134;163m██[38;2;131;134;163m██████[38;2;87;87;109m██[38;2;139;141;171m██[38;2;131;134;163m██[38;2;131;134;162m██[38;2;131;134;163m████[38;2;127;128;157m██[38;2;64;63;81m██[38;2;133;136;165m██[38;2;58;57;74m██[38;2;62;61;79m██[38;2;64;63;80m██[38;2;56;55;71m██[38;2;93;93;116m██[38;2;55;54;71m██[38;2;63;61;80m██[38;2;64;63;81m██
[38;2;63;62;80m██[38;2;63;61;80m██[38;2;63;62;80m██████████[38;2;63;63;80m██[38;2;63;62;80m██[38;2;56;52;73m██[38;2;59;57;74m██[38;2;57;55;72m██[38;2;108;109;134m██[38;2;141;143;174m██[38;2;133;135;163m██[38;2;52;50;66m██[38;2;133;135;165m██[38;2;131;134;163m████[38;2;133;135;164m████[38;2;62;61;82m██[38;2;66;66;83m██[38;2;62;60;78m██[38;2;64;63;80m██[38;2;63;62;80m██[38;2;64;63;81m██[38;2;64;63;80m████[38;2;64;62;80m██[38;2;63;61;80m██[38;2;63;62;80m██
[38;2;65;64;82m████[38;2;62;61;80m██[38;2;63;61;80m████[38;2;64;63;80m████[38;2;64;62;80m██[38;2;62;61;80m██[38;2;53;47;72m██[38;2;63;62;80m██[38;2;63;63;80m██[38;2;64;63;80m████[38;2;102;103;127m██[38;2;58;56;74m██[38;2;70;69;88m██[38;2;59;58;75m██[38;2;57;56;73m██[38;2;36;35;50m██[38;2;49;47;63m██[38;2;13;6;18m██[38;2;21;21;33m██[38;2;64;62;80m████[38;2;64;63;80m██[38;2;63;62;80m██[38;2;63;63;80m██[38;2;63;62;80m██████[38;2;63;61;80m██
[38;2;7;0;20m  [38;2;14;12;27m██[38;2;67;66;85m██[38;2;63;61;80m████[38;2;64;63;80m██████[38;2;65;64;82m██[38;2;57;55;74m██[38;2;64;63;80m██[38;2;63;63;79m██[38;2;64;63;80m████[38;2;65;63;81m██[38;2;64;63;81m██[38;2;63;62;80m██[38;2;64;63;80m██[38;2;68;66;85m██[38;2;49;48;65m██[38;2;72;73;90m██[38;2;157;85;97m██[38;2;10;4;17m██[38;2;60;59;77m██[38;2;64;63;80m██[38;2;63;62;79m██[38;2;64;63;80m██[38;2;63;62;79m██[38;2;63;62;80m████[38;2;63;61;80m████
[38;2;10;1;25m██[38;2;67;66;85m██[38;2;63;62;80m████████████[38;2;68;68;86m██[38;2;71;72;89m██[38;2;64;63;80m██████[38;2;63;62;80m██[38;2;21;21;33m██[38;2;63;62;81m██[38;2;64;63;80m██[38;2;63;62;80m██[38;2;20;21;32m██[38;2;64;62;81m██[38;2;1;1;17m██[38;2;232;128;131m██[38;2;139;74;89m██[38;2;24;25;36m██[38;2;65;64;81m██[38;2;55;55;71m██[38;2;54;51;70m██[38;2;63;62;80m██[38;2;63;61;80m██[38;2;63;62;80m████[38;2;63;61;80m██
[38;2;67;67;84m██[38;2;63;61;80m██[38;2;63;62;80m████[38;2;63;61;80m████████[38;2;21;19;35m██[38;2;68;68;84m██[38;2;63;62;80m██[38;2;64;63;80m████[38;2;48;48;64m██[38;2;26;26;39m██[38;2;63;62;80m████[38;2;40;41;55m██[38;2;5;0;20m██[38;2;64;62;81m██[38;2;178;97;107m██[38;2;219;121;126m██[38;2;235;130;134m██[38;2;8;5;21m██[38;2;17;12;32m██[38;2;12;7;27m██[38;2;63;62;80m██[38;2;63;62;79m██[38;2;63;62;80m██████[38;2;63;61;80m██
[38;2;63;62;80m██[38;2;63;62;79m██[38;2;63;62;80m██[38;2;63;62;79m██[38;2;63;62;80m██[38;2;55;54;71m██[38;2;63;62;80m██[38;2;65;64;82m██[38;2;5;4;20m██[38;2;64;63;80m██[38;2;63;63;79m██[38;2;64;63;80m██[38;2;66;64;83m██[38;2;25;25;38m██[38;2;54;53;70m██[38;2;63;62;80m██[38;2;60;59;76m██[38;2;7;4;22m██[38;2;35;33;55m██[38;2;14;6;17m██[38;2;216;119;125m██[38;2;218;120;125m██[38;2;165;91;97m██[38;2;0;0;19m██[38;2;27;29;40m██[38;2;12;2;25m██[38;2;64;63;80m██[38;2;63;63;80m██[38;2;62;61;79m██[38;2;63;62;80m██[38;2;63;62;79m██[38;2;63;61;79m██
[38;2;37;36;50m██[38;2;63;62;80m██[38;2;63;61;80m████[38;2;63;62;80m██[38;2;23;17;38m██[38;2;63;62;79m██[38;2;25;26;38m██[38;2;5;0;19m██[38;2;64;63;80m████[38;2;67;65;84m██[38;2;22;22;34m██[38;2;12;8;27m██[38;2;68;69;85m██[38;2;59;58;75m██[38;2;10;5;18m██[38;2;124;68;79m██[38;2;8;4;14m██[38;2;231;129;133m██[38;2;221;123;127m██[38;2;7;3;19m██[38;2;69;37;48m██[38;2;240;134;136m██[38;2;7;3;21m██[38;2;9;2;24m██[38;2;63;62;80m██[38;2;63;62;79m██[38;2;63;62;80m██[38;2;66;65;83m██[38;2;65;64;82m██[38;2;63;61;80m██
[38;2;42;40;58m██[38;2;63;62;80m██[38;2;63;61;80m██[38;2;68;68;85m██[38;2;63;62;81m██[38;2;19;18;35m██[38;2;63;62;80m██[38;2;11;5;26m██[38;2;11;4;22m██[38;2;64;63;80m██[38;2;65;64;82m██[38;2;18;19;31m██[38;2;10;3;26m██[38;2;42;38;58m██[38;2;57;57;73m██[38;2;0;0;9m██[38;2;249;135;139m██[38;2;0;0;4m██[38;2;252;150;151m██[38;2;32;16;28m██[38;2;7;0;24m██[38;2;194;106;114m██[38;2;140;75;88m██[38;2;146;79;91m██[38;2;128;67;83m██[38;2;10;4;24m██[38;2;64;63;81m██[38;2;63;63;80m██[38;2;64;63;80m██[38;2;63;62;80m██[38;2;22;21;35m██[38;2;63;62;80m██
[38;2;45;40;61m██[38;2;63;61;80m██[38;2;62;61;79m██[38;2;64;64;81m██[38;2;10;8;21m██[38;2;15;6;29m██[38;2;20;19;33m██[38;2;153;88;100m██[38;2;36;33;50m██[38;2;64;63;80m██[38;2;27;28;40m██[38;2;1;0;15m██[38;2;32;15;31m██[38;2;22;17;32m██[38;2;104;57;70m██[38;2;245;136;138m██[38;2;0;0;11m██[38;2;35;16;35m██[38;2;8;0;24m██[38;2;12;0;27m██[38;2;11;0;27m██[38;2;12;0;27m██[38;2;13;0;27m██[38;2;9;0;18m██[38;2;8;0;18m██[38;2;11;0;25m██[38;2;65;64;82m██[38;2;62;61;80m██[38;2;63;62;80m████[38;2;20;15;33m██[38;2;55;55;72m██
[38;2;25;16;41m██[38;2;63;62;80m██[38;2;63;61;80m████[38;2;22;23;35m██[38;2;21;14;36m██[38;2;5;2;17m██[38;2;26;11;32m██[38;2;12;0;25m██[38;2;9;3;23m██[38;2;10;0;24m██[38;2;51;29;46m██[38;2;107;56;71m██[38;2;228;125;130m██[38;2;218;120;125m████[38;2;235;130;134m██[38;2;9;2;20m██[38;2;14;0;30m██[38;2;13;0;27m████[38;2;28;25;33m██[38;2;155;155;158m██[38;2;107;99;133m██[38;2;194;187;224m██[38;2;30;22;45m██[38;2;63;62;80m██[38;2;62;62;79m██[38;2;63;61;80m████[38;2;19;10;32m██[38;2;16;11;30m██
[38;2;11;7;25m██[38;2;63;62;80m██[38;2;63;61;80m██[38;2;64;63;81m██[38;2;21;18;35m██[38;2;20;15;33m██[38;2;42;19;38m██[38;2;5;0;17m██[38;2;11;0;24m██[38;2;12;0;27m████[38;2;8;0;19m██[38;2;59;31;42m██[38;2;219;121;126m████[38;2;219;121;125m██[38;2;210;115;121m██[38;2;217;180;208m██[38;2;0;0;12m██[38;2;7;2;43m██[38;2;7;6;49m██[38;2;123;123;144m██[38;2;255;255;255m██[38;2;36;36;44m██[38;2;200;181;187m██[38;2;51;46;67m██[38;2;65;64;82m██[38;2;70;70;88m██[38;2;63;62;79m██[38;2;63;61;80m██[38;2;30;16;27m██[38;2;122;80;92m██
[38;2;9;1;23m██[38;2;64;63;81m██[38;2;62;61;79m██[38;2;24;25;37m██[38;2;25;25;38m██[38;2;12;0;27m██[38;2;14;11;22m██[38;2;147;139;169m██[38;2;10;0;21m██[38;2;13;1;31m██[38;2;95;94;101m██[38;2;255;255;255m██[38;2;96;49;56m██[38;2;218;120;125m██[38;2;219;121;126m██████[38;2;225;145;150m██[38;2;1;3;16m██[38;2;25;49;115m██[38;2;28;56;126m██[38;2;29;59;131m██[38;2;22;48;124m██[38;2;36;35;75m██[38;2;181;96;105m██[38;2;71;72;88m██[38;2;17;11;31m██[38;2;64;63;81m██[38;2;63;61;80m██[38;2;63;62;80m██[38;2;67;54;53m██[38;2;219;196;175m██
[38;2;6;0;20m  [38;2;66;65;83m██[38;2;48;47;63m██[38;2;14;8;28m██[38;2;22;20;36m██[38;2;13;5;27m██[38;2;157;147;181m██[38;2;187;180;218m██[38;2;10;6;37m██[38;2;13;13;57m██[38;2;14;19;69m██[38;2;1;2;44m██[38;2;4;3;35m██[38;2;221;122;126m██[38;2;219;120;126m██[38;2;218;120;126m████[38;2;215;106;111m██[38;2;203;199;200m██[38;2;51;107;205m██[38;2;50;106;204m██[38;2;51;110;211m██[38;2;54;120;225m██[38;2;170;168;170m██[38;2;24;10;16m██[38;2;23;14;38m██[38;2;23;24;36m██[38;2;63;62;80m████[38;2;69;69;86m██[38;2;143;127;119m██[38;2;87;62;74m██
[38;2;5;0;21m  [38;2;66;66;83m██[38;2;26;28;39m██[38;2;10;0;25m██[38;2;24;25;37m██[38;2;18;19;32m██[38;2;185;94;102m██[38;2;255;254;255m██[38;2;12;11;44m██[38;2;19;35;94m██[38;2;23;44;108m██[38;2;26;51;119m██[38;2;12;25;67m██[38;2;222;122;127m██[38;2;219;121;126m██[38;2;221;123;128m██[38;2;219;121;126m██[38;2;218;121;126m██[38;2;226;137;142m██[38;2;44;22;34m██[38;2;152;78;84m██[38;2;206;107;108m██[38;2;211;113;115m██[38;2;169;87;95m██[38;2;9;6;20m██[38;2;21;8;31m██[38;2;33;32;47m██[38;2;63;61;79m██[38;2;63;61;80m██[38;2;62;61;79m██[38;2;223;209;185m██[38;2;16;9;29m██
[38;2;8;0;21m  [38;2;24;24;37m██[38;2;11;0;26m██[38;2;5;0;20m  [38;2;54;54;70m██[38;2;26;26;39m██[38;2;74;37;53m██[38;2;220;126;132m██[38;2;187;183;182m██[38;2;39;83;169m██[38;2;46;96;188m██[38;2;57;125;237m██[38;2;11;21;64m██[38;2;220;121;126m██[38;2;220;122;127m██[38;2;185;75;91m██[38;2;219;121;126m██[38;2;219;123;126m██[38;2;218;120;125m██[38;2;218;119;125m████[38;2;218;119;124m██[38;2;218;118;124m██[38;2;168;89;100m██[38;2;253;168;160m██[38;2;7;6;26m██[38;2;61;60;78m██[38;2;63;62;80m██[38;2;68;68;85m██[38;2;23;15;39m██[38;2;18;10;32m██[38;2;25;26;38m██
[38;2;6;0;19m  [38;2;25;25;38m██[38;2;6;0;20m  [38;2;5;0;19m  [38;2;70;71;87m██[38;2;21;22;34m██[38;2;17;15;32m██[38;2;241;133;137m██[38;2;217;111;115m██[38;2;69;37;44m██[38;2;173;87;87m██[38;2;235;129;133m██[38;2;233;130;133m██[38;2;231;154;146m██[38;2;244;189;168m██[38;2;249;203;177m██[38;2;252;208;180m████[38;2;250;203;177m██[38;2;244;204;176m██[38;2;249;201;176m██[38;2;247;195;172m██[38;2;247;196;173m██[38;2;254;210;182m██[38;2;225;140;138m██[38;2;22;21;35m██[38;2;65;64;82m██[38;2;64;62;81m██[38;2;7;0;21m██[38;2;7;4;22m██[38;2;25;25;38m████
[38;2;5;0;15m  [38;2;10;0;28m  [38;2;0;0;1m  [38;2;3;0;11m  [38;2;54;52;71m██[38;2;62;61;79m██[38;2;26;28;39m██[38;2;214;116;122m██[38;2;218;119;125m██[38;2;218;118;124m██[38;2;219;121;126m██[38;2;234;161;151m██[38;2;251;207;180m██[38;2;254;217;185m██[38;2;254;216;184m██████[38;2;251;213;177m██[38;2;195;120;117m██[38;2;244;227;230m██[38;2;255;218;186m██[38;2;254;216;184m██[38;2;254;216;185m██[38;2;255;216;184m██[38;2;62;41;42m██[38;2;44;43;58m██[38;2;43;39;59m██[38;2;23;20;36m██[38;2;5;0;16m  [38;2;11;0;26m██[38;2;26;28;39m██[38;2;25;25;38m██
[38;2;6;0;17m  [38;2;0;0;10m  [38;2;0;0;1m  [38;2;2;0;16m  [38;2;10;0;26m  [38;2;61;60;78m██[38;2;22;20;36m██[38;2;30;23;27m██[38;2;245;190;169m██[38;2;246;195;172m██[38;2;252;212;183m██[38;2;254;219;187m██[38;2;254;216;185m██[38;2;243;210;179m██[38;2;242;203;183m██[38;2;242;217;206m██[38;2;249;246;249m██[38;2;254;254;254m██[38;2;247;230;229m██[38;2;232;204;203m██[38;2;254;216;185m██████[38;2;253;230;199m██[38;2;7;4;19m██[38;2;21;17;35m██[38;2;26;26;39m██[38;2;9;0;26m  [38;2;1;0;10m  [38;2;5;0;13m  [38;2;9;0;24m  [38;2;26;27;39m██
[38;2;0;0;0m  [38;2;148;148;149m  [38;2;254;254;202m  [38;2;1;0;5m  [38;2;7;0;23m  [38;2;54;54;70m██[38;2;10;0;25m  [38;2;27;28;39m██[38;2;114;103;92m  [38;2;254;212;182m██[38;2;233;221;190m██[38;2;12;13;11m██[38;2;48;43;37m██[38;2;255;232;200m██[38;2;208;154;154m██[38;2;255;255;255m████[38;2;241;228;232m██[38;2;209;141;127m██[38;2;254;219;187m██[38;2;254;215;185m████[38;2;236;221;189m██[38;2;2;0;15m██[38;2;12;3;27m██[38;2;27;27;39m██[38;2;9;0;25m  [38;2;1;0;16m  [38;2;15;8;31m██[38;2;32;37;41m  [38;2;2;1;5m  [38;2;8;0;21m  
[38;2;238;238;239m  [38;2;255;255;245m  [38;2;255;255;192m  [38;2;255;255;200m  [38;2;193;193;149m  [38;2;166;165;145m██[38;2;3;0;15m  [38;2;9;0;26m  [38;2;23;22;37m██[38;2;5;4;16m██[38;2;206;197;170m██[38;2;233;163;145m██[38;2;252;238;204m██[38;2;22;16;14m██[38;2;253;215;184m██[38;2;254;234;199m██[38;2;254;233;199m██[38;2;254;215;185m██[38;2;254;220;188m██[38;2;249;231;197m██[38;2;157;136;117m██[38;2;6;4;19m██[38;2;27;26;38m██[38;2;24;24;35m██[38;2;74;68;103m██[38;2;25;18;41m██[38;2;57;55;73m  [38;2;66;65;82m██[38;2;4;0;18m  [38;2;7;0;21m  [38;2;8;0;24m  [38;2;9;6;24m██
[38;2;255;255;156m  [38;2;255;255;183m  [38;2;255;41;124m██[38;2;255;228;192m██[38;2;255;46;125m██[38;2;255;83;136m██[38;2;255;255;208m  [38;2;20;20;16m  [38;2;11;0;29m  [38;2;195;177;152m██[38;2;255;214;184m██[38;2;251;207;179m██[38;2;255;226;194m██[38;2;150;109;96m██[38;2;99;81;86m  [38;2;100;80;85m██[38;2;59;51;51m██[38;2;93;46;50m██[38;2;124;55;60m██[38;2;85;67;81m██[38;2;126;122;148m██[38;2;30;29;44m██[38;2;58;53;83m██[38;2;71;65;100m██[38;2;8;4;20m██[38;2;25;26;37m██[38;2;49;48;64m██[38;2;61;60;78m██[38;2;71;70;88m██[38;2;70;70;88m██[38;2;66;65;83m██[38;2;65;65;83m██
[38;2;254;254;190m    [38;2;255;33;121m██[38;2;255;63;131m██[38;2;255;66;131m██[38;2;255;244;193m██[38;2;255;254;194m██[38;2;241;241;225m  [38;2;4;4;4m  [38;2;255;223;192m██[38;2;255;215;184m██[38;2;255;215;185m██[38;2;255;219;188m██[38;2;145;124;106m  [38;2;8;0;22m  [38;2;0;0;5m██[38;2;1;2;3m██[38;2;132;128;155m██[38;2;136;127;154m██[38;2;11;19;29m██[38;2;26;33;48m██[38;2;27;39;23m██[38;2;3;26;18m██[38;2;5;15;8m██[38;2;2;0;2m██[38;2;26;25;39m██[38;2;26;25;38m██[38;2;26;24;38m██[38;2;25;24;37m██[38;2;31;30;44m██[38;2;61;60;79m██[38;2;4;0;20m  
[38;2;255;255;141m  [38;2;255;219;188m  [38;2;255;65;131m██[38;2;255;63;131m██[38;2;255;201;176m██[38;2;255;94;141m██[38;2;255;24;118m██[38;2;160;164;118m██[38;2;50;50;53m  [38;2;77;77;75m██[38;2;255;228;196m██[38;2;255;214;184m██[38;2;224;206;181m██[38;2;2;1;2m  [38;2;58;22;41m  [38;2;100;38;71m  [38;2;23;32;46m  [38;2;44;44;54m  [38;2;187;179;214m  [38;2;25;31;45m  [38;2;13;18;29m██[38;2;119;81;24m██[38;2;20;49;32m██[38;2;21;126;79m██[38;2;228;168;51m██[38;2;23;10;1m██[38;2;26;26;39m██[38;2;26;25;38m████[38;2;46;45;61m██[38;2;64;63;81m██[38;2;31;28;47m██
[38;2;255;255;187m  [38;2;255;39;124m██[38;2;255;30;120m██[38;2;255;56;128m██[38;2;255;63;131m██[38;2;255;58;129m██[38;2;255;246;202m██[38;2;116;25;74m██[38;2;11;13;18m██[38;2;36;35;38m██[38;2;204;200;227m██[38;2;82;81;72m██[38;2;57;21;37m  [38;2;149;56;98m  [38;2;100;38;69m  [38;2;82;31;60m  [38;2;16;24;36m  [38;2;26;32;44m  [38;2;0;1;15m  [38;2;21;27;38m  [38;2;13;10;22m██[38;2;158;159;61m██[38;2;46;70;43m██[38;2;209;162;46m██[38;2;21;122;77m██[38;2;29;142;85m██[38;2;16;15;22m██[38;2;26;26;39m██[38;2;26;25;38m████[38;2;24;23;36m██[38;2;67;66;84m██
[38;2;251;251;191m  [38;2;243;243;185m  [38;2;255;255;176m  [38;2;255;156;162m██[38;2;255;56;128m██[38;2;255;50;126m██[38;2;255;199;174m██[38;2;140;49;91m██[38;2;42;15;26m██[38;2;30;43;63m██[38;2;32;45;65m██[38;2;88;33;61m██[38;2;89;33;58m  [38;2;143;54;94m  [38;2;138;52;91m  [38;2;157;59;103m  [38;2;24;36;47m  [38;2;31;43;66m  [38;2;171;165;84m  [38;2;41;52;69m  [38;2;12;7;17m██[38;2;181;136;57m██[38;2;196;131;40m██[38;2;65;74;47m██[38;2;20;94;62m██[38;2;206;158;46m██[38;2;94;61;15m██[38;2;30;29;43m██[38;2;27;26;39m██[38;2;23;22;35m██[38;2;65;64;82m██[38;2;62;61;79m██
[38;2;250;250;194m  [38;2;213;213;154m  [38;2;255;255;194m  [38;2;255;101;143m██[38;2;255;250;197m██[38;2;255;255;208m██[38;2;255;255;205m██[38;2;133;36;85m██[38;2;137;51;90m██[38;2;28;35;49m██[38;2;6;7;9m██[38;2;83;32;59m██[38;2;69;26;45m  [38;2;143;54;94m  [38;2;137;52;91m  [38;2;150;57;99m  [38;2;9;19;23m  [38;2;40;51;68m  [38;2;42;52;69m  [38;2;40;51;68m  [38;2;13;13;25m██[38;2;191;160;54m██[38;2;3;85;59m██[38;2;217;157;47m██[38;2;251;163;45m██[38;2;15;128;79m██[38;2;25;135;83m██[38;2;2;2;3m██[38;2;26;25;38m████[38;2;23;22;34m██[38;2;71;71;89m██[0m
