
[38;2;100;87;80m                [38;2;118;108;102m██[38;2;152;143;134m██[38;2;156;148;144m██[38;2;98;85;78m  [38;2;101;89;82m  [38;2;122;110;101m██[38;2;125;113;104m██[38;2;123;111;102m██[38;2;100;87;80m    [38;2;98;85;78m  [38;2;99;87;80m  [38;2;100;86;80m    [38;2;100;87;79m  [38;2;100;87;80m          [38;2;99;87;80m    [38;2;100;87;80m  
[38;2;100;87;80m  [38;2;99;87;80m  [38;2;100;87;80m        [38;2;99;86;79m  [38;2;165;157;149m██[38;2;239;237;223m██[38;2;113;105;99m██[38;2;193;189;178m██[38;2;255;252;229m██[38;2;254;249;219m██[38;2;254;248;219m██[38;2;254;247;218m████[38;2;254;248;218m██[38;2;254;249;222m██[38;2;255;252;230m██[38;2;223;221;200m██[38;2;143;135;124m██[38;2;97;84;77m  [38;2;100;87;80m  [38;2;99;87;80m  [38;2;100;87;80m  [38;2;99;87;80m  [38;2;100;87;80m        [38;2;100;87;79m  
[38;2;100;87;80m  [38;2;99;87;80m      [38;2;98;85;78m  [38;2;205;201;200m██[38;2;218;214;211m██[38;2;121;108;92m██[38;2;247;244;233m██[38;2;254;248;218m██[38;2;254;251;223m██[38;2;244;229;187m██[38;2;231;202;142m██[38;2;231;203;145m██[38;2;254;251;224m██[38;2;254;247;219m██[38;2;254;248;219m██[38;2;253;248;219m██[38;2;254;248;219m██[38;2;254;247;219m██[38;2;254;247;218m██[38;2;254;251;225m██[38;2;181;172;161m██[38;2;98;85;78m  [38;2;100;87;80m              
[38;2;100;87;80m      [38;2;99;86;79m  [38;2;230;229;229m██[38;2;253;252;247m██[38;2;134;128;120m██[38;2;252;243;209m██[38;2;254;250;243m██[38;2;246;238;204m██[38;2;250;240;204m██[38;2;254;250;222m██[38;2;254;250;221m██[38;2;254;247;219m████[38;2;254;247;218m██[38;2;254;247;219m██[38;2;253;247;219m██[38;2;248;238;203m██[38;2;249;243;210m██[38;2;253;246;216m██[38;2;254;248;219m██[38;2;254;247;218m██[38;2;253;251;232m██[38;2;102;89;82m██[38;2;100;87;79m  [38;2;100;87;80m          
[38;2;100;87;80m    [38;2;100;86;80m  [38;2;98;85;79m  [38;2;245;230;190m██[38;2;163;157;153m██[38;2;250;240;203m██[38;2;255;255;255m██[38;2;246;233;193m██[38;2;254;249;233m██[38;2;254;252;247m██[38;2;253;246;214m██[38;2;253;245;214m██[38;2;252;244;213m██[38;2;253;247;218m██[38;2;254;248;219m██[38;2;254;247;219m██[38;2;253;247;218m██[38;2;254;249;223m██[38;2;230;202;140m██[38;2;254;252;225m██[38;2;242;232;199m██[38;2;253;251;223m██[38;2;254;248;219m██[38;2;254;251;225m██[38;2;99;86;78m██[38;2;100;86;80m  [38;2;100;87;80m        
[38;2;100;87;80m    [38;2;99;87;80m██[38;2;204;234;232m██[38;2;168;165;156m██[38;2;252;245;212m██[38;2;255;254;252m██[38;2;255;255;255m██[38;2;254;254;254m██[38;2;251;241;209m██[38;2;253;251;222m██[38;2;233;224;187m██[38;2;254;249;242m██[38;2;255;253;250m██[38;2;251;244;209m██[38;2;250;241;206m██[38;2;251;244;215m██[38;2;250;240;208m██[38;2;252;245;216m██[38;2;253;249;219m██[38;2;223;205;163m██[38;2;254;247;218m██[38;2;251;247;220m██[38;2;253;250;224m██[38;2;254;248;219m██[38;2;252;248;218m██[38;2;99;86;79m  [38;2;100;87;80m  [38;2;99;87;80m  [38;2;100;87;80m    
[38;2;100;87;80m  [38;2;100;87;79m  [38;2;202;217;216m██[38;2;75;108;127m██[38;2;254;249;221m██[38;2;251;241;206m██[38;2;255;255;255m██[38;2;252;246;229m██[38;2;251;243;209m██[38;2;234;223;188m██[38;2;218;203;161m██[38;2;250;240;203m██[38;2;255;255;255m██[38;2;253;249;232m██[38;2;255;255;255m██[38;2;255;255;254m██[38;2;251;240;219m██[38;2;255;255;254m██[38;2;245;232;190m██[38;2;255;254;254m██[38;2;249;240;204m██[38;2;253;247;215m██[38;2;252;245;214m██[38;2;242;236;205m██[38;2;254;250;222m██[38;2;254;248;220m██[38;2;182;161;124m██[38;2;100;87;80m      [38;2;100;87;79m  
[38;2;100;87;80m  [38;2;100;86;79m  [38;2;108;126;122m██[38;2;230;227;219m██[38;2;254;247;218m██[38;2;254;248;219m██[38;2;248;239;203m██[38;2;254;249;220m██[38;2;234;224;189m██[38;2;214;198;152m██[38;2;254;253;225m██[38;2;251;244;216m██[38;2;255;255;255m████[38;2;254;253;250m██[38;2;246;233;193m██[38;2;255;255;255m██[38;2;251;246;224m██[38;2;251;243;216m██[38;2;255;255;255m██[38;2;250;244;213m██[38;2;253;249;227m██[38;2;254;254;250m██[38;2;253;245;215m██[38;2;224;210;169m██[38;2;254;247;218m██[38;2;246;240;206m██[38;2;95;83;77m  [38;2;100;87;80m      
[38;2;100;87;80m    [38;2;95;82;76m  [38;2;254;250;220m██[38;2;254;247;218m██[38;2;254;250;223m██[38;2;235;223;187m██[38;2;252;250;222m██[38;2;226;207;157m██[38;2;143;135;134m██[38;2;254;248;219m██[38;2;251;242;207m██[38;2;255;254;252m██[38;2;250;240;210m██[38;2;252;246;216m██[38;2;251;241;205m██[38;2;252;249;234m██[38;2;244;236;201m██[38;2;252;244;217m██[38;2;255;255;255m██[38;2;253;244;230m██[38;2;251;243;212m██[38;2;255;255;255m██[38;2;250;241;206m██[38;2;251;249;222m██[38;2;254;253;226m██[38;2;255;249;222m██[38;2;159;141;113m██[38;2;100;87;80m      
[38;2;100;87;80m    [38;2;150;142;135m██[38;2;254;248;218m████[38;2;231;221;183m██[38;2;254;252;224m██[38;2;236;214;161m██[38;2;203;182;170m██[38;2;191;185;168m██[38;2;254;247;218m████[38;2;253;247;218m██[38;2;253;248;219m██[38;2;254;247;219m██[38;2;254;248;219m██[38;2;208;205;196m██[38;2;165;156;147m██[38;2;251;242;206m██[38;2;255;255;255m██[38;2;252;246;225m██[38;2;250;243;208m██[38;2;255;255;255m██[38;2;251;241;208m██[38;2;254;249;220m██[38;2;210;192;145m██[38;2;254;247;218m██[38;2;231;214;168m██[38;2;100;87;80m      
[38;2;100;87;80m    [38;2;233;230;215m██[38;2;254;247;219m██[38;2;254;248;219m██[38;2;205;187;140m██[38;2;225;225;221m██[38;2;219;200;177m██[38;2;254;252;239m██[38;2;160;140;117m██[38;2;254;247;218m██[38;2;254;247;219m██[38;2;254;248;219m██████[38;2;253;254;246m██[38;2;250;249;249m██[38;2;193;185;178m██[38;2;254;252;224m██[38;2;251;242;209m██[38;2;251;243;208m██[38;2;253;247;220m██[38;2;253;247;229m██[38;2;251;244;210m██[38;2;254;247;219m██[38;2;223;208;165m██[38;2;251;247;216m██[38;2;246;236;201m██[38;2;96;83;77m  [38;2;100;87;80m    
[38;2;100;87;80m  [38;2;98;85;78m  [38;2;255;252;227m██[38;2;254;248;219m██[38;2;254;250;222m██[38;2;175;149;114m██[38;2;251;229;209m██[38;2;255;247;232m██[38;2;255;245;232m██[38;2;107;87;71m██[38;2;254;248;220m██[38;2;254;247;219m██[38;2;234;224;188m██[38;2;254;248;218m██[38;2;254;249;217m██[38;2;120;116;120m██[38;2;223;218;210m██[38;2;194;186;179m██[38;2;245;242;236m██[38;2;254;248;219m██[38;2;254;247;219m██[38;2;253;246;216m██[38;2;253;247;217m██[38;2;254;248;219m██[38;2;254;247;218m██[38;2;229;216;175m██[38;2;219;203;160m██[38;2;251;243;211m██[38;2;104;90;82m██[38;2;100;87;80m    
[38;2;100;87;80m  [38;2;135;119;102m██[38;2;254;249;220m██[38;2;254;247;219m██[38;2;255;253;230m██[38;2;210;207;207m██[38;2;151;146;143m██[38;2;67;59;59m██[38;2;244;245;245m██[38;2;159;145;137m██[38;2;249;241;207m██[38;2;254;247;218m██[38;2;230;216;177m██[38;2;255;249;220m██[38;2;207;204;193m██[38;2;255;252;243m██[38;2;255;246;234m██[38;2;255;251;240m██[38;2;159;155;149m██[38;2;253;247;220m██[38;2;254;252;223m██[38;2;247;243;210m██[38;2;254;247;218m██[38;2;254;248;218m██[38;2;254;247;219m██[38;2;240;232;201m██[38;2;209;192;147m██[38;2;253;248;216m██[38;2;113;100;86m██[38;2;99;87;80m  [38;2;100;87;80m  
[38;2;163;155;147m██[38;2;253;249;219m██[38;2;254;248;219m██[38;2;254;247;219m██[38;2;253;252;228m██[38;2;105;98;100m██[38;2;142;86;65m██[38;2;80;45;20m██[38;2;46;32;36m██[38;2;41;34;36m██[38;2;178;158;121m██[38;2;251;248;218m██[38;2;156;141;128m██[38;2;247;236;195m██[38;2;95;89;90m██[38;2;213;213;211m██[38;2;241;241;240m██[38;2;255;245;231m██[38;2;126;93;78m██[38;2;254;250;219m██[38;2;249;243;212m██[38;2;249;244;211m██[38;2;254;247;219m██[38;2;254;248;219m██[38;2;254;247;219m██[38;2;254;250;225m██[38;2;180;142;85m██[38;2;246;236;201m██[38;2;139;121;100m██[38;2;99;87;80m    
[38;2;99;86;79m  [38;2;180;166;141m██[38;2;239;228;194m██[38;2;252;245;212m██[38;2;254;251;222m██[38;2;239;239;239m██[38;2;151;59;20m██[38;2;152;84;10m██[38;2;147;78;6m██[38;2;155;66;20m██[38;2;236;209;180m██[38;2;178;166;126m██[38;2;144;137;117m██[38;2;205;168;144m██[38;2;49;42;43m██[38;2;24;18;27m██[38;2;61;53;54m██[38;2;142;139;140m██[38;2;253;249;235m██[38;2;199;201;191m██[38;2;215;199;153m██[38;2;254;252;227m██[38;2;254;248;219m██[38;2;253;247;219m██[38;2;254;247;219m██[38;2;252;246;216m██[38;2;250;247;221m██[38;2;193;171;123m██[38;2;141;127;103m██[38;2;100;87;80m    
[38;2;100;87;80m    [38;2;96;83;77m  [38;2;253;247;212m██[38;2;251;242;204m██[38;2;213;212;214m██[38;2;251;250;246m██[38;2;89;63;43m██[38;2;237;184;99m██[38;2;201;154;139m██[38;2;255;247;233m██[38;2;254;230;210m██[38;2;121;92;79m██[38;2;247;241;233m██[38;2;163;84;62m██[38;2;155;82;5m██[38;2;154;84;9m██[38;2;124;70;17m██[38;2;41;35;38m██[38;2;91;73;61m██[38;2;225;205;155m██[38;2;254;252;225m██[38;2;254;248;219m██[38;2;254;247;218m██[38;2;253;247;215m████[38;2;247;235;199m██[38;2;242;229;187m██[38;2;115;100;78m██[38;2;100;87;80m    
[38;2;100;87;80m      [38;2;128;113;94m██[38;2;218;209;183m██[38;2;179;157;129m██[38;2;183;95;43m██[38;2;254;235;172m██[38;2;239;219;158m██[38;2;253;251;248m██[38;2;254;247;235m██[38;2;253;246;236m██[38;2;254;248;235m██[38;2;255;250;242m██[38;2;174;103;74m██[38;2;234;175;96m██[38;2;140;96;61m██[38;2;167;97;17m██[38;2;241;243;243m██[38;2;191;180;172m██[38;2;142;117;96m██[38;2;254;247;218m██[38;2;254;248;219m██[38;2;253;247;217m██[38;2;252;245;212m██[38;2;199;180;130m██[38;2;144;125;86m██[38;2;149;138;115m██[38;2;241;230;188m██[38;2;99;86;79m  [38;2;100;87;80m  
[38;2;100;87;80m  [38;2;99;87;80m  [38;2;96;84;78m  [38;2;214;198;150m██[38;2;204;143;126m██[38;2;255;250;240m██[38;2;241;230;226m██[38;2;186;119;80m██[38;2;247;239;235m██[38;2;254;247;235m██[38;2;254;248;237m██[38;2;253;245;234m██[38;2;254;248;235m██[38;2;255;249;241m██[38;2;189;127;103m██[38;2;253;234;167m██[38;2;252;181;97m██[38;2;196;106;50m██[38;2;255;254;253m██[38;2;255;246;232m██[38;2;154;146;139m██[38;2;254;248;219m██[38;2;254;247;219m██[38;2;253;247;218m██[38;2;251;242;208m██[38;2;153;135;89m██[38;2;194;172;118m██[38;2;192;172;120m██[38;2;241;229;189m██[38;2;108;96;88m██[38;2;100;87;79m  
[38;2;100;87;80m  [38;2;99;87;80m  [38;2;106;94;87m██[38;2;208;190;143m██[38;2;192;135;104m██[38;2;253;246;235m██[38;2;254;247;235m██[38;2;254;248;234m██[38;2;253;246;236m██[38;2;253;245;235m██[38;2;254;248;235m██[38;2;254;246;236m██[38;2;254;247;235m██[38;2;252;244;234m██[38;2;181;113;98m██[38;2;253;245;181m██[38;2;242;230;173m██[38;2;229;204;196m██[38;2;255;245;230m██[38;2;205;205;206m██[38;2;254;253;228m██[38;2;254;251;223m██[38;2;226;213;170m██[38;2;239;227;195m██[38;2;205;187;139m██[38;2;110;94;59m██[38;2;170;142;92m██[38;2;196;174;118m██[38;2;192;170;117m██[38;2;207;185;133m██[38;2;103;90;79m██
[38;2;100;87;80m    [38;2;139;130;120m██[38;2;222;207;163m██[38;2;153;132;98m██[38;2;254;251;241m██[38;2;254;247;235m██[38;2;255;251;241m██[38;2;254;253;245m██[38;2;255;246;233m██[38;2;255;248;235m██[38;2;254;248;235m██[38;2;253;246;235m██[38;2;254;247;235m██[38;2;254;245;232m██[38;2;242;229;222m██[38;2;255;254;250m██[38;2;255;246;234m██[38;2;239;238;239m██[38;2;227;225;200m██[38;2;221;203;160m██[38;2;214;197;150m██[38;2;208;190;142m██[38;2;191;170;118m██[38;2;180;157;107m██[38;2;230;237;240m██[38;2;137;141;140m██[38;2;90;78;67m██[38;2;97;85;79m  [38;2;98;85;80m  [38;2;100;87;80m  
[38;2;100;87;80m    [38;2;179;169;155m██[38;2;252;249;220m██[38;2;211;195;149m██[38;2;92;74;61m██[38;2;235;223;215m██[38;2;241;223;217m██[38;2;246;236;231m██[38;2;202;151;124m██[38;2;254;250;240m██[38;2;254;247;236m██[38;2;252;246;236m██[38;2;252;245;235m██[38;2;254;247;235m██[38;2;252;245;235m██[38;2;253;246;236m██[38;2;254;248;236m██[38;2;243;243;239m██[38;2;144;117;100m██[38;2;163;147;112m██[38;2;84;74;58m██[38;2;204;187;143m██[38;2;112;94;72m██[38;2;246;250;250m██[38;2;236;238;238m██[38;2;233;248;248m██[38;2;233;247;250m██[38;2;99;92;85m██[38;2;100;87;80m    
[38;2;100;87;80m    [38;2;207;204;187m██[38;2;254;249;221m██[38;2;209;190;144m██[38;2;207;191;141m██[38;2;249;245;244m██[38;2;255;246;235m██[38;2;246;235;218m██[38;2;247;230;219m██[38;2;246;234;224m██[38;2;253;247;236m██[38;2;254;247;236m██[38;2;255;247;234m██[38;2;252;245;236m██[38;2;253;247;236m██[38;2;254;248;234m██[38;2;254;246;234m██[38;2;255;245;233m██[38;2;212;168;141m██[38;2;212;194;148m██[38;2;228;209;159m██[38;2;225;206;157m██[38;2;172;160;133m██[38;2;230;248;248m██[38;2;175;176;172m██[38;2;94;79;72m██[38;2;99;92;87m██[38;2;100;96;94m██[38;2;100;87;80m    
[38;2;100;87;80m  [38;2;100;87;79m  [38;2;213;210;189m██[38;2;254;250;221m██[38;2;205;186;139m██[38;2;183;136;85m██[38;2;255;247;235m██[38;2;254;246;234m██[38;2;255;246;233m██[38;2;216;178;148m██[38;2;253;246;231m██[38;2;253;246;235m██[38;2;252;247;236m██[38;2;253;247;234m██[38;2;254;246;234m██[38;2;252;245;236m██[38;2;255;247;234m██[38;2;255;246;233m██[38;2;253;245;231m██[38;2;155;105;88m██[38;2;253;248;216m██[38;2;252;246;216m██[38;2;254;251;221m██[38;2;180;177;168m██[38;2;226;238;238m██[38;2;228;246;246m██[38;2;113;105;98m██[38;2;100;87;80m      [38;2;100;87;79m  
[38;2;100;87;80m  [38;2;100;87;79m  [38;2;148;139;125m██[38;2;251;244;210m██[38;2;208;189;144m██[38;2;101;108;111m██[38;2;238;230;216m██[38;2;251;243;228m██[38;2;246;214;195m██[38;2;167;125;110m██[38;2;146;136;128m██[38;2;248;247;240m██[38;2;254;253;253m██[38;2;254;254;251m██[38;2;254;254;252m██[38;2;253;252;250m██[38;2;229;197;180m██[38;2;156;108;78m██[38;2;170;140;89m██[38;2;219;214;201m██[38;2;254;248;218m██[38;2;253;248;218m██[38;2;254;248;220m██[38;2;171;163;146m██[38;2;142;139;138m██[38;2;198;205;207m██[38;2;214;239;243m██[38;2;96;84;77m██[38;2;100;87;80m      
[38;2;100;87;80m    [38;2;105;91;82m██[38;2;247;237;202m██[38;2;251;240;204m██[38;2;170;141;96m██[38;2;203;214;214m██[38;2;147;146;146m██[38;2;132;115;109m██[38;2;99;87;79m██[38;2;126;110;89m██[38;2;149;123;80m██[38;2;246;211;177m██[38;2;249;205;170m██[38;2;226;184;157m██[38;2;83;42;34m██[38;2;124;110;73m██[38;2;99;87;79m██[38;2;186;159;106m██[38;2;254;253;225m██[38;2;253;247;216m██[38;2;230;218;182m██[38;2;253;248;218m██[38;2;141;130;118m██[38;2;99;86;79m  [38;2;97;88;81m██[38;2;203;235;234m██[38;2;193;235;246m██[38;2;107;99;93m██[38;2;100;87;80m    
[38;2;100;87;80m    [38;2;99;86;79m  [38;2;225;204;155m██[38;2;248;238;197m██[38;2;116;162;170m██[38;2;145;184;188m██[38;2;192;194;196m██[38;2;185;199;205m██[38;2;98;85;78m██[38;2;210;228;232m██[38;2;202;223;225m██[38;2;108;108;100m██[38;2;102;121;118m██[38;2;192;204;208m██[38;2;208;222;225m██[38;2;192;204;208m██[38;2;122;121;125m██[38;2;180;176;167m██[38;2;251;242;208m██[38;2;254;252;222m██[38;2;225;210;170m██[38;2;252;243;209m██[38;2;104;94;86m██[38;2;100;87;80m    [38;2;100;86;79m  [38;2;99;86;79m  ██[38;2;100;87;80m    
[38;2;100;87;80m      [38;2;99;86;79m██[38;2;198;174;132m██[38;2;205;209;212m██[38;2;229;229;227m██[38;2;213;213;214m██[38;2;183;190;193m██[38;2;249;219;187m██[38;2;42;43;44m██[38;2;131;133;130m██[38;2;236;236;237m██[38;2;120;125;123m██[38;2;97;85;76m██[38;2;199;176;152m██[38;2;246;222;204m██[38;2;129;111;84m██[38;2;166;156;138m██[38;2;190;178;152m██[38;2;205;187;139m██[38;2;248;237;200m██[38;2;249;238;201m██[38;2;99;86;79m  [38;2;99;87;80m  [38;2;100;87;80m    [38;2;99;87;80m  [38;2;100;87;80m      
[38;2;100;87;80m        [38;2;102;89;82m██[38;2;178;193;192m██[38;2;175;171;170m██[38;2;222;223;223m██[38;2;186;200;200m██[38;2;95;91;90m██[38;2;254;254;248m██[38;2;239;237;236m██[38;2;156;150;151m██[38;2;84;71;64m██[38;2;246;246;246m██[38;2;255;248;236m██[38;2;255;246;235m██[38;2;251;229;212m██[38;2;104;91;81m██[38;2;195;177;138m██[38;2;231;217;174m██[38;2;242;230;192m██[38;2;202;181;139m██[38;2;100;87;80m          [38;2;100;86;80m  [38;2;100;87;80m    
[38;2;100;87;80m        [38;2;144;146;143m██[38;2;170;172;173m██[38;2;214;215;215m██[38;2;172;170;168m██[38;2;95;99;101m██[38;2;195;224;234m██[38;2;161;153;151m██[38;2;207;233;240m██[38;2;182;216;228m██[38;2;162;205;221m██[38;2;108;103;103m██[38;2;200;170;141m██[38;2;255;247;235m██[38;2;254;253;245m██[38;2;86;72;54m██[38;2;219;203;162m██[38;2;214;197;150m██[38;2;192;173;135m██[38;2;99;86;79m  [38;2;99;87;80m  [38;2;100;87;80m          [38;2;99;87;80m  [38;2;100;87;80m  
[38;2;99;87;80m  [38;2;100;87;80m  [38;2;99;87;80m    [38;2;98;84;77m  [38;2;165;168;169m██[38;2;180;178;177m██[38;2;237;242;244m██[38;2;112;111;107m██[38;2;254;254;254m██[38;2;160;204;222m██[38;2;208;205;205m██[38;2;254;254;254m██[38;2;255;255;255m██[38;2;194;220;231m██[38;2;105;112;116m██[38;2;228;226;223m██[38;2;121;110;104m██[38;2;124;112;87m██[38;2;118;115;94m██[38;2;182;180;183m██[38;2;142;133;127m██[38;2;99;87;80m    [38;2;100;87;79m  [38;2;99;87;80m  [38;2;100;87;80m      [38;2;99;87;80m    
[38;2;100;87;80m      [38;2;99;87;80m  [38;2;100;87;80m  [38;2;98;85;78m  [38;2;105;93;86m██[38;2;98;84;77m  [38;2;101;90;84m██[38;2;219;197;156m██[38;2;222;180;112m██[38;2;174;209;224m██[38;2;188;190;189m██[38;2;240;241;240m██[38;2;242;242;240m██[38;2;185;192;193m██[38;2;249;249;248m██[38;2;231;225;220m██[38;2;198;161;98m██[38;2;200;197;197m██[38;2;203;199;198m██[38;2;99;86;79m  [38;2;99;87;80m  [38;2;100;87;80m  [38;2;99;86;80m  [38;2;100;87;79m  [38;2;100;87;80m          
[38;2;100;87;80m                [38;2;147;144;140m██[38;2;104;99;101m██[38;2;127;102;72m██[38;2;167;160;155m██[38;2;174;167;164m██[38;2;73;61;48m██[38;2;77;65;53m██[38;2;84;70;67m██[38;2;171;169;164m██[38;2;141;133;129m██[38;2;175;156;145m██[38;2;98;86;82m██[38;2;100;104;102m██[38;2;100;86;79m  [38;2;100;87;79m  [38;2;100;87;80m                [0m
