
[38;2;55;195;172m            [38;2;76;187;167m  [38;2;236;207;203m██[38;2;232;205;200m██[38;2;146;99;96m██[38;2;235;238;227m██[38;2;195;186;175m██[38;2;236;207;203m████[38;2;236;206;203m██[38;2;236;207;203m██[38;2;235;206;203m██[38;2;236;207;203m██[38;2;176;158;151m██[38;2;231;234;225m██[38;2;231;205;199m██[38;2;191;177;169m██[38;2;180;174;164m██[38;2;237;208;203m██[38;2;183;127;127m██[38;2;117;140;125m  [38;2;55;195;172m        
[38;2;55;195;172m  [38;2;55;194;171m  [38;2;55;195;172m    [38;2;55;194;172m  [38;2;55;195;171m  [38;2;185;178;166m██[38;2;236;207;203m██[38;2;177;171;161m██[38;2;233;236;228m██[38;2;232;205;200m██[38;2;236;206;203m██[38;2;236;207;203m██[38;2;236;206;203m██[38;2;236;207;202m██[38;2;236;207;203m██[38;2;236;206;203m██[38;2;236;207;203m██[38;2;236;206;203m██[38;2;232;205;200m██[38;2;236;207;203m██[38;2;236;206;203m██[38;2;236;207;203m██[38;2;234;206;202m██[38;2;158;95;97m██[38;2;137;81;82m██[38;2;55;194;172m  [38;2;55;195;172m  [38;2;55;194;172m  [38;2;54;194;172m  
[38;2;55;195;172m          [38;2;57;193;170m  [38;2;235;206;202m██[38;2;236;207;203m██[38;2;224;196;191m██[38;2;203;189;180m██[38;2;236;207;202m██[38;2;236;207;203m██████[38;2;236;207;202m██[38;2;237;208;203m██[38;2;236;207;203m██████[38;2;236;207;202m████[38;2;236;207;203m██████[38;2;159;112;110m██[38;2;149;76;81m██[38;2;55;195;172m        
[38;2;55;195;172m  [38;2;55;195;171m  [38;2;55;195;172m      [38;2;92;194;175m  [38;2;236;207;203m██[38;2;209;185;175m██[38;2;236;207;203m██[38;2;204;174;168m██[38;2;239;209;204m██[38;2;216;188;182m██[38;2;236;207;203m██████[38;2;242;211;208m██[38;2;236;207;203m██[38;2;224;197;190m██[38;2;236;207;203m██████████[38;2;166;133;121m██[38;2;192;160;155m██[38;2;155;78;84m██[38;2;55;195;172m        
[38;2;55;195;172m          [38;2;81;164;146m  [38;2;236;207;203m██████[38;2;206;183;176m██[38;2;240;210;204m██[38;2;222;200;194m██[38;2;241;211;205m██[38;2;236;207;203m██[38;2;237;208;203m██[38;2;238;209;204m██[38;2;226;202;196m██[38;2;214;184;179m██[38;2;236;207;203m██[38;2;236;207;202m██[38;2;236;207;203m██████[38;2;143;86;86m██[38;2;222;193;189m██[38;2;155;78;84m██[38;2;54;195;172m  [38;2;55;195;172m      
[38;2;55;195;172m  [38;2;55;194;172m  [38;2;55;195;172m    [38;2;55;194;172m  [38;2;84;166;148m  [38;2;236;207;203m██[38;2;242;211;208m██[38;2;236;207;203m██[38;2;206;181;175m██[38;2;240;212;206m██[38;2;226;202;197m██[38;2;236;207;203m████[38;2;213;187;179m██[38;2;239;210;205m██[38;2;192;163;156m██[38;2;211;192;182m██[38;2;221;193;188m██[38;2;230;202;197m██[38;2;236;207;203m██████[38;2;124;72;69m██[38;2;216;192;183m██[38;2;155;78;84m██[38;2;55;195;172m      [38;2;55;194;172m  
[38;2;55;195;172m          [38;2;102;186;168m  [38;2;236;207;203m██████[38;2;200;173;164m██[38;2;236;206;203m██[38;2;209;190;181m██[38;2;236;207;203m████[38;2;180;152;144m██[38;2;237;208;203m██[38;2;162;137;129m██[38;2;188;165;155m██[38;2;146;118;106m██[38;2;200;172;165m██[38;2;236;207;203m██████[38;2;133;69;72m██[38;2;207;181;174m██[38;2;155;78;84m██[38;2;55;195;172m      [38;2;55;195;171m  
[38;2;55;195;172m          [38;2;144;139;128m██[38;2;236;207;203m████[38;2;229;201;196m██[38;2;177;149;142m██[38;2;236;207;203m██[38;2;180;158;147m██[38;2;236;207;203m████[38;2;159;131;117m██[38;2;238;208;203m██[38;2;138;108;97m██[38;2;212;183;178m██[38;2;141;120;104m██[38;2;236;207;203m████████[38;2;121;66;65m██[38;2;227;199;193m██[38;2;155;78;84m██[38;2;55;195;172m        
[38;2;55;195;172m          [38;2;77;158;139m  [38;2;230;203;197m██[38;2;236;207;203m██[38;2;219;194;189m██[38;2;170;141;135m██[38;2;232;203;198m██[38;2;169;164;155m██[38;2;236;207;203m██[38;2;216;191;182m██[38;2;144;113;100m██[38;2;237;208;203m██[38;2;144;119;110m██[38;2;193;166;158m██[38;2;165;131;117m██[38;2;140;115;105m██[38;2;186;154;149m██[38;2;236;206;203m██[38;2;236;207;203m██[38;2;120;54;55m██[38;2;200;161;157m██[38;2;154;78;84m██[38;2;55;195;172m        
[38;2;55;195;172m          [38;2;99;180;163m  [38;2;225;197;192m██[38;2;236;207;203m██[38;2;212;189;181m██[38;2;168;164;152m██[38;2;213;186;178m██[38;2;212;209;200m██[38;2;236;207;203m██[38;2;159;133;123m██[38;2;163;136;127m██[38;2;212;190;179m██[38;2;166;146;129m██[38;2;167;145;134m██[38;2;58;45;34m██[38;2;60;52;40m██[38;2;133;91;88m██[38;2;240;210;204m██[38;2;238;209;204m██[38;2;125;63;65m██[38;2;155;87;89m██[38;2;154;78;84m██[38;2;55;195;172m        
[38;2;55;195;172m          [38;2;83;164;146m  [38;2;225;197;192m██[38;2;236;207;202m██[38;2;193;172;163m██[38;2;219;216;205m██[38;2;191;185;173m██[38;2;224;229;224m██[38;2;199;203;188m██[38;2;231;219;201m██[38;2;241;225;204m██[38;2;242;225;205m██[38;2;159;142;130m██[38;2;51;52;44m██[38;2;26;107;94m██[38;2;105;120;111m██[38;2;218;219;213m██[38;2;236;207;203m██[38;2;220;196;189m██[38;2;104;65;58m██[38;2;142;80;80m██[38;2;154;78;84m██[38;2;54;195;172m  [38;2;55;195;172m      
[38;2;55;195;172m          [38;2;90;171;153m  [38;2;216;193;187m██[38;2;236;207;203m██[38;2;138;113;106m██[38;2;211;211;205m██[38;2;227;232;227m██[38;2;227;231;226m██[38;2;227;232;227m██[38;2;224;217;195m██[38;2;242;225;205m██[38;2;237;227;203m██[38;2;234;229;212m██[38;2;87;89;79m██[38;2;128;148;137m██[38;2;147;143;134m██[38;2;196;196;187m██[38;2;209;192;181m██[38;2;140;107;98m██[38;2;138;99;92m██[38;2;142;91;88m██[38;2;153;77;83m██[38;2;55;195;172m        
[38;2;55;195;172m      [38;2;54;195;172m  [38;2;55;195;172m  [38;2;92;175;157m  [38;2;212;191;183m██[38;2;236;207;203m██[38;2;114;96;87m██[38;2;191;187;179m██[38;2;227;231;227m██[38;2;221;225;219m██[38;2;227;232;227m██[38;2;224;217;196m██[38;2;239;229;205m██[38;2;240;225;204m██[38;2;237;227;203m██[38;2;96;97;87m██[38;2;71;82;59m██[38;2;76;65;57m██[38;2;162;128;113m██[38;2;188;165;155m██[38;2;170;144;138m██[38;2;153;107;102m██[38;2;137;94;85m██[38;2;125;67;68m██[38;2;54;195;172m  [38;2;55;195;172m      
[38;2;223;217;197m██[38;2;170;179;167m  [38;2;55;195;172m        [38;2;209;189;180m██[38;2;236;207;203m██[38;2;125;86;81m██[38;2;231;234;225m██[38;2;225;227;219m██[38;2;197;196;186m██[38;2;204;196;184m██[38;2;195;191;175m██[38;2;239;223;203m██[38;2;191;181;165m██[38;2;196;190;170m██[38;2;226;208;189m██[38;2;241;225;204m██[38;2;242;225;205m██[38;2;171;143;132m██[38;2;170;161;144m██[38;2;235;225;207m██[38;2;136;99;91m██[38;2;133;72;73m██[38;2;133;88;84m██[38;2;55;195;172m        
[38;2;87;189;170m  [38;2;240;226;204m██[38;2;105;197;179m  [38;2;55;195;172m      [38;2;213;190;185m██[38;2;236;207;202m██[38;2;137;84;83m██[38;2;243;231;209m██[38;2;239;223;203m██[38;2;239;226;203m██[38;2;242;226;205m██[38;2;242;225;205m██[38;2;241;225;204m██[38;2;242;224;205m████[38;2;227;218;200m██[38;2;160;155;140m██[38;2;231;219;198m██[38;2;166;138;131m██[38;2;214;187;181m██[38;2;242;225;205m██[38;2;121;66;65m██[38;2;155;78;84m██[38;2;141;73;76m██[38;2;55;195;172m        
[38;2;55;195;172m  [38;2;79;191;169m  [38;2;237;228;203m██[38;2;57;195;172m  [38;2;218;210;193m██[38;2;111;174;157m  [38;2;217;189;183m██[38;2;236;207;203m██[38;2;152;95;97m██[38;2;200;181;162m██[38;2;242;225;205m██[38;2;241;225;204m██[38;2;242;225;205m██[38;2;242;224;205m████[38;2;242;225;205m██[38;2;242;224;205m██[38;2;242;225;205m██[38;2;242;224;205m██[38;2;167;151;135m██[38;2;223;211;190m██[38;2;233;203;197m██[38;2;237;227;203m██[38;2;122;66;66m██[38;2;154;78;84m██[38;2;155;78;84m██[38;2;55;195;172m        
[38;2;55;195;172m    [38;2;237;228;203m██[38;2;183;178;167m██[38;2;240;227;208m██[38;2;55;195;172m  [38;2;211;188;180m██[38;2;236;207;203m██[38;2;162;107;107m██[38;2;139;67;71m██[38;2;242;230;208m██[38;2;242;224;205m██[38;2;241;225;204m██[38;2;242;224;205m██[38;2;240;226;204m██[38;2;242;225;205m██[38;2;242;224;205m██[38;2;242;225;205m██[38;2;242;224;205m██[38;2;164;131;115m██[38;2;217;209;189m██[38;2;206;185;177m██[38;2;232;220;199m██[38;2;135;138;118m██[38;2;132;80;80m██[38;2;151;76;82m██[38;2;124;142;125m  [38;2;55;195;172m      
[38;2;55;195;172m  [38;2;65;185;164m  [38;2;225;217;196m██[38;2;239;227;204m██[38;2;197;189;173m██[38;2;165;161;150m██[38;2;188;170;156m██[38;2;236;207;202m██[38;2;169;120;117m██[38;2;116;84;76m██[38;2;139;78;77m██[38;2;149;129;118m██[38;2;243;230;208m██[38;2;242;225;205m██[38;2;242;224;205m██████[38;2;242;225;205m██[38;2;167;135;120m██[38;2;136;107;93m██[38;2;217;204;186m██[38;2;219;202;183m██[38;2;206;197;183m██[38;2;236;226;204m██[38;2;120;133;102m██[38;2;101;101;80m██[38;2;132;83;80m██[38;2;124;79;74m██[38;2;55;195;172m    
[38;2;55;194;172m  [38;2;155;148;136m██[38;2;221;201;185m██[38;2;241;226;205m██[38;2;218;203;186m██[38;2;235;223;203m██[38;2;194;192;177m██[38;2;236;207;203m██[38;2;183;144;133m██[38;2;135;141;114m██[38;2;121;138;105m██[38;2;125;131;105m██[38;2;96;95;81m██[38;2;170;162;141m██[38;2;239;227;204m████[38;2;241;225;204m██[38;2;146;108;96m██[38;2;162;124;110m██[38;2;135;113;99m██[38;2;238;224;204m██[38;2;242;225;205m██[38;2;237;227;203m██[38;2;241;225;205m██[38;2;117;121;97m██[38;2;132;140;113m██[38;2;118;72;70m██[38;2;127;116;101m██[38;2;54;34;25m██[38;2;66;181;160m  
[38;2;55;195;172m  [38;2;182;176;162m██[38;2;198;172;162m██[38;2;181;163;145m██[38;2;197;188;172m██[38;2;240;229;206m██[38;2;201;178;168m██[38;2;236;207;203m██[38;2;192;155;150m██[38;2;133;142;113m██[38;2;136;147;120m██[38;2;176;188;158m██[38;2;129;127;115m██[38;2;158;156;139m██[38;2;149;119;106m██[38;2;142;112;102m██[38;2;161;129;114m██[38;2;165;131;117m██[38;2;132;107;97m██[38;2;159;156;138m██[38;2;200;178;167m██[38;2;238;227;203m██[38;2;242;225;205m██[38;2;241;225;204m██[38;2;136;135;116m██[38;2;186;202;163m██[38;2;150;77;82m██[38;2;184;211;170m██[38;2;131;35;36m██[38;2;49;108;93m  
[38;2;55;195;172m  [38;2;232;219;199m██[38;2;211;193;175m██[38;2;225;213;190m██[38;2;225;208;191m██[38;2;241;227;204m██[38;2;194;163;153m██[38;2;236;207;203m██[38;2;180;132;129m██[38;2;19;29;23m██[38;2;113;118;106m██[38;2;227;232;227m██[38;2;192;196;180m██[38;2;152;145;130m██[38;2;158;156;138m██[38;2;138;113;99m██[38;2;156;125;111m██[38;2;158;148;139m██[38;2;159;156;139m██[38;2;158;156;138m██[38;2;190;184;164m██[38;2;225;212;192m██[38;2;237;227;203m██[38;2;242;225;205m██[38;2;147;75;80m██[38;2;152;76;82m██[38;2;151;157;132m██[38;2;128;115;99m██[38;2;131;35;36m██[38;2;89;76;68m██
[38;2;55;195;172m  [38;2;161;155;145m██[38;2;230;211;193m██[38;2;242;225;205m██[38;2;225;210;190m██[38;2;241;225;204m██[38;2;108;41;39m██[38;2;236;207;202m██[38;2;176;111;115m██[38;2;18;29;23m██[38;2;203;206;196m██[38;2;227;232;227m████[38;2;145;145;125m██[38;2;159;156;139m██[38;2;147;142;127m██[38;2;158;156;139m██[38;2;159;156;139m████[38;2;162;159;144m██[38;2;194;187;171m██[38;2;220;202;186m██[38;2;240;225;204m██[38;2;239;228;204m██[38;2;31;41;33m██[38;2;27;39;37m██[38;2;155;161;136m██[38;2;110;29;28m██[38;2;131;35;36m██[38;2;86;73;64m██
[38;2;55;195;172m    [38;2;173;161;152m██[38;2;241;225;204m██[38;2;242;225;205m██[38;2;240;225;204m██[38;2;105;34;34m██[38;2;236;207;203m██[38;2;161;103;104m██[38;2;19;29;23m██[38;2;231;235;227m██[38;2;227;232;227m████[38;2;227;231;227m██[38;2;160;157;141m██[38;2;118;88;51m██[38;2;152;152;133m██[38;2;159;156;139m██[38;2;188;187;174m██[38;2;220;223;215m██[38;2;187;169;159m██[38;2;241;225;204m██[38;2;242;225;205m██[38;2;185;167;149m██[38;2;23;34;32m██[38;2;29;40;39m██[38;2;140;134;114m██[38;2;131;35;36m████[38;2;60;48;35m██
[38;2;55;195;172m      [38;2;200;185;168m██[38;2;233;215;197m██[38;2;165;131;117m██[38;2;59;16;11m██[38;2;236;207;203m██[38;2;162;96;100m██[38;2;18;29;23m██[38;2;224;228;222m██[38;2;227;232;227m████[38;2;226;232;227m██[38;2;227;232;227m██[38;2;197;119;3m██[38;2;172;111;26m██[38;2;227;232;227m██[38;2;226;232;227m██[38;2;212;213;205m██[38;2;197;174;164m██[38;2;242;225;205m████[38;2;145;119;107m██[38;2;22;34;32m██[38;2;28;39;39m██[38;2;171;146;107m██[38;2;133;34;35m██[38;2;131;35;36m██[38;2;79;65;57m██
[38;2;55;195;172m      [38;2;156;124;110m██[38;2;165;131;117m████[38;2;37;12;6m██[38;2;236;207;203m██[38;2;150;91;93m██[38;2;21;32;28m██[38;2;227;232;227m██████████[38;2;154;96;21m██[38;2;170;152;131m██[38;2;227;232;227m████[38;2;196;197;190m██[38;2;187;161;153m██[38;2;242;225;205m████[38;2;124;97;87m██[38;2;29;11;4m██[38;2;34;11;4m██[38;2;125;126;100m██[38;2;131;35;36m████[38;2;99;87;79m██
[38;2;55;195;172m    [38;2;85;51;45m██[38;2;162;146;131m██[38;2;165;131;117m██[38;2;149;118;105m██[38;2;41;12;6m██[38;2;132;119;104m██[38;2;142;83;85m██[38;2;25;36;35m██[38;2;227;231;227m██[38;2;227;232;227m████████[38;2;197;121;7m██[38;2;185;119;18m██[38;2;227;232;227m████[38;2;189;189;175m██[38;2;109;57;55m██[38;2;241;225;204m██[38;2;242;225;205m██[38;2;131;101;90m██[38;2;34;11;5m██[38;2;33;11;4m██[38;2;104;35;35m██[38;2;131;35;36m████[38;2;148;140;130m██
[38;2;55;194;172m  [38;2;68;188;167m  [38;2;36;11;5m██[38;2;115;92;79m██[38;2;156;114;106m██[38;2;47;14;9m██[38;2;34;11;5m██[38;2;28;12;4m██[38;2;103;62;58m██[38;2;25;37;37m██[38;2;224;228;223m██[38;2;227;232;227m██[38;2;227;231;227m██[38;2;227;232;227m██[38;2;221;223;217m██[38;2;198;116;1m██[38;2;201;119;0m██[38;2;232;236;227m██[38;2;227;232;227m██[38;2;122;109;102m██[38;2;37;11;5m██[38;2;233;212;200m██[38;2;194;172;161m██[38;2;81;31;28m██[38;2;36;11;5m██[38;2;34;11;5m██[38;2;103;32;32m██[38;2;131;35;36m██[38;2;127;33;34m██[38;2;102;156;141m  
[38;2;55;195;172m  [38;2;65;174;154m  [38;2;38;11;5m██[38;2;54;19;15m██[38;2;40;13;7m██[38;2;38;11;5m██[38;2;29;12;4m████[38;2;106;77;69m██[38;2;22;34;31m██[38;2;212;216;206m██[38;2;227;232;227m████[38;2;227;231;227m██[38;2;177;144;100m██[38;2;199;120;2m██[38;2;201;119;0m██[38;2;184;164;150m██[38;2;227;231;227m██[38;2;137;113;104m██[38;2;132;35;37m██[38;2;73;17;15m██[38;2;43;13;7m██[38;2;42;12;6m██[38;2;40;12;6m██[38;2;31;9;3m██[38;2;95;30;28m██[38;2;131;35;36m██[38;2;94;24;22m██[38;2;113;196;178m  
[38;2;55;195;172m  [38;2;81;192;171m  [38;2;89;28;24m██[38;2;39;12;6m██[38;2;34;11;5m██[38;2;30;8;2m██[38;2;28;12;4m██[38;2;29;12;4m██[38;2;90;74;64m██[38;2;149;159;130m██[38;2;160;151;138m██[38;2;229;233;227m██[38;2;227;232;227m██[38;2;227;231;227m██[38;2;175;109;14m██[38;2;200;120;3m██[38;2;201;120;0m██[38;2;191;118;10m██[38;2;227;231;227m██[38;2;173;155;145m██[38;2;133;34;35m████[38;2;123;32;32m██[38;2;30;7;2m██[38;2;35;11;5m██[38;2;37;11;5m██[38;2;78;20;16m██[38;2;131;35;36m██[38;2;54;17;12m██[38;2;66;183;162m  
[38;2;55;194;172m    [38;2;129;34;35m██[38;2;30;6;1m██[38;2;28;12;4m████[38;2;29;12;4m██[38;2;28;12;4m██[38;2;27;11;3m██[38;2;131;35;35m██[38;2;132;35;36m██[38;2;131;35;36m████[38;2;108;37;34m██[38;2;199;119;0m██[38;2;198;121;6m██[38;2;202;117;0m██[38;2;201;121;0m██[38;2;126;115;104m██[38;2;164;146;134m██[38;2;67;40;36m██[38;2;62;39;32m██[38;2;65;39;35m██[38;2;34;14;9m██[38;2;37;11;5m██[38;2;34;11;5m██[38;2;59;16;12m██[38;2;131;35;36m██[38;2;40;12;6m██[38;2;55;194;172m  
[38;2;55;195;172m  [38;2;55;194;172m  [38;2;117;30;30m██[38;2;42;11;6m██[38;2;27;14;7m██[38;2;26;15;8m██[38;2;27;14;7m████[38;2;28;12;4m██[38;2;132;35;36m██[38;2;131;35;36m██████[38;2;131;34;35m██[38;2;202;117;0m██[38;2;200;120;3m██[38;2;201;117;0m████[38;2;77;44;19m██[38;2;156;119;110m██[38;2;68;41;37m██[38;2;71;43;39m████[38;2;35;17;9m██[38;2;43;13;7m██[38;2;42;12;6m██[38;2;52;16;11m██[38;2;131;35;36m██[38;2;35;11;5m██[38;2;55;195;172m  
[38;2;55;195;172m    [38;2;164;147;139m██[38;2;73;20;18m██[38;2;27;15;8m██[38;2;26;15;8m██████[38;2;28;12;4m██[38;2;131;35;36m████[38;2;64;30;26m██[38;2;128;33;34m██[38;2;131;35;36m██[38;2;90;34;21m██[38;2;200;120;3m██[38;2;201;119;0m██[38;2;185;114;11m██[38;2;100;28;26m██[38;2;151;112;104m██[38;2;67;40;36m██[38;2;71;43;38m██[38;2;71;43;39m██[38;2;53;29;24m██[38;2;36;12;6m██[38;2;34;11;5m██[38;2;35;11;5m██[38;2;52;16;12m██[38;2;60;43;32m██[38;2;55;195;172m  [0m
