
[38;2;0;0;0m                                              [38;2;133;106;76m  [38;2;197;155;106m  [38;2;73;52;4m  [38;2;99;28;28m  [38;2;0;0;0m  
[38;2;0;0;0m                                              [38;2;93;78;50m  [38;2;196;112;73m██[38;2;225;125;69m  [38;2;157;77;38m  [38;2;0;0;0m  
[38;2;0;0;0m                                              [38;2;21;21;18m  [38;2;236;169;122m  [38;2;198;67;22m  [38;2;77;41;21m  [38;2;99;62;49m  
[38;2;0;0;0m                                            [38;2;221;213;106m  [38;2;126;92;86m  [38;2;178;123;98m██[38;2;199;83;34m██[38;2;190;96;44m  [38;2;36;36;0m  
[38;2;0;0;0m                                        [38;2;2;2;0m  [38;2;45;58;35m  [38;2;144;107;76m  [38;2;45;23;11m  [38;2;156;92;84m██[38;2;106;58;29m  [38;2;145;145;0m  [38;2;0;0;0m  
[38;2;0;0;0m              [38;2;174;49;24m  [38;2;11;11;11m  [38;2;39;7;4m  [38;2;70;3;2m  [38;2;67;13;8m  [38;2;30;16;3m  [38;2;150;53;44m  [38;2;110;0;0m  [38;2;0;0;0m        [38;2;45;66;35m  [38;2;76;165;97m  [38;2;56;34;23m  [38;2;12;1;2m██[38;2;17;0;1m██[38;2;47;11;8m  [38;2;23;0;0m  [38;2;0;0;0m    
[38;2;0;0;0m              [38;2;160;82;62m  [38;2;49;0;1m  [38;2;79;19;16m  [38;2;53;12;10m██[38;2;63;2;1m██[38;2;54;6;4m  [38;2;79;11;7m  [38;2;18;0;0m  [38;2;68;0;0m  [38;2;0;0;0m    [38;2;56;42;22m  [38;2;137;252;156m  [38;2;109;232;142m██[38;2;21;5;2m██[38;2;12;0;1m██[38;2;106;68;50m  [38;2;65;0;6m  [38;2;0;0;0m      
[38;2;0;0;0m            [38;2;3;1;1m  [38;2;223;153;100m  [38;2;120;37;29m  [38;2;93;32;22m██[38;2;66;10;7m██[38;2;31;0;0m██[38;2;48;1;1m██[38;2;88;6;4m██[38;2;58;4;4m  [38;2;65;0;0m  [38;2;39;76;37m  [38;2;119;89;63m  [38;2;55;36;26m██[38;2;44;175;95m██[38;2;46;178;95m██[38;2;17;27;8m██[38;2;40;132;37m██[38;2;92;78;44m  [38;2;95;74;47m  [38;2;0;0;0m      
[38;2;0;0;0m            [38;2;112;110;110m  [38;2;188;125;103m  [38;2;107;43;31m██[38;2;71;24;19m██[38;2;61;25;17m██[38;2;30;1;2m██[38;2;25;1;1m██[38;2;44;1;1m██[38;2;59;4;4m  [38;2;66;47;26m  [38;2;160;252;168m  [38;2;64;43;29m██[38;2;20;8;3m██[38;2;24;16;7m██[38;2;18;3;1m██[38;2;36;120;35m██[38;2;38;131;37m██[38;2;73;87;38m  [38;2;107;107;107m  [38;2;0;0;0m      
[38;2;0;0;0m            [38;2;177;92;90m  [38;2;140;78;59m  [38;2;157;91;70m██[38;2;167;102;74m██[38;2;200;92;33m██[38;2;85;3;3m██[38;2;106;28;10m██[38;2;41;1;1m██[38;2;160;99;73m██[38;2;167;124;91m██[38;2;197;147;105m██[38;2;39;87;46m██[38;2;44;155;86m██[38;2;11;2;1m██[38;2;14;0;0m██[38;2;33;114;34m██[38;2;38;131;37m██[38;2;53;100;36m  [38;2;59;59;59m  [38;2;0;0;0m      
[38;2;0;0;0m            [38;2;183;137;104m  [38;2;148;101;78m  [38;2;138;79;59m██[38;2;225;134;95m██[38;2;206;127;77m██[38;2;178;72;21m██[38;2;100;66;63m██[38;2;205;164;121m██[38;2;251;126;67m██[38;2;195;69;22m██[38;2;138;74;38m██[38;2;37;127;67m██[38;2;40;148;73m██[38;2;13;0;0m██[38;2;13;8;3m██[38;2;25;63;22m██[38;2;15;0;0m██[38;2;6;0;0m  [38;2;0;0;0m        
[38;2;0;0;0m        [38;2;12;12;8m  [38;2;239;239;17m  [38;2;14;12;6m  [38;2;244;204;174m  [38;2;111;73;55m██[38;2;127;139;82m██[38;2;105;222;124m██[38;2;82;109;65m██[38;2;102;64;44m██[38;2;193;116;103m██[38;2;206;101;45m██[38;2;27;119;37m██[38;2;22;16;4m██[38;2;24;27;12m██[38;2;25;70;25m██[38;2;23;70;24m██[38;2;38;131;37m██[38;2;39;130;37m██[38;2;18;3;1m██[38;2;9;0;0m██[38;2;4;2;2m  [38;2;0;0;0m      
[38;2;0;0;0m      [38;2;183;181;91m  [38;2;251;249;197m  [38;2;198;167;134m  [38;2;169;248;173m  [38;2;144;105;78m  [38;2;143;108;79m██[38;2;154;253;165m██[38;2;113;238;139m██[38;2;44;143;74m██[38;2;27;1;1m██[38;2;65;28;17m██[38;2;31;40;23m██[38;2;45;51;24m██[38;2;16;0;1m██[38;2;28;88;26m██[38;2;13;0;1m██[38;2;12;8;2m██[38;2;36;131;37m██[38;2;37;136;39m██[38;2;10;1;0m██[38;2;20;41;13m██[38;2;110;63;60m  [38;2;0;0;0m      
[38;2;0;0;0m    [38;2;109;109;54m  [38;2;216;190;159m  [38;2;89;77;53m██[38;2;152;220;155m██[38;2;62;41;28m██[38;2;39;100;58m██[38;2;32;122;65m██[38;2;21;9;5m██[38;2;23;6;0m██[38;2;24;7;2m██[38;2;166;81;70m██[38;2;123;73;62m██[38;2;47;181;99m██[38;2;42;165;81m██[38;2;14;1;0m██[38;2;12;2;1m██[38;2;41;66;27m  [38;2;39;47;4m  [38;2;29;39;14m  [38;2;17;2;3m  [38;2;72;112;42m  [38;2;46;115;39m  [38;2;7;11;5m  [38;2;0;0;0m      
[38;2;0;0;0m  [38;2;68;68;68m  [38;2;243;234;194m  [38;2;135;101;75m██[38;2;91;100;65m██[38;2;47;171;95m██[38;2;14;0;0m██[38;2;9;6;2m██[38;2;29;103;28m██[38;2;17;21;8m██[38;2;18;7;1m██[38;2;17;9;2m██[38;2;48;21;19m██[38;2;34;5;4m██[38;2;27;44;24m██[38;2;23;8;2m██[38;2;14;4;1m██[38;2;37;129;37m██[38;2;43;123;37m  [38;2;0;0;0m      [38;2;27;23;0m  [38;2;37;4;0m  [38;2;0;0;0m        
[38;2;0;0;0m  [38;2;115;115;115m  [38;2;139;120;85m  [38;2;144;242;157m██[38;2;20;2;0m██[38;2;14;1;2m██[38;2;45;128;40m██[38;2;41;135;40m██[38;2;13;0;0m████[38;2;38;130;36m██[38;2;36;130;36m██[38;2;38;134;42m██[38;2;87;42;38m██[38;2;61;28;25m██[38;2;23;6;2m██[38;2;21;4;2m██[38;2;29;89;27m██[38;2;36;131;37m  [38;2;7;7;0m  [38;2;0;0;0m                
[38;2;0;0;0m  [38;2;132;110;110m  [38;2;108;117;82m  [38;2;159;236;117m  [38;2;14;0;2m██[38;2;15;1;1m██[38;2;38;130;36m██[38;2;38;132;37m██[38;2;15;0;0m████[38;2;33;113;31m██[38;2;38;123;35m██[38;2;29;83;24m██[38;2;50;57;37m██[38;2;30;0;0m██[38;2;22;6;2m██[38;2;26;56;30m██[38;2;20;47;15m██[38;2;14;13;4m██[38;2;46;37;10m  [38;2;0;0;0m                
[38;2;0;0;0m    [38;2;54;54;54m  [38;2;175;163;143m  [38;2;213;173;136m  [38;2;129;108;67m  [38;2;90;92;63m  [38;2;58;84;46m██[38;2;22;73;20m██[38;2;28;63;20m██[38;2;26;29;12m██[38;2;19;6;2m██[38;2;27;7;3m██[38;2;44;21;18m██[38;2;31;0;0m██[38;2;38;53;31m██[38;2;46;177;96m██[38;2;47;178;96m██[38;2;11;1;0m██[38;2;15;0;0m  [38;2;1;0;0m  [38;2;0;0;0m              
[38;2;0;0;0m          [38;2;209;207;201m  [38;2;176;134;96m  [38;2;71;62;40m██[38;2;21;8;4m██[38;2;24;7;0m██[38;2;40;12;2m██[38;2;32;9;3m██[38;2;33;6;2m██[38;2;19;1;1m██[38;2;23;0;0m██[38;2;30;0;0m██[38;2;54;170;93m██[38;2;40;127;70m██[38;2;14;10;3m██[38;2;30;104;30m██[38;2;77;55;24m  [38;2;100;100;0m  [38;2;1;1;1m  [38;2;0;0;0m          
[38;2;0;0;0m        [38;2;55;40;29m  [38;2;245;222;185m  [38;2;184;141;103m██[38;2;48;168;93m██[38;2;46;176;98m██[38;2;84;111;79m██[38;2;37;12;3m██[38;2;42;12;3m██[38;2;27;0;0m██[38;2;31;10;9m██[38;2;24;0;0m██[38;2;29;0;0m██[38;2;111;63;57m██[38;2;10;1;1m██[38;2;21;4;2m██[38;2;16;4;2m██[38;2;17;25;11m██[38;2;9;3;3m  [38;2;57;90;41m  [38;2;0;1;0m  [38;2;0;0;0m        
[38;2;0;0;0m      [38;2;59;44;29m  [38;2;219;172;138m  [38;2;200;250;194m██[38;2;97;98;70m██[38;2;48;181;99m██[38;2;46;176;97m██[38;2;205;135;131m██[38;2;56;21;19m██[38;2;36;10;5m██[38;2;27;1;1m██[38;2;18;2;1m██[38;2;40;13;11m██[38;2;141;85;79m██[38;2;67;33;28m██[38;2;80;34;28m██[38;2;193;93;84m██[38;2;144;77;65m██[38;2;89;75;51m██[38;2;35;47;19m██[38;2;1;3;1m██[38;2;14;2;1m  [38;2;46;129;41m  [38;2;64;16;14m  [38;2;0;0;0m    
[38;2;0;0;0m  [38;2;144;144;135m  [38;2;196;171;135m  [38;2;240;210;178m  [38;2;97;76;56m██[38;2;167;243;177m██[38;2;23;5;2m██[38;2;24;6;1m██[38;2;21;28;14m██[38;2;208;115;99m██[38;2;74;30;24m██[38;2;192;148;146m██[38;2;210;155;151m██[38;2;156;92;83m██[38;2;98;54;49m██[38;2;44;8;8m██[38;2;32;1;0m██[38;2;30;0;1m██[38;2;139;67;58m██[38;2;197;95;79m██[38;2;175;83;71m██[38;2;202;96;81m██[38;2;199;96;80m██[38;2;201;102;86m██[38;2;205;113;99m██[38;2;127;93;75m██[38;2;14;53;16m  [38;2;51;21;9m  
[38;2;129;163;113m  [38;2;154;249;164m  [38;2;132;118;86m██[38;2;130;91;68m██[38;2;56;62;38m██[38;2;43;137;76m██[38;2;25;6;1m██[38;2;24;6;1m██[38;2;41;11;4m██[38;2;40;12;4m██[38;2;40;11;4m██[38;2;37;10;4m██[38;2;24;2;3m██[38;2;29;0;1m██[38;2;25;1;0m██[38;2;32;1;1m██[38;2;41;5;4m██[38;2;30;0;0m██[38;2;50;13;10m██[38;2;201;102;87m██[38;2;203;105;90m██[38;2;201;103;87m██[38;2;188;96;82m██[38;2;199;102;87m██[38;2;206;109;95m██[38;2;209;126;112m██[38;2;209;126;114m██[38;2;204;122;109m  
[38;2;60;65;42m  [38;2;138;216;142m  [38;2;44;22;15m  [38;2;24;5;1m██[38;2;46;173;95m██[38;2;45;165;89m██[38;2;44;149;79m██[38;2;24;17;6m██[38;2;39;12;3m██[38;2;56;16;6m██[38;2;39;12;3m██[38;2;23;2;2m██[38;2;18;0;0m██[38;2;15;1;0m██[38;2;30;2;1m██[38;2;30;0;0m██[38;2;31;0;0m██[38;2;30;0;1m██[38;2;32;11;11m██[38;2;85;40;36m██[38;2;211;124;110m██[38;2;215;127;113m██[38;2;209;123;110m██[38;2;209;126;112m██[38;2;210;124;112m██[38;2;210;125;112m██[38;2;211;125;112m██[38;2;212;129;114m  
[38;2;0;0;0m  [38;2;129;115;28m  [38;2;83;81;51m  [38;2;17;5;1m  [38;2;22;6;3m██[38;2;36;96;53m██[38;2;35;66;36m██[38;2;38;11;3m██[38;2;40;11;1m██[38;2;28;3;3m██[38;2;30;0;0m██[38;2;23;0;0m██[38;2;18;0;0m██[38;2;30;5;2m██[38;2;37;9;5m██[38;2;36;6;2m██[38;2;28;1;0m██[38;2;29;1;1m██[38;2;29;0;1m██[38;2;31;1;1m██[38;2;132;79;73m██[38;2;199;120;109m██[38;2;135;83;76m██[38;2;184;111;101m██[38;2;209;126;112m██[38;2;211;126;113m██[38;2;213;128;115m  [38;2;26;21;22m  
[38;2;0;0;0m  [38;2;31;31;31m  [38;2;224;195;156m  [38;2;111;72;51m██[38;2;36;12;3m██[38;2;35;8;3m██[38;2;32;0;0m██[38;2;21;1;0m██[38;2;30;0;0m████[38;2;26;1;1m██[38;2;28;1;1m██[38;2;33;9;3m██[38;2;31;5;1m██[38;2;40;12;3m██[38;2;33;4;1m██[38;2;30;0;0m██[38;2;30;0;1m██[38;2;14;0;0m██[38;2;19;1;0m██[38;2;136;78;72m██[38;2;210;127;114m██[38;2;124;77;70m██[38;2;143;88;77m██[38;2;95;54;50m██[38;2;67;26;23m  [38;2;0;0;0m    
[38;2;0;0;0m  [38;2;154;105;105m  [38;2;167;132;106m  [38;2;96;61;40m██[38;2;39;10;3m██[38;2;39;5;4m██[38;2;31;0;0m██[38;2;30;0;0m████[38;2;26;1;1m██[38;2;30;2;0m██[38;2;26;2;2m██[38;2;59;27;15m██[38;2;61;30;20m██[38;2;41;12;4m██[38;2;39;9;4m██[38;2;29;1;1m██[38;2;18;0;1m██[38;2;19;0;0m██[38;2;30;0;0m██[38;2;171;127;129m██[38;2;174;137;135m██[38;2;175;128;127m██[38;2;219;149;141m██[38;2;38;4;4m██[38;2;49;13;8m  [38;2;9;9;0m  [38;2;0;0;0m  
[38;2;0;0;0m  [38;2;154;145;0m  [38;2;108;68;46m  [38;2;68;35;21m██[38;2;33;1;1m██[38;2;31;1;0m██[38;2;24;0;0m██[38;2;22;0;0m██[38;2;24;0;0m██[38;2;19;1;1m██[38;2;17;0;0m██[38;2;40;3;2m██[38;2;60;25;18m██[38;2;94;56;39m██[38;2;40;12;2m██[38;2;37;10;4m██[38;2;28;2;1m██[38;2;21;1;2m██[38;2;24;0;0m████[38;2;229;181;179m  [38;2;212;167;168m  [38;2;106;51;44m  [38;2;40;13;6m  [38;2;29;4;3m██[38;2;110;45;21m  [38;2;46;0;0m  [38;2;0;0;0m  
[38;2;0;0;0m  [38;2;74;50;48m  [38;2;191;152;124m  [38;2;111;71;49m██[38;2;56;25;15m██[38;2;25;3;2m██[38;2;20;0;0m██[38;2;25;0;0m██[38;2;22;0;0m██[38;2;26;2;1m██[38;2;48;18;9m  [38;2;180;154;145m  [38;2;205;148;134m  [38;2;30;3;3m██[38;2;24;0;0m██[38;2;22;0;0m██[38;2;23;0;1m██[38;2;30;0;1m  [38;2;17;1;1m██[38;2;26;0;1m  [38;2;117;79;79m  [38;2;10;10;10m  [38;2;6;0;0m  [38;2;119;78;54m  [38;2;30;3;2m██[38;2;74;23;11m  [38;2;0;0;0m    
[38;2;0;0;0m    [38;2;154;150;102m  [38;2;138;108;87m  [38;2;54;24;15m██[38;2;40;13;7m██[38;2;23;0;0m██[38;2;25;0;0m  [38;2;16;2;2m  [38;2;41;7;3m  [38;2;0;0;0m  [38;2;126;93;46m  [38;2;35;14;10m  [38;2;113;78;56m  [38;2;32;3;3m██[38;2;61;24;16m  [38;2;26;6;3m  [38;2;16;3;1m  [38;2;10;2;1m  [38;2;13;2;1m  [38;2;0;0;0m      [38;2;151;100;76m  [38;2;36;2;2m██[38;2;31;11;5m  [38;2;0;0;0m    
[38;2;0;0;0m      [38;2;103;88;74m  [38;2;70;40;30m  [38;2;30;13;9m  [38;2;14;3;1m  [38;2;0;0;0m          [38;2;206;135;135m  [38;2;103;65;44m  [38;2;33;2;1m██[38;2;72;28;11m  [38;2;0;0;0m            [38;2;94;56;43m  [38;2;116;67;51m  [38;2;61;25;18m  [38;2;150;110;54m  [38;2;0;0;0m    
[38;2;0;0;0m                      [38;2;208;148;123m  [38;2;124;96;79m  [38;2;36;8;7m  [38;2;83;39;23m  [38;2;14;43;43m  [38;2;0;0;0m              [38;2;39;64;0m  [38;2;17;0;0m  [38;2;0;0;0m      [0m
