
[38;2;0;0;0m                            [38;2;228;220;204m  [38;2;229;222;204m██[38;2;229;222;205m██[38;2;227;221;202m    [38;2;227;222;203m  [38;2;228;222;203m  [38;2;227;222;202m  [38;2;227;221;202m      [38;2;228;222;203m  [38;2;229;224;204m  [38;2;228;222;203m  [38;2;227;221;202m  [38;2;227;222;202m  [38;2;228;222;203m  
[38;2;0;0;0m                      [38;2;189;173;174m  [38;2;90;70;80m  [38;2;93;69;78m  [38;2;219;210;195m  [38;2;229;223;202m██[38;2;229;223;204m██[38;2;228;223;204m██[38;2;229;223;204m██████████████[38;2;228;223;204m██[38;2;229;223;204m████[38;2;228;223;204m██[38;2;229;223;204m██[38;2;228;222;203m  
[38;2;0;0;0m                  [38;2;92;71;77m  [38;2;103;83;91m  [38;2;105;85;92m██[38;2;105;85;96m██[38;2;101;84;93m██[38;2;207;195;179m██[38;2;230;222;204m██[38;2;229;223;204m████[38;2;228;223;204m██[38;2;229;223;204m████████[38;2;228;223;204m██[38;2;229;223;204m████████[38;2;228;223;204m████[38;2;228;222;203m  
[38;2;0;0;0m              [38;2;121;121;121m  [38;2;103;83;92m  [38;2;105;85;92m██[38;2;104;84;95m██[38;2;104;84;93m██████[38;2;210;198;183m██[38;2;228;223;204m██████████[38;2;229;223;204m██[38;2;228;223;204m██[38;2;229;223;204m██[38;2;228;223;204m██████████[38;2;229;223;204m████[38;2;228;222;203m  
[38;2;0;0;0m            [38;2;43;43;43m  [38;2;104;84;92m██[38;2;104;84;93m██[38;2;104;83;93m██[38;2;104;84;93m████[38;2;104;83;93m████[38;2;216;203;188m██[38;2;229;223;204m██████████████████████████████[38;2;228;222;203m  
[38;2;0;0;0m            [38;2;117;93;102m  [38;2;104;84;94m██[38;2;104;84;91m██[38;2;104;83;93m██[38;2;104;84;93m████[38;2;105;85;94m██[38;2;102;80;90m██[38;2;216;208;191m██[38;2;229;223;204m██████████████████████[38;2;229;223;203m██[38;2;229;223;204m██████[38;2;228;222;203m  
[38;2;0;0;0m          [38;2;78;92;74m  [38;2;103;83;90m██[38;2;102;80;90m██[38;2;104;84;93m██[38;2;109;89;98m██[38;2;106;84;94m██[38;2;98;75;85m██[38;2;107;84;94m██[38;2;114;91;101m██[38;2;220;211;195m██[38;2;229;222;204m██[38;2;229;223;204m██[38;2;229;222;204m██[38;2;228;222;204m██[38;2;229;223;204m██[38;2;229;222;204m██[38;2;229;223;204m██[38;2;229;222;204m████[38;2;229;223;204m██████████[38;2;229;222;204m██[38;2;228;222;203m  
[38;2;0;0;0m          [38;2;136;113;122m  [38;2;104;82;92m██[38;2;98;74;84m██[38;2;104;84;93m██[38;2;108;86;94m██[38;2;114;91;101m██[38;2;107;87;96m██[38;2;114;87;98m██[38;2;109;86;95m██[38;2;223;214;198m██[38;2;229;223;204m██████████████████[38;2;229;222;204m██[38;2;228;223;204m██[38;2;229;223;204m██████[38;2;228;223;204m██[38;2;228;222;203m  
[38;2;0;0;0m          [38;2;134;109;118m  [38;2;104;83;91m██[38;2;101;77;86m██[38;2;103;81;90m██[38;2;108;86;95m██[38;2;110;88;98m██[38;2;111;90;97m██[38;2;97;72;84m██[38;2;116;89;100m██[38;2;229;221;203m██[38;2;229;223;204m██[38;2;228;223;204m██[38;2;229;223;204m██[38;2;228;223;204m██[38;2;229;223;204m████[38;2;228;223;204m████[38;2;229;223;204m████████████[38;2;228;223;204m██[38;2;228;222;203m  
[38;2;0;0;0m          [38;2;125;101;109m  [38;2;105;84;91m██[38;2;114;89;98m██[38;2;101;80;89m██[38;2;112;88;95m██[38;2;112;90;97m██[38;2;116;92;101m██[38;2;117;93;101m██[38;2;230;221;218m██[38;2;231;224;206m██[38;2;228;223;204m████[38;2;228;223;203m██[38;2;228;223;204m██████[38;2;229;223;203m████[38;2;229;223;204m██[38;2;228;223;203m████[38;2;229;223;203m██[38;2;228;223;204m██[38;2;228;223;203m██[38;2;229;223;203m██[38;2;228;222;203m██
[38;2;0;0;0m          [38;2;107;84;92m  [38;2;104;82;94m██[38;2;114;91;101m██[38;2;108;85;95m██[38;2;227;192;196m██[38;2;113;92;97m██[38;2;119;94;103m██[38;2;119;95;102m██[38;2;171;141;145m██[38;2;230;224;207m██[38;2;229;223;204m██████████████████████████████[38;2;228;222;203m  
[38;2;0;0;0m          [38;2;105;85;93m  [38;2;93;71;81m██[38;2;105;84;94m██[38;2;108;85;95m██[38;2;190;156;161m██[38;2;105;86;88m██[38;2;119;94;103m██[38;2;191;165;165m██[38;2;237;211;207m██[38;2;231;224;205m██[38;2;229;222;203m██[38;2;229;223;203m██[38;2;228;222;204m██[38;2;229;222;203m██[38;2;228;223;204m██[38;2;229;222;203m██[38;2;228;223;204m██[38;2;229;222;204m████[38;2;229;223;204m████[38;2;229;222;204m██[38;2;229;223;204m████[38;2;229;222;204m██[38;2;228;222;203m  
[38;2;0;0;0m          [38;2;115;95;101m  [38;2;99;78;88m██[38;2;105;83;94m██[38;2;85;63;73m██[38;2;110;86;94m██[38;2;253;245;233m██[38;2;129;106;108m██[38;2;254;245;233m████[38;2;228;222;204m██[38;2;229;223;204m████[38;2;228;223;204m██[38;2;229;222;204m██[38;2;229;223;204m██████████[38;2;228;222;204m██[38;2;229;223;204m██████████[38;2;228;222;203m  
[38;2;0;0;0m    [38;2;244;244;244m  [38;2;0;0;0m    [38;2;151;143;146m  [38;2;103;83;92m██[38;2;106;84;94m██[38;2;108;85;95m██[38;2;110;86;94m██[38;2;247;239;232m██[38;2;66;42;51m██[38;2;250;244;235m██[38;2;254;246;233m██[38;2;221;215;197m██[38;2;229;223;204m██████████[38;2;229;222;204m██[38;2;229;223;204m██████████████████[38;2;228;222;203m  
[38;2;23;23;23m  [38;2;27;27;27m  [38;2;0;0;0m        [38;2;104;83;93m██[38;2;102;80;90m██[38;2;109;87;95m██[38;2;103;79;90m██[38;2;82;58;66m██[38;2;84;61;69m██[38;2;99;66;80m██[38;2;255;247;234m██[38;2;207;198;181m██[38;2;228;223;203m██[38;2;229;223;204m██[38;2;228;222;204m██[38;2;229;223;204m██[38;2;228;223;204m██[38;2;229;222;204m██[38;2;228;223;204m██[38;2;229;223;204m██[38;2;229;222;204m██[38;2;229;223;204m██[38;2;229;222;204m██[38;2;228;222;204m██[38;2;229;223;204m██[38;2;228;222;204m██[38;2;229;223;204m██[38;2;228;222;203m  
[38;2;96;96;96m  [38;2;193;193;193m  [38;2;30;30;30m  [38;2;195;195;195m  [38;2;0;0;0m    [38;2;97;76;83m  [38;2;87;63;74m██[38;2;107;84;94m██[38;2;106;82;95m██[38;2;189;183;182m██[38;2;132;97;104m██[38;2;214;198;186m██[38;2;254;246;234m██[38;2;190;179;171m██[38;2;228;223;204m██[38;2;229;223;204m██████[38;2;228;223;204m██[38;2;229;223;204m████████[38;2;228;223;204m██[38;2;229;223;204m██████████[38;2;228;222;203m  
[38;2;78;78;78m  [38;2;0;0;0m  [38;2;186;186;186m  [38;2;0;0;0m      [38;2;163;186;163m  [38;2;94;67;81m  [38;2;105;82;92m██[38;2;107;85;95m██[38;2;127;102;105m██[38;2;252;249;237m██[38;2;253;239;230m██[38;2;255;237;229m██[38;2;196;185;173m██[38;2;229;223;204m████[38;2;229;223;203m██[38;2;229;223;204m██[38;2;228;223;204m██[38;2;229;223;204m██[38;2;229;223;203m████[38;2;229;223;204m████[38;2;229;223;203m████[38;2;229;223;204m████[38;2;229;223;203m██[38;2;228;222;203m  
[38;2;0;0;0m    [38;2;79;79;79m  [38;2;0;0;0m        [38;2;107;85;95m  [38;2;104;83;92m██[38;2;104;84;94m██[38;2;98;69;79m██[38;2;252;246;236m██[38;2;253;239;228m██[38;2;252;240;231m██[38;2;196;183;174m██[38;2;229;222;203m██[38;2;229;223;204m████[38;2;228;223;204m██[38;2;229;223;204m██[38;2;229;222;204m██[38;2;228;223;204m██[38;2;228;222;204m██[38;2;229;222;204m██[38;2;228;222;204m██[38;2;228;223;204m██[38;2;229;223;204m████[38;2;228;223;204m████[38;2;228;222;203m  
[38;2;0;0;0m  [38;2;176;176;176m  [38;2;110;109;110m  [38;2;254;254;254m  [38;2;0;0;0m    [38;2;145;132;137m  [38;2;0;0;0m  [38;2;105;83;93m  [38;2;102;80;90m██[38;2;106;84;94m██[38;2;146;109;118m██[38;2;205;197;196m██[38;2;82;81;91m██[38;2;79;72;84m██[38;2;229;219;207m██[38;2;228;223;204m██[38;2;229;223;204m████████[38;2;228;223;204m██[38;2;229;223;204m████████████████[38;2;228;222;203m  
[38;2;0;0;0m  [38;2;230;230;230m  [38;2;103;103;103m  [38;2;254;254;254m  [38;2;72;72;72m  [38;2;0;0;0m    [38;2;173;165;166m  [38;2;105;81;93m  [38;2;109;88;96m  [38;2;105;83;93m██[38;2;110;77;90m██[38;2;77;69;84m██[38;2;83;79;95m██[38;2;82;81;92m██[38;2;171;160;152m  [38;2;229;223;204m██[38;2;229;222;204m██[38;2;229;223;204m████[38;2;229;222;204m██[38;2;229;223;204m██[38;2;228;223;204m██[38;2;229;222;204m██[38;2;229;223;204m██[38;2;229;222;204m████[38;2;229;223;204m██[38;2;229;222;204m██[38;2;228;223;204m██[38;2;228;222;203m  
[38;2;0;0;0m      [38;2;75;75;75m  [38;2;0;0;0m        [38;2;103;81;89m  [38;2;107;85;95m  [38;2;104;82;92m  [38;2;105;83;93m██[38;2;83;81;91m██[38;2;85;81;94m██[38;2;83;81;92m██[38;2;170;157;149m██[38;2;229;222;204m██[38;2;229;223;204m████████[38;2;229;223;203m██[38;2;228;223;204m████[38;2;229;222;204m██[38;2;229;223;204m██[38;2;229;223;203m██[38;2;229;223;204m████[38;2;228;223;203m██[38;2;228;222;203m  
[38;2;0;0;0m    [38;2;18;18;18m  [38;2;214;214;214m  [38;2;72;72;72m  [38;2;0;0;0m      [38;2;111;92;101m  [38;2;105;82;94m  [38;2;90;67;77m  [38;2;106;84;94m██[38;2;83;81;91m██[38;2;82;80;90m██[38;2;83;81;93m██[38;2;86;75;82m██[38;2;229;223;204m██[38;2;228;223;204m██[38;2;229;223;204m████[38;2;229;222;204m██[38;2;229;223;204m██████████████████[38;2;228;222;203m  
[38;2;0;0;0m    [38;2;69;69;69m  [38;2;252;252;252m  [38;2;78;78;78m  [38;2;0;0;0m      [38;2;153;130;134m  [38;2;105;84;92m  [38;2;0;0;0m  [38;2;86;61;73m  [38;2;84;81;91m██[38;2;81;78;88m██[38;2;77;73;86m██[38;2;231;224;205m██[38;2;229;223;204m██[38;2;228;223;204m██████████████[38;2;229;223;204m██[38;2;228;223;204m██████████[38;2;228;222;203m  
[38;2;0;0;0m                [38;2;96;78;85m  [38;2;172;154;157m  [38;2;122;122;122m  [38;2;85;74;84m  [38;2;82;80;93m████[38;2;143;126;122m██[38;2;229;222;205m██[38;2;229;223;204m████[38;2;228;223;204m██[38;2;229;223;204m██[38;2;229;222;204m██[38;2;229;223;204m██[38;2;228;223;204m██[38;2;229;223;204m██████[38;2;229;223;203m██[38;2;229;223;204m████[38;2;228;223;204m██[38;2;228;222;203m  
[38;2;0;0;0m                [38;2;107;84;92m  [38;2;0;0;0m  [38;2;98;78;84m  [38;2;82;80;92m  ██[38;2;81;79;91m██[38;2;145;128;124m██[38;2;228;222;204m██[38;2;229;223;204m██[38;2;229;222;204m██[38;2;229;223;204m████[38;2;229;222;204m██[38;2;229;223;204m████[38;2;229;222;204m██[38;2;229;223;204m██[38;2;229;222;204m████[38;2;229;223;204m██[38;2;229;222;204m██[38;2;229;223;204m██[38;2;228;222;203m  
[38;2;0;0;0m                [38;2;70;63;63m  [38;2;0;0;0m  [38;2;71;89;89m  [38;2;84;81;92m  [38;2;74;70;83m██[38;2;82;80;92m██[38;2;142;126;123m██[38;2;228;222;206m██[38;2;229;222;204m██[38;2;229;223;204m██[38;2;228;223;204m██[38;2;229;223;204m██[38;2;229;222;204m██[38;2;229;223;204m████[38;2;228;222;204m██[38;2;229;223;204m██████████████
[38;2;0;0;0m                      [38;2;83;79;91m  [38;2;72;69;83m██[38;2;83;81;93m██[38;2;133;117;114m██[38;2;229;223;204m████████████████████████████████
[38;2;0;0;0m                      [38;2;81;77;89m  [38;2;79;76;91m██[38;2;82;80;93m██[38;2;147;132;128m██[38;2;229;223;204m████████████████████████████████
[38;2;0;0;0m                      [38;2;83;79;89m  [38;2;81;81;93m██[38;2;78;75;89m██[38;2;160;145;140m██[38;2;229;223;204m██[38;2;228;223;204m████[38;2;229;223;204m██[38;2;228;223;204m██[38;2;229;223;204m██[38;2;228;223;204m██[38;2;229;223;204m████[38;2;228;223;204m██[38;2;229;223;204m████[38;2;228;223;204m████[38;2;229;223;204m██[38;2;228;222;203m  
[38;2;0;0;0m                      [38;2;84;80;91m  [38;2;83;81;93m████[38;2;158;143;137m██[38;2;228;223;204m██[38;2;229;223;204m██[38;2;229;222;204m██[38;2;229;223;204m████[38;2;229;222;204m██[38;2;229;223;204m████[38;2;229;222;204m██[38;2;229;223;204m██[38;2;229;222;204m████[38;2;229;223;204m██[38;2;229;222;204m██[38;2;229;223;204m██[38;2;228;222;203m  
[38;2;0;0;0m                      [38;2;83;80;88m  [38;2;84;81;94m██[38;2;73;71;85m██[38;2;152;136;133m██[38;2;229;223;204m██[38;2;228;223;204m██[38;2;229;223;204m████████████[38;2;228;223;204m██[38;2;229;223;204m████[38;2;229;223;203m██[38;2;229;223;204m████[38;2;229;223;203m██[38;2;228;222;203m  
[38;2;0;0;0m                        [38;2;72;67;80m  [38;2;71;65;84m  [38;2;125;109;106m  [38;2;228;222;204m  [38;2;229;223;205m  [38;2;228;222;202m  [38;2;227;221;202m  [38;2;228;222;203m    [38;2;227;223;206m██[38;2;228;221;205m████[38;2;228;221;203m  [38;2;226;220;201m  [38;2;226;220;202m      [38;2;228;222;203m  [38;2;227;222;203m  [0m
