
[38;2;0;0;0m                      [38;2;12;7;7m  [38;2;43;23;23m  [38;2;65;35;34m  [38;2;76;41;40m  [38;2;70;37;36m  [38;2;49;26;25m  [38;2;14;7;7m  [38;2;0;0;0m                        
[38;2;0;0;0m                [38;2;7;4;3m  [38;2;109;58;57m██[38;2;138;74;72m██[38;2;138;75;73m██[38;2;138;74;72m████[38;2;138;75;73m██[38;2;138;74;73m██[38;2;138;74;72m██[38;2;138;75;73m██[38;2;138;74;72m██[38;2;116;62;60m██[38;2;31;16;16m  [38;2;0;0;0m                  
[38;2;0;0;0m              [38;2;54;29;28m  [38;2;138;74;72m██[38;2;139;74;73m██[38;2;139;75;73m██████[38;2;138;74;73m████[38;2;138;75;73m██[38;2;139;75;73m████████[38;2;138;74;72m██[38;2;131;70;69m  [38;2;33;18;17m  [38;2;0;0;0m              
[38;2;0;0;0m            [38;2;68;36;36m  [38;2;138;75;73m██[38;2;139;75;73m██████████[38;2;137;74;72m██[38;2;136;73;72m██[38;2;139;75;73m██████████[38;2;138;75;73m  [38;2;139;75;73m██[38;2;141;76;73m██[38;2;125;76;65m  [38;2;0;0;0m            
[38;2;0;0;0m          [38;2;59;36;30m  [38;2;146;80;76m██[38;2;138;75;73m  [38;2;139;75;73m██████████[38;2;137;74;72m██[38;2;136;73;72m██[38;2;139;75;73m██████████████[38;2;139;76;73m██[38;2;189;115;97m██[38;2;167;101;85m  [38;2;1;0;0m  [38;2;0;0;0m        
[38;2;0;0;0m        [38;2;6;4;3m  [38;2;187;113;96m██[38;2;143;78;74m██[38;2;139;75;73m████████[38;2;138;75;73m██[38;2;139;75;73m██████[38;2;138;75;73m██[38;2;139;75;73m████[38;2;139;74;73m██[38;2;138;75;73m██[38;2;139;74;73m██[38;2;141;76;73m██[38;2;156;88;81m██[38;2;184;110;94m██[38;2;188;113;96m  [38;2;135;82;69m  [38;2;0;0;0m        
[38;2;0;0;0m        [38;2;150;91;77m██[38;2;189;114;97m██[38;2;167;96;86m██[38;2;171;100;88m██[38;2;153;85;80m██[38;2;139;75;73m██████[38;2;139;74;73m██[38;2;139;75;73m██[38;2;139;75;72m██[38;2;139;75;73m████[38;2;139;74;73m██[38;2;139;75;73m██████[38;2;163;94;84m██[38;2;148;82;77m██[38;2;167;97;86m██[38;2;138;74;73m██[38;2;145;79;75m██[38;2;23;12;12m  [38;2;0;0;0m      
[38;2;0;0;0m      [38;2;4;2;2m  [38;2;179;107;92m██[38;2;147;81;76m██[38;2;139;75;73m██[38;2;138;74;73m██[38;2;139;75;73m████████████████████████████[38;2;138;74;73m██[38;2;138;74;72m██████[38;2;135;73;71m██[38;2;0;0;0m      
[38;2;0;0;0m      [38;2;75;40;40m  [38;2;138;74;72m██[38;2;139;75;73m████████[38;2;137;74;72m██[38;2;138;74;73m██[38;2;139;75;73m████████████[38;2;136;73;72m██[38;2;138;75;73m██[38;2;139;75;73m██████[38;2;138;74;72m██[38;2;128;68;68m██[38;2;127;69;68m██[38;2;130;70;69m██[38;2;130;71;70m██[38;2;20;11;11m  [38;2;0;0;0m    
[38;2;0;0;0m      [38;2;118;63;63m██[38;2;122;65;65m██[38;2;136;73;71m██[38;2;139;75;73m██[38;2;138;74;72m██[38;2;126;67;67m██[38;2;115;61;62m██[38;2;114;62;63m██[38;2;117;62;63m██[38;2;125;67;66m██[38;2;129;70;69m██[38;2;130;70;69m██[38;2;127;68;67m██[38;2;120;64;64m██[38;2;116;62;63m██[38;2;119;64;65m██[38;2;129;69;68m██[38;2;132;71;69m██[38;2;127;68;68m██[38;2;120;64;64m██[38;2;120;65;65m██[38;2;123;66;66m██[38;2;124;67;67m██[38;2;127;68;68m██[38;2;94;50;52m  [38;2;0;0;0m    
[38;2;0;0;0m    [38;2;10;5;5m  [38;2;119;64;64m██[38;2;117;63;64m██[38;2;116;62;63m██[38;2;115;61;62m██[38;2;113;61;62m██[38;2;112;60;61m██[38;2;111;60;60m██[38;2;111;59;60m██[38;2;110;60;60m██[38;2;111;59;60m██[38;2;111;59;61m██[38;2;111;60;60m██[38;2;111;60;61m██[38;2;111;60;60m██[38;2;112;60;61m████[38;2;113;60;61m██[38;2;113;60;62m██[38;2;114;61;63m██[38;2;114;61;62m██[38;2;115;61;62m██[38;2;110;59;60m██[38;2;121;65;65m██[38;2;124;67;67m██[38;2;113;60;61m██[38;2;0;0;0m    
[38;2;0;0;0m    [38;2;60;32;32m  [38;2;118;64;64m██[38;2;116;62;63m██[38;2;113;60;61m██[38;2;112;60;61m██[38;2;111;59;60m██[38;2;110;59;60m██[38;2;108;58;60m██[38;2;108;57;60m████████[38;2;107;57;60m██[38;2;108;57;60m██[38;2;107;57;60m████[38;2;108;58;60m██[38;2;109;58;60m██[38;2;110;59;60m██[38;2;111;59;60m██[38;2;110;59;60m██[38;2;109;58;59m██[38;2;104;56;57m██[38;2;118;64;64m██[38;2;121;65;65m██[38;2;111;59;61m██[38;2;0;0;0m    
[38;2;0;0;0m    [38;2;108;58;59m██[38;2;118;63;64m██[38;2;115;61;63m██[38;2;113;60;62m██[38;2;111;60;60m██[38;2;110;59;60m██[38;2;108;57;60m████[38;2;107;56;59m██[38;2;105;56;59m████████████████[38;2;106;56;59m██[38;2;107;57;59m██[38;2;108;57;60m██[38;2;108;58;59m██[38;2;105;56;57m██[38;2;101;54;56m██[38;2;114;61;62m██[38;2;119;64;65m██[38;2;96;51;54m██[38;2;0;0;0m    
[38;2;0;0;0m    [38;2;119;63;63m██[38;2;118;64;64m██[38;2;115;62;63m██[38;2;113;60;61m██[38;2;111;60;61m██[38;2;110;59;60m██[38;2;108;58;60m██[38;2;107;57;59m██[38;2;106;56;59m██[38;2;105;56;59m████[38;2;105;56;58m████[38;2;104;56;58m██████[38;2;95;51;54m██[38;2;105;56;58m██[38;2;105;56;59m██[38;2;107;56;59m██[38;2;106;57;59m██[38;2;103;55;57m██[38;2;101;57;58m██[38;2;104;57;58m██[38;2;115;63;64m██[38;2;87;58;59m  [38;2;0;0;0m    
[38;2;0;0;0m    [38;2;120;64;65m██[38;2;119;64;65m██[38;2;117;63;63m██[38;2;115;61;63m██[38;2;113;60;62m██[38;2;111;59;60m██[38;2;109;59;60m██[38;2;108;58;59m██[38;2;107;57;59m██[38;2;106;56;58m██[38;2;105;57;59m██[38;2;105;56;59m██[38;2;105;56;58m██████[38;2;104;56;58m██[38;2;90;48;52m██[38;2;105;56;58m████[38;2;106;56;59m██[38;2;105;57;58m██[38;2;97;52;54m██[38;2;107;66;67m██[38;2;210;156;152m██[38;2;252;191;186m██[38;2;131;99;96m  [38;2;0;0;0m    
[38;2;0;0;0m  [38;2;1;0;0m  [38;2;121;65;65m████[38;2;119;64;64m██[38;2;117;63;64m██[38;2;115;62;63m██[38;2;113;60;61m██[38;2;111;60;61m██[38;2;110;59;60m██[38;2;109;58;60m██[38;2;108;57;59m██[38;2;107;57;59m██[38;2;106;56;59m████[38;2;105;56;59m████[38;2;105;56;58m██[38;2;90;48;51m██[38;2;105;56;59m██[38;2;107;56;59m██[38;2;107;58;60m██[38;2;106;56;58m██[38;2;109;72;74m██[38;2;190;143;140m██[38;2;146;111;108m██[38;2;253;191;186m██[38;2;80;60;58m  [38;2;0;0;0m    
[38;2;0;0;0m  [38;2;7;3;3m  [38;2;125;67;67m██[38;2;124;66;66m██[38;2;121;65;65m██[38;2;120;64;64m██[38;2;117;63;63m██[38;2;116;62;63m██[38;2;114;61;62m██[38;2;113;60;62m██[38;2;112;60;61m██[38;2;111;59;60m██[38;2;110;58;60m██[38;2;108;58;60m████[38;2;108;57;59m██[38;2;107;57;59m██[38;2;105;57;59m██[38;2;89;47;50m██[38;2;107;57;59m██[38;2;108;58;60m██[38;2;109;58;60m██[38;2;108;58;59m██[38;2;223;165;162m██[38;2;254;190;185m██[38;2;166;126;122m██[38;2;46;34;33m██[38;2;29;22;21m  [38;2;0;0;0m    
[38;2;0;0;0m  [38;2;13;7;7m  [38;2;128;69;68m██[38;2;126;68;67m██[38;2;124;66;66m██[38;2;122;66;66m██[38;2;121;65;65m██[38;2;119;64;64m██[38;2;118;63;64m██[38;2;117;62;63m██[38;2;115;62;62m██[38;2;115;61;62m██[38;2;114;61;62m██[38;2;113;60;61m██[38;2;112;60;61m██[38;2;111;60;61m██[38;2;46;29;29m██[38;2;127;112;109m██[38;2;80;43;45m██[38;2;111;59;60m██[38;2;112;60;61m██[38;2;113;60;62m██[38;2;111;60;61m██[38;2;231;185;182m██[38;2;254;201;199m██[38;2;148;119;118m██[38;2;8;6;6m██[38;2;9;8;8m  [38;2;0;0;0m    
[38;2;0;0;0m  [38;2;21;11;11m  [38;2;131;70;69m██[38;2;129;70;69m██[38;2;127;68;68m██[38;2;126;68;67m██[38;2;125;67;67m██[38;2;123;66;66m██[38;2;122;65;65m██[38;2;121;65;65m██[38;2;120;64;64m██[38;2;119;64;64m██[38;2;118;63;64m██[38;2;117;63;63m██[38;2;117;62;63m██[38;2;90;48;49m██[38;2;212;197;191m██[38;2;245;190;185m██[38;2;112;67;68m██[38;2;115;61;62m██[38;2;116;62;63m██[38;2;117;62;63m██[38;2;115;62;62m██[38;2;231;184;183m██[38;2;255;189;190m██[38;2;251;183;185m██[38;2;213;168;167m██[38;2;27;23;23m  [38;2;0;0;0m    
[38;2;0;0;0m  [38;2;35;18;18m  [38;2;133;72;70m██[38;2;132;71;70m██[38;2;131;70;69m██[38;2;129;70;69m██[38;2;129;69;68m██[38;2;127;68;68m████[38;2;125;67;67m██[38;2;125;66;67m██[38;2;124;66;66m██[38;2;123;65;66m██[38;2;122;65;65m██[38;2;121;65;65m██[38;2;76;41;41m██[38;2;226;208;201m██[38;2;254;191;186m██[38;2;123;70;70m██[38;2;121;65;65m██[38;2;121;64;65m██[38;2;122;65;65m██[38;2;119;64;64m██[38;2;231;178;179m██[38;2;255;180;183m██[38;2;255;178;182m██[38;2;254;190;191m██[38;2;95;79;79m  [38;2;0;0;0m    
[38;2;0;0;0m  [38;2;42;23;22m  [38;2;135;73;71m██[38;2;134;72;71m██[38;2;134;72;70m██[38;2;132;72;70m██[38;2;132;71;70m██[38;2;131;70;70m██[38;2;130;70;69m████[38;2;129;69;68m██[38;2;128;69;68m██[38;2;128;68;68m██[38;2;127;68;68m██[38;2;126;68;68m██[38;2;112;60;59m██[38;2;118;109;106m██[38;2;254;219;212m██[38;2;126;82;82m██[38;2;125;68;67m██[38;2;126;68;67m██[38;2;126;68;68m██[38;2;123;66;66m██[38;2;232;187;185m██[38;2;255;190;191m██[38;2;255;186;189m██[38;2;254;199;198m██[38;2;71;58;57m  [38;2;0;0;0m    
[38;2;0;0;0m  [38;2;45;24;23m  [38;2;136;73;72m████[38;2;135;73;71m██[38;2;134;72;71m██████[38;2;133;72;70m██[38;2;132;72;70m██[38;2;132;71;70m██████[38;2;130;70;70m██[38;2;130;70;69m████[38;2;33;19;19m██[38;2;227;212;207m██[38;2;135;93;92m██[38;2;130;70;69m██████[38;2;127;69;68m██[38;2;234;204;200m██[38;2;255;211;208m██[38;2;254;209;206m  [38;2;251;215;211m██[38;2;5;4;4m  [38;2;0;0;0m    
[38;2;0;0;0m  [38;2;46;25;24m  [38;2;137;73;72m████[38;2;136;73;72m████████[38;2;135;73;71m██████[38;2;134;72;71m██████████[38;2;132;70;70m██[38;2;20;10;11m██[38;2;99;54;54m██[38;2;134;72;71m██████[38;2;130;71;69m██[38;2;237;217;212m  [38;2;254;232;225m██[38;2;252;229;223m██[38;2;70;62;60m  [38;2;0;0;0m      
[38;2;0;0;0m  [38;2;48;26;24m  [38;2;137;73;72m████[38;2;136;73;72m██████████████████[38;2;135;72;71m██[38;2;136;73;72m████[38;2;132;71;70m██[38;2;82;44;48m██[38;2;116;62;62m██[38;2;136;73;72m██████[38;2;131;71;69m██[38;2;237;202;196m██[38;2;189;154;150m  [38;2;8;6;6m  [38;2;0;0;0m        
[38;2;0;0;0m  [38;2;53;29;28m  [38;2;136;73;72m████████████████████[38;2;135;73;71m██[38;2;132;71;70m██[38;2;136;73;72m██[38;2;137;73;72m██[38;2;130;70;69m██[38;2;83;44;48m██[38;2;123;66;66m██[38;2;137;73;72m██████[38;2;127;69;68m██[38;2;3;2;2m██[38;2;0;0;0m            
[38;2;0;0;0m  [38;2;85;46;45m██[38;2;135;73;71m████[38;2;134;72;71m██████████[38;2;135;73;71m██████[38;2;128;69;68m██[38;2;131;70;69m██[38;2;136;73;72m██[38;2;137;73;72m██[38;2;121;65;65m██[38;2;82;44;49m██[38;2;129;70;68m██[38;2;137;73;72m██[38;2;138;73;72m████[38;2;115;64;64m██[38;2;212;191;195m██[38;2;2;2;2m  [38;2;0;0;0m          
[38;2;0;0;0m  [38;2;119;64;63m  [38;2;134;72;71m████[38;2;133;72;70m████████████[38;2;133;72;71m██[38;2;134;72;71m██[38;2;111;59;61m██[38;2;131;71;69m██[38;2;135;73;71m██[38;2;135;73;72m██[38;2;111;59;60m██[38;2;81;43;48m██[38;2;133;72;70m██[38;2;137;73;72m████[38;2;138;73;72m██[38;2;100;56;57m██[38;2;248;244;245m██[38;2;178;167;170m██[38;2;83;63;62m██[38;2;165;126;123m  [38;2;0;0;0m      
[38;2;0;0;0m  [38;2;130;70;69m██[38;2;133;72;70m██[38;2;132;71;70m████[38;2;131;71;70m████████[38;2;132;71;70m██████[38;2;96;51;54m██[38;2;132;71;70m██[38;2;134;72;71m██[38;2;135;73;71m██[38;2;98;52;55m██[38;2;81;43;48m██[38;2;135;73;72m██[38;2;136;73;72m██[38;2;137;73;72m████[38;2;89;52;56m██[38;2;254;254;254m████[38;2;47;45;45m██[38;2;246;230;223m██[38;2;98;89;87m  [38;2;0;0;0m    
[38;2;0;0;0m  [38;2;132;71;69m██[38;2;132;71;70m██[38;2;131;71;70m████[38;2;131;70;70m██[38;2;130;70;69m████████[38;2;131;71;70m████[38;2;84;45;49m██[38;2;132;71;70m██[38;2;133;72;70m██[38;2;134;72;71m██[38;2;88;46;50m██[38;2;82;44;48m██[38;2;135;73;71m██[38;2;136;73;72m████[38;2;136;74;72m██[38;2;83;52;56m██[38;2;254;254;254m██[38;2;255;255;255m██[38;2;238;238;238m██[38;2;42;39;38m██[38;2;242;228;221m██[38;2;0;0;0m    
[38;2;0;0;0m  [38;2;131;70;69m██[38;2;131;71;70m████[38;2;130;70;69m██████████████[38;2;128;69;68m██[38;2;84;44;48m██[38;2;131;71;70m████[38;2;132;71;69m██[38;2;83;44;48m██[38;2;85;45;49m██[38;2;135;72;71m██[38;2;134;73;71m██[38;2;135;73;71m██[38;2;134;72;71m██[38;2;86;59;62m██[38;2;254;254;254m██[38;2;255;255;255m██[38;2;254;254;254m██[38;2;221;221;221m██[38;2;63;63;63m██[38;2;47;44;44m██[38;2;30;28;27m  
[38;2;4;2;2m  [38;2;131;71;69m  [38;2;131;71;70m████[38;2;130;70;69m████████[38;2;129;70;69m██[38;2;130;70;69m████[38;2;114;61;62m██[38;2;97;51;54m██[38;2;131;71;70m████[38;2;124;67;66m██[38;2;83;44;49m██[38;2;92;49;51m██[38;2;134;71;71m██[38;2;135;73;71m████[38;2;131;70;69m██[38;2;99;75;77m██[38;2;255;254;254m██[38;2;255;255;255m██████[38;2;254;254;253m██[38;2;238;232;233m██[38;2;243;227;221m██
[38;2;26;14;14m  [38;2;133;72;70m██[38;2;132;71;70m██[38;2;131;71;70m████[38;2;130;70;69m████████████[38;2;93;49;53m██[38;2;117;63;63m██[38;2;131;71;70m████[38;2;103;55;58m██[38;2;83;44;48m██[38;2;104;56;57m██[38;2;134;72;71m██[38;2;135;73;71m████[38;2;116;62;63m██[38;2;124;103;106m██[38;2;254;254;254m██[38;2;255;255;255m████████[38;2;242;238;238m██[38;2;253;234;227m██[0m
