
[38;2;0;0;0m                    [38;2;113;113;113m  [38;2;102;100;96m  [38;2;236;231;233m  [38;2;244;243;252m  [38;2;238;236;250m  [38;2;235;234;247m  [38;2;235;231;244m  [38;2;236;235;249m  [38;2;242;240;251m  [38;2;238;233;238m  [38;2;176;173;156m  [38;2;67;67;67m  [38;2;0;0;0m                    
[38;2;0;0;0m                [38;2;91;91;64m  [38;2;147;146;137m  [38;2;244;242;251m  [38;2;236;234;247m  [38;2;237;235;248m██████[38;2;235;235;243m██[38;2;236;233;248m██[38;2;237;235;248m████[38;2;237;235;247m██[38;2;237;234;248m██[38;2;235;234;246m  [38;2;232;229;223m  [38;2;103;103;103m  [38;2;0;0;0m                
[38;2;0;0;0m              [38;2;113;162;108m  [38;2;241;236;238m  [38;2;236;235;247m██[38;2;236;234;247m██[38;2;237;235;248m████████[38;2;235;233;245m██[38;2;240;239;248m██[38;2;236;234;247m██[38;2;236;235;247m████[38;2;237;235;248m████[38;2;236;234;246m██[38;2;241;237;248m  [38;2;168;168;168m  [38;2;0;0;0m              
[38;2;0;0;0m            [38;2;227;227;214m  [38;2;244;239;245m  [38;2;236;235;248m██[38;2;237;235;248m██████[38;2;235;235;247m██[38;2;207;199;200m██[38;2;199;196;192m██[38;2;238;228;235m██[38;2;236;230;234m██[38;2;115;110;107m██[38;2;110;104;107m██[38;2;205;200;200m██[38;2;235;235;247m██[38;2;237;235;248m██[38;2;236;235;248m██[38;2;236;235;247m██[38;2;240;238;247m  [38;2;191;191;190m  [38;2;0;0;0m            
[38;2;0;0;0m            [38;2;195;193;185m  [38;2;236;234;247m██[38;2;237;235;248m████[38;2;236;234;247m██[38;2;236;235;247m██[38;2;151;144;141m██[38;2;78;79;108m██[38;2;75;80;107m██[38;2;125;115;108m██[38;2;192;181;169m██[38;2;78;82;98m██[38;2;77;78;108m██[38;2;77;77;102m██[38;2;238;232;240m██[38;2;236;234;247m██[38;2;237;235;248m████[38;2;236;235;244m██[38;2;238;235;235m  [38;2;13;13;13m  [38;2;0;0;0m          
[38;2;0;0;0m          [38;2;251;251;251m  [38;2;237;234;249m  [38;2;237;235;248m████[38;2;235;234;247m██[38;2;160;155;152m██[38;2;103;98;109m██[38;2;238;232;234m██[38;2;81;81;111m██[38;2;184;175;172m██[38;2;235;234;249m██[38;2;236;234;247m██[38;2;233;234;245m██[38;2;180;174;169m██[38;2;74;72;78m██[38;2;201;196;194m██[38;2;83;79;91m██[38;2;237;235;247m██[38;2;237;235;248m████[38;2;236;233;248m  [38;2;3;3;3m  [38;2;0;0;0m          
[38;2;0;0;0m          [38;2;3;3;3m  [38;2;234;235;246m  [38;2;237;234;248m██[38;2;234;234;248m██[38;2;96;91;93m██[38;2;236;231;237m██[38;2;236;235;247m██[38;2;237;234;247m██[38;2;235;234;248m██[38;2;236;235;248m██[38;2;237;235;248m██████[38;2;236;234;248m██[38;2;236;234;245m██[38;2;236;234;247m██[38;2;237;233;247m██[38;2;136;129;130m██[38;2;240;238;247m██[38;2;236;234;247m██[38;2;235;235;246m██[38;2;234;230;230m  [38;2;17;17;17m  [38;2;0;0;0m        
[38;2;0;0;0m        [38;2;10;10;14m  [38;2;229;224;217m  [38;2;236;234;248m██[38;2;235;235;245m██[38;2;124;114;106m██[38;2;237;235;246m██[38;2;237;235;247m██[38;2;237;235;248m██[38;2;237;235;247m██[38;2;233;230;240m██[38;2;235;233;246m██[38;2;237;235;248m██████[38;2;236;234;247m██[38;2;237;235;248m██████[38;2;236;234;246m██[38;2;186;176;170m██[38;2;234;232;245m██[38;2;238;236;249m██[38;2;237;233;249m  [38;2;235;188;188m  [38;2;0;0;0m        
[38;2;0;0;0m        [38;2;165;82;82m  [38;2;241;239;253m  [38;2;234;235;247m██[38;2;230;223;225m██[38;2;236;236;247m██[38;2;237;234;246m██[38;2;237;235;247m██[38;2;237;235;248m██[38;2;237;234;247m██[38;2;212;202;200m██[38;2;237;235;248m████[38;2;237;235;247m██[38;2;236;235;248m██[38;2;225;220;222m██[38;2;237;235;248m██[38;2;237;234;247m██[38;2;237;235;248m██[38;2;237;235;247m██[38;2;236;234;245m██[38;2;205;199;195m██[38;2;237;234;248m██[38;2;237;233;247m  [38;2;15;15;15m  [38;2;0;0;0m        
[38;2;0;0;0m        [38;2;235;235;235m  [38;2;236;233;250m  [38;2;235;235;244m██[38;2;225;221;217m██[38;2;206;198;196m██[38;2;237;230;244m██[38;2;236;235;246m██[38;2;225;221;236m██[38;2;236;235;246m██[38;2;236;233;244m██[38;2;237;235;248m████[38;2;237;234;247m██[38;2;235;235;245m██[38;2;211;201;195m██[38;2;234;236;247m██[38;2;235;234;246m██[38;2;236;234;246m██[38;2;221;213;218m██[38;2;236;235;247m██[38;2;237;234;247m██[38;2;236;235;245m██[38;2;236;234;248m  [38;2;173;167;152m  [38;2;0;0;0m        
[38;2;0;0;0m        [38;2;14;14;13m  [38;2;235;233;246m  [38;2;238;235;245m██[38;2;237;234;246m██[38;2;236;235;246m██[38;2;204;197;196m██[38;2;235;235;245m██[38;2;227;221;240m██[38;2;236;234;247m██[38;2;228;223;226m██[38;2;236;234;247m██[38;2;237;234;248m██[38;2;237;235;248m██[38;2;236;235;247m██[38;2;197;188;178m██[38;2;236;235;247m██[38;2;239;237;249m██[38;2;240;237;249m██[38;2;219;210;210m██[38;2;236;234;247m██[38;2;236;234;245m██[38;2;224;218;215m██[38;2;236;235;247m██[38;2;211;208;205m  [38;2;0;0;0m        
[38;2;0;0;0m        [38;2;18;17;17m  [38;2;235;235;245m  [38;2;202;195;191m██[38;2;239;238;250m██[38;2;237;235;249m██[38;2;208;199;194m██[38;2;239;235;247m██[38;2;235;230;246m██[38;2;237;235;248m██[38;2;239;235;241m██[38;2;220;215;235m██[38;2;237;234;248m████[38;2;235;235;248m██[38;2;178;166;150m██[38;2;236;234;247m██[38;2;237;235;248m██[38;2;237;231;237m██[38;2;234;227;238m██[38;2;235;233;247m██[38;2;236;236;246m██[38;2;202;192;192m██[38;2;236;235;247m██[38;2;240;236;241m  [38;2;39;39;39m  [38;2;0;0;0m      
[38;2;0;0;0m        [38;2;78;78;67m  [38;2;234;234;244m  [38;2;239;235;244m██[38;2;216;208;208m██[38;2;237;234;246m██[38;2;207;200;194m██[38;2;235;234;246m██[38;2;234;232;243m██[38;2;238;236;244m██[38;2;242;240;251m██[38;2;215;208;226m██[38;2;237;235;249m██[38;2;237;235;248m██[38;2;236;234;246m██[38;2;199;184;173m██[38;2;237;233;248m██[38;2;236;235;246m██[38;2;228;222;228m██[38;2;235;235;247m██[38;2;236;234;248m██[38;2;236;234;242m██[38;2;235;229;234m██[38;2;235;234;248m██[38;2;248;242;253m  [38;2;69;69;69m  [38;2;0;0;0m      
[38;2;0;0;0m        [38;2;218;217;203m  [38;2;241;235;244m██[38;2;236;234;246m██[38;2;216;207;209m██[38;2;236;234;246m██[38;2;188;176;164m██[38;2;232;228;242m██[38;2;206;198;194m██[38;2;210;199;194m██[38;2;213;205;205m██[38;2;217;211;232m██[38;2;238;237;251m██[38;2;235;235;247m██[38;2;234;232;238m██[38;2;201;188;178m██[38;2;219;212;215m██[38;2;227;225;232m██[38;2;229;226;233m██[38;2;238;235;248m██[38;2;239;237;250m██[38;2;236;231;241m██[38;2;198;189;179m██[38;2;236;234;249m██[38;2;234;235;247m  [38;2;166;166;166m  [38;2;0;0;0m      
[38;2;0;0;0m      [38;2;150;140;80m  [38;2;238;238;246m  [38;2;186;181;171m██[38;2;234;235;246m██[38;2;226;225;230m██[38;2;236;235;245m██[38;2;190;171;153m██[38;2;231;227;244m██[38;2;238;234;245m██[38;2;229;221;228m██[38;2;238;236;244m██[38;2;218;210;225m██[38;2;240;237;250m██[38;2;236;235;248m██[38;2;236;230;236m██[38;2;212;204;201m██[38;2;236;234;246m██[38;2;236;236;244m██[38;2;187;177;165m██[38;2;236;234;245m██[38;2;227;220;219m██[38;2;226;219;217m██[38;2;238;235;248m██[38;2;244;242;254m██[38;2;234;234;247m██[38;2;183;190;179m  [38;2;0;0;0m      
[38;2;0;0;0m      [38;2;176;198;183m  [38;2;238;235;248m██[38;2;211;204;197m██[38;2;228;219;231m██[38;2;227;226;226m██[38;2;235;235;246m██[38;2;192;169;148m██[38;2;230;228;240m██[38;2;238;236;245m██[38;2;190;177;168m██[38;2;227;218;220m██[38;2;191;181;176m██[38;2;243;238;249m██[38;2;235;235;246m██[38;2;222;211;212m██[38;2;206;198;194m██[38;2;225;219;223m██[38;2;237;234;245m██[38;2;218;210;207m██[38;2;235;235;246m██[38;2;207;200;198m██[38;2;218;212;209m██[38;2;237;233;247m██[38;2;183;171;162m██[38;2;235;235;247m██[38;2;238;241;252m  [38;2;251;251;251m  [38;2;0;0;0m    
[38;2;0;0;0m    [38;2;245;246;245m  [38;2;241;235;243m  [38;2;228;223;230m██[38;2;233;223;227m██[38;2;171;161;182m██[38;2;230;223;228m██[38;2;237;234;247m██[38;2;194;163;143m██[38;2;236;231;246m██[38;2;240;233;238m██[38;2;201;180;167m██[38;2;209;195;186m██[38;2;162;149;124m██[38;2;242;240;252m██[38;2;236;235;248m██[38;2;200;192;181m██[38;2;215;204;203m██[38;2;221;209;204m██[38;2;238;237;249m██[38;2;228;220;220m██[38;2;235;232;240m██[38;2;182;170;173m██[38;2;227;224;222m██[38;2;214;208;207m██[38;2;243;240;250m██[38;2;212;205;230m██[38;2;235;227;234m██[38;2;206;200;193m  [38;2;0;0;0m    
[38;2;0;0;0m    [38;2;57;55;52m  [38;2;203;196;188m  [38;2;240;238;249m██[38;2;240;236;243m██[38;2;161;145;160m██[38;2;221;213;208m██[38;2;235;230;248m██[38;2;217;182;166m██[38;2;241;238;253m██[38;2;192;179;165m██[38;2;163;140;109m██[38;2;188;170;137m██[38;2;199;183;157m██[38;2;241;238;244m██[38;2;237;233;247m██[38;2;191;178;152m██[38;2;164;148;128m██[38;2;171;147;121m██[38;2;194;189;185m██[38;2;206;191;178m██[38;2;217;204;202m██[38;2;174;162;161m██[38;2;240;231;245m██[38;2;213;203;201m██[38;2;237;235;250m██[38;2;187;180;211m██[38;2;232;223;232m██[38;2;248;243;252m  [38;2;68;68;68m  [38;2;0;0;0m  
[38;2;0;0;0m    [38;2;60;59;57m  [38;2;217;212;210m██[38;2;234;235;245m██[38;2;222;210;206m██[38;2;148;134;127m██[38;2;203;194;182m██[38;2;142;129;122m██[38;2;88;81;86m██[38;2;89;80;81m██[38;2;87;79;81m██[38;2;84;78;84m██[38;2;88;84;83m██[38;2;244;230;208m██[38;2;242;229;209m██[38;2;226;211;192m██[38;2;244;231;215m██[38;2;86;77;73m██[38;2;82;74;76m██[38;2;81;78;73m██[38;2;84;79;68m██[38;2;81;76;76m██[38;2;145;128;102m██[38;2;242;233;247m██[38;2;181;165;150m██[38;2;222;217;237m██[38;2;197;187;212m██[38;2;191;182;175m██[38;2;229;222;218m  [38;2;10;10;10m  [38;2;0;0;0m  
[38;2;0;0;0m    [38;2;86;86;86m  [38;2;208;199;186m  [38;2;235;231;238m██[38;2;175;147;125m██[38;2;227;215;222m██[38;2;171;154;148m██[38;2;219;205;183m██[38;2;166;161;159m██[38;2;89;113;172m██[38;2;73;75;145m██[38;2;76;79;146m██[38;2;175;170;175m██[38;2;248;236;220m██[38;2;250;237;220m██[38;2;247;237;225m██[38;2;246;237;223m██[38;2;169;167;173m██[38;2;96;97;162m██[38;2;95;95;166m██[38;2;87;90;159m██[38;2;146;142;166m██[38;2;149;132;123m██[38;2;240;234;247m██[38;2;201;171;152m██[38;2;197;188;169m██[38;2;237;235;248m██[38;2;227;220;211m  [38;2;91;91;91m  [38;2;0;0;0m    
[38;2;0;0;0m    [38;2;9;9;9m  [38;2;82;84;101m  [38;2;182;144;129m██[38;2;189;140;134m██[38;2;201;189;200m██[38;2;203;193;199m██[38;2;197;173;173m██[38;2;249;224;215m██[38;2;204;197;187m██[38;2;184;200;183m██[38;2;179;193;178m██[38;2;249;236;219m██[38;2;248;235;226m██[38;2;249;235;222m██[38;2;249;238;223m██[38;2;252;235;222m██[38;2;249;234;221m██[38;2;216;211;198m██[38;2;203;205;188m██[38;2;210;202;189m██[38;2;251;227;220m██[38;2;207;193;200m██[38;2;206;192;201m██[38;2;188;147;138m██[38;2;209;157;158m██[38;2;189;181;174m  [38;2;74;74;71m  [38;2;0;0;0m      
[38;2;0;0;0m    [38;2;23;20;14m  [38;2;95;99;114m██[38;2;199;181;183m██[38;2;228;172;185m██[38;2;245;175;201m██[38;2;219;158;171m██[38;2;217;167;176m██[38;2;216;183;170m██[38;2;241;209;210m██[38;2;244;196;204m██[38;2;243;206;207m██[38;2;248;229;217m██[38;2;249;234;220m██[38;2;248;236;219m██[38;2;248;236;221m██[38;2;251;234;223m██[38;2;249;232;217m██[38;2;244;211;208m██[38;2;242;197;203m██[38;2;242;211;210m██[38;2;213;166;163m██[38;2;224;162;171m██[38;2;245;179;202m██[38;2;226;173;186m██[38;2;205;192;207m██[38;2;204;154;154m██[38;2;13;13;17m  [38;2;0;0;0m      
[38;2;0;0;0m  [38;2;55;55;37m  [38;2;222;194;158m  [38;2;236;235;227m██[38;2;247;181;203m██[38;2;245;176;203m██[38;2;244;176;201m██[38;2;233;171;188m██[38;2;244;178;201m██[38;2;246;178;204m██[38;2;245;176;200m██[38;2;211;163;160m██[38;2;247;221;214m██[38;2;248;233;220m██[38;2;250;235;222m██[38;2;249;237;222m██[38;2;249;236;220m██[38;2;250;234;222m██[38;2;250;232;220m██[38;2;223;189;177m██[38;2;221;165;168m██[38;2;240;177;194m██[38;2;245;180;203m██[38;2;243;176;204m██[38;2;242;176;201m██[38;2;243;176;203m██[38;2;243;181;193m██[38;2;222;219;207m██[38;2;95;90;77m  [38;2;141;141;84m  [38;2;0;0;0m    
[38;2;50;47;25m  [38;2;232;229;211m  [38;2;243;246;245m██[38;2;239;239;231m██[38;2;243;178;203m██[38;2;243;177;202m██[38;2;242;176;201m██[38;2;243;177;202m██[38;2;242;176;201m████[38;2;244;176;202m██[38;2;220;160;168m██[38;2;244;178;201m██[38;2;249;236;224m██[38;2;249;235;223m██[38;2;238;223;204m██[38;2;245;232;211m██[38;2;249;236;223m██[38;2;208;166;157m██[38;2;243;177;202m██[38;2;220;161;170m██[38;2;243;177;201m██[38;2;243;176;202m██[38;2;243;177;202m██[38;2;242;176;201m██[38;2;243;176;201m██[38;2;247;180;208m██[38;2;187;169;140m██[38;2;248;248;246m  [38;2;236;233;227m  [38;2;22;17;10m  [38;2;15;13;5m  
[38;2;206;168;60m██[38;2;206;167;64m██[38;2;198;158;58m██[38;2;170;137;50m██[38;2;236;171;189m██[38;2;245;177;204m██[38;2;245;177;203m██[38;2;242;176;201m██[38;2;244;178;202m██[38;2;243;177;202m██[38;2;242;177;201m██[38;2;235;170;188m██[38;2;244;175;203m██[38;2;166;126;61m██[38;2;163;131;40m██[38;2;164;127;48m██[38;2;165;128;49m██[38;2;165;133;43m██[38;2;245;177;203m██[38;2;243;177;202m██[38;2;241;175;195m██[38;2;244;178;203m██[38;2;242;177;202m██[38;2;242;176;201m██[38;2;243;177;202m██[38;2;246;176;204m████[38;2;149;116;59m██[38;2;211;172;65m██[38;2;205;167;63m  [38;2;205;167;62m  [38;2;207;167;62m  
[38;2;207;168;62m██████[38;2;207;168;63m██[38;2;181;139;78m██[38;2;247;179;205m██[38;2;212;154;161m██[38;2;244;177;202m██[38;2;242;176;201m████[38;2;243;177;202m██[38;2;236;169;190m██[38;2;212;154;158m██[38;2;179;133;101m██[38;2;209;168;62m██[38;2;209;168;61m██[38;2;196;157;61m██[38;2;193;148;103m██[38;2;228;167;176m██[38;2;231;166;182m██[38;2;242;176;201m██[38;2;244;178;203m██[38;2;242;177;201m██[38;2;243;177;202m██[38;2;245;177;204m██[38;2;227;166;182m██[38;2;207;155;151m██[38;2;210;169;64m██[38;2;207;168;63m██[38;2;207;168;62m████[38;2;207;169;62m██
[38;2;211;172;65m██[38;2;210;171;65m██[38;2;212;173;66m██[38;2;211;172;65m██[38;2;212;173;66m██[38;2;245;181;204m██[38;2;242;177;207m██[38;2;227;166;177m██[38;2;213;142;165m██[38;2;240;173;193m██[38;2;215;155;161m██[38;2;240;176;198m██[38;2;249;233;212m██[38;2;208;172;158m██[38;2;194;130;129m██[38;2;214;171;72m██[38;2;195;154;72m██[38;2;216;139;166m██[38;2;226;201;180m██[38;2;220;195;173m██[38;2;214;181;159m██[38;2;220;159;171m██[38;2;215;151;163m██[38;2;214;155;163m██[38;2;239;175;190m██[38;2;243;176;205m██[38;2;202;161;63m██[38;2;210;171;66m██[38;2;210;171;65m██[38;2;210;170;64m██[38;2;211;172;66m██[38;2;209;170;65m██
[38;2;126;99;41m██[38;2;127;99;42m██[38;2;128;98;42m██[38;2;128;99;42m██[38;2;127;99;42m██[38;2;149;108;83m██[38;2;243;177;200m██[38;2;213;135;167m██[38;2;212;143;162m██[38;2;246;176;204m██[38;2;219;187;172m██[38;2;247;236;222m██[38;2;250;236;221m██[38;2;250;235;221m██[38;2;118;93;39m██[38;2;126;99;43m██[38;2;122;95;38m██[38;2;216;181;165m██[38;2;249;237;224m██[38;2;251;237;221m██[38;2;249;237;221m██[38;2;218;183;173m██[38;2;244;176;203m██[38;2;212;137;161m██[38;2;214;136;166m██[38;2;243;176;200m██[38;2;128;101;44m██[38;2;126;99;41m██[38;2;127;99;42m██[38;2;127;98;42m██[38;2;127;99;42m██[38;2;127;99;43m██
[38;2;128;99;41m██[38;2;127;98;41m██[38;2;128;99;42m██████[38;2;127;99;41m██[38;2;134;98;61m██[38;2;198;144;138m██[38;2;210;151;159m  [38;2;213;160;166m██[38;2;248;236;223m██[38;2;249;236;220m██[38;2;248;236;218m██[38;2;248;236;223m██[38;2;223;209;178m██[38;2;127;99;42m██[38;2;126;100;44m██[38;2;248;235;223m██[38;2;248;236;225m██[38;2;248;236;224m██[38;2;247;236;219m██[38;2;248;236;223m██[38;2;211;153;160m██[38;2;199;137;143m██[38;2;208;131;158m██[38;2;143;99;72m██[38;2;127;99;42m██[38;2;128;99;42m████[38;2;128;99;41m████  
[38;2;29;22;8m  [38;2;27;22;7m  [38;2;28;22;7m  [38;2;29;22;8m  [38;2;29;22;7m  [38;2;29;22;8m  [38;2;27;21;7m  [38;2;58;43;45m  [38;2;161;124;124m  [38;2;192;152;139m  [38;2;249;237;219m██[38;2;249;237;225m██[38;2;248;237;223m██[38;2;248;236;223m██[38;2;243;229;211m  [38;2;30;23;12m  [38;2;202;198;181m  [38;2;243;228;212m  [38;2;248;237;222m██[38;2;248;237;223m██[38;2;247;235;224m██[38;2;247;235;218m  [38;2;219;139;172m  [38;2;40;31;23m  [38;2;28;22;9m  [38;2;29;22;8m  [38;2;28;22;9m  [38;2;29;22;9m  [38;2;29;23;9m    [38;2;29;22;9m    
[38;2;0;0;0m                  [38;2;78;69;69m  [38;2;248;237;224m  [38;2;248;236;222m██[38;2;248;236;221m██[38;2;248;237;227m██[38;2;246;237;222m  [38;2;10;9;8m  [38;2;243;233;210m  [38;2;249;235;220m██[38;2;247;238;223m██[38;2;252;236;219m██[38;2;247;236;221m██[38;2;185;174;147m  [38;2;131;131;131m  [38;2;0;0;0m                  
[38;2;0;0;0m                  [38;2;70;70;70m  [38;2;237;225;207m  [38;2;235;221;200m  [38;2;251;237;221m██[38;2;250;239;225m██[38;2;248;234;219m  [38;2;0;0;0m  [38;2;251;241;226m  [38;2;250;238;217m██[38;2;212;195;166m  [38;2;249;237;222m██[38;2;249;238;222m  [38;2;123;123;123m  [38;2;0;0;0m                    [0m
