
[38;2;33;5;5m  [38;2;182;156;146m  [38;2;255;252;251m██[38;2;255;255;255m████████[38;2;191;176;169m██[38;2;236;124;155m██[38;2;238;120;155m██[38;2;181;138;111m██[38;2;214;181;144m██[38;2;226;197;165m██[38;2;229;203;177m██[38;2;225;194;163m██[38;2;225;195;164m██[38;2;198;165;139m██[38;2;178;167;162m██[38;2;255;255;255m██████████[38;2;255;255;254m██[38;2;254;253;252m██[38;2;146;120;108m  [38;2;68;0;0m  [38;2;0;0;0m      
[38;2;28;19;15m  [38;2;253;250;246m  [38;2;255;255;255m██████[38;2;198;188;182m██[38;2;176;139;112m██[38;2;216;181;155m██[38;2;213;200;192m██[38;2;175;98;102m██[38;2;235;129;153m██[38;2;189;139;110m██[38;2;176;131;105m██[38;2;185;139;107m██[38;2;199;151;118m██[38;2;185;135;103m██[38;2;213;168;105m██[38;2;212;169;107m██[38;2;152;119;99m██[38;2;245;243;242m██[38;2;255;254;254m██[38;2;255;255;255m██████[38;2;255;254;254m██[38;2;245;239;234m  [38;2;57;34;27m  [38;2;0;0;0m      
[38;2;104;77;65m  [38;2;255;254;252m██[38;2;255;255;255m██[38;2;255;254;254m██[38;2;225;215;209m██[38;2;211;177;137m██[38;2;239;219;190m██[38;2;192;148;106m██[38;2;200;144;119m██[38;2;204;139;151m██[38;2;250;168;189m██[38;2;250;173;194m██[38;2;249;174;193m██[38;2;250;175;193m██[38;2;252;175;195m██[38;2;253;176;197m██[38;2;249;173;193m██[38;2;248;158;182m██[38;2;215;152;151m██[38;2;153;96;105m██[38;2;196;190;190m██[38;2;255;254;254m██[38;2;255;255;255m██████[38;2;255;252;251m██[38;2;106;73;58m  [38;2;0;0;0m      
[38;2;201;184;176m  [38;2;255;254;253m██[38;2;255;255;255m██[38;2;252;251;250m██[38;2;226;210;194m██[38;2;203;163;123m██[38;2;213;154;141m██[38;2;251;174;195m██[38;2;254;177;198m██[38;2;251;168;192m██[38;2;252;172;195m██[38;2;254;177;199m████████████[38;2;254;176;198m██[38;2;249;134;170m██[38;2;251;167;190m██[38;2;236;165;183m██[38;2;190;172;165m██[38;2;254;252;250m██[38;2;255;255;255m██████[38;2;220;208;203m  [38;2;46;46;27m  [38;2;0;0;0m    
[38;2;239;232;227m  [38;2;255;255;255m██[38;2;253;253;253m██[38;2;197;179;168m██[38;2;206;146;134m██[38;2;247;171;188m██[38;2;243;141;167m██[38;2;254;177;199m████[38;2;248;151;178m██[38;2;253;177;198m██[38;2;254;177;199m██████████████[38;2;254;174;196m██[38;2;234;118;153m██[38;2;253;171;194m██[38;2;250;174;193m██[38;2;175;159;150m██[38;2;254;254;254m██[38;2;255;255;255m████[38;2;241;237;234m  [38;2;21;21;11m  [38;2;0;0;0m    
[38;2;246;242;237m  [38;2;255;255;255m██[38;2;244;241;239m██[38;2;170;133;127m██[38;2;254;177;199m██[38;2;248;157;183m██[38;2;253;174;197m██[38;2;254;177;198m████[38;2;247;154;180m██[38;2;254;177;198m████████████[38;2;253;191;199m██[38;2;254;177;198m████[38;2;248;138;171m██[38;2;236;120;154m██[38;2;251;205;198m██[38;2;251;243;231m██[38;2;194;179;170m██[38;2;255;255;254m██[38;2;255;255;255m██[38;2;252;250;250m  [38;2;40;40;19m  [38;2;0;0;0m    
[38;2;245;240;235m  [38;2;255;255;255m██[38;2;200;186;178m██[38;2;254;247;229m██[38;2;251;182;195m██[38;2;240;133;163m██[38;2;254;177;199m████[38;2;252;176;198m██[38;2;129;73;69m██[38;2;254;177;199m██[38;2;254;176;199m██[38;2;254;177;199m██████[38;2;251;198;195m██[38;2;255;248;218m██[38;2;253;180;198m██[38;2;254;177;199m██[38;2;247;155;182m██[38;2;242;122;156m██[38;2;251;181;194m██[38;2;252;207;202m██[38;2;238;203;198m██[38;2;209;198;190m██[38;2;255;255;255m██[38;2;254;252;252m  [38;2;7;0;0m  [38;2;0;0;0m    
[38;2;244;239;234m██[38;2;247;246;245m██[38;2;239;224;208m██[38;2;255;243;227m██[38;2;252;224;210m██[38;2;254;163;189m██[38;2;254;177;199m████[38;2;172;112;114m██[38;2;176;123;83m██[38;2;254;180;198m██[38;2;254;208;215m██[38;2;254;177;199m██[38;2;231;133;157m██[38;2;254;177;199m████[38;2;254;188;204m██[38;2;254;177;199m██████[38;2;221;109;138m██[38;2;235;127;157m██[38;2;254;177;199m████[38;2;213;150;162m██[38;2;243;241;241m██[38;2;250;248;246m  [38;2;39;27;19m  [38;2;0;0;0m    
[38;2;239;232;227m  [38;2;169;150;140m██[38;2;253;188;199m██[38;2;254;183;200m██[38;2;249;154;182m██[38;2;254;177;199m████[38;2;251;176;195m██[38;2;151;101;82m██[38;2;192;137;115m██[38;2;254;177;199m██[38;2;254;178;199m██[38;2;254;177;199m██[38;2;119;65;57m██[38;2;234;162;173m██[38;2;254;177;199m██[38;2;254;175;197m██[38;2;245;132;165m██[38;2;242;131;165m██[38;2;246;152;179m██[38;2;250;168;192m██[38;2;213;94;124m██[38;2;254;176;198m██[38;2;254;177;199m██[38;2;254;172;195m██[38;2;175;122;120m██[38;2;227;218;213m  [38;2;71;47;47m  [38;2;0;0;0m    
[38;2;159;136;125m  [38;2;196;138;142m██[38;2;254;172;195m██[38;2;254;176;199m██[38;2;240;131;162m██[38;2;254;178;200m██[38;2;252;170;193m██[38;2;211;119;133m██[38;2;188;145;115m██[38;2;219;178;146m██[38;2;248;172;191m██[38;2;254;177;199m████[38;2;110;62;55m██[38;2;117;72;56m██[38;2;243;177;186m██[38;2;254;177;199m██████[38;2;254;176;199m██[38;2;254;174;197m██[38;2;221;103;136m██[38;2;250;182;195m██[38;2;254;177;199m██[38;2;253;165;189m██[38;2;226;117;145m██[38;2;117;93;81m  [38;2;0;0;0m      
[38;2;9;3;2m  [38;2;233;165;171m  [38;2;254;172;196m██[38;2;254;176;198m██[38;2;235;122;154m██[38;2;254;177;199m██[38;2;252;177;197m██[38;2;137;94;85m██[38;2;252;235;203m██[38;2;250;236;212m██[38;2;229;158;162m██[38;2;254;177;198m████[38;2;114;66;60m██[38;2;230;165;128m██[38;2;148;102;67m██[38;2;245;171;190m██[38;2;254;177;199m██[38;2;254;177;198m██████[38;2;243;125;160m██[38;2;253;170;193m██[38;2;254;175;198m██[38;2;246;138;172m██[38;2;243;129;166m  [38;2;26;16;16m  [38;2;0;0;0m      
[38;2;69;69;69m  [38;2;251;182;192m  [38;2;254;173;196m██[38;2;254;175;198m██[38;2;221;114;140m██[38;2;231;159;170m██[38;2;208;147;146m██[38;2;173;121;97m██[38;2;255;242;215m██[38;2;255;242;214m██[38;2;175;134;118m██[38;2;254;177;199m████[38;2;109;64;60m██[38;2;247;212;190m██[38;2;233;177;132m██[38;2;170;123;98m██[38;2;188;129;122m██[38;2;247;171;188m██[38;2;253;177;198m██[38;2;254;177;199m██[38;2;246;139;171m██[38;2;244;140;171m██[38;2;253;168;192m██[38;2;243;129;166m██[38;2;242;129;166m  [38;2;26;16;24m  [38;2;0;0;0m      
[38;2;23;15;7m  [38;2;253;164;191m  [38;2;254;173;195m██[38;2;254;175;198m██[38;2;221;111;139m██[38;2;150;99;82m██[38;2;131;83;70m██[38;2;212;174;145m██[38;2;219;202;182m██[38;2;254;240;212m██[38;2;231;216;194m██[38;2;247;176;191m██[38;2;254;177;199m██[38;2;126;89;78m██[38;2;255;243;216m██[38;2;255;241;211m██[38;2;194;163;145m██[38;2;78;40;31m██[38;2;101;69;61m██[38;2;133;88;80m██[38;2;250;174;194m██[38;2;250;142;174m██[38;2;236;122;156m██[38;2;246;132;168m██[38;2;243;129;165m████[38;2;75;53;45m  [38;2;0;0;0m      
[38;2;21;16;6m  [38;2;248;130;168m  [38;2;254;172;195m██[38;2;254;176;198m██[38;2;221;114;141m██[38;2;155;119;82m██[38;2;228;214;196m██[38;2;110;74;62m██[38;2;90;55;43m██[38;2;89;60;50m██[38;2;244;230;202m██[38;2;170;139;121m██[38;2;253;176;198m██[38;2;178;122;112m██[38;2;255;245;221m██[38;2;254;242;218m██[38;2;184;161;150m██[38;2;59;23;21m██[38;2;67;35;30m██[38;2;87;52;45m██[38;2;97;63;52m██[38;2;179;110;116m██[38;2;167;97;105m██[38;2;243;129;166m██████[38;2;98;63;59m  [38;2;0;0;0m      
[38;2;19;14;5m  [38;2;247;130;168m  [38;2;246;141;175m██[38;2;254;176;198m██[38;2;231;122;153m██[38;2;237;199;180m██[38;2;133;105;93m██[38;2;112;84;72m██[38;2;81;52;49m██[38;2;57;23;25m██[38;2;182;166;157m██[38;2;251;237;211m██[38;2;201;150;136m██[38;2;234;155;170m██[38;2;255;239;206m██[38;2;255;242;214m██[38;2;80;68;94m██[38;2;66;79;154m██[38;2;63;72;148m██[38;2;58;30;36m██[38;2;230;220;214m██[38;2;155;128;111m██[38;2;222;109;142m██[38;2;243;129;166m████[38;2;244;128;165m██[38;2;97;64;65m  [38;2;0;0;0m      
[38;2;141;70;70m  [38;2;249;131;170m  [38;2;243;129;166m██[38;2;246;143;175m██[38;2;239;146;171m██[38;2;249;232;199m██[38;2;114;85;77m██[38;2;84;52;49m██[38;2;57;59;133m██[38;2;67;80;155m██[38;2;78;75;125m██[38;2;255;242;215m██[38;2;241;229;207m██[38;2;218;159;147m██[38;2;245;224;195m██[38;2;255;242;213m██[38;2;128;121;177m██[38;2;112;159;245m██[38;2;111;158;243m██[38;2;62;65;138m██[38;2;247;245;243m██[38;2;150;116;104m██[38;2;244;129;165m██[38;2;243;129;166m████[38;2;132;67;72m  [38;2;100;68;63m  [38;2;0;0;0m      
[38;2;49;48;48m  [38;2;225;116;143m  [38;2;243;129;166m████[38;2;234;121;154m██[38;2;196;175;158m██[38;2;201;183;173m██[38;2;96;94;130m██[38;2;102;141;221m██[38;2;111;158;243m██[38;2;99;126;175m██[38;2;255;242;215m████[38;2;245;230;202m██[38;2;225;209;183m██[38;2;255;242;215m██[38;2;237;233;227m██[38;2;110;158;244m██[38;2;109;154;239m██[38;2;199;206;215m██[38;2;232;205;191m██[38;2;158;121;108m██[38;2;141;71;77m██[38;2;243;129;166m██  [38;2;9;4;22m  [38;2;99;61;58m  [38;2;69;46;33m  [38;2;136;104;80m  [38;2;107;71;65m  
[38;2;12;1;1m  [38;2;156;73;84m  [38;2;243;129;166m██[38;2;245;129;166m██[38;2;129;77;64m██[38;2;210;178;154m██[38;2;175;149;134m██[38;2;243;242;246m██[38;2;94;138;224m██[38;2;112;158;242m██[38;2;232;223;216m██[38;2;255;242;214m██████[38;2;254;241;214m██[38;2;255;241;214m██[38;2;254;238;206m██[38;2;247;229;202m██[38;2;242;218;192m██[38;2;249;206;189m██[38;2;243;193;178m██[38;2;142;103;89m██[38;2;193;134;108m██[38;2;244;128;166m██[38;2;227;121;149m  [38;2;61;61;61m  [38;2;89;56;48m  [38;2;146;118;105m  [38;2;188;160;143m  [38;2;197;167;135m  
[38;2;0;0;0m  [38;2;66;53;8m  [38;2;247;128;166m  [38;2;243;129;166m██[38;2;111;50;55m██[38;2;179;139;118m██[38;2;248;200;185m██[38;2;250;211;195m██[38;2;249;225;202m██[38;2;247;223;195m██[38;2;253;237;204m██[38;2;255;241;212m██[38;2;255;242;215m██[38;2;255;242;214m████[38;2;254;238;212m██[38;2;254;238;205m██[38;2;254;230;202m██[38;2;253;216;199m██[38;2;245;193;179m██[38;2;242;184;171m██[38;2;243;194;179m██[38;2;207;143;127m  [38;2;241;126;162m██[38;2;74;40;35m  [38;2;54;35;29m  [38;2;182;165;160m  [38;2;182;164;152m██[38;2;227;211;193m██[38;2;147;113;96m  
[38;2;0;0;0m  [38;2;17;17;3m  [38;2;145;82;89m  [38;2;243;129;165m██[38;2;145;80;77m██[38;2;218;169;145m██[38;2;245;194;179m██[38;2;246;196;182m██[38;2;250;213;188m██[38;2;253;227;195m██[38;2;254;237;205m██[38;2;254;241;214m██[38;2;229;184;181m██[38;2;217;165;138m██[38;2;218;166;137m██[38;2;231;163;151m██[38;2;183;133;108m██[38;2;252;229;200m██[38;2;252;221;197m██[38;2;247;199;185m██[38;2;249;203;187m██[38;2;139;94;79m  [38;2;32;19;14m  [38;2;174;94;107m  [38;2;236;232;231m  [38;2;228;223;219m  [38;2;222;194;171m██[38;2;140;108;85m██[38;2;249;234;207m  [38;2;67;49;38m  
[38;2;79;71;71m  [38;2;87;67;52m  [38;2;151;21;21m  [38;2;206;102;126m  [38;2;214;109;138m██[38;2;175;118;94m  [38;2;232;192;175m  [38;2;250;210;192m██[38;2;253;224;198m██[38;2;253;232;202m██[38;2;254;238;204m██[38;2;248;216;194m██[38;2;241;174;158m████████[38;2;240;171;156m██[38;2;247;227;196m██[38;2;253;234;206m██[38;2;254;228;205m██[38;2;220;187;169m██[38;2;213;197;69m  [38;2;67;33;25m  [38;2;228;226;225m  [38;2;255;255;255m██[38;2;255;255;254m██[38;2;144;106;84m██[38;2;159;137;123m██[38;2;147;104;84m  [38;2;151;103;76m  
[38;2;122;91;79m  [38;2;219;204;173m  [38;2;38;26;26m  [38;2;52;20;20m  [38;2;185;114;115m  [38;2;38;22;20m  [38;2;68;56;37m  [38;2;238;214;189m  [38;2;254;234;207m██[38;2;254;237;205m██[38;2;255;241;214m██[38;2;253;238;209m██[38;2;239;173;157m██[38;2;241;174;158m██████[38;2;237;174;159m██[38;2;254;243;216m██[38;2;254;240;209m██[38;2;220;202;179m██[38;2;169;135;65m██[38;2;161;132;80m██[38;2;250;249;248m  [38;2;255;255;255m██████[38;2;171;152;140m██[38;2;189;169;152m  [38;2;88;57;57m  [38;2;49;16;16m  
[38;2;218;199;180m  [38;2;217;196;174m██[38;2;161;144;133m  [38;2;168;126;96m  [38;2;240;237;235m  [38;2;193;185;183m  [38;2;131;108;82m  [38;2;202;168;73m██[38;2;194;170;147m██[38;2;252;240;216m██[38;2;254;240;211m██[38;2;255;241;214m██[38;2;244;213;193m██[38;2;244;191;173m██[38;2;245;194;174m██[38;2;247;208;189m██[38;2;254;239;211m██[38;2;252;239;210m  [38;2;172;150;132m  [38;2;147;112;57m  [38;2;157;129;60m  [38;2;246;244;243m██[38;2;255;255;255m████████[38;2;207;196;192m  [38;2;82;60;49m  [38;2;0;0;0m    
[38;2;244;225;192m██[38;2;250;235;204m██[38;2;178;171;165m██[38;2;174;136;116m██[38;2;255;255;255m██████[38;2;206;195;191m██[38;2;176;138;80m██[38;2;187;146;72m  [38;2;111;92;85m  [38;2;203;181;166m  [38;2;223;214;204m  [38;2;242;228;204m██[38;2;254;239;209m██[38;2;251;231;214m██[38;2;145;122;104m  [38;2;94;77;71m  [38;2;59;37;28m  [38;2;37;15;14m  [38;2;248;246;244m  [38;2;255;255;255m██████████[38;2;126;96;85m  [38;2;48;14;10m  [38;2;0;0;0m    
[38;2;224;204;164m  [38;2;229;214;181m  [38;2;144;117;109m  [38;2;162;123;103m██[38;2;255;255;255m████████[38;2;250;249;248m██[38;2;152;128;116m  [38;2;94;85;84m  [38;2;149;130;124m  [38;2;239;237;236m██[38;2;149;99;74m██[38;2;194;138;119m██[38;2;225;158;145m██[38;2;224;215;208m██[38;2;254;253;252m  [38;2;199;175;152m  [38;2;237;234;232m  [38;2;255;255;255m██████████[38;2;248;246;246m██[38;2;191;107;126m██[38;2;224;111;142m  [38;2;102;55;48m  [38;2;30;27;3m  
[38;2;67;42;37m  [38;2;28;22;22m  [38;2;51;29;25m  [38;2;176;134;102m██[38;2;255;255;255m████████████[38;2;198;187;181m  [38;2;223;193;171m██[38;2;254;249;245m██[38;2;164;147;135m██[38;2;225;200;179m██[38;2;166;142;129m██[38;2;247;240;233m██[38;2;231;206;183m██[38;2;142;129;126m██[38;2;223;211;204m██[38;2;255;255;255m████[38;2;254;254;254m██[38;2;246;243;243m  [38;2;191;177;172m██[38;2;146;83;93m██[38;2;243;129;165m██[38;2;243;131;167m██[38;2;244;127;164m██[38;2;147;80;78m  
[38;2;0;0;0m  [38;2;16;5;5m  [38;2;101;55;46m  [38;2;177;88;102m██[38;2;237;236;237m██[38;2;255;255;255m██████████[38;2;254;254;254m██[38;2;156;98;96m██[38;2;178;149;125m██[38;2;215;193;174m██[38;2;211;202;197m██[38;2;198;178;163m██[38;2;140;116;106m██[38;2;145;104;59m██[38;2;175;131;85m██[38;2;218;208;201m██[38;2;255;255;254m██[38;2;254;254;253m  [38;2;158;136;129m  [38;2;43;26;24m  [38;2;153;71;85m  [38;2;247;141;174m██[38;2;243;129;166m██[38;2;250;156;184m██[38;2;250;153;183m██[38;2;244;129;166m██
[38;2;5;3;3m  [38;2;75;43;45m  [38;2;246;135;170m██[38;2;243;129;166m██[38;2;185;106;119m██[38;2;225;220;217m  [38;2;253;253;253m██[38;2;255;254;254m████[38;2;255;255;255m██[38;2;244;242;242m██[38;2;148;103;80m██[38;2;51;122;131m██[38;2;54;95;94m██[38;2;76;100;99m██[38;2;61;108;104m██[38;2;48;150;166m██[38;2;41;142;136m██[38;2;203;157;107m██[38;2;239;236;234m██[38;2;240;236;235m  [38;2;78;54;48m  [38;2;51;34;34m  [38;2;0;0;0m  [38;2;40;35;33m  [38;2;236;138;163m  [38;2;252;164;190m██[38;2;244;130;166m██[38;2;253;165;190m██[38;2;254;166;191m██
[38;2;79;72;68m  [38;2;249;146;175m  [38;2;249;154;183m██[38;2;243;129;165m██[38;2;239;124;159m  [38;2;36;13;8m  [38;2;75;45;41m  [38;2;166;143;133m  [38;2;219;207;201m  [38;2;240;236;234m  [38;2;215;205;203m██[38;2;156;115;72m██[38;2;39;150;143m██[38;2;39;149;142m██[38;2;45;116;112m██[38;2;40;139;134m██[38;2;39;150;143m██[38;2;53;98;108m██[38;2;214;170;99m██[38;2;138;95;72m  [38;2;48;48;48m  [38;2;0;0;0m      [38;2;25;12;12m  [38;2;146;74;71m  [38;2;236;160;173m██[38;2;252;163;188m██[38;2;248;134;169m██[38;2;254;174;197m██
[38;2;218;138;147m  [38;2;254;171;195m██[38;2;244;128;166m██[38;2;243;129;166m██[38;2;201;91;115m  [38;2;87;29;29m  [38;2;0;0;0m  [38;2;70;70;10m  [38;2;32;4;4m  [38;2;27;1;0m  [38;2;85;50;40m  [38;2;183;138;104m██[38;2;40;148;141m██[38;2;50;66;60m██[38;2;57;88;98m██[38;2;52;91;90m██[38;2;41;136;130m██[38;2;85;68;57m██[38;2;212;160;110m██[38;2;179;133;76m  [38;2;49;45;6m  [38;2;0;0;0m        [38;2;28;15;12m  [38;2;113;61;53m  [38;2;238;134;160m██[38;2;254;174;198m██[38;2;254;168;192m██
[38;2;249;175;190m██[38;2;253;170;193m██[38;2;243;129;166m██[38;2;245;127;164m██[38;2;109;51;52m  [38;2;0;0;0m        [38;2;27;6;6m  [38;2;99;57;42m  [38;2;212;166;102m██[38;2;120;77;57m██[38;2;98;82;89m██[38;2;116;97;74m██[38;2;152;118;132m██[38;2;139;88;86m██[38;2;199;151;84m██[38;2;211;161;111m██[38;2;201;155;105m██[38;2;153;96;92m  [38;2;59;58;59m  [38;2;0;0;0m      [38;2;52;5;48m  [38;2;156;76;89m  [38;2;157;81;87m  [38;2;251;180;194m██[38;2;254;177;199m██
[38;2;254;175;197m██[38;2;251;147;178m██[38;2;243;130;166m██[38;2;240;120;155m██[38;2;65;37;25m  [38;2;0;0;0m        [38;2;17;15;15m  [38;2;155;109;68m  [38;2;207;158;112m██[38;2;207;158;113m██[38;2;212;159;100m██[38;2;212;161;95m██[38;2;118;83;62m██[38;2;249;154;181m██[38;2;219;120;143m██[38;2;200;152;93m██[38;2;211;162;92m██[38;2;92;51;40m██[38;2;162;99;103m  [38;2;101;59;56m  [38;2;0;0;0m      [38;2;74;35;25m  [38;2;18;7;10m  [38;2;223;125;145m  [38;2;254;177;199m██[0m
