
[38;2;255;255;255m    [38;2;253;243;232m  [38;2;243;163;77m    [38;2;242;163;77m  [38;2;243;163;77m  [38;2;242;162;77m  [38;2;242;163;77m  [38;2;243;199;141m  [38;2;246;197;124m  [38;2;247;213;159m  [38;2;246;190;110m  [38;2;244;202;129m  [38;2;239;126;15m  [38;2;235;91;13m██[38;2;225;65;16m██[38;2;239;99;13m██[38;2;242;119;8m██[38;2;240;113;10m██[38;2;241;111;15m██[38;2;234;106;18m██[38;2;234;102;17m██[38;2;237;112;18m██[38;2;236;101;13m██[38;2;237;97;18m██[38;2;215;60;21m██[38;2;179;11;24m██[38;2;178;17;23m██[38;2;194;26;21m██[38;2;209;48;16m██
[38;2;255;255;255m    [38;2;253;243;232m  [38;2;243;163;77m            [38;2;243;199;141m  [38;2;245;197;124m  [38;2;243;193;125m  [38;2;240;132;23m  [38;2;239;107;18m██[38;2;233;83;16m██[38;2;216;51;19m██[38;2;211;47;17m██[38;2;240;100;15m██[38;2;230;80;12m██[38;2;205;44;16m██[38;2;204;47;15m██[38;2;214;60;19m██[38;2;208;48;24m██[38;2;214;50;21m██[38;2;177;34;18m██[38;2;127;14;31m██[38;2;196;24;18m██[38;2;187;22;18m██[38;2;186;21;20m██[38;2;208;45;17m██[38;2;227;76;20m██
[38;2;254;254;254m  [38;2;255;255;255m  [38;2;253;243;232m  [38;2;243;163;77m  [38;2;243;163;76m  [38;2;242;163;77m  [38;2;243;163;77m  [38;2;243;163;76m    [38;2;243;199;141m  [38;2;239;159;82m  [38;2;234;113;12m██[38;2;238;106;20m██[38;2;232;95;18m██[38;2;226;73;19m██[38;2;213;48;22m██[38;2;221;60;14m██[38;2;229;79;17m██[38;2;223;69;18m██[38;2;198;38;18m██[38;2;162;9;25m██[38;2;181;16;26m██[38;2;177;19;26m██[38;2;181;19;24m██[38;2;177;13;30m██[38;2;190;26;25m██[38;2;194;29;19m██[38;2;191;22;17m██[38;2;184;29;19m██[38;2;176;27;22m  [38;2;173;34;27m  
[38;2;255;255;255m    [38;2;253;243;232m  [38;2;243;163;77m            [38;2;243;164;85m  [38;2;238;105;2m  [38;2;237;112;17m██[38;2;238;108;15m██[38;2;235;99;16m██[38;2;229;82;19m██[38;2;222;73;17m██[38;2;233;92;15m██[38;2;238;95;15m██[38;2;235;89;16m██[38;2;212;61;21m██[38;2;207;50;20m██[38;2;198;42;18m██[38;2;182;26;19m██[38;2;172;15;26m██[38;2;167;13;31m██[38;2;163;15;36m██[38;2;179;16;31m██[38;2;183;16;22m██[38;2;188;16;5m██[38;2;214;150;127m  [38;2;217;142;111m  
[38;2;255;255;255m    [38;2;253;247;242m  [38;2;241;199;160m  [38;2;241;198;159m  [38;2;243;214;166m    [38;2;243;213;166m  [38;2;246;193;124m  [38;2;237;106;5m  [38;2;239;112;16m██[38;2;238;105;13m██[38;2;236;98;22m██[38;2;233;98;18m██[38;2;230;93;15m██[38;2;234;97;15m██[38;2;237;109;18m██[38;2;240;110;19m██[38;2;238;107;11m██[38;2;236;103;11m██[38;2;235;95;14m██[38;2;228;83;16m██[38;2;225;75;19m██[38;2;213;63;21m██[38;2;201;44;19m██[38;2;186;25;20m██[38;2;161;15;19m██[38;2;154;12;29m██[38;2;196;35;20m██[38;2;209;56;24m  [38;2;224;168;138m  
[38;2;255;255;255m    [38;2;253;247;242m  [38;2;241;198;160m  [38;2;241;198;159m  [38;2;242;180;123m  [38;2;243;184;110m  [38;2;243;186;115m  [38;2;241;127;24m  [38;2;239;110;12m██[38;2;238;109;14m██[38;2;235;96;15m██[38;2;231;87;17m██[38;2;236;91;18m██[38;2;229;82;22m██[38;2;232;90;18m██[38;2;232;81;20m██[38;2;236;102;16m██[38;2;238;103;14m██[38;2;233;95;14m██[38;2;233;96;18m██[38;2;236;103;12m██[38;2;240;106;16m██[38;2;239;99;13m██[38;2;238;94;12m██[38;2;235;88;13m██[38;2;236;90;12m██[38;2;236;91;12m██[38;2;235;93;14m██[38;2;233;81;10m  [38;2;229;133;82m  
[38;2;255;255;255m    [38;2;253;247;242m  [38;2;241;199;160m  [38;2;241;198;159m  [38;2;242;173;131m  [38;2;243;167;125m  [38;2;242;167;98m  [38;2;238;111;14m  [38;2;237;97;17m██[38;2;233;91;16m██[38;2;232;86;18m██[38;2;234;91;18m██[38;2;231;85;19m██[38;2;229;79;18m██[38;2;235;99;15m██[38;2;238;96;19m██[38;2;232;90;17m██[38;2;233;95;18m██[38;2;241;105;15m██[38;2;236;99;13m██[38;2;237;94;15m██[38;2;234;95;11m██[38;2;239;105;14m██[38;2;237;94;15m██[38;2;227;78;14m██[38;2;233;86;14m██[38;2;231;79;13m██[38;2;225;71;14m██[38;2;232;80;15m██[38;2;225;73;17m  
[38;2;236;221;212m    [38;2;237;218;205m  [38;2;241;199;160m  [38;2;241;198;159m  [38;2;242;171;126m  [38;2;240;124;64m  [38;2;232;97;16m  [38;2;239;83;26m██[38;2;238;82;28m██[38;2;233;89;20m██[38;2;237;76;28m██[38;2;235;90;22m██[38;2;233;90;19m██[38;2;238;77;26m██[38;2;233;82;20m██[38;2;234;63;33m██[38;2;241;103;18m██[38;2;235;84;23m██[38;2;232;82;25m██[38;2;236;92;17m██[38;2;233;72;26m██[38;2;233;93;18m██[38;2;230;67;29m██[38;2;227;74;21m██[38;2;239;82;23m██[38;2;234;91;18m██[38;2;235;82;27m██[38;2;236;100;14m██[38;2;233;81;19m██[38;2;231;85;13m██
[38;2;189;136;105m  [38;2;189;135;105m  [38;2;195;140;106m  [38;2;239;174;120m  [38;2;239;183;135m  [38;2;239;119;20m  [38;2;234;95;15m██[38;2;231;94;19m██[38;2;239;108;12m██[38;2;225;75;24m██[38;2;232;86;27m██[38;2;239;96;18m██[38;2;232;92;18m██[38;2;224;80;17m██[38;2;235;97;12m██[38;2;227;78;17m██[38;2;235;95;15m██[38;2;237;103;11m██[38;2;230;90;16m██[38;2;234;94;21m██[38;2;232;88;17m██[38;2;224;76;19m██[38;2;230;84;16m██[38;2;223;73;21m██[38;2;216;62;22m██[38;2;235;93;16m██[38;2;231;86;16m██[38;2;227;82;19m██[38;2;235;96;20m██[38;2;237;95;14m██[38;2;230;82;18m██
[38;2;189;136;105m    [38;2;196;142;107m  [38;2;243;199;154m  [38;2;240;147;62m  [38;2;240;113;11m  [38;2;227;82;19m██[38;2;239;110;12m██[38;2;234;94;16m██[38;2;220;81;27m██[38;2;237;102;18m██[38;2;237;98;15m██[38;2;222;74;16m██[38;2;232;95;18m██[38;2;236;99;11m██[38;2;226;80;19m██[38;2;236;98;17m██[38;2;237;100;11m██[38;2;228;88;16m██[38;2;237;99;20m██[38;2;229;85;17m██[38;2;223;78;18m██[38;2;231;85;17m██[38;2;223;74;19m██[38;2;213;56;21m██[38;2;236;95;15m██[38;2;232;87;15m██[38;2;227;82;19m██[38;2;234;95;23m██[38;2;236;97;12m██[38;2;229;85;16m██
[38;2;122;85;55m    [38;2;137;97;61m  [38;2;243;182;109m  [38;2;231;119;17m  [38;2;232;92;17m██[38;2;232;95;17m██[38;2;240;107;10m██[38;2;227;83;23m██[38;2;228;90;22m██[38;2;237;102;17m██[38;2;225;83;17m██[38;2;221;75;18m██[38;2;241;113;13m██[38;2;233;99;14m██[38;2;228;88;18m██[38;2;239;105;15m██[38;2;233;98;11m██[38;2;224;83;20m██[38;2;234;94;19m██[38;2;234;94;16m██[38;2;228;83;20m██[38;2;232;91;16m██[38;2;225;78;18m██[38;2;219;69;24m██[38;2;238;97;14m██[38;2;237;95;15m██[38;2;231;89;21m██[38;2;234;96;21m██[38;2;237;98;14m██[38;2;230;84;19m██
[38;2;95;56;15m    [38;2;114;77;35m  [38;2;243;172;91m  [38;2;233;102;11m██[38;2;227;85;24m██[38;2;235;99;14m██[38;2;234;94;14m██[38;2;226;81;26m██[38;2;232;94;20m██[38;2;231;90;16m██[38;2;215;65;23m██[38;2;226;81;22m██[38;2;234;89;13m██[38;2;224;73;16m██[38;2;227;79;20m██[38;2;230;86;15m██[38;2;221;76;15m██[38;2;209;58;25m██[38;2;223;78;22m██[38;2;225;83;21m██[38;2;217;63;19m██[38;2;228;77;19m██[38;2;221;68;19m██[38;2;211;55;24m██[38;2;233;87;16m██[38;2;224;78;15m██[38;2;223;78;24m██[38;2;231;89;26m██[38;2;234;89;13m██[38;2;227;80;16m██
[38;2;129;91;24m    [38;2;137;100;35m  [38;2;187;121;55m  [38;2;153;101;35m██[38;2;243;182;152m██[38;2;242;219;204m██[38;2;245;233;218m██[38;2;247;238;229m██[38;2;248;225;206m██[38;2;235;163;97m██[38;2;217;95;38m██[38;2;239;24;10m██[38;2;245;7;4m██[38;2;247;6;3m██[38;2;249;4;3m██[38;2;249;5;3m██[38;2;248;5;3m██[38;2;250;3;2m██[38;2;251;3;2m██[38;2;251;4;2m██[38;2;245;7;2m██[38;2;246;89;49m██[38;2;254;246;225m██[38;2;253;249;237m██[38;2;194;180;142m██[38;2;139;132;107m██[38;2;213;215;194m██[38;2;243;235;222m██[38;2;246;235;226m██[38;2;189;88;39m██
[38;2;138;98;45m        [38;2;254;250;249m██[38;2;202;188;166m██[38;2;23;16;7m██[38;2;68;44;15m██[38;2;184;158;97m██[38;2;244;227;180m██[38;2;254;253;250m██[38;2;252;236;196m██[38;2;246;155;86m██[38;2;235;88;40m██[38;2;252;4;0m██[38;2;255;0;0m██████████[38;2;254;0;0m██[38;2;218;80;37m██[38;2;255;254;254m██[38;2;158;130;86m██[38;2;26;19;4m██[38;2;0;0;0m██[38;2;1;0;1m██[38;2;31;34;7m██[38;2;208;202;140m██[38;2;248;240;217m██[38;2;247;238;221m██
[38;2;231;202;153m      [38;2;232;203;153m  [38;2;223;144;120m██[38;2;0;0;0m██[38;2;4;1;0m██[38;2;196;161;88m██[38;2;253;227;193m██[38;2;246;240;217m██[38;2;253;250;241m██[38;2;254;253;250m██[38;2;238;203;148m██[38;2;225;98;45m██[38;2;215;24;3m██[38;2;253;3;1m██[38;2;255;0;0m██████[38;2;254;0;0m██[38;2;241;11;3m██[38;2;249;227;214m██[38;2;242;232;214m██[38;2;11;7;2m██[38;2;0;0;0m██[38;2;2;2;0m██[38;2;15;6;0m██[38;2;60;43;9m██[38;2;122;111;55m██[38;2;166;155;96m██[38;2;246;238;219m██
[38;2;189;176;130m      [38;2;225;217;190m██[38;2;135;72;18m██[38;2;0;0;0m██[38;2;5;2;0m██[38;2;127;93;40m██[38;2;216;179;135m██[38;2;223;183;132m██[38;2;238;177;95m██[38;2;250;245;236m██[38;2;252;241;226m██[38;2;227;130;84m██[38;2;187;44;22m██[38;2;253;1;0m████[38;2;254;0;0m██[38;2;253;2;0m██[38;2;247;2;0m██[38;2;239;2;0m██[38;2;240;219;209m██[38;2;224;211;193m██[38;2;4;2;1m██[38;2;0;0;0m██[38;2;1;1;0m██████[38;2;2;0;0m██[38;2;7;2;1m██[38;2;180;151;109m██
[38;2;163;131;63m  [38;2;164;132;64m    [38;2;207;181;123m██[38;2;154;84;40m██[38;2;3;1;0m██[38;2;0;0;0m██████[38;2;110;73;54m██[38;2;228;179;131m██[38;2;254;240;226m██[38;2;247;220;198m██[38;2;147;65;35m██[38;2;221;0;0m██[38;2;164;0;0m██[38;2;49;8;2m██[38;2;108;46;25m██[38;2;92;35;13m██[38;2;62;13;6m██[38;2;130;7;1m██[38;2;151;85;38m██[38;2;214;196;177m██[38;2;36;18;4m██[38;2;0;0;0m██████[38;2;1;1;0m██[38;2;0;0;0m████[38;2;145;115;56m██
[38;2;166;123;110m  [38;2;219;155;102m  [38;2;146;90;45m  [38;2;104;47;23m██[38;2;154;58;46m██[38;2;55;20;2m██[38;2;0;0;0m████[38;2;1;0;0m██[38;2;74;34;25m██[38;2;242;178;122m██[38;2;242;199;154m██[38;2;53;31;18m██[38;2;97;40;10m██[38;2;184;92;41m██[38;2;231;141;73m██[38;2;232;160;84m██[38;2;236;167;88m██[38;2;238;169;90m██[38;2;239;170;91m██[38;2;242;172;93m██[38;2;241;170;91m██[38;2;206;146;73m██[38;2;159;113;49m██[38;2;73;46;19m██[38;2;0;0;0m████████[38;2;1;0;0m██[38;2;122;94;42m██
[38;2;167;124;109m  [38;2;227;162;109m  [38;2;222;155;88m██[38;2;236;168;89m██[38;2;240;171;92m██[38;2;242;173;93m██[38;2;250;185;115m██[38;2;133;76;45m██[38;2;158;77;49m██[38;2;248;167;95m██[38;2;28;17;8m██[38;2;220;142;72m██[38;2;237;154;79m██[38;2;239;169;91m██[38;2;239;170;91m██[38;2;240;171;92m████[38;2;239;170;91m██[38;2;238;169;90m██[38;2;239;170;91m██[38;2;238;169;90m██[38;2;237;168;90m██[38;2;235;166;88m██[38;2;238;169;91m██[38;2;236;167;90m██[38;2;190;135;67m██[38;2;57;36;16m██[38;2;6;4;2m██[38;2;10;5;2m██[38;2;108;76;37m██[38;2;199;147;77m██
[38;2;200;148;120m  [38;2;240;171;94m██[38;2;240;171;92m████[38;2;238;168;89m██[38;2;241;161;81m██[38;2;240;169;91m██[38;2;241;174;96m██[38;2;132;93;53m██[38;2;145;85;39m██[38;2;240;164;88m██[38;2;239;169;91m██[38;2;240;169;91m██[38;2;240;170;91m██[38;2;240;170;92m██[38;2;239;169;91m██[38;2;238;167;89m██[38;2;239;170;91m██[38;2;240;170;91m██[38;2;237;167;89m██[38;2;239;170;91m██[38;2;239;169;91m██[38;2;238;169;91m██[38;2;239;170;91m██[38;2;237;168;90m██[38;2;238;168;90m██[38;2;238;170;91m██[38;2;243;174;94m██[38;2;238;171;92m██[38;2;237;169;90m██[38;2;226;161;83m██
[38;2;240;172;97m██[38;2;240;170;92m██[38;2;239;170;91m██[38;2;240;169;91m██[38;2;249;173;95m██[38;2;247;142;67m██[38;2;243;171;91m██[38;2;190;133;73m██[38;2;196;98;49m██[38;2;234;158;81m██[38;2;234;156;81m██[38;2;236;162;85m██[38;2;240;168;91m██[38;2;240;170;92m██[38;2;240;170;91m██[38;2;239;168;90m██[38;2;239;169;91m██[38;2;238;167;90m██[38;2;239;169;91m██[38;2;236;166;89m████[38;2;238;169;91m██[38;2;240;171;92m██[38;2;239;170;91m██[38;2;238;169;90m██[38;2;239;170;91m██[38;2;238;169;91m██[38;2;232;165;88m██[38;2;211;148;77m██[38;2;103;64;30m██[38;2;20;13;6m██
[38;2;240;171;100m██[38;2;240;171;92m██[38;2;240;170;92m██[38;2;239;158;84m██[38;2;223;123;59m██[38;2;43;14;6m██[38;2;23;5;0m██[38;2;77;36;16m██[38;2;178;83;42m██[38;2;231;139;73m██[38;2;234;160;87m██[38;2;237;161;87m██[38;2;238;160;90m██[38;2;239;169;93m██[38;2;240;171;92m██[38;2;240;170;91m██[38;2;239;169;91m██[38;2;239;170;91m██[38;2;235;164;88m██[38;2;234;163;87m██[38;2;237;167;89m██[38;2;239;170;91m██[38;2;239;171;92m██[38;2;239;170;91m██[38;2;240;171;92m██[38;2;239;170;92m██[38;2;201;138;72m██[38;2;61;39;33m██[38;2;0;0;0m██[38;2;9;4;1m██[38;2;95;60;29m██
[38;2;240;168;97m██[38;2;241;168;91m██[38;2;239;168;89m██[38;2;240;167;89m██[38;2;242;160;84m██[38;2;231;136;66m██[38;2;196;99;50m██[38;2;29;17;11m██[38;2;25;11;6m██[38;2;192;85;37m██[38;2;246;182;132m██[38;2;184;120;96m██[38;2;69;12;5m██[38;2;113;36;10m██[38;2;218;140;89m██[38;2;232;161;87m██[38;2;238;167;90m██[38;2;240;170;91m██[38;2;240;170;92m████[38;2;239;169;91m██[38;2;238;168;90m██[38;2;239;170;91m██[38;2;240;171;92m██[38;2;239;170;92m██[38;2;236;166;94m██[38;2;20;5;0m██[38;2;18;14;10m██[38;2;159;107;52m██[38;2;227;159;84m██[38;2;239;170;91m██
[38;2;172;115;83m  [38;2;241;170;97m██[38;2;240;171;92m██[38;2;240;171;93m██[38;2;240;169;90m██[38;2;239;167;90m██[38;2;241;168;90m██[38;2;238;159;86m██[38;2;230;130;80m██[38;2;52;26;18m██[38;2;110;38;27m██[38;2;28;0;2m██[38;2;59;15;9m██[38;2;184;107;57m██[38;2;237;166;89m██[38;2;239;167;92m██[38;2;238;166;91m██[38;2;239;170;92m██[38;2;240;170;92m██[38;2;240;171;92m██[38;2;240;170;92m██[38;2;240;171;92m██[38;2;238;168;90m██[38;2;158;92;46m██[38;2;48;24;16m██[38;2;136;78;35m██[38;2;218;145;76m██[38;2;237;168;91m██[38;2;239;170;91m██[38;2;240;171;92m████
[38;2;173;116;83m  [38;2;154;109;82m  [38;2;119;85;61m  [38;2;229;158;88m██[38;2;240;170;92m██[38;2;239;168;92m██[38;2;239;169;91m██[38;2;240;170;92m██[38;2;239;169;91m██[38;2;233;161;89m██[38;2;46;27;15m██[38;2;107;39;15m██[38;2;219;124;72m██[38;2;237;167;89m██[38;2;238;166;91m██[38;2;239;168;92m██[38;2;240;170;92m██[38;2;240;171;92m██[38;2;241;172;92m██[38;2;243;173;93m██[38;2;168;109;58m██[38;2;56;27;13m██[38;2;124;83;45m██[38;2;212;144;75m██[38;2;236;166;91m██[38;2;237;168;90m██[38;2;239;170;91m██[38;2;240;171;92m██████[38;2;239;170;92m██
[38;2;173;116;83m  [38;2;155;109;82m  [38;2;101;71;53m  [38;2;221;150;84m  [38;2;170;120;64m  [38;2;237;167;91m  [38;2;239;169;91m██[38;2;239;168;91m██[38;2;240;170;92m██[38;2;239;169;91m██[38;2;240;170;91m██[38;2;208;141;76m██[38;2;47;30;16m██[38;2;52;33;17m██[38;2;100;66;33m██[38;2;89;54;31m██[38;2;63;32;18m██[38;2;21;13;6m██[38;2;113;72;37m██[38;2;198;135;71m██[38;2;241;169;90m██[38;2;240;171;92m██[38;2;240;171;91m██[38;2;240;171;92m██[38;2;239;171;92m██[38;2;239;170;91m████[38;2;240;171;92m██[38;2;240;171;91m██[38;2;240;171;92m████
[38;2;173;116;83m  [38;2;155;109;82m  [38;2;101;71;53m  [38;2;221;150;84m  [38;2;170;120;64m  [38;2;224;154;84m  [38;2;199;129;71m  [38;2;214;144;79m  [38;2;236;164;90m  [38;2;240;171;91m██[38;2;239;170;91m██[38;2;239;169;91m██[38;2;240;170;91m██[38;2;241;171;92m██[38;2;240;170;92m██[38;2;240;170;91m██[38;2;240;170;92m██[38;2;240;171;92m██████[38;2;240;170;92m██[38;2;240;171;92m██[38;2;239;170;91m████[38;2;239;169;91m██[38;2;239;170;92m██[38;2;240;171;92m██[38;2;239;171;91m██[38;2;240;171;92m██[38;2;239;170;91m██[38;2;234;161;85m██
[38;2;172;116;83m  [38;2;155;109;82m  [38;2;101;71;53m  [38;2;221;150;84m  [38;2;170;120;64m  [38;2;224;154;84m  [38;2;200;130;71m  [38;2;193;124;68m  [38;2;212;139;80m  [38;2;133;66;46m  [38;2;229;160;86m  [38;2;239;169;91m██[38;2;239;170;92m██[38;2;240;171;91m██[38;2;240;171;92m██[38;2;240;170;92m██[38;2;239;169;91m██[38;2;239;170;91m██[38;2;240;171;91m██[38;2;240;170;92m██[38;2;240;171;92m██████[38;2;239;170;92m██[38;2;240;171;92m██[38;2;240;171;91m██[38;2;240;170;92m██[38;2;239;170;91m██[38;2;235;166;87m██[38;2;162;100;51m██[38;2;2;0;0m██
[38;2;172;116;83m  [38;2;155;109;82m  [38;2;101;71;53m  [38;2;221;150;84m  [38;2;170;120;64m  [38;2;224;154;84m  [38;2;200;130;71m  [38;2;193;124;68m  [38;2;212;139;80m  [38;2;132;67;46m  [38;2;168;107;59m  [38;2;207;139;78m  [38;2;204;136;79m  [38;2;226;156;89m  [38;2;241;169;91m██[38;2;240;170;92m██[38;2;240;171;92m████████[38;2;238;169;91m████[38;2;239;169;91m████[38;2;240;170;92m██[38;2;239;170;91m██[38;2;243;170;91m██[38;2;158;98;55m██[38;2;7;2;1m██[38;2;179;1;0m██[38;2;253;0;0m██
[38;2;173;116;83m  [38;2;155;109;82m  [38;2;101;71;53m  [38;2;221;150;84m  [38;2;170;120;64m  [38;2;224;154;84m  [38;2;200;130;71m  [38;2;193;124;68m  [38;2;212;139;80m  [38;2;132;67;46m  [38;2;168;107;59m  [38;2;208;139;78m  [38;2;201;133;77m  [38;2;181;120;70m  [38;2;6;0;0m  [38;2;8;5;3m██[38;2;48;33;19m██[38;2;133;90;50m██[38;2;195;135;74m██[38;2;226;158;86m██[38;2;239;167;92m██[38;2;239;165;90m██[38;2;230;158;85m██[38;2;209;141;78m██[38;2;104;52;26m██[38;2;20;12;6m██[38;2;5;0;0m██[38;2;207;0;0m██[38;2;254;0;0m██[38;2;246;0;0m██[38;2;252;0;0m██
[38;2;173;116;83m  [38;2;155;109;82m  [38;2;101;71;53m  [38;2;221;150;84m  [38;2;170;120;64m  [38;2;224;154;84m  [38;2;200;130;71m  [38;2;193;124;68m  [38;2;212;139;80m  [38;2;132;67;46m  [38;2;168;107;59m  [38;2;208;139;78m  [38;2;201;133;77m  [38;2;38;0;0m    [38;2;197;0;0m  [38;2;245;0;0m  [38;2;244;1;1m██[38;2;218;0;0m██[38;2;140;0;0m██[38;2;101;0;0m██[38;2;86;0;0m██[38;2;124;0;0m██[38;2;182;0;0m██[38;2;238;0;0m██[38;2;254;0;0m██████[38;2;252;0;0m██[38;2;253;0;0m████
[38;2;173;116;83m  [38;2;155;109;82m  [38;2;101;71;53m  [38;2;221;150;84m  [38;2;170;120;64m  [38;2;224;154;84m  [38;2;200;130;71m  [38;2;193;124;68m  [38;2;212;139;80m  [38;2;132;67;46m  [38;2;168;107;59m  [38;2;208;139;78m  [38;2;201;133;77m  [38;2;38;0;0m    [38;2;198;0;0m  [38;2;229;0;0m  [38;2;166;0;0m  [38;2;200;0;0m  [38;2;255;0;0m██[38;2;251;0;0m██[38;2;253;0;0m██████[38;2;254;0;0m██[38;2;253;0;0m████████[38;2;254;0;0m████[0m
