
[38;2;0;0;0m                            [38;2;25;17;15m  [38;2;33;21;20m  [38;2;33;22;22m  [38;2;33;21;24m  [38;2;34;21;27m  [38;2;33;20;25m  [38;2;29;18;21m  [38;2;20;13;9m  [38;2;4;2;1m  [38;2;18;9;3m  [38;2;0;0;0m                        
[38;2;0;0;0m                        [38;2;10;6;1m  [38;2;33;21;21m  [38;2;33;22;22m████[38;2;34;23;23m██[38;2;33;21;26m██[38;2;34;21;28m██[38;2;34;22;28m██[38;2;34;21;28m██[38;2;34;22;23m██[38;2;34;22;21m  [38;2;28;19;18m  [38;2;0;0;0m                        
[38;2;0;0;0m                        [38;2;22;14;11m  [38;2;33;22;22m██[38;2;34;23;23m██[38;2;35;23;23m██[38;2;34;22;22m██[38;2;31;20;24m██[38;2;31;20;26m██[38;2;37;23;29m██[38;2;35;22;28m████[38;2;34;21;26m██[38;2;38;21;23m  [38;2;6;4;4m  [38;2;27;25;0m  [38;2;0;0;0m                    
[38;2;0;0;0m                      [38;2;7;5;3m  [38;2;41;24;22m  [38;2;33;21;22m██[38;2;40;26;27m██[38;2;28;20;20m██[38;2;37;24;24m██[38;2;52;36;40m██[38;2;31;20;25m██[38;2;45;31;36m██[38;2;29;20;23m██[38;2;41;26;32m██[38;2;35;24;24m██[38;2;35;23;23m██[38;2;37;19;19m  [38;2;5;2;0m  [38;2;0;0;0m                    
[38;2;0;0;0m                      [38;2;25;16;9m  [38;2;36;20;21m██[38;2;22;17;17m██[38;2;28;18;22m██[38;2;32;21;25m██[38;2;31;20;26m██[38;2;32;20;26m██[38;2;33;20;26m██[38;2;30;19;24m██[38;2;22;16;19m██[38;2;42;21;29m██[38;2;39;20;22m██[38;2;25;18;21m██[38;2;47;22;35m  [38;2;3;1;0m  [38;2;0;0;0m                    
[38;2;0;0;0m                      [38;2;32;19;10m  [38;2;36;19;21m██[38;2;32;20;21m██[38;2;32;20;25m██[38;2;30;18;24m██[38;2;30;18;23m██[38;2;32;20;25m██[38;2;26;18;21m██[38;2;26;17;21m██[38;2;21;16;18m██[38;2;26;16;20m██[38;2;32;17;16m██[38;2;33;19;21m██[38;2;37;22;27m  [38;2;6;3;1m  [38;2;0;0;0m                    
[38;2;17;0;0m  [38;2;53;53;0m    [38;2;0;0;0m          [38;2;3;0;0m  [38;2;13;6;0m  [38;2;80;26;0m  [38;2;158;128;116m  [38;2;20;10;11m██[38;2;38;21;22m██[38;2;84;49;35m██[38;2;216;137;102m██[38;2;217;135;99m██[38;2;108;58;35m██[38;2;28;17;15m██[38;2;22;14;15m██[38;2;24;15;17m██[38;2;23;14;15m██[38;2;215;143;111m██[38;2;220;143;110m██[38;2;119;94;93m  [38;2;90;39;0m  [38;2;0;0;0m      [38;2;53;53;0m  [38;2;16;13;3m  [38;2;0;0;0m  [38;2;4;0;0m  [38;2;30;6;0m  [38;2;3;3;3m  [38;2;17;17;0m  
[38;2;142;114;97m  [38;2;186;157;138m  [38;2;185;164;146m  [38;2;139;113;92m  [38;2;21;12;6m  [38;2;0;0;0m  [38;2;114;0;0m  [38;2;84;29;5m  [38;2;207;61;23m  [38;2;211;52;29m  [38;2;213;52;31m██[38;2;131;50;31m██[38;2;110;87;87m██[38;2;157;106;86m██[38;2;220;136;97m██[38;2;180;97;56m██[38;2;223;135;96m██[38;2;223;133;95m██[38;2;228;141;106m██[38;2;164;94;66m██[38;2;53;24;15m██[38;2;219;144;115m██[38;2;215;131;87m██[38;2;222;141;100m██[38;2;153;102;89m  [38;2;198;62;22m  [38;2;92;30;4m  [38;2;3;1;0m  [38;2;24;12;3m  [38;2;178;142;126m  [38;2;208;195;194m  [38;2;199;189;187m  [38;2;199;188;187m██[38;2;197;191;189m██[38;2;200;194;191m  [38;2;108;85;69m  
[38;2;178;138;134m██[38;2;159;59;67m██[38;2;192;192;185m██[38;2;195;193;188m██[38;2;199;190;186m  [38;2;118;93;79m  [38;2;191;57;11m  [38;2;207;57;30m  [38;2;213;53;29m██[38;2;213;53;30m████[38;2;89;15;3m██[38;2;193;171;167m██[38;2;149;99;82m██[38;2;223;142;100m██[38;2;199;117;78m██[38;2;223;137;100m██[38;2;226;137;99m██[38;2;224;136;97m██[38;2;224;135;97m██[38;2;223;136;97m██[38;2;226;136;96m██[38;2;208;127;82m██[38;2;226;143;106m██[38;2;109;52;32m██[38;2;213;51;36m██[38;2;214;51;34m██[38;2;211;55;31m  [38;2;162;116;88m  [38;2;199;189;186m██[38;2;201;189;186m██████[38;2;199;191;187m██[38;2;198;193;188m██[38;2;201;190;188m██
[38;2;200;187;183m██[38;2;161;150;145m██[38;2;205;193;186m██[38;2;145;0;0m██[38;2;203;188;183m██[38;2;197;191;186m██[38;2;127;73;63m██[38;2;213;52;29m██[38;2;215;54;30m████[38;2;215;53;29m██[38;2;127;44;22m██[38;2;184;145;135m██[38;2;157;101;84m██[38;2;224;144;108m██[38;2;224;142;106m██[38;2;211;123;82m██[38;2;212;124;82m██[38;2;227;137;100m██[38;2;227;138;99m██[38;2;228;138;100m██[38;2;226;138;99m██[38;2;208;126;82m██[38;2;225;144;107m██[38;2;146;67;51m██[38;2;150;29;13m██[38;2;138;20;6m██[38;2;139;18;8m██[38;2;163;34;16m██[38;2;192;173;165m██[38;2;199;188;184m██[38;2;200;189;185m████[38;2;199;189;185m██[38;2;197;189;185m██[38;2;158;145;140m██
[38;2;200;189;186m██[38;2;201;190;187m██[38;2;199;189;184m██[38;2;182;146;144m██[38;2;152;140;135m██[38;2;199;190;186m██[38;2;200;190;187m██[38;2;204;64;35m██[38;2;211;52;33m██[38;2;206;45;35m██[38;2;148;22;9m██[38;2;112;1;0m██[38;2;153;1;1m██[38;2;170;1;0m██[38;2;118;18;10m██[38;2;226;143;107m██[38;2;220;142;103m██[38;2;227;141;106m██[38;2;228;138;100m██[38;2;184;98;55m██[38;2;223;141;101m██[38;2;168;95;59m██[38;2;225;144;110m██[38;2;41;19;2m██[38;2;144;0;0m██[38;2;180;0;0m██[38;2;177;0;0m██[38;2;176;0;0m████[38;2;144;0;0m██[38;2;119;19;19m██[38;2;203;189;187m██[38;2;200;189;185m██[38;2;198;189;185m██[38;2;197;188;185m██[38;2;148;135;131m██
[38;2;218;181;180m██[38;2;200;187;181m██[38;2;217;184;180m██[38;2;193;125;126m██[38;2;207;190;186m██[38;2;201;188;186m██[38;2;128;75;64m██[38;2;181;0;0m██[38;2;165;0;0m████[38;2;184;0;0m██[38;2;176;0;0m██[38;2;122;0;1m██[38;2;153;67;32m██[38;2;227;144;105m██[38;2;135;74;40m██[38;2;42;25;25m██[38;2;90;44;21m██[38;2;225;141;105m██[38;2;212;126;91m██[38;2;177;100;57m██[38;2;191;123;87m██[38;2;44;17;10m██[38;2;136;58;47m██[38;2;186;114;86m██[38;2;207;59;44m██[38;2;217;54;37m██[38;2;219;55;38m██[38;2;133;9;2m██[38;2;177;0;0m██[38;2;178;0;0m██[38;2;167;0;0m██[38;2;202;190;182m██[38;2;196;191;186m██[38;2;198;189;185m██[38;2;204;194;190m██
[38;2;173;2;1m██[38;2;169;1;0m██[38;2;183;1;1m██[38;2;181;0;0m██[38;2;174;3;3m██[38;2;166;138;127m██[38;2;210;53;42m██[38;2;152;0;0m██[38;2;169;0;0m██[38;2;157;0;0m██[38;2;197;57;39m██[38;2;157;39;0m██[38;2;186;111;83m██[38;2;232;147;118m██[38;2;224;136;100m██[38;2;187;91;47m██[38;2;155;74;62m██[38;2;43;20;19m██[38;2;47;14;11m██[38;2;122;67;51m██[38;2;228;147;116m██[38;2;60;23;9m██[38;2;174;97;80m██[38;2;199;118;94m██[38;2;186;104;75m██[38;2;217;54;36m██[38;2;217;55;31m██[38;2;212;54;27m██[38;2;177;0;0m██[38;2;134;0;0m██[38;2;183;0;0m██[38;2;177;0;0m██[38;2;176;1;1m██[38;2;132;107;98m██[38;2;196;190;186m██[38;2;204;191;188m██
[38;2;180;0;0m██[38;2;168;0;0m██[38;2;148;0;0m██[38;2;138;0;0m██[38;2;121;0;0m██[38;2;165;1;1m██[38;2;220;44;42m██[38;2;152;4;4m██[38;2;165;0;0m██[38;2;155;0;0m██[38;2;142;7;4m██[38;2;164;33;0m██[38;2;153;64;43m██[38;2;155;3;1m██[38;2;228;145;111m██[38;2;228;147;114m██[38;2;221;134;104m██[38;2;153;76;50m██[38;2;166;95;76m██[38;2;199;123;88m██[38;2;228;146;117m██[38;2;221;140;110m██[38;2;188;104;62m██[38;2;222;116;83m██[38;2;125;2;0m██[38;2;204;47;28m██[38;2;215;57;36m██[38;2;159;2;0m██[38;2;184;0;0m██[38;2;139;0;0m██[38;2;182;0;0m██[38;2;149;0;0m██[38;2;185;0;0m██[38;2;173;0;0m██[38;2;119;11;9m██[38;2;177;1;1m██
[38;2;175;0;0m██[38;2;146;0;0m██[38;2;126;0;0m██[38;2;112;0;0m██[38;2;162;0;0m██[38;2;173;0;0m██[38;2;144;0;0m██[38;2;181;0;0m██[38;2;178;0;0m████[38;2;154;0;0m██[38;2;172;30;7m██[38;2;135;25;3m██[38;2;124;23;12m██[38;2;172;89;47m██[38;2;228;148;114m██[38;2;220;134;93m██[38;2;205;121;80m██[38;2;213;130;91m██[38;2;186;91;53m██[38;2;228;142;108m██[38;2;157;81;47m██[38;2;143;85;55m██[38;2;223;115;89m██[38;2;129;5;1m██[38;2;203;48;30m██[38;2;174;42;21m██[38;2;167;0;0m██[38;2;140;0;0m██[38;2;178;0;0m██[38;2;156;0;0m██[38;2;160;0;0m██[38;2;176;0;0m██[38;2;184;0;0m██[38;2;166;0;0m██[38;2;156;0;0m██
[38;2;179;0;0m██[38;2;149;0;0m██[38;2;109;0;0m██[38;2;158;0;0m██[38;2;166;0;0m██[38;2;176;0;0m████[38;2;180;0;0m██████[38;2;122;0;0m██[38;2;140;0;0m██[38;2;165;20;2m██[38;2;183;79;57m██[38;2;232;136;109m██[38;2;215;132;94m██[38;2;228;144;104m██[38;2;219;135;95m██[38;2;85;45;20m██[38;2;82;54;35m██[38;2;224;144;112m██[38;2;78;36;17m██[38;2;51;28;30m██[38;2;153;98;74m██[38;2;126;31;3m██[38;2;119;0;0m██[38;2;126;0;0m██[38;2;121;0;0m██[38;2;98;0;0m██[38;2;178;0;0m██[38;2;109;0;0m██[38;2;183;0;0m██[38;2;123;0;0m██[38;2;166;0;0m██[38;2;177;0;0m██[38;2;176;0;0m██
[38;2;180;0;0m██[38;2;152;0;0m██[38;2;145;0;0m██[38;2;176;0;0m██[38;2;174;0;0m██[38;2;177;0;0m████[38;2;181;0;0m██[38;2;180;0;0m██[38;2;156;0;0m██[38;2;166;0;0m██[38;2;144;0;0m██[38;2;173;6;1m██[38;2;111;18;2m██[38;2;235;149;117m██[38;2;184;101;58m██[38;2;227;143;103m██[38;2;75;34;15m██[38;2;42;22;26m██[38;2;41;23;20m██[38;2;27;16;15m██[38;2;40;19;20m██[38;2;39;16;15m██[38;2;145;84;61m██[38;2;184;52;33m██[38;2;181;39;19m██[38;2;175;48;27m██[38;2;182;36;27m██[38;2;132;16;9m██[38;2;104;0;0m██[38;2;108;0;0m██[38;2;179;0;0m██[38;2;98;0;0m██[38;2;151;0;0m██[38;2;178;0;0m████
[38;2;157;0;0m██[38;2;156;0;0m██[38;2;174;0;0m██[38;2;180;0;0m██[38;2;181;0;0m████████[38;2;183;0;0m██[38;2;149;0;0m██[38;2;160;0;0m██[38;2;174;12;7m██[38;2;165;0;0m██[38;2;146;5;0m██[38;2;144;62;34m██[38;2;188;106;68m██[38;2;227;144;110m██[38;2;45;21;11m██[38;2;34;14;12m██[38;2;41;20;18m██[38;2;68;47;44m██[38;2;192;167;166m██[38;2;52;27;22m██[38;2;232;149;118m██[38;2;206;59;40m██[38;2;215;52;36m██[38;2;204;48;35m██[38;2;216;55;39m██[38;2;204;53;34m██[38;2;113;1;1m██[38;2;109;0;0m██[38;2;101;0;0m██[38;2;106;0;0m██[38;2;153;0;0m██[38;2;178;0;0m██[38;2;181;0;0m██
[38;2;180;0;0m████████[38;2;181;0;0m██████[38;2;172;0;0m██[38;2;123;0;0m██[38;2;178;0;0m██[38;2;97;1;1m██[38;2;213;49;41m██[38;2;156;7;2m██[38;2;142;0;0m██[38;2;169;32;0m██[38;2;224;143;110m██[38;2;233;151;119m██[38;2;226;153;123m██[38;2;32;7;3m██[38;2;108;2;12m██[38;2;141;5;30m██[38;2;146;9;36m██[38;2;170;115;101m██[38;2;238;154;124m██[38;2;210;52;43m██[38;2;210;56;41m██[38;2;131;64;41m██[38;2;206;189;179m██[38;2;199;192;186m██[38;2;146;135;130m██[38;2;146;112;105m██[38;2;55;14;12m██[38;2;127;0;0m██[38;2;126;0;0m██[38;2;165;0;0m██[38;2;169;0;0m██
[38;2;179;0;0m██[38;2;180;0;0m██[38;2;181;0;0m██[38;2;180;0;0m██████[38;2;177;0;0m██[38;2;119;0;0m██[38;2;97;0;0m██[38;2;111;1;0m██[38;2;200;179;172m██[38;2;146;66;54m██[38;2;178;5;2m██[38;2;162;0;0m██[38;2;136;4;0m██[38;2;118;13;0m██[38;2;232;149;119m██[38;2;228;144;110m██[38;2;145;85;61m██[38;2;130;84;81m██[38;2;181;133;130m██[38;2;194;140;123m██[38;2;197;125;99m██[38;2;222;138;112m██[38;2;157;91;72m██[38;2;204;193;186m██[38;2;199;188;185m██[38;2;198;188;184m██[38;2;199;187;184m██[38;2;201;190;186m██[38;2;141;126;121m██[38;2;155;149;142m██[38;2;166;135;127m██[38;2;101;0;0m██[38;2;107;0;0m██[38;2;118;0;0m██
[38;2;180;0;0m██████[38;2;178;0;0m██[38;2;179;0;0m██[38;2;163;0;0m██[38;2;116;1;1m██[38;2;174;123;114m██[38;2;123;84;76m██[38;2;199;192;188m██[38;2;196;190;184m██[38;2;196;192;186m██[38;2;206;198;194m██[38;2;117;52;46m██[38;2;132;1;1m██[38;2;165;26;0m██[38;2;140;33;1m██[38;2;192;67;49m██[38;2;236;133;109m██[38;2;241;143;116m██[38;2;184;105;65m██[38;2;195;111;80m██[38;2;228;147;108m██[38;2;152;102;74m██[38;2;199;190;187m██[38;2;200;190;186m██[38;2;200;188;185m██[38;2;199;187;184m██[38;2;198;187;183m██[38;2;198;186;183m██[38;2;199;189;185m██[38;2;166;155;143m██[38;2;83;0;0m██[38;2;79;0;0m██[38;2;81;0;0m██[38;2;117;0;0m██
[38;2;180;0;0m██[38;2;179;0;0m██[38;2;160;0;0m██[38;2;121;0;0m██[38;2;122;0;0m██[38;2;93;7;7m██[38;2;207;168;166m██[38;2;186;105;109m██[38;2;206;190;186m██[38;2;202;193;190m██[38;2;203;192;189m████[38;2;202;193;189m██[38;2;198;189;185m██[38;2;194;179;174m██[38;2;127;25;16m██[38;2;120;13;0m██[38;2;132;35;14m██[38;2;138;19;12m██[38;2;214;112;87m██[38;2;230;149;114m██[38;2;227;144;112m██[38;2;231;151;117m██[38;2;160;125;99m██[38;2;161;121;110m██[38;2;193;166;160m██[38;2;199;188;185m██[38;2;199;186;184m██[38;2;199;186;182m██[38;2;204;160;158m██[38;2;124;0;0m██[38;2;106;0;0m██[38;2;106;2;3m██[38;2;156;145;126m██[38;2;154;142;129m██[38;2;110;0;0m██
[38;2;180;0;0m██[38;2;168;0;0m██[38;2;116;0;0m██[38;2;75;3;2m██[38;2;164;143;134m██[38;2;195;189;184m██[38;2;155;0;0m██[38;2;159;0;0m██[38;2;160;1;1m██[38;2;205;21;15m██[38;2;216;50;38m██[38;2;213;53;39m██[38;2;207;55;35m██[38;2;171;48;34m██[38;2;146;91;79m██[38;2;170;165;154m██[38;2;139;32;20m██[38;2;169;25;0m██[38;2;115;41;23m██[38;2;232;147;124m██[38;2;185;110;80m██[38;2;154;51;15m██[38;2;202;58;27m██[38;2;214;52;36m██[38;2;214;53;30m██[38;2;211;54;31m██[38;2;174;134;133m██[38;2;200;187;183m██[38;2;203;173;167m██[38;2;155;1;0m██[38;2;120;0;0m██[38;2;106;0;0m██[38;2;148;16;12m██[38;2;95;24;8m  [38;2;160;152;141m  [38;2;128;104;98m██
[38;2;179;0;0m██[38;2;135;0;0m██[38;2;78;3;3m██[38;2;162;154;143m██[38;2;159;150;144m██[38;2;176;173;167m██[38;2;183;1;1m██[38;2;157;0;0m██[38;2;179;0;0m██[38;2;184;0;0m██[38;2;183;1;0m██[38;2;218;48;28m██[38;2;218;50;30m██[38;2;216;52;30m████[38;2;203;49;17m██[38;2;133;14;0m██[38;2;167;28;0m██[38;2;105;25;5m██[38;2;159;35;4m██[38;2;173;28;1m██[38;2;211;55;32m██[38;2;215;53;30m████[38;2;214;53;29m██[38;2;214;53;30m██[38;2;159;51;41m██[38;2;210;184;177m██[38;2;155;0;0m██[38;2;117;0;0m██[38;2;109;0;0m██[38;2;105;0;0m██[38;2;184;35;26m██[38;2;197;53;24m  [38;2;11;7;3m  [38;2;153;146;138m  
[38;2;138;0;0m██[38;2;80;0;0m██[38;2;161;153;141m██[38;2;155;147;140m██[38;2;159;151;148m██[38;2;159;152;149m██[38;2;146;38;36m██[38;2;170;0;0m██[38;2;179;0;0m██[38;2;180;0;0m██[38;2;182;0;0m██[38;2;179;0;0m██[38;2;220;44;33m██[38;2;186;16;10m██[38;2;216;53;31m██[38;2;214;53;32m██[38;2;133;23;5m██[38;2;122;66;48m██[38;2;154;28;3m██[38;2;184;31;6m██[38;2;212;49;32m██[38;2;215;53;32m██[38;2;215;54;30m██[38;2;214;53;30m██[38;2;215;54;30m██[38;2;215;53;31m██[38;2;179;53;32m██[38;2;143;7;6m██[38;2;124;0;0m██[38;2;111;0;0m██[38;2;107;0;0m██[38;2;99;0;0m██[38;2;159;28;0m██[38;2;215;57;35m  [38;2;28;0;0m  [38;2;11;0;0m  
[38;2;88;3;3m██[38;2;167;151;139m██[38;2;160;152;145m██[38;2;102;95;88m██[38;2;159;150;148m██[38;2;160;151;148m██[38;2;159;138;129m██[38;2;218;51;43m██[38;2;222;33;28m██[38;2;206;13;9m██[38;2;189;4;3m██[38;2;191;4;3m██[38;2;217;48;34m██[38;2;217;52;30m██[38;2;215;54;31m██[38;2;215;54;30m██[38;2;156;110;102m██[38;2;197;194;193m██[38;2;150;45;26m██[38;2;215;52;30m██[38;2;168;14;2m██[38;2;215;54;31m██[38;2;216;54;30m████████[38;2;158;8;4m██[38;2;124;0;0m██[38;2;110;0;0m██[38;2;107;0;0m██[38;2;108;0;0m██[38;2;110;0;0m██[38;2;114;4;0m██[38;2;210;53;30m██[38;2;43;12;0m  [38;2;0;0;0m  
[38;2;165;154;144m██[38;2;158;151;143m██[38;2;160;152;144m██[38;2;159;152;144m██[38;2;132;122;122m██[38;2;160;151;149m██[38;2;154;136;125m██[38;2;194;43;18m██[38;2;215;53;37m██[38;2;216;52;38m██[38;2;216;50;35m██[38;2;204;27;20m██[38;2;220;48;35m██[38;2;216;54;30m██[38;2;215;54;30m██[38;2;214;53;30m██[38;2;194;163;149m██[38;2;198;189;187m██[38;2;137;14;7m██[38;2;164;0;0m██[38;2;216;56;32m██[38;2;216;54;30m████[38;2;216;53;30m██[38;2;195;26;8m██[38;2;217;47;33m██[38;2;104;0;0m██[38;2;111;0;0m██[38;2;104;0;0m██[38;2;112;0;0m██[38;2;98;0;0m██[38;2;133;0;0m██[38;2;127;0;0m██[38;2;193;45;17m██[38;2;162;44;17m  [38;2;44;0;0m  
[38;2;157;154;147m  [38;2;159;151;144m██[38;2;159;151;145m██[38;2;159;152;144m██[38;2;154;144;143m██[38;2;160;151;149m██[38;2;159;145;138m██[38;2;172;20;0m██[38;2;211;49;38m██[38;2;216;52;37m██[38;2;197;21;11m██[38;2;159;0;0m██[38;2;212;28;18m██[38;2;215;53;31m██[38;2;215;54;31m██[38;2;220;56;34m██[38;2;213;195;185m██[38;2;198;120;125m██[38;2;157;0;0m██[38;2;208;15;10m██[38;2;216;54;32m██[38;2;216;54;31m████[38;2;222;48;26m██[38;2;161;0;0m██[38;2;170;6;0m██[38;2;90;0;0m██[38;2;108;0;0m██[38;2;106;0;0m██[38;2;108;14;12m██[38;2;93;0;0m██[38;2;132;0;0m██[38;2;131;0;0m██[38;2;139;15;0m██[38;2;211;57;40m  [38;2;123;0;0m  
[38;2;129;95;85m  [38;2;159;151;144m██[38;2;159;152;145m██[38;2;160;152;145m██[38;2;159;151;148m██[38;2;98;89;88m██[38;2;159;151;148m██[38;2;149;26;0m██[38;2;171;24;0m██[38;2;214;53;37m██[38;2;216;52;37m██[38;2;215;52;37m████[38;2;215;53;31m██[38;2;215;54;30m██[38;2;220;57;34m██[38;2;210;200;193m██[38;2;204;200;193m██[38;2;206;52;41m██[38;2;215;52;36m██[38;2;216;53;34m██[38;2;216;54;31m████[38;2;209;36;13m██[38;2;189;11;0m██[38;2;118;0;0m██[38;2;92;0;0m██[38;2;99;6;6m██[38;2;174;145;134m██[38;2;148;133;120m██[38;2;127;0;0m██[38;2;132;0;0m██[38;2;131;0;0m██[38;2;117;0;0m██[38;2;208;43;31m  [38;2;24;8;0m  
[38;2;11;4;3m  [38;2;159;151;145m  [38;2;158;152;145m██[38;2;158;150;144m██[38;2;165;157;150m██[38;2;158;151;147m██[38;2;89;80;79m██[38;2;99;61;48m██[38;2;169;21;0m██[38;2;176;19;0m██[38;2;214;53;37m██[38;2;216;52;37m██[38;2;215;54;31m██[38;2;215;53;30m██[38;2;215;53;31m██[38;2;207;53;32m██[38;2;201;196;191m██[38;2;209;202;198m██[38;2;221;57;43m██[38;2;215;53;31m██[38;2;215;53;30m██[38;2;215;53;31m██[38;2;216;54;31m██[38;2;192;25;1m██[38;2;112;0;0m██[38;2;99;0;0m██[38;2;132;43;42m██[38;2;157;149;140m██[38;2;158;151;140m██[38;2;93;1;1m██[38;2;132;0;0m██████[38;2;129;0;0m██[38;2;141;15;2m██[38;2;178;49;14m  
[38;2;41;41;41m  [38;2;145;120;114m  [38;2;159;151;144m██[38;2;143;134;127m██[38;2;163;156;148m██[38;2;160;152;145m██[38;2;160;151;145m██[38;2;153;145;136m██[38;2;108;46;43m██[38;2;150;27;9m██[38;2;183;26;3m██[38;2;215;53;37m██[38;2;215;54;31m██[38;2;215;54;30m██[38;2;215;53;31m██[38;2;195;44;25m██[38;2;200;191;188m██[38;2;193;179;173m██[38;2;216;52;32m██[38;2;216;54;30m██[38;2;216;54;31m██[38;2;216;54;30m██[38;2;207;41;20m██[38;2;102;0;0m██[38;2;95;1;1m██[38;2;169;117;110m██[38;2;134;126;114m██[38;2;157;150;141m██[38;2;90;31;28m██[38;2;121;0;0m██[38;2;131;0;0m██████[38;2;129;0;0m██[38;2;119;0;0m██[38;2;181;47;24m  
[38;2;0;0;0m  [38;2;95;17;15m  [38;2;163;147;142m██[38;2;158;151;144m██[38;2;159;151;144m████[38;2;166;158;152m██[38;2;199;192;189m██[38;2;202;194;189m██[38;2;203;191;187m██[38;2;190;162;155m██[38;2;129;48;35m██[38;2;193;48;35m██[38;2;220;55;43m██[38;2;213;54;32m██[38;2;185;42;28m██[38;2;183;170;162m██[38;2;131;68;59m██[38;2;215;53;32m██[38;2;215;54;30m██[38;2;219;57;35m██[38;2;161;43;15m██[38;2;121;1;0m██[38;2;163;55;54m██[38;2;186;171;157m██[38;2;158;151;142m██[38;2;158;151;140m██[38;2;116;82;73m██[38;2;124;0;0m██[38;2;130;0;0m██[38;2;131;0;0m██████[38;2;127;0;0m██[38;2;112;0;0m██[38;2;90;5;0m██[0m
