
[38;2;0;0;0m  [38;2;60;60;60m  [38;2;151;154;154m  [38;2;55;105;129m  [38;2;80;109;122m  [38;2;0;96;96m  [38;2;0;0;0m    [38;2;0;23;23m  [38;2;41;74;93m  [38;2;31;38;41m  [38;2;25;25;25m  [38;2;0;9;9m  [38;2;50;84;84m  [38;2;0;9;9m  [38;2;17;17;17m  [38;2;0;0;18m  [38;2;8;96;96m  [38;2;0;0;0m                  
[38;2;0;0;0m  [38;2;9;24;24m  [38;2;49;113;144m  [38;2;55;116;147m██[38;2;65;124;152m██[38;2;40;58;69m  [38;2;0;0;0m    [38;2;10;17;20m  [38;2;69;126;154m  [38;2;62;121;150m  [38;2;62;112;136m  [38;2;63;117;143m  [38;2;72;126;152m  [38;2;88;134;158m  [38;2;66;91;104m  [38;2;41;64;76m  [38;2;63;118;145m  [38;2;38;72;92m  [38;2;2;2;2m  [38;2;0;0;0m              
[38;2;0;0;0m  [38;2;10;10;16m  [38;2;50;102;132m  [38;2;52;114;145m██[38;2;65;125;153m██[38;2;66;125;154m  [38;2;40;40;40m  [38;2;0;0;7m  [38;2;29;55;71m  [38;2;55;115;146m  [38;2;51;112;142m  [38;2;48;104;132m  [38;2;65;124;152m████[38;2;69;127;154m██[38;2;68;126;154m██[38;2;65;124;151m██[38;2;55;116;147m██[38;2;52;109;138m  [38;2;0;79;79m  [38;2;0;0;0m              
[38;2;0;0;0m  [38;2;18;25;32m  [38;2;49;89;118m██[38;2;50;111;142m██[38;2;64;124;152m██[38;2;65;124;152m  [38;2;44;49;59m  [38;2;1;2;3m  [38;2;55;117;149m  [38;2;49;107;136m  [38;2;250;248;232m██[38;2;250;246;228m██[38;2;152;166;164m  [38;2;54;115;147m██[38;2;55;116;147m██[38;2;51;109;139m  [38;2;146;163;163m  [38;2;189;195;186m  [38;2;55;116;147m  [38;2;59;59;59m  [38;2;0;0;0m              
[38;2;0;0;0m  [38;2;20;27;37m  [38;2;48;85;114m██[38;2;51;110;141m██[38;2;55;117;147m██[38;2;65;125;152m██[38;2;57;110;138m  [38;2;38;64;82m  [38;2;50;114;145m██[38;2;248;245;229m  [38;2;166;164;155m██[38;2;253;251;235m██[38;2;250;245;228m██[38;2;243;241;227m  [38;2;221;222;208m  [38;2;249;245;228m██[38;2;250;246;228m██[38;2;248;244;226m██[38;2;60;114;140m  [38;2;109;109;220m  [38;2;0;0;0m              
[38;2;0;0;0m  [38;2;20;28;39m  [38;2;48;85;114m██[38;2;51;109;140m██[38;2;51;112;143m██[38;2;54;115;146m██[38;2;54;115;145m██[38;2;48;89;115m  [38;2;148;159;159m  [38;2;250;245;228m██[38;2;182;182;179m██[38;2;253;255;255m██[38;2;175;176;174m██[38;2;249;246;229m██[38;2;250;246;229m██[38;2;217;214;198m██[38;2;179;178;170m██[38;2;178;181;181m██[38;2;207;210;199m  [38;2;3;3;4m  [38;2;0;0;0m        [38;2;19;19;39m  [38;2;53;53;53m  [38;2;77;77;77m  
[38;2;0;0;0m  [38;2;19;26;35m  [38;2;48;84;113m██[38;2;50;104;134m██[38;2;51;110;142m██[38;2;51;114;145m██[38;2;52;115;145m██[38;2;44;77;101m██[38;2;226;220;204m  [38;2;250;245;228m██[38;2;250;246;229m██[38;2;225;222;207m  [38;2;253;251;234m██[38;2;249;244;227m██[38;2;250;245;229m██[38;2;241;238;222m██[38;2;181;181;176m██[38;2;216;213;199m██[38;2;251;249;232m  [38;2;1;2;3m  [38;2;0;0;0m    [38;2;45;45;90m  [38;2;22;24;28m  [38;2;61;110;134m  [38;2;64;120;147m  [38;2;139;144;144m  
[38;2;0;0;0m  [38;2;18;22;30m  [38;2;47;81;109m██[38;2;49;92;122m██[38;2;51;109;141m██[38;2;51;109;142m██[38;2;51;111;142m██[38;2;37;65;87m  [38;2;223;218;203m██[38;2;223;219;204m██[38;2;210;201;190m  [38;2;181;123;137m██[38;2;186;128;142m██[38;2;159;105;120m  [38;2;144;110;117m  [38;2;147;116;121m  [38;2;134;119;118m  [38;2;250;244;228m██[38;2;249;245;228m  [38;2;5;5;5m  [38;2;0;2;2m  [38;2;2;4;4m  [38;2;88;141;168m  [38;2;65;124;152m  [38;2;65;125;153m██[38;2;57;118;148m██[38;2;56;116;146m  
[38;2;0;0;0m  [38;2;14;11;17m  [38;2;46;75;103m  [38;2;48;86;115m██[38;2;51;110;141m██[38;2;52;109;142m████[38;2;32;49;67m  [38;2;223;218;203m██[38;2;218;214;202m██[38;2;151;125;129m  [38;2;195;132;147m██████[38;2;195;131;147m██[38;2;191;129;144m██[38;2;134;91;104m██[38;2;254;251;233m  [38;2;252;247;230m  [38;2;4;5;5m  [38;2;50;82;98m  [38;2;90;141;167m  [38;2;91;141;167m██[38;2;65;124;152m██[38;2;62;122;150m██[38;2;52;115;146m██[38;2;46;85;111m  
[38;2;0;0;0m  [38;2;28;42;42m  [38;2;47;74;103m  [38;2;48;85;114m██[38;2;50;107;138m██[38;2;52;109;142m██[38;2;51;108;140m██[38;2;46;83;109m  [38;2;224;218;204m  [38;2;218;214;203m██[38;2;209;206;195m  [38;2;237;160;173m██[38;2;232;157;170m████[38;2;233;156;170m██[38;2;231;156;168m██[38;2;144;114;123m██[38;2;222;217;203m  [38;2;224;220;207m  [38;2;54;114;144m  [38;2;62;122;151m  [38;2;88;139;165m██[38;2;64;123;151m██[38;2;54;116;147m██[38;2;51;114;145m  [38;2;48;90;119m  [38;2;5;6;9m  
[38;2;0;0;0m  [38;2;0;20;20m  [38;2;48;77;106m  [38;2;48;83;112m██[38;2;49;92;122m██[38;2;51;108;141m██[38;2;49;97;127m██[38;2;64;91;108m  [38;2;213;208;195m██[38;2;218;214;202m████[38;2;219;217;205m  [38;2;155;119;127m  [38;2;182;123;138m  [38;2;194;130;145m██[38;2;209;142;155m  [38;2;213;209;198m  [38;2;217;213;202m██[38;2;100;120;129m██[38;2;54;115;146m██[38;2;54;116;146m██[38;2;54;115;146m██[38;2;51;114;144m  [38;2;51;110;142m██[38;2;48;88;117m  [38;2;26;36;47m  [38;2;0;0;0m  
[38;2;0;0;0m    [38;2;35;48;67m  [38;2;47;78;106m██[38;2;46;82;110m██[38;2;49;97;127m██[38;2;41;88;117m  [38;2;238;233;216m██[38;2;248;243;226m██[38;2;250;245;227m██[38;2;249;244;227m██  [38;2;246;241;225m  [38;2;246;241;224m  [38;2;239;235;218m  [38;2;229;224;209m  [38;2;219;215;202m██[38;2;213;208;199m  [38;2;146;152;152m  [38;2;51;113;145m████[38;2;51;112;143m██[38;2;51;110;142m██[38;2;48;88;117m██[38;2;40;64;88m  [38;2;0;12;12m  [38;2;0;0;0m  
[38;2;0;0;0m    [38;2;0;0;6m  [38;2;44;70;96m  [38;2;46;80;107m██[38;2;50;97;126m██[38;2;225;226;215m██[38;2;250;245;228m██[38;2;250;246;229m██[38;2;246;241;224m████[38;2;245;240;225m  [38;2;248;243;227m██[38;2;250;245;228m████[38;2;248;243;227m  [38;2;246;241;224m██[38;2;242;238;222m  [38;2;228;225;209m██[38;2;58;86;105m  [38;2;52;110;143m██[38;2;51;108;140m██[38;2;48;87;116m  [38;2;45;76;102m  [38;2;0;57;57m  [38;2;0;0;0m    
[38;2;0;0;0m    [38;2;29;33;42m  [38;2;47;74;103m  [38;2;48;84;113m██[38;2;64;89;109m██[38;2;250;245;228m██[38;2;250;246;228m██[38;2;250;246;229m██[38;2;247;242;227m██[38;2;246;240;224m██[38;2;245;240;223m  [38;2;246;241;224m████[38;2;245;241;224m██[38;2;244;240;223m  [38;2;246;241;224m██[38;2;251;246;229m██[38;2;250;245;228m██[38;2;251;248;231m██[38;2;40;84;111m██[38;2;49;88;118m██[38;2;45;77;104m  [38;2;0;31;31m  [38;2;0;0;0m      
[38;2;0;0;0m  [38;2;0;37;37m  [38;2;47;77;106m  [38;2;47;74;103m██[38;2;51;85;115m██[38;2;205;199;189m██[38;2;251;246;229m██[38;2;250;245;228m██[38;2;251;246;228m██[38;2;250;246;228m██[38;2;247;242;226m██[38;2;246;241;224m████████[38;2;246;241;223m  [38;2;250;245;228m  [38;2;251;246;229m██[38;2;251;246;228m██[38;2;250;246;229m██[38;2;176;184;179m  [38;2;41;68;90m  [38;2;0;47;47m  [38;2;0;0;0m        
[38;2;0;0;5m  [38;2;26;36;50m  [38;2;47;73;102m██[38;2;47;77;105m██[38;2;41;71;98m  [38;2;200;196;187m██[38;2;251;246;229m██[38;2;249;244;227m██[38;2;250;246;229m██████[38;2;249;244;227m██[38;2;246;241;225m██████[38;2;250;245;228m██[38;2;251;246;229m██[38;2;250;246;229m██[38;2;250;245;228m██[38;2;250;246;229m██[38;2;250;247;231m  [38;2;5;9;18m  [38;2;0;0;0m          
[38;2;0;35;35m  [38;2;46;72;99m  [38;2;47;74;103m██[38;2;48;83;112m██[38;2;146;148;147m  [38;2;222;218;205m██[38;2;251;246;229m██[38;2;250;246;229m██[38;2;250;246;228m██[38;2;251;246;229m██[38;2;251;245;229m██[38;2;250;246;229m██[38;2;251;246;229m██[38;2;250;245;228m████[38;2;250;246;229m██████[38;2;250;245;228m██[38;2;251;246;229m██[38;2;250;246;228m██[38;2;74;75;76m  [38;2;0;0;0m          
[38;2;6;7;10m  [38;2;47;74;102m  [38;2;47;79;107m██[38;2;50;85;115m██[38;2;200;197;187m  [38;2;251;246;229m██[38;2;250;245;228m  [38;2;250;246;228m  [38;2;251;246;229m██[38;2;251;247;228m██[38;2;250;246;228m  [38;2;251;246;229m██[38;2;250;246;228m██[38;2;251;246;228m████[38;2;251;246;229m██[38;2;250;246;229m██[38;2;251;246;228m██[38;2;251;246;229m██[38;2;251;247;229m██[38;2;250;248;227m██[38;2;214;210;198m  [38;2;11;11;11m  [38;2;0;0;0m        
[38;2;23;19;37m  [38;2;47;77;105m  [38;2;48;85;115m██[38;2;79;100;118m██[38;2;247;243;226m  [38;2;194;196;192m  [38;2;248;243;228m  [38;2;250;246;227m  [38;2;250;246;229m████[38;2;250;246;227m  [38;2;250;248;227m██  [38;2;250;248;228m██[38;2;251;249;231m██[38;2;251;248;232m██[38;2;250;248;231m  [38;2;250;248;230m  [38;2;250;247;228m██[38;2;250;247;229m██[38;2;250;248;227m██[38;2;251;248;230m  [38;2;133;133;105m  [38;2;0;0;0m        
[38;2;77;74;78m  [38;2;82;96;113m██[38;2;75;86;101m██[38;2;198;202;203m  [38;2;186;183;174m  [38;2;247;251;250m  [38;2;250;245;228m  [38;2;251;246;229m██[38;2;251;247;229m██[38;2;250;246;228m    [38;2;251;247;228m██[38;2;251;248;227m██[38;2;250;248;229m██[38;2;250;248;232m██[38;2;251;249;230m██[38;2;250;248;229m  [38;2;250;247;228m  [38;2;251;247;228m██[38;2;251;247;229m██[38;2;251;247;228m██[38;2;253;252;237m  [38;2;208;208;208m  [38;2;0;0;0m        
[38;2;143;144;146m  [38;2;155;152;158m██[38;2;149;143;142m██[38;2;185;180;173m██[38;2;219;215;202m██[38;2;243;239;223m██[38;2;204;202;192m██[38;2;250;245;229m██[38;2;249;244;228m  [38;2;250;246;229m  [38;2;250;245;227m  [38;2;250;246;229m████[38;2;251;247;229m██[38;2;250;246;229m████[38;2;250;246;228m      [38;2;250;246;229m████[38;2;254;251;234m  [38;2;177;129;129m  [38;2;0;0;0m        
[38;2;126;122;119m  [38;2;197;192;184m██[38;2;193;188;180m██[38;2;130;125;120m██[38;2;178;173;166m██[38;2;238;233;217m██[38;2;252;248;231m██[38;2;253;251;234m██[38;2;251;246;229m██[38;2;250;244;228m  [38;2;249;245;229m  [38;2;250;246;229m██[38;2;251;247;228m  [38;2;250;246;227m  [38;2;250;247;229m██[38;2;250;246;229m██[38;2;250;246;228m    [38;2;249;245;228m  [38;2;250;245;228m  [38;2;250;246;229m██[38;2;228;225;209m  [38;2;80;80;80m  [38;2;0;0;0m        
[38;2;200;195;187m  [38;2;146;142;136m██[38;2;91;82;76m██[38;2;91;81;76m██[38;2;90;81;76m██[38;2;95;89;84m██[38;2;197;193;184m██[38;2;195;191;178m██[38;2;250;245;228m██  [38;2;250;244;227m      [38;2;250;245;228m  [38;2;251;246;228m██[38;2;250;245;228m      [38;2;249;244;229m  [38;2;251;245;228m  [38;2;233;229;214m  [38;2;149;145;140m  [38;2;0;0;0m          
[38;2;198;194;184m  [38;2;85;78;72m██[38;2;82;75;71m██[38;2;80;73;71m████[38;2;81;74;71m██[38;2;195;191;183m██[38;2;200;195;187m██[38;2;199;195;186m██[38;2;220;215;203m██[38;2;245;240;224m██[38;2;250;245;228m  [38;2;250;246;229m██[38;2;250;245;228m  [38;2;251;246;229m██[38;2;249;244;228m  [38;2;251;246;229m  [38;2;247;243;226m  [38;2;224;220;206m  [38;2;200;195;187m██[38;2;196;191;183m  [38;2;50;49;48m  [38;2;0;0;0m          
[38;2;205;200;191m  [38;2;76;70;68m██[38;2;80;73;71m██████[38;2;80;72;70m██[38;2;171;167;164m██[38;2;194;189;182m██[38;2;199;194;185m██[38;2;196;191;183m  [38;2;194;190;181m  [38;2;197;192;184m  [38;2;197;193;184m  [38;2;201;197;187m  [38;2;203;200;190m██[38;2;201;197;188m██[38;2;200;195;187m██[38;2;198;193;185m  [38;2;197;192;184m████[38;2;198;193;185m  [38;2;185;185;185m  [38;2;0;0;0m          
[38;2;78;77;75m  [38;2;153;150;147m  [38;2;80;73;71m██████[38;2;82;76;75m██[38;2;172;168;165m██[38;2;114;112;115m  [38;2;179;174;171m██[38;2;196;191;183m██[38;2;197;192;184m██████████████[38;2;197;191;184m██[38;2;197;192;183m██[38;2;196;192;184m██[38;2;159;154;149m  [38;2;33;33;33m  [38;2;0;0;0m          
[38;2;36;36;36m  [38;2;98;95;95m  [38;2;174;169;167m  [38;2;139;134;133m██[38;2;159;155;153m██[38;2;172;168;165m██[38;2;163;159;156m██[38;2;47;74;103m██[38;2;46;72;99m  [38;2;129;128;131m  [38;2;187;183;177m██[38;2;197;192;184m██[38;2;197;191;184m██[38;2;197;192;184m██[38;2;197;191;184m██[38;2;197;192;184m████[38;2;196;192;184m██[38;2;196;191;183m██[38;2;202;196;186m  [38;2;21;21;44m  [38;2;0;0;0m            
[38;2;0;0;0m    [38;2;14;14;14m  [38;2;95;91;91m  [38;2;110;107;107m  [38;2;65;61;64m  [38;2;38;53;73m  [38;2;46;73;103m  [38;2;46;73;102m  [38;2;47;73;101m  [38;2;45;73;102m  [38;2;70;81;97m██[38;2;165;161;159m██[38;2;175;171;167m██[38;2;176;172;168m████[38;2;175;170;167m██[38;2;148;146;146m██[38;2;48;65;88m  [38;2;29;30;40m  [38;2;0;0;0m              
[38;2;0;0;0m        [38;2;8;8;8m  [38;2;0;0;0m  [38;2;0;0;23m  [38;2;0;49;49m  [38;2;13;15;21m  [38;2;39;55;77m  [38;2;46;70;97m  [38;2;46;74;102m  [38;2;48;76;103m██[38;2;47;74;102m██[38;2;46;73;101m██[38;2;46;74;102m██[38;2;48;75;103m██[38;2;45;71;99m  [38;2;19;24;30m  [38;2;0;1;1m  [38;2;0;0;0m              
[38;2;0;0;0m                  [38;2;0;0;1m  [38;2;17;17;86m  [38;2;148;145;143m  [38;2;182;177;173m  [38;2;153;149;154m  [38;2;126;126;128m  [38;2;126;123;124m  [38;2;174;169;165m██[38;2;134;130;129m  [38;2;38;38;38m  [38;2;0;0;0m                
[38;2;0;0;0m                      [38;2;47;47;47m  [38;2;76;72;77m  [38;2;168;166;172m  [38;2;121;118;123m  [38;2;156;152;159m██[38;2;124;118;122m  [38;2;150;149;154m  [38;2;63;63;63m  [38;2;0;0;0m                
[38;2;0;0;0m                        [38;2;20;2;20m  [38;2;105;53;104m  [38;2;37;30;38m  [38;2;121;115;123m  [38;2;150;147;153m  [38;2;167;166;171m  [38;2;58;56;58m  [38;2;0;0;0m                [0m
