
[38;2;0;0;0m                        [38;2;39;11;15m  [38;2;170;57;71m  [38;2;121;40;51m  [38;2;37;12;15m  [38;2;122;36;47m  [38;2;134;42;54m  [38;2;137;44;56m████[38;2;133;41;55m  [38;2;105;30;40m  [38;2;42;13;17m  [38;2;22;7;9m  [38;2;1;0;0m  [38;2;0;0;0m    [38;2;11;2;4m  [38;2;9;2;3m  [38;2;0;0;0m      
[38;2;0;0;0m                      [38;2;80;25;32m  [38;2;118;39;50m  [38;2;166;55;70m  [38;2;170;56;71m██[38;2;165;55;69m██[38;2;169;56;71m██[38;2;179;60;75m██[38;2;185;62;78m████████[38;2;182;61;76m██[38;2;158;52;66m  [38;2;113;37;47m  [38;2;60;15;23m  [38;2;0;0;0m  [38;2;22;5;7m  [38;2;123;39;50m  [38;2;8;2;3m  [38;2;0;0;0m    
[38;2;0;0;0m      [38;2;2;0;1m  [38;2;6;2;2m  [38;2;0;0;0m        [38;2;27;8;10m  [38;2;149;47;61m  [38;2;187;62;79m██[38;2;184;62;78m████████████████[38;2;184;61;78m████[38;2;184;62;77m██[38;2;181;60;76m██[38;2;183;60;76m██[38;2;216;96;100m██[38;2;137;61;61m  [38;2;14;3;5m  [38;2;184;62;78m██[38;2;183;62;78m██[38;2;84;26;34m  [38;2;6;1;2m  
[38;2;0;0;0m    [38;2;15;4;6m  [38;2;56;20;26m  [38;2;76;25;33m  [38;2;0;0;0m      [38;2;57;18;23m  [38;2;168;55;70m██[38;2;185;62;78m██[38;2;184;61;78m██████[38;2;184;62;78m██[38;2;184;61;78m████[38;2;184;62;78m██[38;2;183;62;78m██[38;2;184;61;78m██[38;2;184;62;78m████[38;2;183;61;77m██[38;2;187;66;80m██[38;2;208;92;96m██[38;2;218;103;103m██[38;2;220;99;102m██[38;2;125;36;49m██[38;2;185;62;78m██[38;2;184;61;78m██[38;2;182;61;77m██[38;2;131;41;52m  
[38;2;0;0;0m  [38;2;28;12;15m  [38;2;52;21;26m  [38;2;90;36;44m██[38;2;92;33;42m██[38;2;0;0;0m    [38;2;38;12;15m  [38;2;170;55;71m  [38;2;182;61;77m██[38;2;181;61;76m██[38;2;184;62;78m██[38;2;182;61;77m██[38;2;183;61;77m██[38;2;183;62;78m████████[38;2;184;61;78m██[38;2;183;62;78m██[38;2;184;62;77m██[38;2;182;59;76m██[38;2;194;74;85m██[38;2;227;107;107m██[38;2;228;108;108m██[38;2;223;105;105m██[38;2;158;56;67m██[38;2;184;62;78m████[38;2;183;61;78m██[38;2;183;62;78m██[38;2;182;61;77m██
[38;2;36;16;20m  [38;2;53;25;30m██[38;2;53;23;29m██[38;2;88;35;44m██[38;2;124;45;57m██[38;2;24;7;10m  [38;2;0;0;0m  [38;2;186;87;87m██[38;2;225;104;105m██[38;2;201;84;91m██[38;2;191;72;84m██[38;2;186;65;80m██[38;2;176;57;74m██[38;2;183;60;77m██[38;2;183;61;77m██████[38;2;183;60;77m██[38;2;182;60;77m██[38;2;187;65;80m██[38;2;196;74;86m██[38;2;211;92;97m██[38;2;222;105;105m██[38;2;228;108;108m██[38;2;223;103;104m██[38;2;192;73;84m██[38;2;163;53;68m██[38;2;169;56;71m██[38;2;175;58;74m██[38;2;163;54;68m██[38;2;160;53;67m██[38;2;176;59;75m██
[38;2;50;25;30m██[38;2;44;20;24m██[38;2;65;28;35m██[38;2;91;36;45m██[38;2;130;47;59m██[38;2;100;32;42m  [38;2;105;32;43m  [38;2;200;79;89m██[38;2;225;106;106m██[38;2;219;103;103m██[38;2;226;107;107m██[38;2;224;104;105m██[38;2;208;92;96m██[38;2;206;85;93m██[38;2;199;79;88m██[38;2;196;76;86m██[38;2;198;78;88m██[38;2;205;85;92m██[38;2;216;95;100m██[38;2;224;104;105m██[38;2;227;107;107m██[38;2;228;108;108m██[38;2;215;102;102m██[38;2;217;98;101m██[38;2;189;67;81m██[38;2;183;61;77m██[38;2;181;61;76m██[38;2;163;54;68m██[38;2;167;55;70m██[38;2;149;49;62m██[38;2;58;13;19m  [38;2;63;17;23m  
[38;2;50;24;31m██[38;2;40;18;23m  [38;2;47;20;25m  [38;2;65;24;30m  [38;2;127;45;56m  [38;2;100;32;42m  [38;2;171;57;72m██[38;2;181;59;76m██[38;2;177;61;75m██[38;2;212;91;97m██[38;2;222;102;104m██[38;2;228;108;108m██[38;2;218;103;103m██[38;2;228;108;108m██[38;2;229;109;108m██████[38;2;229;108;108m██[38;2;225;106;106m██[38;2;228;108;108m██[38;2;227;107;107m██[38;2;219;100;102m██[38;2;204;83;92m██[38;2;170;54;71m██[38;2;183;61;78m██[38;2;184;62;78m██[38;2;177;59;74m██[38;2;174;58;73m██[38;2;181;61;76m██[38;2;185;62;79m██[38;2;102;33;42m  [38;2;0;0;0m  
[38;2;18;7;10m  [38;2;8;3;4m  [38;2;0;0;0m  [38;2;10;2;4m  [38;2;26;8;11m  [38;2;64;21;27m  [38;2;177;59;75m██[38;2;179;59;75m██[38;2;177;59;75m██[38;2;181;60;76m██[38;2;186;66;80m██[38;2;194;72;85m██[38;2;192;85;89m██[38;2;216;98;101m██[38;2;225;105;106m██[38;2;228;108;108m██[38;2;228;108;107m██[38;2;226;105;106m██[38;2;191;85;88m██[38;2;206;86;93m██[38;2;192;70;83m██[38;2;182;63;78m██[38;2;182;60;77m██[38;2;178;60;75m██[38;2;184;62;78m██[38;2;132;42;54m██[38;2;162;53;67m██[38;2;165;54;69m██[38;2;154;50;64m██[38;2;182;61;77m██[38;2;150;50;63m  [38;2;19;6;7m  
[38;2;0;0;0m        [38;2;9;12;14m  [38;2;91;29;38m██[38;2;171;58;73m██[38;2;177;59;75m████[38;2;181;60;77m████[38;2;182;57;76m██[38;2;169;79;87m██[38;2;171;55;71m██[38;2;180;58;76m██[38;2;180;57;75m████[38;2;183;58;76m██[38;2;135;42;56m██[38;2;184;61;78m██[38;2;183;61;78m██[38;2;178;59;75m██[38;2;182;61;76m██[38;2;174;58;73m██[38;2;145;47;60m██[38;2;171;57;72m██[38;2;143;46;59m██[38;2;146;48;60m██[38;2;160;53;67m██[38;2;180;61;77m██[38;2;176;59;75m██[38;2;45;14;18m  
[38;2;0;0;0m        [38;2;21;18;19m  [38;2;19;23;25m██[38;2;122;42;53m██[38;2;174;58;74m██[38;2;178;60;76m██[38;2;180;60;77m██[38;2;179;60;76m██[38;2;169;50;68m██[38;2;186;98;104m██[38;2;162;53;68m██[38;2;184;62;78m██[38;2;183;61;78m██[38;2;183;62;78m██[38;2;184;60;77m██[38;2;157;89;90m██[38;2;184;60;76m██[38;2;185;62;78m██[38;2;176;59;74m██[38;2;181;61;77m██[38;2;178;60;75m██[38;2;160;53;67m██[38;2;163;53;68m██[38;2;107;32;43m██[38;2;178;59;75m██[38;2;157;52;66m██[38;2;180;60;76m██[38;2;182;61;77m██[38;2;117;35;46m  
[38;2;0;0;0m  [38;2;1;0;0m  [38;2;0;0;0m    [38;2;4;15;15m  [38;2;73;25;31m██[38;2;156;53;66m██[38;2;168;56;71m██[38;2;178;59;76m██[38;2;180;60;77m██[38;2;170;54;71m██[38;2;162;85;88m██[38;2;186;99;105m██[38;2;149;53;65m██[38;2;184;61;78m██[38;2;183;61;77m████[38;2;183;59;76m██[38;2;172;101;100m██[38;2;128;38;51m██[38;2;138;44;57m██[38;2;166;55;70m██[38;2;170;56;72m██[38;2;183;62;78m██[38;2;146;47;60m██[38;2;179;59;76m██[38;2;54;17;22m██[38;2;131;42;54m██[38;2;98;29;39m██[38;2;178;59;75m██[38;2;181;61;77m██[38;2;153;50;64m██
[38;2;0;0;0m  [38;2;85;42;14m  [38;2;52;0;0m  [38;2;0;0;0m  [38;2;98;28;36m  [38;2;175;59;75m██[38;2;176;59;75m██[38;2;169;56;72m██[38;2;177;59;76m██[38;2;176;59;75m██[38;2;140;37;54m██[38;2;187;148;142m██[38;2;192;110;122m██[38;2;145;70;75m██[38;2;183;60;77m██[38;2;182;61;77m██[38;2;182;61;78m██[38;2;183;60;77m██[38;2;157;83;86m██[38;2;183;87;96m██[38;2;182;61;77m██[38;2;178;59;75m██[38;2;136;57;65m██[38;2;183;59;76m██[38;2;150;49;62m██[38;2;146;48;61m██[38;2;123;39;50m██[38;2;140;45;58m██[38;2;141;46;59m██[38;2;172;57;73m██[38;2;180;60;77m██[38;2;176;59;75m██
[38;2;0;0;0m  [38;2;144;108;43m  [38;2;149;106;44m  [38;2;0;0;0m  [38;2;116;36;46m  [38;2;173;58;75m██[38;2;174;58;74m██[38;2;170;56;72m██[38;2;176;59;75m██[38;2;173;60;77m██[38;2;151;45;65m██[38;2;251;235;227m██[38;2;215;170;169m██[38;2;149;96;93m██[38;2;182;58;76m██[38;2;181;60;77m██[38;2;182;60;77m████[38;2;161;42;65m██[38;2;187;99;107m██[38;2;181;60;76m██[38;2;181;59;76m██[38;2;172;95;97m██[38;2;166;72;81m██[38;2;180;59;76m██[38;2;116;36;47m██[38;2;146;47;60m██[38;2;177;59;75m██[38;2;147;48;62m██[38;2;160;53;67m██[38;2;178;60;76m██[38;2;180;60;76m██
[38;2;0;0;0m  [38;2;127;101;43m  [38;2;225;198;90m  [38;2;26;18;7m  [38;2;120;39;48m  [38;2;171;56;74m██[38;2;184;80;79m██[38;2;153;43;67m██[38;2;174;54;73m██[38;2;170;96;98m██[38;2;191;141;138m██[38;2;255;241;233m██[38;2;230;207;201m██[38;2;179;116;112m██[38;2;169;61;75m██[38;2;179;60;76m██[38;2;180;60;77m████[38;2;173;22;62m██[38;2;215;182;174m██[38;2;172;49;69m██[38;2;170;53;70m██[38;2;145;23;40m██[38;2;186;142;142m██[38;2;167;53;72m██[38;2;162;54;69m██[38;2;168;56;71m██[38;2;176;59;75m██[38;2;171;57;73m██[38;2;157;51;66m██[38;2;176;59;76m██[38;2;178;59;76m██
[38;2;23;8;0m  [38;2;198;159;67m  [38;2;253;231;107m██[38;2;167;141;61m  [38;2;118;11;48m  [38;2;169;56;73m██[38;2;177;66;76m██[38;2;136;40;62m██[38;2;124;22;43m██[38;2;76;43;35m██[38;2;44;33;33m██[38;2;59;56;55m██[38;2;205;190;184m██[38;2;154;68;74m██[38;2;187;104;107m██[38;2;177;56;74m██[38;2;178;60;76m████[38;2;179;38;69m██[38;2;219;201;195m██[38;2;39;14;18m██[38;2;74;66;65m██[38;2;146;115;111m██[38;2;145;134;129m██[38;2;59;38;40m██[38;2;70;17;21m██[38;2;151;50;63m██[38;2;174;58;75m██[38;2;167;55;71m██[38;2;154;51;66m██[38;2;174;58;75m██[38;2;171;57;73m██
[38;2;159;114;44m  [38;2;252;228;105m██[38;2;255;231;107m██[38;2;242;223;102m  [38;2;145;93;58m  [38;2;150;44;65m██[38;2;168;55;73m██[38;2;72;30;36m██[38;2;127;102;97m██[38;2;217;198;193m██[38;2;184;159;153m██[38;2;170;129;145m██[38;2;204;180;179m██[38;2;194;160;156m██[38;2;216;171;168m██[38;2;176;65;84m██[38;2;177;64;83m██[38;2;180;58;84m██[38;2;175;63;61m██[38;2;204;187;180m██[38;2;221;203;197m██[38;2;180;149;147m██[38;2;144;101;117m██[38;2;197;166;171m██[38;2;248;234;226m██[38;2;169;151;146m██[38;2;96;29;36m██[38;2;172;57;74m██[38;2;163;54;70m██[38;2;153;50;65m██[38;2;171;57;74m██[38;2;165;55;71m██
[38;2;90;65;26m  [38;2;226;183;80m  [38;2;253;231;107m██[38;2;137;122;54m  [38;2;128;28;54m  [38;2;164;54;72m██[38;2;162;41;69m██[38;2;126;95;94m██[38;2;244;229;220m██[38;2;115;49;78m██[38;2;175;112;79m██[38;2;157;59;100m██[38;2;161;85;125m██[38;2;247;231;223m██[38;2;251;231;223m██[38;2;237;214;208m██[38;2;233;211;204m██[38;2;239;221;213m██[38;2;252;233;225m██[38;2;243;227;219m██[38;2;138;51;99m██[38;2;174;82;91m██[38;2;187;133;89m██[38;2;126;12;89m██[38;2;205;173;178m██[38;2;228;192;188m██[38;2;150;32;49m██[38;2;167;56;73m██[38;2;159;53;69m██[38;2;151;49;65m██[38;2;168;51;70m██[38;2;162;40;63m██
[38;2;0;0;0m  [38;2;86;36;4m  [38;2;242;221;102m  [38;2;83;68;29m  [38;2;123;40;53m  [38;2;159;46;71m██[38;2;197;132;82m██[38;2;186;131;135m██[38;2;217;198;193m██[38;2;177;42;106m██[38;2;239;216;100m██[38;2;248;231;91m██[38;2;182;128;88m██[38;2;245;226;218m██[38;2;255;234;227m██[38;2;255;235;227m████[38;2;255;234;227m██[38;2;255;235;227m██[38;2;222;200;195m██[38;2;199;141;102m██[38;2;245;225;97m██[38;2;255;238;103m██[38;2;214;185;84m██[38;2;187;161;143m██[38;2;225;186;186m██[38;2;161;32;59m██[38;2;165;54;72m██[38;2;153;34;58m██[38;2;131;22;24m██[38;2;169;113;116m██[38;2;199;166;162m██
[38;2;0;0;0m    [38;2;153;79;34m  [38;2;87;61;23m  [38;2;120;23;51m  [38;2;157;50;70m██[38;2;156;44;69m██[38;2;169;62;80m██[38;2;225;206;200m██[38;2;199;99;107m██[38;2;244;206;115m██[38;2;247;216;119m██[38;2;192;94;121m██[38;2;246;222;219m██[38;2;255;234;227m██[38;2;255;235;227m████[38;2;255;234;227m██[38;2;255;235;227m██[38;2;233;214;207m██[38;2;195;80;122m██[38;2;236;185;128m██[38;2;248;219;118m██[38;2;203;100;130m██[38;2;205;156;170m██[38;2;203;165;163m██[38;2;155;45;64m██[38;2;160;43;66m██[38;2;205;165;162m██[38;2;254;236;228m██[38;2;250;236;227m██[38;2;204;137;148m██
[38;2;0;0;0m    [38;2;10;1;0m  [38;2;35;8;0m  [38;2;193;154;81m  [38;2;165;81;73m██[38;2;154;50;68m██[38;2;151;58;75m██[38;2;233;199;189m██[38;2;188;109;127m██[38;2;244;173;172m██[38;2;253;192;189m██[38;2;216;143;168m██[38;2;251;233;225m██[38;2;255;235;227m██████████[38;2;254;237;229m██[38;2;191;150;155m██[38;2;241;157;176m██[38;2;254;197;187m██[38;2;209;104;146m██[38;2;233;181;175m██[38;2;160;116;111m██[38;2;166;74;86m██[38;2;139;7;22m██[38;2;244;222;214m██[38;2;255;239;231m██[38;2;194;137;137m██[38;2;157;39;58m██
[38;2;0;0;0m      [38;2;40;6;13m  [38;2;174;102;75m  [38;2;161;71;71m██[38;2;151;49;67m██[38;2;148;51;68m██[38;2;202;141;132m██[38;2;252;188;176m██[38;2;239;174;171m██[38;2;236;172;168m██[38;2;248;226;218m██[38;2;255;235;227m██████[38;2;255;236;228m██[38;2;255;235;227m██████[38;2;255;238;230m██[38;2;240;196;191m██[38;2;236;167;166m██[38;2;242;179;169m██[38;2;239;178;165m██[38;2;229;161;153m██[38;2;137;28;46m██[38;2;200;162;157m██[38;2;247;233;224m██[38;2;155;127;123m██[38;2;142;30;41m██[38;2;156;51;69m██
[38;2;0;0;0m      [38;2;62;19;26m  [38;2;133;38;59m  [38;2;149;48;67m██[38;2;149;49;67m██[38;2;160;62;79m██[38;2;234;175;164m██[38;2;254;190;178m██[38;2;255;191;178m██[38;2;255;193;180m██[38;2;255;226;217m██[38;2;255;235;227m████[38;2;245;228;220m██[38;2;206;164;157m██[38;2;239;220;212m██[38;2;254;234;226m██[38;2;255;234;227m██[38;2;255;235;227m██[38;2;255;207;196m██[38;2;255;188;175m██[38;2;255;190;177m██[38;2;255;193;179m██[38;2;176;112;108m██[38;2;170;110;112m██[38;2;214;180;175m██[38;2;174;110;107m██[38;2;108;55;44m██[38;2;151;48;67m██[38;2;149;49;66m██
[38;2;0;0;0m    [38;2;2;0;0m  [38;2;89;29;39m  [38;2;130;42;58m██[38;2;147;48;67m██[38;2;146;48;66m██[38;2;153;60;76m██[38;2;233;174;163m██[38;2;255;189;177m██[38;2;255;191;178m██[38;2;255;199;187m██[38;2;255;233;225m██[38;2;255;235;227m██[38;2;250;231;223m██[38;2;205;166;159m██[38;2;248;170;163m██[38;2;209;138;131m██[38;2;240;223;215m██[38;2;255;235;227m██[38;2;255;234;227m██[38;2;255;223;214m██[38;2;255;195;182m██[38;2;255;190;177m██[38;2;242;181;169m██[38;2;215;165;155m██[38;2;223;178;175m██[38;2;139;13;19m██[38;2;145;28;60m██[38;2;150;105;67m██[38;2;151;42;67m██[38;2;138;45;61m██
[38;2;0;0;0m    [38;2;11;3;4m  [38;2;135;43;61m  [38;2;87;25;36m██[38;2;144;47;65m██[38;2;144;48;65m██[38;2;138;41;58m██[38;2;209;157;153m██[38;2;255;213;203m██[38;2;255;218;208m██[38;2;255;232;223m██[38;2;255;235;227m██[38;2;255;234;227m██[38;2;255;235;227m██[38;2;239;219;211m██[38;2;228;152;146m██[38;2;224;165;158m██[38;2;255;239;231m██[38;2;255;234;227m████[38;2;255;235;227m██[38;2;255;230;222m██[38;2;255;225;216m██[38;2;255;230;221m██[38;2;212;177;171m██[38;2;144;42;54m██[38;2;147;48;67m██[38;2;146;48;66m██[38;2;76;10;38m██[38;2;152;50;68m██[38;2;151;50;68m██
[38;2;0;0;0m    [38;2;94;28;41m██[38;2;113;36;50m  [38;2;2;0;1m  [38;2;131;43;59m██[38;2;143;47;65m██[38;2;143;46;65m██[38;2;124;35;54m██[38;2;210;186;180m██[38;2;246;230;222m██[38;2;255;236;228m██[38;2;255;235;227m██████[38;2;255;237;229m██[38;2;218;183;177m██[38;2;226;186;179m██[38;2;255;237;229m██[38;2;255;235;227m██████[38;2;251;233;225m██[38;2;229;211;205m██[38;2;149;119;121m██[38;2;118;12;18m██[38;2;146;47;66m██[38;2;144;45;65m██[38;2;137;36;62m██[38;2;148;119;59m██[38;2;148;38;67m██[38;2;152;52;68m██
[38;2;0;0;0m  [38;2;50;16;22m  [38;2;100;31;43m  [38;2;19;5;8m  [38;2;0;0;0m  [38;2;110;34;49m██[38;2;142;47;65m██[38;2;141;47;65m██[38;2;141;45;64m██[38;2;108;28;39m██[38;2;124;73;79m██[38;2;158;132;133m██[38;2;215;199;192m██[38;2;244;226;219m██[38;2;255;239;230m██[38;2;255;238;230m██[38;2;251;236;228m██[38;2;249;233;225m██[38;2;255;238;230m████[38;2;241;223;215m██[38;2;188;166;163m██[38;2;135;90;88m██[38;2;101;40;59m██[38;2;85;16;40m██[38;2;133;38;61m██[38;2;185;116;82m██[38;2;160;83;71m██[38;2;149;55;65m██[38;2;224;197;91m██[38;2;141;19;63m██[38;2;186;127;80m██
[38;2;16;4;6m  [38;2;26;7;10m  [38;2;0;0;0m      [38;2;79;23;37m  [38;2;141;47;65m██[38;2;141;46;65m██[38;2;132;42;60m██[38;2;133;43;62m██[38;2;89;27;47m██[38;2;92;18;46m██[38;2;81;0;16m██[38;2;56;0;1m██[38;2;61;26;27m██[38;2;119;106;102m██[38;2;151;139;134m██[38;2;160;146;141m██[38;2;141;130;125m██[38;2;51;46;44m██[38;2;0;0;0m██[38;2;33;5;16m██[38;2;94;26;49m██[38;2;93;21;50m██[38;2;86;26;46m██[38;2;145;47;66m██[38;2;138;19;64m██[38;2;132;9;61m██[38;2;201;174;83m██[38;2;255;236;108m██[38;2;141;40;53m██[38;2;141;28;60m██
[38;2;0;0;0m          [38;2;94;28;44m██[38;2;138;46;63m██[38;2;141;46;65m██[38;2;139;45;64m██[38;2;108;34;50m██[38;2;101;32;50m██[38;2;95;30;51m████[38;2;94;24;49m██[38;2;72;35;39m██[38;2;13;12;4m██[38;2;24;9;9m██[38;2;48;14;14m██[38;2;62;44;42m██[38;2;20;0;2m██[38;2;38;29;19m██[38;2;77;58;29m██[38;2;106;53;63m██[38;2;136;91;61m██[38;2;102;26;51m██[38;2;137;44;62m██[38;2;120;35;54m██[38;2;198;176;81m██[38;2;255;234;108m██[38;2;255;233;108m██[38;2;206;158;81m██[38;2;110;30;34m██
[38;2;0;0;0m          [38;2;96;29;46m██[38;2;133;44;62m██[38;2;141;46;65m████[38;2;103;32;49m██[38;2;108;33;51m██[38;2;87;27;47m██[38;2;95;28;50m██[38;2;71;3;38m██[38;2;224;175;165m██[38;2;137;101;81m██[38;2;127;88;48m██[38;2;135;32;56m██[38;2;132;99;48m██[38;2;166;121;67m██[38;2;127;91;48m██[38;2;166;119;106m██[38;2;233;181;171m██[38;2;101;62;73m██[38;2;125;34;57m██[38;2;91;28;44m██[38;2;145;46;66m██[38;2;131;20;59m██[38;2;242;221;101m██[38;2;246;220;99m██[38;2;150;56;59m██[38;2;56;15;15m  
[38;2;0;0;0m          [38;2;116;37;55m██[38;2;101;31;48m██[38;2;143;47;65m██[38;2;141;47;65m██[38;2;124;40;58m██[38;2;88;27;46m██[38;2;92;28;44m██[38;2;81;13;42m██[38;2;147;107;82m██[38;2;235;213;201m██[38;2;107;42;40m██[38;2;37;20;32m██[38;2;129;49;64m██[38;2;99;76;72m██[38;2;68;16;36m██[38;2;98;24;41m██[38;2;163;113;111m██[38;2;253;237;228m██[38;2;164;123;119m██[38;2;98;22;39m██[38;2;105;33;51m██[38;2;148;49;67m██[38;2;135;32;61m██[38;2;185;158;75m██[38;2;106;19;46m██[38;2;119;27;59m██[38;2;121;39;45m  
[38;2;0;0;0m        [38;2;46;9;16m  [38;2;129;42;62m██[38;2;69;19;36m██[38;2;126;40;57m██[38;2;143;47;66m██[38;2;137;45;63m██[38;2;97;30;49m██[38;2;94;29;50m██[38;2;78;18;42m██[38;2;122;82;48m██[38;2;160;119;83m██[38;2;85;31;36m██[38;2;96;20;42m██[38;2;217;7;74m██[38;2;14;24;28m██[38;2;90;32;39m██[38;2;96;36;43m██[38;2;135;71;78m██[38;2;182;154;133m██[38;2;116;69;48m██[38;2;85;23;46m██[38;2;125;40;56m██[38;2;149;50;67m██[38;2;88;26;44m██[38;2;101;42;46m██[38;2;130;88;62m██[38;2;137;74;64m██[38;2;126;39;54m██[0m
