
[38;2;114;131;168m    [38;2;27;54;115m  [38;2;105;192;241m██[38;2;175;239;254m██[38;2;138;211;243m██[38;2;29;54;109m██[38;2;6;13;70m██[38;2;16;30;83m██[38;2;187;188;202m  [38;2;135;88;88m  [38;2;152;122;125m  [38;2;65;116;169m██[38;2;106;192;241m██[38;2;101;189;240m██[38;2;42;98;159m██[38;2;230;233;239m  [38;2;183;191;210m  [38;2;16;51;114m  [38;2;40;90;150m██[38;2;69;91;140m  [38;2;43;69;125m  [38;2;58;82;134m  [38;2;71;92;139m  [38;2;188;194;211m  [38;2;183;190;208m            
[38;2;137;148;177m    [38;2;42;61;115m  [38;2;104;191;241m██[38;2;113;197;242m██[38;2;3;17;77m██[38;2;0;51;130m██[38;2;1;103;190m██[38;2;5;101;184m██[38;2;0;5;64m  [38;2;112;44;25m  [38;2;114;36;10m██[38;2;95;126;157m██[38;2;108;194;241m██[38;2;103;190;240m██[38;2;36;88;150m██[38;2;94;116;158m  [38;2;25;68;131m  [38;2;92;183;238m██[38;2;77;148;203m██[38;2;153;222;248m██[38;2;158;227;250m██[38;2;159;228;251m██[38;2;12;45;108m██[38;2;226;228;236m  [38;2;219;222;231m            
[38;2;224;227;234m    [38;2;217;220;229m  [38;2;11;32;93m  [38;2;71;133;185m██[38;2;0;47;124m██[38;2;0;62;143m██[38;2;0;101;189m██[38;2;0;102;189m██[38;2;0;21;89m██[38;2;200;151;84m██[38;2;159;85;33m██[38;2;45;52;94m██[38;2;45;125;188m██[38;2;48;130;194m██[38;2;10;58;125m██[38;2;65;141;201m██[38;2;79;169;228m██[38;2;83;173;232m██[38;2;88;180;236m██[38;2;107;193;242m██[38;2;124;205;244m██[38;2;145;222;250m██[38;2;22;53;114m  [38;2;196;203;218m              
[38;2;187;174;181m    [38;2;189;176;182m  [38;2;123;118;141m  [38;2;43;30;63m██[38;2;2;43;115m██[38;2;0;58;138m██[38;2;0;47;123m██[38;2;0;2;59m██[38;2;11;20;76m██[38;2;43;79;134m██[38;2;95;175;227m██[38;2;95;180;232m██[38;2;96;184;237m██[38;2;92;181;234m██[38;2;85;173;229m██[38;2;31;112;179m██[38;2;17;94;163m██[38;2;18;94;162m██[38;2;13;88;157m██[38;2;5;78;148m██[38;2;18;83;150m██[38;2;35;90;153m██[38;2;150;165;192m  [38;2;209;216;228m  [38;2;79;109;156m  [38;2;213;219;230m  [38;2;222;227;236m        
[38;2;216;211;215m    [38;2;194;183;189m  [38;2;181;120;63m██[38;2;254;213;115m██[38;2;79;31;33m██[38;2;3;6;60m██[38;2;60;116;170m██[38;2;99;192;245m██[38;2;96;185;239m██[38;2;94;184;239m██[38;2;91;182;238m██[38;2;102;190;240m██[38;2;126;206;245m██[38;2;138;214;247m██[38;2;137;213;247m██[38;2;132;210;246m██[38;2;124;205;245m██[38;2;115;198;242m██[38;2;108;193;241m██[38;2;101;189;240m██[38;2;98;189;244m██[38;2;41;98;160m██[38;2;17;52;116m  [38;2;191;202;219m  [38;2;67;98;149m  [38;2;211;218;229m  [38;2;222;227;235m        
[38;2;192;181;187m    [38;2;175;161;169m  [38;2;167;90;34m██[38;2;80;45;49m██[38;2;30;68;127m██[38;2;88;181;239m██[38;2;88;180;237m██[38;2;87;180;236m██[38;2;85;178;236m██[38;2;86;179;237m██[38;2;152;224;250m██[38;2;162;231;252m████[38;2;161;230;252m██[38;2;161;229;252m██████[38;2;160;229;252m██[38;2;159;228;252m██[38;2;155;225;250m██[38;2;141;215;247m██[38;2;112;197;242m██[38;2;99;188;240m██[38;2;14;58;125m  [38;2;69;100;150m  [38;2;211;218;229m  [38;2;222;227;235m        
[38;2;229;235;244m    [38;2;179;193;214m  [38;2;44;54;101m  [38;2;63;143;205m██[38;2;78;174;235m██[38;2;82;176;236m██[38;2;133;211;246m██[38;2;163;230;252m██[38;2;160;229;251m██[38;2;161;230;251m██[38;2;166;233;253m████[38;2;165;233;253m██[38;2;164;232;253m████[38;2;164;231;253m██[38;2;164;232;253m████[38;2;165;232;253m██[38;2;167;233;253m██[38;2;166;233;253m██[38;2;168;234;253m██[38;2;161;230;252m██[38;2;106;193;242m██[38;2;20;69;136m██[38;2;160;175;200m  [38;2;223;227;236m  [38;2;221;226;235m      
[38;2;200;210;224m  [38;2;201;211;225m  [38;2;28;63;123m  [38;2;70;167;233m██[38;2;71;168;233m██[38;2;126;206;245m██[38;2;172;237;254m██[38;2;174;239;255m██[38;2;173;237;254m██[38;2;171;237;254m██[38;2;171;236;254m██[38;2;169;235;254m████[38;2;168;235;253m████[38;2;171;235;253m██[38;2;167;234;253m████[38;2;167;235;254m██[38;2;169;235;254m██[38;2;200;246;255m██[38;2;203;248;255m██[38;2;170;236;254m██[38;2;171;237;254m██[38;2;168;235;253m██[38;2;111;197;242m██[38;2;12;57;126m  [38;2;181;192;211m  [38;2;200;208;221m      
[38;2;133;155;189m  [38;2;88;118;165m  [38;2;47;132;201m██[38;2;67;166;233m██[38;2;170;235;253m██[38;2;175;239;255m██[38;2;176;240;255m██[38;2;175;239;255m██[38;2;180;240;255m██[38;2;186;242;254m██[38;2;172;237;254m██[38;2;200;247;254m██[38;2;174;237;254m██[38;2;171;237;254m██[38;2;171;236;254m██[38;2;187;243;255m██[38;2;208;249;255m██[38;2;213;251;255m████[38;2;214;251;255m██[38;2;200;247;255m██[38;2;213;251;255m██[38;2;210;250;255m██[38;2;205;249;255m██[38;2;210;250;255m██[38;2;192;243;254m██[38;2;101;191;242m██[38;2;9;47;114m  [38;2;194;203;219m  [38;2;190;199;216m    
[38;2;144;164;195m  [38;2;15;62;130m  [38;2;61;163;233m██[38;2;170;235;253m██[38;2;178;241;255m██[38;2;177;241;255m██[38;2;177;240;255m██[38;2;176;240;255m██[38;2;204;248;255m██[38;2;203;248;255m██[38;2;208;249;255m██[38;2;201;248;255m██[38;2;186;243;255m██[38;2;174;239;255m████[38;2;183;241;255m██[38;2;214;252;255m██[38;2;193;246;255m██[38;2;182;242;255m██[38;2;184;242;255m██[38;2;194;246;255m██[38;2;213;251;255m██[38;2;192;246;255m██[38;2;176;241;255m████[38;2;185;243;255m██[38;2;161;229;252m██[38;2;52;145;217m██[38;2;91;113;159m  [38;2;137;154;185m    
[38;2;75;108;159m  [38;2;45;135;206m██[38;2;134;211;246m██[38;2;178;241;255m██████[38;2;177;241;255m██[38;2;178;241;255m██[38;2;215;253;255m██[38;2;214;252;255m██[38;2;209;250;255m██[38;2;213;251;255m██[38;2;185;242;255m██[38;2;176;240;255m████[38;2;177;240;255m██[38;2;165;231;251m██[38;2;176;240;255m████[38;2;177;241;255m██████[38;2;178;241;255m██[38;2;178;242;255m██████[38;2;174;238;255m██[38;2;69;168;234m██[38;2;12;57;127m  [38;2;146;162;191m    
[38;2;12;59;129m  [38;2;57;160;232m██[38;2;176;240;254m██[38;2;196;242;253m██[38;2;179;241;255m██[38;2;179;242;255m████[38;2;193;246;255m██[38;2;201;248;255m██[38;2;178;241;255m████[38;2;178;240;253m██[38;2;171;232;250m██[38;2;179;238;252m██[38;2;179;239;252m██[38;2;180;239;252m██[38;2;109;189;235m██[38;2;178;239;253m██[38;2;179;241;255m██[38;2;178;241;255m██[38;2;179;241;255m██[38;2;179;242;255m██[38;2;169;234;253m██[38;2;179;242;255m██████[38;2;176;240;255m██[38;2;74;171;235m██[38;2;58;147;214m██[38;2;117;139;177m  [38;2;139;157;189m  
[38;2;16;75;145m██[38;2;73;169;234m██[38;2;148;199;229m██[38;2;241;246;250m██[38;2;233;251;255m██[38;2;179;242;255m████████[38;2;179;241;255m██[38;2;180;240;253m██[38;2;182;238;250m██[38;2;97;170;216m██[38;2;184;235;246m██[38;2;182;233;245m██[38;2;122;194;233m██[38;2;80;167;226m██[38;2;85;172;229m██[38;2;117;193;237m██[38;2;121;198;239m██[38;2;94;181;235m██[38;2;73;167;231m██[38;2;72;167;231m██[38;2;92;182;236m██[38;2;113;196;242m██[38;2;165;232;252m██[38;2;145;219;249m██[38;2;74;172;236m██[38;2;81;178;239m██[38;2;68;101;153m  [38;2;108;133;175m  
[38;2;33;113;184m██[38;2;89;180;237m██[38;2;91;127;186m██[38;2;253;255;255m██[38;2;249;254;255m██[38;2;179;242;255m██████[38;2;179;241;255m██[38;2;180;239;251m██[38;2;178;233;247m██[38;2;89;169;224m██[38;2;56;133;193m██[38;2;97;167;217m██[38;2;102;169;216m██[38;2;104;171;217m██[38;2;78;147;201m██[38;2;102;172;221m██[38;2;99;173;223m██[38;2;96;174;225m██[38;2;94;174;226m██[38;2;93;174;226m██[38;2;91;173;228m██[38;2;89;173;228m██[38;2;85;173;231m██[38;2;84;174;232m██[38;2;84;176;235m██[38;2;86;179;237m██[38;2;91;185;241m██[38;2;17;60;127m  [38;2;172;188;211m  
[38;2;49;145;219m██[38;2;113;197;243m██[38;2;103;137;191m██[38;2;248;252;254m██[38;2;166;197;225m██[38;2;150;209;235m██[38;2;179;243;254m██[38;2;179;240;254m██[38;2;170;229;246m██[38;2;177;229;243m██[38;2;98;168;219m██[38;2;110;170;213m██[38;2;112;163;202m██[38;2;131;174;207m██[38;2;135;175;206m██[38;2;137;177;206m██[38;2;40;103;161m██[38;2;131;178;210m██[38;2;127;179;213m██[38;2;123;179;216m██[38;2;121;180;218m██[38;2;109;171;212m██[38;2;121;181;220m██[38;2;91;156;204m██[38;2;116;181;223m██[38;2;73;142;196m██[38;2;104;183;231m██[38;2;101;186;236m██[38;2;100;188;240m██[38;2;9;55;124m██[38;2;119;145;184m  
[38;2;54;153;229m██[38;2;132;210;247m██[38;2;94;141;194m██[38;2;78;115;179m██[38;2;177;237;249m██[38;2;94;128;186m██[38;2;126;170;211m██[38;2;181;238;250m██[38;2;127;184;215m██[38;2;115;173;214m██[38;2;133;175;206m██[38;2;74;110;155m██[38;2;160;180;197m██[38;2;165;179;193m██[38;2;170;180;192m██[38;2;117;127;153m██[38;2;107;99;118m██[38;2;163;182;197m██[38;2;158;181;200m██[38;2;154;183;203m██[38;2;152;183;204m██[38;2;114;153;188m██[38;2;160;187;205m██[38;2;115;150;183m██[38;2;157;188;207m██[38;2;112;151;187m██[38;2;131;188;222m██[38;2;119;191;231m██[38;2;110;192;238m██[38;2;21;68;135m██[38;2;174;189;211m  
[38;2;55;158;235m██[38;2;142;217;249m██[38;2;177;241;255m██[38;2;178;242;255m██[38;2;101;140;194m██[38;2;250;252;253m██[38;2;110;142;194m██[38;2;184;234;244m██[38;2;112;159;195m██[38;2;142;175;202m██[38;2;144;160;181m██[38;2;157;162;176m██[38;2;184;182;185m██[38;2;190;183;183m██[38;2;157;133;141m██[38;2;162;96;90m██[38;2;181;116;102m██[38;2;188;183;184m██[38;2;184;181;186m██[38;2;181;182;188m██[38;2;180;183;189m██[38;2;135;145;166m██[38;2;189;189;191m██[38;2;190;187;190m██[38;2;139;140;160m██[38;2;174;191;202m██[38;2;86;88;128m██[38;2;138;195;227m██[38;2;118;193;234m██[38;2;70;135;191m██[38;2;198;208;224m  
[38;2;54;158;235m██[38;2;144;219;249m██[38;2;176;240;255m██[38;2;176;242;255m██[38;2;109;141;193m██[38;2;246;252;254m██[38;2;203;222;238m██[38;2;161;201;222m██[38;2;116;142;176m██[38;2;148;155;176m██[38;2;136;126;144m██[38;2;116;90;98m██[38;2;69;28;35m██[38;2;76;27;38m██[38;2;156;82;76m██[38;2;226;152;142m██[38;2;218;144;136m██[38;2;156;132;140m██[38;2;203;180;173m██[38;2;179;166;169m██[38;2;202;181;175m██[38;2;138;116;134m██[38;2;222;165;144m██[38;2;85;56;65m██[38;2;47;7;13m██[38;2;38;5;13m██[38;2;94;83;106m██[38;2;65;68;113m██[38;2;112;176;218m██[38;2;106;189;237m██[38;2;44;80;139m  
[38;2;52;153;232m██[38;2;134;211;248m██[38;2;174;239;255m██[38;2;165;219;242m██[38;2;188;215;237m██[38;2;228;244;252m██[38;2;237;248;252m██[38;2;127;162;202m██[38;2;87;65;101m██[38;2;85;4;8m██[38;2;55;0;1m██[38;2;36;0;0m██[38;2;58;33;37m██[38;2;69;35;40m██[38;2;60;3;3m██[38;2;127;56;58m██[38;2;223;143;136m██[38;2;106;64;85m██[38;2;215;180;166m██[38;2;182;153;152m██[38;2;207;176;166m██[38;2;134;84;96m██[38;2;99;40;51m██[38;2;80;23;25m██[38;2;126;97;105m██[38;2;87;61;67m██[38;2;39;2;3m██[38;2;74;6;9m██[38;2;54;83;137m██[38;2;29;57;117m██[38;2;20;69;137m  
[38;2;49;146;225m██[38;2;110;194;244m██[38;2;171;237;255m██[38;2;151;217;246m██[38;2;174;204;231m██[38;2;202;233;249m██[38;2;235;241;247m██[38;2;141;175;208m██[38;2;181;108;91m██[38;2;102;10;9m██[38;2;118;56;65m██[38;2;208;198;224m██[38;2;209;198;224m██[38;2;203;191;216m██[38;2;200;185;212m██[38;2;136;62;72m██[38;2;207;124;120m██[38;2;200;120;119m██[38;2;176;126;123m██[38;2;199;158;149m██[38;2;124;75;93m██[38;2;221;140;131m██[38;2;171;117;127m██[38;2;206;195;222m██[38;2;206;196;223m██[38;2;175;154;177m██[38;2;200;188;221m██[38;2;93;16;24m██[38;2;157;182;213m██[38;2;19;46;109m  [38;2;85;114;161m  
[38;2;42;133;211m██[38;2;68;164;237m██[38;2;166;234;255m██[38;2;108;192;244m██[38;2;83;134;194m██[38;2;76;116;180m██[38;2;68;111;177m██[38;2;189;218;226m██[38;2;171;105;94m██[38;2;232;165;146m██[38;2;255;255;255m████[38;2;244;240;239m██[38;2;60;5;7m██[38;2;82;35;37m██[38;2;252;251;251m██[38;2;233;161;168m██[38;2;216;128;126m██[38;2;184;100;104m██[38;2;140;78;85m██[38;2;142;66;73m██[38;2;232;163;167m██[38;2;243;222;220m██[38;2;234;230;241m██[38;2;119;86;96m██[38;2;45;14;19m██[38;2;119;89;100m██[38;2;154;109;124m██[38;2;160;191;221m██[38;2;15;46;109m██[38;2;150;167;195m  
[38;2;20;80;154m██[38;2;53;152;234m██[38;2;157;228;254m██[38;2;59;154;234m██[38;2;140;211;246m██[38;2;171;227;245m██[38;2;177;222;236m██[38;2;171;203;217m██[38;2;168;113;104m██[38;2;231;165;143m██[38;2;255;255;255m████[38;2;200;180;183m██[38;2;76;97;134m██[38;2;95;107;135m██[38;2;176;148;151m██[38;2;231;157;168m██[38;2;230;155;167m██[38;2;228;148;163m██[38;2;216;124;131m██[38;2;213;120;123m██[38;2;231;157;168m██[38;2;244;209;213m██[38;2;255;255;255m██[38;2;105;96;115m██[38;2;83;150;203m██[38;2;112;76;88m██[38;2;139;82;93m██[38;2;164;209;241m██[38;2;23;49;110m██[38;2;79;107;154m  
[38;2;12;54;123m  [38;2;57;154;235m██[38;2;125;204;250m██[38;2;56;151;234m██[38;2;142;211;246m██[38;2;169;224;243m██[38;2;175;219;235m██[38;2;163;198;215m██[38;2;172;119;108m██[38;2;229;158;140m██[38;2;255;254;254m██[38;2;255;255;255m██[38;2;251;250;250m██[38;2;75;113;158m██[38;2;73;109;153m██[38;2;244;230;238m██[38;2;231;159;171m██[38;2;226;143;159m██[38;2;227;145;164m██[38;2;221;132;151m██[38;2;228;149;167m██[38;2;227;145;161m██[38;2;234;170;181m██[38;2;255;254;254m██[38;2;248;248;249m██[38;2;131;154;181m██[38;2;254;252;252m██[38;2;110;33;45m██[38;2;158;213;246m██[38;2;37;61;117m██[38;2;53;84;137m  
[38;2;45;79;138m  [38;2;65;160;238m██[38;2;73;165;239m██[38;2;63;155;235m██[38;2;121;194;242m██[38;2;166;220;242m██[38;2;172;215;233m██[38;2;154;189;207m██[38;2;174;124;114m██[38;2;236;174;157m██[38;2;195;127;118m██[38;2;245;231;229m██[38;2;251;250;250m██[38;2;254;254;254m██[38;2;246;225;237m██[38;2;235;171;179m██[38;2;233;163;175m██[38;2;230;156;171m██[38;2;222;133;152m██[38;2;227;149;167m██[38;2;223;138;154m██[38;2;233;166;176m██[38;2;238;181;185m██[38;2;241;197;201m██[38;2;250;239;246m██[38;2;248;244;244m██[38;2;173;108;107m██[38;2;128;40;43m██[38;2;154;216;249m██[38;2;36;73;130m██[38;2;50;79;137m  
[38;2;36;71;132m  [38;2;74;167;241m██[38;2;72;164;239m██[38;2;71;161;237m██[38;2;91;170;235m██[38;2;164;218;241m██[38;2;170;214;233m██[38;2;157;191;209m██[38;2;174;130;125m██[38;2;240;188;172m██[38;2;248;208;199m██[38;2;248;207;200m██[38;2;247;200;196m██[38;2;241;191;190m██[38;2;240;185;187m██[38;2;237;177;183m██[38;2;237;178;182m██[38;2;249;214;202m██[38;2;254;233;212m████[38;2;254;234;213m██[38;2;254;230;210m██[38;2;243;198;194m██[38;2;243;197;193m██[38;2;248;209;201m██[38;2;250;213;202m██[38;2;244;197;182m██[38;2;175;92;85m██[38;2;146;197;217m██[38;2;32;68;128m██[38;2;70;97;146m  
[38;2;92;118;162m  [38;2;77;164;235m██[38;2;80;170;241m██[38;2;79;166;239m██[38;2;82;164;235m██[38;2;159;216;242m██[38;2;166;212;233m██[38;2;168;205;223m██[38;2;162;125;119m██[38;2;244;197;173m██[38;2;254;229;209m██[38;2;254;228;210m██[38;2;252;225;208m██[38;2;252;223;207m██[38;2;253;226;209m██[38;2;255;230;210m██[38;2;255;230;211m████████████[38;2;254;229;210m██[38;2;255;229;210m██[38;2;253;226;209m██[38;2;253;226;208m██[38;2;251;217;197m██[38;2;228;165;141m██[38;2;136;182;203m██[38;2;27;62;121m██[38;2;128;146;181m  
[38;2;173;187;208m  [38;2;75;155;222m██[38;2;86;174;243m██[38;2;84;171;241m██[38;2;72;156;227m██[38;2;154;215;244m██[38;2;161;211;236m██[38;2;167;212;232m██[38;2;125;88;91m██[38;2;236;178;152m██[38;2;255;228;209m████[38;2;255;228;210m██[38;2;255;229;210m████████[38;2;255;230;210m████████[38;2;255;229;210m██████[38;2;255;228;209m██[38;2;255;227;208m██[38;2;251;217;196m██[38;2;228;165;141m██[38;2;141;190;207m██[38;2;27;60;120m  [38;2;211;218;228m  
[38;2;126;146;181m  [38;2;121;205;253m██[38;2;88;177;244m██[38;2;110;194;250m██[38;2;34;112;183m██[38;2;128;198;243m██[38;2;154;212;241m██[38;2;160;211;236m██[38;2;90;58;70m██[38;2;236;177;151m██[38;2;252;221;201m██[38;2;255;226;206m██[38;2;255;226;207m██[38;2;255;227;207m██████[38;2;255;229;209m██[38;2;143;54;50m██[38;2;136;43;38m██[38;2;132;36;33m██[38;2;130;34;31m██[38;2;129;32;29m██[38;2;255;228;208m██[38;2;255;226;206m██[38;2;254;225;205m██[38;2;254;224;204m██[38;2;238;182;157m██[38;2;154;59;53m██[38;2;146;225;249m██[38;2;39;65;121m  [38;2;62;86;136m  
[38;2;87;112;159m  [38;2;130;213;255m██[38;2;129;211;255m██[38;2;126;208;255m██[38;2;54;135;200m██[38;2;84;168;237m██[38;2;148;213;247m██[38;2;152;211;242m██[38;2;51;45;73m██[38;2;237;179;153m██[38;2;236;178;152m██[38;2;253;222;202m██[38;2;254;223;203m██[38;2;254;224;204m██████[38;2;254;224;205m██[38;2;254;229;209m██[38;2;254;228;208m██[38;2;254;227;208m██[38;2;254;228;207m██[38;2;254;226;205m██[38;2;254;223;203m████[38;2;253;222;202m██[38;2;241;192;167m██[38;2;215;145;124m██[38;2;128;106;125m██[38;2;141;218;253m██[38;2;107;123;161m  [38;2;192;199;216m  
[38;2;43;72;128m  [38;2;128;211;254m██[38;2;96;185;246m██[38;2;122;205;254m██[38;2;91;176;230m██[38;2;20;98;168m██[38;2;136;209;250m██[38;2;145;212;248m██[38;2;45;49;86m██[38;2;130;11;9m██[38;2;225;161;138m██[38;2;237;179;153m██[38;2;242;193;169m██[38;2;250;213;192m██[38;2;253;222;202m██[38;2;253;222;201m████[38;2;253;222;202m██[38;2;253;221;200m██████[38;2;253;220;200m██[38;2;253;221;199m██[38;2;251;216;195m██[38;2;238;182;157m██[38;2;217;148;127m██[38;2;121;11;13m██[38;2;138;216;255m██[38;2;126;197;233m██[38;2;59;79;130m  [38;2;58;78;128m  
[38;2;24;53;114m  [38;2;91;181;245m██[38;2;92;182;244m██[38;2;91;180;245m██[38;2;80;168;234m██[38;2;11;87;158m██[38;2;81;170;239m██[38;2;138;213;253m██[38;2;95;158;205m██[38;2;70;120;179m██[38;2;116;26;35m██[38;2;150;68;41m██[38;2;200;129;101m██[38;2;236;179;154m██[38;2;238;180;155m██[38;2;237;181;155m██[38;2;238;183;157m██[38;2;239;187;162m██[38;2;241;192;168m██[38;2;243;197;173m██[38;2;244;198;174m██[38;2;242;192;168m██[38;2;237;180;155m██[38;2;236;178;152m██[38;2;151;49;41m██[38;2;103;51;72m██[38;2;29;104;168m██[38;2;136;214;255m██[38;2;68;116;167m██[38;2;202;206;220m  [38;2;199;203;218m  
[38;2;32;80;144m██[38;2;90;181;244m██[38;2;92;182;244m██[38;2;91;181;244m██[38;2;83;173;237m██[38;2;71;161;229m██[38;2;16;95;166m██[38;2;105;192;248m██[38;2;83;177;244m██[38;2;17;22;79m██[38;2;100;50;74m██[38;2;219;147;111m██[38;2;210;137;102m██[38;2;179;97;64m██[38;2;166;81;46m██[38;2;168;84;52m██[38;2;164;84;57m██[38;2;163;86;69m██[38;2;187;109;94m██[38;2;186;102;87m██[38;2;152;46;39m██[38;2;136;26;22m██[38;2;115;32;44m██[38;2;92;94;130m██[38;2;65;159;227m██[38;2;62;164;235m██[38;2;56;133;191m██[38;2;134;213;255m██[38;2;23;46;104m  [38;2;204;209;221m    [0m
