
[38;2;0;0;0m          [38;2;22;14;41m  [38;2;33;30;103m  [38;2;34;22;70m  [38;2;26;14;59m  [38;2;34;22;69m  [38;2;33;21;67m██[38;2;34;22;70m██[38;2;34;22;68m██[38;2;34;21;67m██[38;2;35;21;69m████[38;2;34;21;70m██[38;2;35;23;72m██[38;2;35;22;72m██[38;2;35;22;75m████[38;2;34;22;76m██[38;2;35;22;78m██[38;2;35;21;80m██[38;2;32;21;77m██[38;2;125;129;154m██[38;2;127;131;158m██[38;2;35;25;89m██[38;2;107;108;150m██[38;2;178;179;202m██[38;2;108;105;178m██[38;2;47;38;153m██
[38;2;0;0;0m        [38;2;10;7;15m  [38;2;43;39;140m  [38;2;35;22;71m  [38;2;33;22;68m  [38;2;34;23;68m  [38;2;35;22;67m  [38;2;35;21;70m████[38;2;35;20;70m██[38;2;34;21;70m██[38;2;35;21;70m██[38;2;35;23;72m██[38;2;34;22;71m██[38;2;38;26;76m██[38;2;34;20;70m██[38;2;34;21;74m██[38;2;34;21;75m██[38;2;67;53;107m██[38;2;35;22;77m██[38;2;35;22;76m██[38;2;35;23;81m██[38;2;31;21;80m██[38;2;114;118;147m██[38;2;37;25;92m██[38;2;42;28;102m██[38;2;205;203;217m██[38;2;206;204;219m██[38;2;123;116;170m██
[38;2;0;0;0m      [38;2;2;1;34m  [38;2;40;34;140m  [38;2;20;14;38m  [38;2;37;24;70m  [38;2;33;21;66m  [38;2;36;24;68m  [38;2;29;21;62m  [38;2;35;23;71m██[38;2;35;22;69m██[38;2;35;24;70m██[38;2;36;24;70m██[38;2;36;23;72m██[38;2;51;38;87m██[38;2;52;40;88m██[38;2;53;40;88m██[38;2;37;23;74m██[38;2;35;23;74m██[38;2;30;20;69m██[38;2;38;25;78m██[38;2;36;22;77m██[38;2;35;22;78m██[38;2;36;22;80m██[38;2;36;23;84m██[38;2;35;24;87m██[38;2;37;24;91m██[38;2;43;27;97m██[38;2;210;208;216m██[38;2;159;128;168m██[38;2;205;127;185m██
[38;2;0;0;0m    [38;2;29;29;37m  [38;2;41;34;133m  [38;2;25;21;69m  [38;2;38;25;72m  [38;2;33;20;66m  [38;2;38;23;72m  [38;2;36;24;70m  [38;2;33;22;66m  [38;2;34;22;69m██[38;2;34;23;67m██[38;2;39;23;74m██[38;2;39;24;72m██[38;2;39;25;75m██[38;2;39;25;76m████[38;2;37;25;74m██[38;2;37;25;73m██[38;2;35;23;73m██[38;2;32;20;70m██[38;2;36;23;76m██[38;2;35;22;76m██[38;2;36;22;79m██[38;2;36;22;80m██[38;2;36;23;84m██[38;2;34;24;82m██[38;2;37;24;89m██[38;2;40;25;90m██[38;2;155;152;174m██[38;2;147;142;173m██[38;2;174;128;173m██
[38;2;0;0;0m  [38;2;22;22;22m  [38;2;17;15;117m  [38;2;39;33;111m  [38;2;21;14;42m  [38;2;40;27;73m  [38;2;39;25;74m██[38;2;40;26;75m██[38;2;39;25;72m██[38;2;40;26;74m██[38;2;36;19;66m██[38;2;40;25;73m██[38;2;41;27;76m████[38;2;43;28;77m██[38;2;43;28;76m██[38;2;43;28;78m██[38;2;42;27;78m██[38;2;40;26;77m██[38;2;38;25;76m██[38;2;34;23;71m██[38;2;36;24;75m██[38;2;36;24;76m██[38;2;37;23;77m██[38;2;35;23;79m██[38;2;36;24;81m██[38;2;33;23;77m██[38;2;50;22;71m██[38;2;74;7;53m██[38;2;39;26;90m██[38;2;138;138;167m██[38;2;205;205;218m██
[38;2;0;0;0m  [38;2;19;17;135m  [38;2;45;52;185m  [38;2;22;15;37m  [38;2;40;25;73m██[38;2;43;27;76m██[38;2;44;28;76m██[38;2;44;27;76m██[38;2;44;28;77m████[38;2;32;19;63m██[38;2;73;53;78m  [38;2;47;28;81m██[38;2;46;29;81m██[38;2;46;30;81m██[38;2;47;30;82m██[38;2;47;30;81m██[38;2;46;30;82m██[38;2;46;29;81m██[38;2;42;26;78m██[38;2;39;27;78m██[38;2;39;25;77m██[38;2;38;25;77m██[38;2;38;25;79m████[38;2;38;26;82m██[38;2;55;13;49m██[38;2;78;8;52m██[38;2;79;8;55m██[38;2;76;12;55m██[38;2;39;28;85m██[38;2;94;89;133m██
[38;2;21;17;112m  [38;2;52;50;194m  [38;2;0;0;0m  [38;2;22;14;43m  [38;2;44;29;78m██[38;2;43;26;74m██[38;2;47;28;80m██[38;2;42;25;71m██[38;2;48;30;78m██[38;2;48;30;80m██[38;2;40;23;69m  [38;2;163;128;136m  [38;2;51;32;85m██[38;2;50;31;83m██[38;2;52;33;86m██[38;2;53;33;86m██[38;2;53;33;87m██[38;2;52;32;88m██[38;2;48;31;83m██[38;2;48;31;77m██[38;2;41;25;75m██[38;2;42;28;81m██[38;2;43;28;81m██[38;2;40;27;80m██[38;2;41;26;81m██[38;2;58;22;62m██[38;2;101;14;61m██[38;2;99;13;61m██[38;2;97;12;62m██[38;2;92;12;60m██[38;2;64;19;52m██[38;2;43;27;94m██
[38;2;51;47;185m  [38;2;200;151;200m  [38;2;24;15;40m  [38;2;25;17;50m██[38;2;50;30;81m██[38;2;48;31;81m██[38;2;49;31;81m██[38;2;42;25;66m  [38;2;198;162;165m  [38;2;56;34;86m  [38;2;47;27;77m██[38;2;202;166;167m██[38;2;56;36;90m██[38;2;45;25;75m██[38;2;59;37;91m██[38;2;58;36;92m██[38;2;59;36;91m██[38;2;57;36;91m██[38;2;55;34;89m██[38;2;75;51;84m██[38;2;66;41;86m██[38;2;47;30;81m██[38;2;45;29;82m██[38;2;44;29;80m██[38;2;46;28;84m██[38;2;122;25;68m██[38;2;129;23;74m██[38;2;126;21;75m██[38;2;125;21;74m██[38;2;119;20;73m██[38;2;113;18;72m██[38;2;40;26;85m██
[38;2;19;16;16m  [38;2;100;100;0m  [38;2;22;15;40m  [38;2;39;23;69m██[38;2;48;30;78m██[38;2;53;33;86m██[38;2;58;35;88m██[38;2;168;133;140m  [38;2;212;199;191m  [38;2;61;39;86m  [38;2;47;25;74m██[38;2;205;182;179m██[38;2;62;39;87m  [38;2;40;21;64m██[38;2;63;39;95m██[38;2;63;40;96m████[38;2;63;40;94m██[38;2;62;38;94m██[38;2;184;146;153m██[38;2;132;99;117m██[38;2;51;32;85m██[38;2;39;22;73m██[38;2;48;31;85m██[38;2;50;30;84m██[38;2;149;36;85m██[38;2;153;32;87m██[38;2;150;31;86m██[38;2;146;30;86m██[38;2;143;28;84m██[38;2;140;27;82m██[38;2;41;21;54m██
[38;2;0;0;0m  [38;2;20;18;51m  [38;2;23;16;41m  [38;2;47;29;79m██[38;2;40;22;68m██[38;2;56;34;87m██[38;2;63;37;82m  [38;2;145;123;119m██[38;2;186;169;162m██[38;2;40;24;48m  [38;2;51;28;74m██[38;2;207;192;187m██[38;2;94;76;102m██[38;2;71;46;100m██[38;2;69;44;98m██[38;2;69;44;99m██[38;2;68;44;100m██[38;2;71;44;99m██[38;2;70;41;95m██[38;2;207;165;167m██[38;2;204;170;171m██[38;2;63;38;91m██[38;2;44;25;72m██[38;2;51;32;87m██[38;2;45;26;76m██[38;2;62;25;59m██[38;2;167;40;97m██[38;2;164;42;95m██[38;2;134;31;73m██[38;2;161;39;94m██[38;2;159;36;93m██[38;2;38;23;71m██
[38;2;126;120;229m  [38;2;23;13;52m  [38;2;26;16;53m  [38;2;56;35;84m██[38;2;33;16;59m██[38;2;61;36;91m██[38;2;91;60;84m  [38;2;210;193;186m██[38;2;210;194;185m██[38;2;131;116;118m  [38;2;67;40;93m██[38;2;190;167;165m██[38;2;209;197;190m██[38;2;76;48;102m██[38;2;65;40;91m██[38;2;77;49;104m██[38;2;75;48;103m██[38;2;75;45;100m██[38;2;90;56;93m██[38;2;208;168;170m██[38;2;213;197;191m██[38;2;75;47;80m██[38;2;60;38;88m██[38;2;57;35;91m██[38;2;43;24;75m██[38;2;53;33;88m██[38;2;39;14;44m██[38;2;148;43;83m██[38;2;173;43;100m██[38;2;126;30;67m██[38;2;54;17;52m██[38;2;37;25;80m██
[38;2;38;33;147m  [38;2;34;25;101m██[38;2;31;16;58m██[38;2;59;37;91m██[38;2;39;19;66m██[38;2;64;38;93m██[38;2;164;122;130m██[38;2;180;158;151m██[38;2;24;13;12m██[38;2;28;15;16m██[38;2;65;42;88m██[38;2;180;142;142m██[38;2;149;130;125m██[38;2;137;120;129m██[38;2;85;56;109m██[38;2;84;56;111m██[38;2;83;55;110m██[38;2;77;48;100m██[38;2;176;139;146m██[38;2;211;187;185m██[38;2;211;198;192m██[38;2;203;172;173m██[38;2;65;41;94m██[38;2;45;25;77m██[38;2;36;21;64m██[38;2;55;35;91m██[38;2;37;20;68m██[38;2;68;32;80m██[38;2;120;35;76m██[38;2;46;31;86m██[38;2;29;18;59m██[38;2;38;23;78m██
[38;2;27;19;71m██[38;2;34;27;103m██[38;2;32;16;61m██[38;2;61;37;92m██[38;2;37;18;64m██[38;2;65;40;95m██[38;2;110;51;56m██[38;2;16;2;3m██[38;2;28;20;73m██[38;2;44;36;109m██[38;2;39;28;79m██[38;2;51;8;14m██[38;2;215;198;191m██[38;2;216;204;197m██[38;2;105;81;106m██[38;2;70;46;82m██[38;2;85;55;109m██[38;2;88;58;111m██[38;2;178;140;140m██[38;2;52;32;31m██[38;2;76;59;57m██[38;2;111;91;87m██[38;2;128;99;109m██[38;2;39;24;60m██[38;2;35;16;60m██[38;2;60;38;94m██[38;2;36;23;61m██[38;2;53;34;91m██[38;2;53;33;89m██[38;2;49;32;86m██[38;2;34;21;68m██[38;2;32;21;68m██
[38;2;29;19;82m██[38;2;33;23;81m██[38;2;33;17;62m██[38;2;62;39;91m  [38;2;42;19;66m██[38;2;71;44;101m██[38;2;135;51;57m██[38;2;69;58;100m  [38;2;108;98;194m██[38;2;40;27;151m██[38;2;177;170;204m██[38;2;181;168;184m██[38;2;214;193;188m██[38;2;223;210;203m██[38;2;222;209;201m██[38;2;191;173;176m██[38;2;104;73;104m██[38;2;97;65;115m██[38;2;210;176;175m██[38;2;106;64;63m██[38;2;22;5;6m██[38;2;17;6;7m██[38;2;87;69;69m██[38;2;124;90;103m██[38;2;39;19;70m██[38;2;59;37;94m██[38;2;50;33;79m██[38;2;56;36;91m██[38;2;54;34;91m██[38;2;53;33;89m██[38;2;41;27;76m██[38;2;27;18;55m██
[38;2;39;29;119m██[38;2;46;39;131m██[38;2;34;18;63m  [38;2;52;33;73m  [38;2;52;27;75m  [38;2;74;42;98m  [38;2;178;113;116m██[38;2;109;94;129m  [38;2;129;120;206m  [38;2;114;100;200m██[38;2;162;168;223m██[38;2;222;215;218m██[38;2;225;210;203m██[38;2;226;213;205m████[38;2;225;212;204m██[38;2;223;209;202m██[38;2;128;99;121m██[38;2;188;143;145m██[38;2;147;123;140m██[38;2;49;40;129m██[38;2;45;39;122m██[38;2;20;12;40m██[38;2;11;2;6m██[38;2;43;26;68m██[38;2;47;26;83m██[38;2;61;38;95m██[38;2;61;37;95m██[38;2;56;34;91m██[38;2;43;27;74m██[38;2;48;29;84m██[38;2;43;28;80m██
[38;2;46;36;141m██[38;2;46;38;133m  [38;2;35;19;62m  [38;2;41;23;61m  [38;2;72;43;98m  [38;2;68;33;87m  [38;2;213;174;167m  [38;2;222;210;214m  [38;2;150;133;178m  [38;2;152;144;190m  [38;2;177;159;173m  [38;2;226;210;204m██[38;2;231;214;207m██[38;2;229;216;208m██[38;2;228;215;207m████[38;2;227;213;206m██[38;2;225;210;202m██[38;2;222;203;200m██[38;2;163;151;163m██[38;2;135;133;208m██[38;2;41;28;153m██[38;2;55;46;160m██[38;2;71;64;135m██[38;2;31;11;21m██[38;2;48;29;79m██[38;2;64;41;99m██[38;2;62;38;96m██[38;2;58;36;92m██[38;2;35;22;66m██[38;2;47;30;82m██[38;2;37;23;70m██
[38;2;39;28;122m██[38;2;47;40;130m  [38;2;35;19;57m  [38;2;42;24;63m  [38;2;64;35;80m  [38;2;65;27;71m  [38;2;192;148;146m  [38;2;227;189;182m██[38;2;228;192;187m██[38;2;229;200;195m██[38;2;233;212;205m██[38;2;233;218;210m██[38;2;232;219;211m██[38;2;231;218;210m██[38;2;231;213;202m██[38;2;231;216;208m██[38;2;230;217;209m██[38;2;231;215;206m██[38;2;229;211;203m██[38;2;205;194;200m██[38;2;160;162;220m██[38;2;104;88;193m██[38;2;126;116;206m██[38;2;149;152;204m██[38;2;212;208;214m██[38;2;62;34;74m██[38;2;70;43;104m██[38;2;64;40;97m██[38;2;52;35;84m██[38;2;49;31;85m██[38;2;47;30;81m██[38;2;28;16;54m██
[38;2;55;47;178m██[38;2;42;34;112m  [38;2;33;20;57m  [38;2;49;27;73m  [38;2;53;29;84m  [38;2;91;51;102m  [38;2;180;124;138m  [38;2;229;192;184m  [38;2;234;201;193m██[38;2;236;207;199m██[38;2;236;215;207m██[38;2;236;222;213m██[38;2;236;223;215m██[38;2;233;220;211m██[38;2;232;215;204m██[38;2;232;219;210m██[38;2;234;221;213m██[38;2;234;220;212m██[38;2;234;217;210m██[38;2;228;211;206m██[38;2;149;126;152m██[38;2;168;164;214m██[38;2;158;155;210m██[38;2;170;154;177m██[38;2;215;200;206m██[38;2;81;50;110m██[38;2;73;45;103m██[38;2;65;39;98m██[38;2;30;18;54m██[38;2;50;32;88m██[38;2;46;30;83m██[38;2;26;15;55m██
[38;2;56;48;185m██[38;2;50;41;151m  [38;2;36;20;76m  [38;2;47;25;71m  [38;2;52;27;91m  [38;2;111;88;203m  [38;2;204;157;160m  [38;2;222;183;180m  [38;2;235;206;198m  [38;2;236;212;204m██[38;2;237;218;210m██[38;2;237;222;215m██[38;2;237;224;216m██[38;2;235;222;213m██[38;2;235;221;213m██[38;2;235;222;214m██[38;2;237;224;216m██[38;2;237;222;215m██[38;2;237;218;211m██[38;2;236;212;205m██[38;2;233;203;197m██[38;2;227;192;189m██[38;2;223;192;192m██[38;2;221;196;194m██[38;2;113;73;106m██[38;2;84;50;111m██[38;2;72;43;98m██[38;2;39;22;64m██[38;2;48;30;82m██[38;2;51;32;89m██[38;2;30;19;57m██[38;2;29;17;80m██
[38;2;56;48;186m██[38;2;57;48;178m██[38;2;35;20;79m  [38;2;43;24;88m  [38;2;51;27;97m  [38;2;110;90;209m  [38;2;225;192;190m  [38;2;228;207;201m  [38;2;232;214;207m  [38;2;235;219;211m██[38;2;236;222;214m██[38;2;237;223;215m██[38;2;236;223;215m██[38;2;233;223;214m██[38;2;234;223;214m██[38;2;234;223;215m██[38;2;236;225;217m██[38;2;237;223;215m██[38;2;238;219;212m██[38;2;238;213;206m██[38;2;237;208;199m██[38;2;233;200;193m██[38;2;230;193;186m██[38;2;211;167;169m██[38;2;149;98;135m██[38;2;71;35;85m██[38;2;50;29;75m██[38;2;43;26;74m██[38;2;54;34;90m██[38;2;49;30;85m██[38;2;38;24;81m██[38;2;65;61;180m██
[38;2;56;48;188m██[38;2;57;50;190m██[38;2;38;26;91m  [38;2;41;24;95m  [38;2;64;42;124m  [38;2;106;88;209m  [38;2;186;124;147m  [38;2;226;212;207m  [38;2;230;216;210m  [38;2;232;219;211m  [38;2;234;221;213m██[38;2;235;222;214m████[38;2;234;221;213m██[38;2;234;222;214m██[38;2;234;223;214m██[38;2;237;225;216m██[38;2;237;225;217m██[38;2;237;222;214m██[38;2;237;217;209m██[38;2;236;212;204m██[38;2;207;167;161m██[38;2;143;82;110m██[38;2;211;162;163m██[38;2;212;172;169m██[38;2;186;143;151m██[38;2;56;34;83m██[38;2;62;39;94m██[38;2;50;30;83m██[38;2;33;20;78m██[38;2;33;19;93m██[38;2;75;71;212m██
[38;2;56;49;189m██[38;2;58;51;193m██[38;2;49;40;136m  [38;2;40;26;93m  [38;2;58;39;129m  [38;2;92;77;194m██[38;2;103;64;150m  [38;2;224;210;206m  [38;2;226;213;208m  [38;2;229;216;208m  [38;2;231;218;210m  [38;2;232;219;211m██[38;2;225;198;188m██[38;2;222;193;181m██[38;2;233;220;212m██[38;2;235;221;213m██[38;2;232;223;214m██[38;2;235;223;215m██[38;2;237;224;215m██[38;2;236;222;213m██[38;2;236;218;211m██[38;2;233;212;204m██[38;2;231;204;198m██[38;2;229;199;192m██[38;2;225;196;190m██[38;2;92;51;82m██[38;2;70;37;91m██[38;2;40;23;70m██[38;2;35;20;79m██[38;2;43;28;96m██[38;2;73;66;200m██[38;2;75;72;216m██
[38;2;56;49;191m██[38;2;59;51;194m██[38;2;59;50;183m  [38;2;38;27;93m  [38;2;58;39;129m  [38;2;89;76;196m  [38;2;71;53;150m  [38;2;199;145;160m  [38;2;223;211;206m  [38;2;226;213;207m  [38;2;229;207;198m  [38;2;230;209;201m  [38;2;232;219;213m██[38;2;232;222;215m██[38;2;224;195;185m██[38;2;233;220;211m██[38;2;233;220;212m██[38;2;233;221;213m████[38;2;234;221;213m██[38;2;233;220;212m██[38;2;232;217;211m██[38;2;230;214;207m██[38;2;227;210;203m██[38;2;218;180;181m██[38;2;78;47;113m██[38;2;51;28;94m██[38;2;42;22;87m██[38;2;48;31;99m██[38;2;37;24;115m██[38;2;33;22;115m██[38;2;76;74;219m██
[38;2;56;50;190m  [38;2;57;49;184m██[38;2;58;50;184m  [38;2;36;25;77m  [38;2;53;36;131m  [38;2;76;61;173m  [38;2;65;49;151m  [38;2;93;70;200m  [38;2;217;175;181m  [38;2;226;210;205m  [38;2;220;190;184m  [38;2;229;207;200m  [38;2;221;193;184m██[38;2;228;208;199m██[38;2;231;216;208m██[38;2;221;185;173m██[38;2;232;218;211m██[38;2;232;219;211m██[38;2;232;219;212m██[38;2;229;219;212m██[38;2;229;218;210m██[38;2;228;216;210m██[38;2;226;213;207m██[38;2;219;186;187m██[38;2;182;126;133m██[38;2;59;36;109m██[38;2;54;35;108m██[38;2;55;36;111m██[38;2;31;15;76m██[38;2;46;32;113m██[38;2;72;68;202m██[38;2;75;74;217m██
[38;2;43;38;167m  [38;2;61;55;181m  [38;2;58;50;182m  [38;2;12;10;41m  [38;2;53;40;129m  [38;2;69;56;163m  [38;2;61;46;135m  [38;2;87;66;198m██[38;2;104;73;193m  [38;2;211;163;159m  [38;2;222;194;188m  [38;2;225;200;191m  [38;2;222;194;186m  [38;2;223;196;188m██[38;2;219;190;180m██[38;2;234;220;213m██[38;2;218;184;172m██[38;2;231;218;210m██[38;2;230;218;211m██[38;2;228;217;211m██[38;2;226;214;209m██[38;2;225;211;208m██[38;2;219;183;186m██[38;2;99;71;188m██[38;2;63;43;108m██[38;2;70;47;132m██[38;2;60;42;124m██[38;2;54;38;118m██[38;2;51;34;116m██[38;2;44;32;137m██[38;2;77;75;218m██[38;2;66;65;192m██
[38;2;11;9;24m  [38;2;50;43;161m  [38;2;59;51;184m  [38;2;17;17;1m  [38;2;55;44;136m  [38;2;68;55;159m  [38;2;84;73;190m  [38;2;84;64;181m  [38;2;103;71;186m  [38;2;224;198;193m  [38;2;219;193;186m  [38;2;213;180;171m  [38;2;222;196;188m  [38;2;231;219;213m██[38;2;231;222;217m██[38;2;231;221;216m██[38;2;231;221;215m██[38;2;231;214;205m██[38;2;228;216;210m██[38;2;227;212;210m██[38;2;225;202;202m██[38;2;126;85;176m██[38;2;90;71;201m██[38;2;83;66;197m██[38;2;70;54;148m██[38;2;65;49;141m██[38;2;61;43;133m██[38;2;36;20;95m██[38;2;49;35;127m██[38;2;79;77;218m██[38;2;77;75;219m██[38;2;52;47;179m██
[38;2;0;0;6m  [38;2;62;57;104m  [38;2;57;49;177m  [38;2;98;98;64m  [38;2;53;44;143m  [38;2;52;39;116m  [38;2;92;84;206m  [38;2;186;148;119m  [38;2;102;70;175m  [38;2;222;197;191m  [38;2;227;212;207m  [38;2;228;218;213m  [38;2;231;221;215m██[38;2;231;223;217m██[38;2;232;224;217m██[38;2;231;225;219m██[38;2;231;222;217m██[38;2;222;197;190m██[38;2;220;191;187m██[38;2;175;120;161m██[38;2;100;77;205m██[38;2;89;71;205m██[38;2;80;66;201m██[38;2;62;48;135m██[38;2;71;53;153m██[38;2;58;43;132m██[38;2;51;38;126m██[38;2;59;42;141m██[38;2;70;66;196m██[38;2;80;77;220m██[38;2;50;46;165m██[38;2;43;38;146m██
[38;2;119;119;119m  [38;2;0;0;0m  [38;2;17;14;98m  [38;2;63;56;130m  [38;2;46;38;103m  [38;2;66;56;186m  [38;2;74;59;154m  [38;2;5;5;59m  [38;2;127;85;115m  [38;2;220;196;188m  [38;2;225;213;207m  [38;2;217;171;169m  [38;2;230;215;209m  [38;2;231;222;217m██[38;2;232;224;219m██[38;2;232;225;219m██[38;2;232;223;217m██[38;2;229;217;212m██[38;2;222;191;196m██[38;2;117;87;189m██[38;2;91;73;206m██[38;2;75;60;178m██[38;2;75;61;183m██[38;2;74;59;163m██[38;2;72;54;157m██[38;2;63;49;149m██[38;2;54;43;123m██[38;2;62;55;174m██[38;2;81;78;218m██[38;2;75;71;203m  [38;2;58;50;194m██[38;2;43;33;114m██
[38;2;0;0;0m      [38;2;99;94;173m  [38;2;18;18;148m  [38;2;65;56;185m  [38;2;47;47;1m  [38;2;105;91;163m  [38;2;177;164;161m  [38;2;221;198;190m  [38;2;224;211;205m  [38;2;217;173;172m  [38;2;223;197;190m  [38;2;230;221;216m██[38;2;231;223;218m██[38;2;232;225;218m██[38;2;231;223;218m██[38;2;229;219;215m██[38;2;196;159;170m██[38;2;79;57;155m██[38;2;88;71;202m██[38;2;78;65;186m██[38;2;76;63;165m██[38;2;76;61;164m██[38;2;67;53;146m██[38;2;48;38;118m██[38;2;64;57;172m██[38;2;85;81;217m██[38;2;67;59;189m  [38;2;31;24;70m  [38;2;53;47;165m██[38;2;33;23;98m██
[38;2;0;0;0m          [38;2;41;35;76m  [38;2;95;85;151m  [38;2;0;0;84m  [38;2;218;28;28m  [38;2;209;177;169m  [38;2;221;204;197m  [38;2;222;192;186m  [38;2;217;179;176m  [38;2;229;219;215m██[38;2;231;223;218m██[38;2;231;225;219m██[38;2;231;224;218m██[38;2;229;221;217m██[38;2;212;189;188m██[38;2;168;155;163m██[38;2;86;70;179m██[38;2;84;68;170m██[38;2;80;64;162m██[38;2;54;42;120m██[38;2;58;48;138m  [38;2;81;73;197m██[38;2;85;80;211m  [38;2;80;67;114m  [38;2;70;70;198m  [38;2;60;53;184m  [38;2;44;36;112m██[38;2;51;41;122m  
[38;2;0;0;0m          [38;2;5;5;16m  [38;2;75;66;154m  [38;2;48;48;97m  [38;2;0;0;0m  [38;2;178;181;154m  [38;2;216;203;197m  [38;2;224;211;206m  [38;2;156;107;146m  [38;2;227;218;213m██[38;2;230;223;217m██[38;2;232;225;219m██[38;2;231;224;219m██[38;2;229;222;217m██[38;2;225;216;214m██[38;2;104;83;126m██[38;2;84;67;142m██[38;2;73;60;150m██[38;2;74;62;170m  [38;2;76;63;166m  [38;2;79;67;99m  [38;2;43;39;65m  [38;2;7;7;143m  [38;2;33;0;0m  [38;2;55;46;106m  [38;2;48;39;124m██[38;2;38;27;104m  [38;2;209;129;199m  
[38;2;0;0;0m                  [38;2;122;0;0m  [38;2;193;164;158m  [38;2;98;66;96m  [38;2;110;76;151m  [38;2;226;216;212m██[38;2;229;222;216m██[38;2;231;224;218m██[38;2;232;224;219m██[38;2;230;223;217m██[38;2;226;219;214m██[38;2;146;110;154m██[38;2;89;63;136m██[38;2;112;91;130m  [38;2;67;66;67m  [38;2;46;46;69m  [38;2;0;0;0m      [38;2;61;53;97m  [38;2;51;42;125m  [38;2;50;38;75m  [38;2;111;102;120m  [38;2;0;0;0m  [0m
