
[38;2;0;0;0m                [38;2;90;100;105m  [38;2;100;148;198m  [38;2;131;177;213m██[38;2;121;171;208m██[38;2;138;183;214m██[38;2;154;198;218m██[38;2;112;158;201m██[38;2;101;151;197m██[38;2;89;141;192m██[38;2;99;151;197m██[38;2;93;144;194m██[38;2;89;136;195m██[38;2;62;87;108m██[38;2;19;21;26m██[38;2;79;81;86m██[38;2;97;101;105m██[38;2;147;150;155m██[38;2;190;182;181m██[38;2;252;249;245m██[38;2;242;233;225m██[38;2;207;170;151m██[38;2;181;152;140m  [38;2;120;93;83m  [38;2;0;0;0m  
[38;2;0;0;0m              [38;2;66;73;76m  [38;2;158;197;226m  [38;2;113;163;201m██[38;2;128;176;207m██[38;2;161;197;227m██[38;2;146;191;216m██[38;2;112;164;207m██[38;2;91;140;197m██[38;2;84;132;191m██[38;2;97;150;194m██[38;2;102;155;197m██[38;2;112;166;205m██[38;2;99;151;198m██[38;2;93;144;201m██[38;2;69;111;163m██[38;2;18;21;26m██[38;2;80;84;89m██[38;2;121;124;129m██[38;2;112;115;119m██[38;2;250;247;241m██[38;2;213;174;153m██[38;2;242;222;195m██[38;2;226;199;180m██[38;2;206;154;126m  [38;2;195;152;136m  
[38;2;0;0;0m            [38;2;21;21;192m  [38;2;161;205;224m  [38;2;170;211;228m██[38;2;162;204;226m██[38;2;149;191;216m██[38;2;184;224;236m██[38;2;115;168;209m██[38;2;117;168;209m██[38;2;100;150;201m██[38;2;88;137;191m██[38;2;106;159;201m██[38;2;105;156;197m██[38;2;126;178;210m██[38;2;118;172;204m██[38;2;78;127;186m██[38;2;96;147;201m██[38;2;84;122;166m██[38;2;17;20;24m██[38;2;92;98;102m██[38;2;153;158;162m██[38;2;148;130;118m██[38;2;194;140;117m██[38;2;240;207;186m██[38;2;215;174;153m██[38;2;197;142;119m  [38;2;17;17;17m  
[38;2;0;0;0m          [38;2;10;10;62m  [38;2;101;144;200m  [38;2;142;191;218m██[38;2;141;187;218m██[38;2;184;227;236m██[38;2;157;201;225m██[38;2;116;167;206m██[38;2;119;172;211m██[38;2;132;179;215m██[38;2;108;158;202m██[38;2;91;139;193m██[38;2;124;173;208m██[38;2;102;154;194m██[38;2;137;183;213m██[38;2;127;176;208m██[38;2;110;161;203m██[38;2;90;141;200m██[38;2;85;135;192m██[38;2;49;72;111m██[38;2;17;19;24m██[38;2;116;122;126m██[38;2;111;114;119m██[38;2;220;187;166m██[38;2;183;115;85m██[38;2;236;207;188m██[38;2;204;146;117m  [38;2;169;86;86m  
[38;2;0;0;0m        [38;2;4;4;4m  [38;2;73;88;134m  [38;2;117;167;212m██[38;2;119;168;208m██[38;2;100;144;194m██[38;2;130;181;212m██[38;2;114;166;210m██[38;2;111;160;207m██[38;2;133;179;216m██[38;2;144;185;216m██[38;2;106;157;200m██[38;2;88;136;192m██[38;2;131;177;207m██[38;2;101;150;192m██[38;2;136;180;211m██[38;2;133;180;211m██[38;2;128;180;211m██[38;2;76;124;192m██[38;2;88;138;196m██[38;2;71;113;176m██[38;2;16;17;22m██[38;2;100;105;108m██[38;2;88;90;95m██[38;2;145;142;142m██[38;2;199;152;131m██[38;2;210;174;154m██[38;2;192;137;116m  [38;2;202;153;131m  
[38;2;0;0;0m        [38;2;65;65;131m  [38;2;115;168;213m  [38;2;98;150;199m██[38;2;135;179;219m██[38;2;82;127;189m██[38;2;113;166;205m██[38;2;117;172;214m██[38;2;117;164;213m██[38;2;135;180;214m██[38;2;148;188;217m██[38;2;105;153;199m██[38;2;88;135;193m██[38;2;128;174;206m██[38;2;83;125;182m██[38;2;130;178;207m██[38;2;133;181;212m██[38;2;130;180;211m██[38;2;91;141;198m██[38;2;108;159;205m██[38;2;87;135;194m██[38;2;57;89;157m██[38;2;6;10;13m██[38;2;127;131;136m██[38;2;131;135;139m██[38;2;180;122;99m██[38;2;186;142;122m██[38;2;203;161;142m  [38;2;154;110;90m  
[38;2;0;0;0m        [38;2;10;15;57m  [38;2;105;151;200m██[38;2;92;138;189m██[38;2;154;190;223m██[38;2;95;132;191m██[38;2;153;193;219m██[38;2;109;157;195m██[38;2;136;161;204m██[38;2;145;186;217m██[38;2;156;194;220m██[38;2;114;161;204m██[38;2;92;139;193m██[38;2;126;173;205m██[38;2;79;124;180m██[38;2;116;168;200m██[38;2;117;169;204m██[38;2;138;186;212m██[38;2;105;156;202m██[38;2;111;162;206m██[38;2;111;159;201m██[38;2;86;129;185m██[38;2;18;18;23m██[38;2;53;54;55m██[38;2;112;116;120m██[38;2;102;99;117m██[38;2;204;148;123m  [38;2;185;110;85m  [38;2;191;132;113m  
[38;2;0;0;0m      [38;2;0;0;28m  [38;2;83;115;177m  [38;2;93;135;192m██[38;2;94;137;190m██[38;2;163;198;225m██[38;2;145;182;214m██[38;2;163;199;223m██[38;2;104;140;185m██[38;2;239;220;217m██[38;2;163;199;224m██[38;2;131;173;206m██[38;2;113;161;202m██[38;2;108;156;198m██[38;2;116;168;204m██[38;2;77;123;179m██[38;2;101;153;192m██[38;2;100;152;196m██[38;2;134;183;211m██[38;2;87;138;195m██[38;2;105;157;202m██[38;2;108;155;198m██[38;2;90;133;186m██[38;2;169;163;168m██[38;2;188;245;250m██[38;2;135;126;123m██[38;2;131;136;146m  [38;2;21;21;21m  [38;2;44;44;37m  [38;2;0;0;0m  
[38;2;0;0;0m      [38;2;32;57;64m  [38;2;148;188;224m  [38;2;120;164;202m██[38;2;79;116;177m██[38;2;152;187;215m██[38;2;165;200;224m██[38;2;166;202;224m██[38;2;197;160;172m██[38;2;252;233;222m██[38;2;140;171;209m██[38;2;128;164;200m██[38;2;105;151;195m██[38;2;99;147;195m██[38;2;101;154;194m██[38;2;81;129;183m██[38;2;102;154;193m██[38;2;89;140;190m██[38;2;105;151;192m██[38;2;74;120;191m██[38;2;83;129;191m██[38;2;87;128;187m██[38;2;89;128;183m██[38;2;102;89;80m██[38;2;168;144;148m██[38;2;88;93;96m██[38;2;103;105;111m  [38;2;58;58;58m  [38;2;0;0;0m    
[38;2;0;0;0m      [38;2;107;71;107m  [38;2;159;197;218m  [38;2;92;128;180m██[38;2;127;160;197m██[38;2;151;188;215m██[38;2;164;197;223m██[38;2;96;132;188m██[38;2;214;182;190m██[38;2;248;231;223m██[38;2;250;232;222m██[38;2;158;180;203m██[38;2;200;195;208m██[38;2;106;150;195m██[38;2;92;144;187m██[38;2;110;160;201m██[38;2;99;148;189m██[38;2;85;130;186m██[38;2;94;140;188m██[38;2;95;145;195m██[38;2;71;110;182m██[38;2;67;102;176m██[38;2;73;106;174m██[38;2;16;21;22m██[38;2;16;18;22m██[38;2;82;86;89m██[38;2;124;125;128m  [38;2;0;25;46m  [38;2;0;0;0m    
[38;2;0;0;0m      [38;2;42;46;56m  [38;2;158;193;216m██[38;2;77;113;176m██[38;2;161;180;207m██[38;2;150;188;219m██[38;2;170;203;226m██[38;2;171;200;222m██[38;2;136;171;206m██[38;2;250;232;222m██[38;2;247;228;219m██[38;2;31;23;20m██[38;2;50;44;82m██[38;2;90;83;83m██[38;2;87;139;187m██[38;2;130;178;212m██[38;2;90;135;181m██[38;2;76;119;183m██[38;2;70;112;179m██[38;2;79;122;188m██[38;2;77;115;179m██[38;2;60;93;172m██[38;2;66;98;175m██[38;2;16;20;23m██[38;2;15;19;22m██[38;2;60;64;67m██[38;2;105;107;112m  [38;2;41;41;41m  [38;2;0;0;0m    
[38;2;0;0;0m      [38;2;102;110;124m  [38;2;155;189;212m██[38;2;80;117;182m██[38;2;117;103;97m██[38;2;60;72;108m██[38;2;141;170;207m██[38;2;175;203;226m██[38;2;149;153;185m██[38;2;249;232;224m██[38;2;164;151;144m██[38;2;211;209;215m██[38;2;188;181;154m██[38;2;177;174;181m██[38;2;87;136;186m██[38;2;139;182;213m██[38;2;72;111;172m██[38;2;68;107;178m██[38;2;68;108;183m██[38;2;74;114;183m██[38;2;69;102;175m██[38;2;64;95;169m██[38;2;46;67;139m██[38;2;18;22;26m██[38;2;16;20;23m██[38;2;69;73;76m██[38;2;94;97;99m  [38;2;23;23;79m  [38;2;0;0;0m    
[38;2;0;0;0m      [38;2;25;33;47m  [38;2;146;181;209m██[38;2;57;84;158m██[38;2;50;37;33m██[38;2;161;157;173m██[38;2;115;96;120m██[38;2;248;230;225m██[38;2;174;186;210m██[38;2;251;230;223m██[38;2;246;232;222m██[38;2;83;87;97m██[38;2;165;166;140m██[38;2;221;222;223m██[38;2;119;168;206m██[38;2;137;180;212m██[38;2;71;105;175m██[38;2;109;153;196m██[38;2;65;100;180m██[38;2;63;96;173m██[38;2;61;92;170m██[38;2;62;91;168m██[38;2;11;16;57m██[38;2;20;23;28m██[38;2;17;21;25m██[38;2;44;48;52m██[38;2;115;116;127m  [38;2;112;112;122m  [38;2;0;0;0m    
[38;2;0;0;0m      [38;2;43;48;57m  [38;2;112;147;194m██[38;2;51;78;152m██[38;2;178;151;138m██[38;2;66;66;73m██[38;2;111;120;138m██[38;2;250;225;217m██[38;2;250;222;212m██[38;2;247;219;210m██[38;2;249;219;209m██[38;2;249;211;199m██[38;2;237;204;193m██[38;2;216;194;190m██[38;2;135;180;209m██[38;2;112;159;200m██[38;2;106;141;187m██[38;2;95;111;171m██[38;2;233;194;179m██[38;2;161;156;185m██[38;2;55;81;160m██[38;2;58;85;161m██[38;2;14;17;34m██[38;2;19;23;26m██[38;2;19;22;27m██[38;2;47;50;57m██[38;2;55;56;84m  [38;2;0;0;0m      
[38;2;0;0;0m      [38;2;36;34;37m  [38;2;57;78;138m  [38;2;89;120;171m██[38;2;204;170;161m██[38;2;245;211;199m██[38;2;254;217;208m██[38;2;251;232;223m██[38;2;249;227;219m██[38;2;249;218;207m██[38;2;248;208;196m██[38;2;246;198;185m██[38;2;251;199;182m██[38;2;134;178;207m██[38;2;126;174;206m██[38;2;120;155;192m██[38;2;68;91;159m██[38;2;240;209;196m██[38;2;236;198;180m██[38;2;204;163;148m██[38;2;55;79;159m██[38;2;63;91;164m██[38;2;17;19;43m██[38;2;19;22;27m██[38;2;24;28;35m██[38;2;32;34;43m  [38;2;38;38;38m  [38;2;0;0;0m      
[38;2;0;0;0m      [38;2;31;33;68m  [38;2;42;47;101m██[38;2;98;131;186m██[38;2;198;162;158m██[38;2;248;204;191m██[38;2;250;221;211m██[38;2;246;228;219m██[38;2;250;229;220m██[38;2;248;224;214m██[38;2;249;219;206m██[38;2;248;211;197m██[38;2;176;180;188m██[38;2;123;172;204m██[38;2;100;149;192m██[38;2;202;191;196m██[38;2;239;211;198m██[38;2;201;164;148m██[38;2;243;214;200m██[38;2;245;222;208m██[38;2;53;79;159m██[38;2;66;96;173m██[38;2;13;14;45m██[38;2;18;22;25m██[38;2;32;36;44m██[38;2;32;35;44m██[38;2;85;89;95m  [38;2;4;4;4m  [38;2;0;0;0m    
[38;2;0;0;0m      [38;2;66;69;101m  [38;2;25;24;64m██[38;2;53;82;159m██[38;2;154;133;153m██[38;2;251;214;200m██[38;2;249;227;217m██[38;2;250;231;222m████[38;2;250;229;219m██[38;2;248;225;214m██[38;2;248;218;205m██[38;2;117;168;202m██[38;2;109;158;200m██[38;2;100;151;195m██[38;2;245;211;196m██[38;2;244;212;197m██[38;2;177;155;145m██[38;2;253;236;224m██[38;2;50;75;155m██[38;2;63;90;167m██[38;2;19;38;94m  [38;2;9;11;44m██[38;2;19;22;25m██[38;2;39;41;52m██[38;2;32;36;44m██[38;2;37;40;49m  [38;2;43;43;43m  [38;2;0;0;0m    
[38;2;0;0;0m      [38;2;85;88;121m  [38;2;24;24;61m██[38;2;53;81;152m██[38;2;77;86;137m██[38;2;248;220;208m██[38;2;250;229;220m██[38;2;246;227;218m██[38;2;240;213;206m██[38;2;249;230;220m██[38;2;249;227;219m██[38;2;251;223;211m██[38;2;112;163;198m██[38;2;122;152;191m██[38;2;101;150;194m██[38;2;214;157;142m██[38;2;177;134;128m██[38;2;90;150;202m██[38;2;52;78;162m██[38;2;58;85;164m██[38;2;74;106;180m  [38;2;0;39;133m  [38;2;10;11;43m  [38;2;23;24;29m██[38;2;44;47;61m██[38;2;32;36;44m██[38;2;37;39;48m  [38;2;74;77;94m  [38;2;0;0;0m    
[38;2;0;0;0m      [38;2;6;5;16m  [38;2;22;23;56m  [38;2;66;99;164m  [38;2;69;100;165m██[38;2;252;223;209m██[38;2;251;229;219m██[38;2;250;231;220m██[38;2;250;231;219m██[38;2;250;231;221m██[38;2;249;227;218m██[38;2;217;205;204m██[38;2;103;152;195m██[38;2;202;178;183m██[38;2;98;149;193m██[38;2;205;148;136m██[38;2;100;100;149m██[38;2;53;81;164m██[38;2;56;85;170m  [38;2;12;24;43m  [38;2;0;90;179m  [38;2;24;119;230m  [38;2;15;18;45m  [38;2;24;27;34m██[38;2;46;50;61m  [38;2;92;93;110m  [38;2;51;51;51m  [38;2;49;49;49m  [38;2;0;0;0m    
[38;2;0;0;0m        [38;2;102;169;175m  [38;2;101;149;193m  [38;2;120;160;197m██[38;2;42;69;142m  [38;2;239;209;198m  [38;2;250;228;219m██[38;2;249;227;219m████[38;2;249;222;211m██[38;2;183;181;190m██[38;2;99;149;193m██[38;2;205;157;152m██[38;2;96;147;195m██[38;2;66;94;167m  [38;2;64;94;176m  [38;2;132;154;204m  [38;2;203;208;212m  [38;2;0;144;144m  [38;2;0;0;0m  [38;2;0;1;2m  [38;2;15;17;51m  [38;2;26;29;36m██[38;2;46;51;65m  [38;2;0;6;6m  [38;2;0;0;0m        
[38;2;0;0;0m        [38;2;95;122;175m  [38;2;78;121;184m██[38;2;92;129;188m██[38;2;45;66;141m  [38;2;20;18;57m  [38;2;74;55;62m██[38;2;248;221;210m  [38;2;239;204;190m  [38;2;223;178;164m██[38;2;201;166;166m██[38;2;97;145;193m██[38;2;202;160;155m██[38;2;98;141;188m  [38;2;65;72;89m  [38;2;53;53;89m  [38;2;0;30;30m  [38;2;47;134;210m  [38;2;53;91;170m  [38;2;25;56;99m  [38;2;127;152;184m  [38;2;15;17;50m  [38;2;28;40;58m  [38;2;45;49;53m  [38;2;0;0;0m          
[38;2;0;0;0m      [38;2;17;54;54m  [38;2;96;127;182m  [38;2;92;132;183m██[38;2;92;134;189m██[38;2;83;119;185m  [38;2;19;41;92m  [38;2;72;133;163m  [38;2;0;0;0m  [38;2;10;41;77m  [38;2;226;185;175m  ██[38;2;96;143;194m██[38;2;210;168;161m██[38;2;93;133;184m██[38;2;78;87;109m  [38;2;0;0;0m    [38;2;0;28;28m  [38;2;25;77;116m  [38;2;34;64;104m  [38;2;7;135;135m  [38;2;18;20;28m  [38;2;233;235;239m  [38;2;0;0;0m            
[38;2;0;0;0m    [38;2;22;22;22m  [38;2;93;83;83m  [38;2;54;87;161m  [38;2;63;95;168m██[38;2;71;107;174m██[38;2;75;114;181m██[38;2;78;115;179m  [38;2;22;58;97m  [38;2;0;0;0m  [38;2;68;99;99m  [38;2;220;182;173m  [38;2;232;195;185m██[38;2;133;139;172m██[38;2;141;138;172m██[38;2;95;139;188m██[38;2;181;149;149m  [38;2;65;65;65m  [38;2;0;0;0m          [38;2;60;81;89m  [38;2;0;4;4m  [38;2;0;0;0m            
[38;2;52;168;199m  [38;2;44;79;112m  [38;2;109;113;129m  [38;2;250;224;217m  [38;2;100;115;157m  [38;2;38;49;69m██[38;2;50;78;151m██[38;2;70;100;171m██[38;2;79;116;182m██[38;2;78;111;178m  [38;2;52;56;174m  [38;2;0;0;0m  [38;2;175;149;148m  [38;2;220;188;165m██[38;2;115;157;197m██[38;2;74;113;178m██[38;2;138;132;155m██[38;2;221;194;189m██[38;2;100;131;163m  [38;2;42;42;42m  [38;2;0;0;0m                        
[38;2;34;36;46m██[38;2;34;37;47m██[38;2;35;37;46m██[38;2;243;211;201m  [38;2;130;101;103m██[38;2;42;51;73m██[38;2;69;96;171m██[38;2;56;79;152m██[38;2;96;139;191m  [38;2;75;110;178m  [38;2;117;160;160m  [38;2;55;55;111m  [38;2;50;47;95m  [38;2;195;139;101m██[38;2;98;130;160m██[38;2;36;38;46m██[38;2;34;37;45m██[38;2;43;45;61m██[38;2;35;38;47m██[38;2;37;43;57m  [38;2;0;75;127m  [38;2;0;187;187m  [38;2;0;193;193m  [38;2;67;67;135m  [38;2;52;102;102m  [38;2;1;1;48m  [38;2;0;0;0m            
[38;2;29;33;39m██[38;2;41;47;63m██[38;2;32;35;45m  [38;2;193;154;152m  [38;2;220;187;182m██[38;2;58;94;169m██[38;2;103;142;198m██[38;2;62;110;181m  [38;2;214;238;240m  [38;2;17;18;19m  [38;2;11;11;13m  [38;2;170;198;228m  [38;2;211;180;162m██[38;2;116;116;112m██[38;2;34;37;45m██[38;2;40;44;57m██[38;2;48;50;65m██[38;2;36;38;48m██[38;2;36;39;48m██[38;2;33;36;45m██[38;2;186;190;213m  [38;2;202;205;221m  [38;2;121;122;128m  [38;2;134;134;140m  [38;2;172;175;181m  [38;2;141;154;173m  [38;2;43;43;52m  [38;2;0;0;0m          
[38;2;43;46;60m██[38;2;33;35;44m██[38;2;52;67;92m██[38;2;96;129;174m██[38;2;40;64;129m██[38;2;62;94;169m██[38;2;88;95;103m  [38;2;111;114;124m  [38;2;224;228;239m  [38;2;223;228;237m  [38;2;217;223;236m██[38;2;228;233;241m██[38;2;202;169;164m██[38;2;55;47;61m██[38;2;47;39;54m██[38;2;27;30;37m██[38;2;36;39;48m██[38;2;35;37;47m██[38;2;33;36;45m██[38;2;36;39;48m██[38;2;41;44;55m██[38;2;170;177;181m██[38;2;111;114;119m██[38;2;124;127;131m██[38;2;189;193;198m██[38;2;166;169;175m██[38;2;141;154;168m  [38;2;0;0;0m          
[38;2;30;33;44m██[38;2;69;101;153m██[38;2;73;112;179m██[38;2;54;86;160m██[38;2;96;117;166m██[38;2;166;171;174m██[38;2;161;166;170m██[38;2;242;247;249m██[38;2;237;241;244m██[38;2;188;192;200m██[38;2;233;237;242m██[38;2;246;251;254m██[38;2;129;139;163m██[38;2;222;187;179m██[38;2;98;86;86m██[38;2;36;39;48m████[38;2;32;35;44m██[38;2;37;40;48m████[38;2;37;40;49m██[38;2;154;159;164m██[38;2;169;172;177m██[38;2;177;182;186m██[38;2;129;132;137m██[38;2;178;185;188m██[38;2;179;182;187m  [38;2;91;105;122m  [38;2;0;0;0m        
[38;2;30;33;42m██[38;2;80;127;188m██[38;2;81;121;183m██[38;2;75;113;178m██[38;2;63;100;169m██[38;2;143;144;148m██[38;2;95;100;104m██[38;2;225;229;235m██[38;2;243;247;249m██[38;2;205;209;214m██[38;2;169;169;178m██[38;2;252;241;216m██[38;2;134;115;119m██[38;2;251;226;215m██[38;2;34;36;45m██[38;2;37;40;50m██[38;2;31;34;43m██[38;2;36;40;48m████[38;2;34;36;45m██[38;2;245;231;222m██[38;2;140;131;136m██[38;2;167;172;176m██[38;2;173;179;183m██[38;2;130;135;139m██[38;2;132;135;140m██[38;2;152;154;159m██[38;2;139;144;155m  [38;2;155;155;155m  [38;2;0;0;0m      
[38;2;33;36;45m██[38;2;103;150;197m██[38;2;89;133;189m██[38;2;80;118;178m██[38;2;79;118;180m██[38;2;65;98;170m██[38;2;134;136;142m██[38;2;135;140;146m██[38;2;233;236;241m██[38;2;243;236;219m██[38;2;251;248;239m██[38;2;239;190;150m██[38;2;138;92;74m██[38;2;252;229;220m██[38;2;33;35;50m██[38;2;146;147;168m██[38;2;36;40;48m████[38;2;37;39;48m██[38;2;249;225;217m██[38;2;251;233;223m██[38;2;250;233;223m██[38;2;133;138;141m██[38;2;173;178;182m██[38;2;177;182;186m██[38;2;140;144;148m██[38;2;137;141;147m██[38;2;187;192;195m  [38;2;91;91;91m  [38;2;0;0;0m      
[38;2;36;37;47m██[38;2;36;39;48m██[38;2;45;55;81m  [38;2;85;121;179m██[38;2;83;121;177m██[38;2;79;115;178m██[38;2;144;146;150m██[38;2;86;91;95m██[38;2;112;113;144m██[38;2;245;230;215m██[38;2;244;184;146m██[38;2;221;197;171m██[38;2;169;154;156m██[38;2;195;160;159m██[38;2;240;243;246m██[38;2;147;148;169m██[38;2;78;82;96m██[38;2;36;40;49m██[38;2;102;91;94m██[38;2;251;232;223m██[38;2;250;232;222m██[38;2;251;233;224m██[38;2;93;79;83m██[38;2;126;131;135m██[38;2;171;176;180m██[38;2;161;163;168m██[38;2;154;158;163m██[38;2;179;185;189m  [38;2;65;65;79m  [38;2;0;0;0m      
[38;2;74;74;79m██[38;2;125;115;119m  [38;2;102;134;161m  [38;2;134;139;143m██[38;2;73;108;176m██[38;2;109;127;161m██[38;2;143;147;155m██[38;2;210;210;219m██[38;2;236;240;243m██[38;2;180;177;184m██[38;2;140;118;120m██[38;2;54;55;96m██[38;2;235;240;245m██[38;2;235;239;242m██[38;2;191;194;206m██[38;2;178;181;190m██[38;2;141;145;150m██[38;2;45;48;60m██[38;2;249;220;213m██[38;2;250;232;223m██[38;2;237;220;211m██[38;2;197;169;151m██[38;2;180;145;127m██[38;2;120;124;129m██[38;2;152;157;161m██[38;2;148;153;157m██[38;2;157;163;167m██[38;2;163;167;172m██[38;2;23;28;35m  [38;2;0;0;0m      [0m
