
[38;2;0;0;0m      [38;2;33;13;33m  [38;2;228;88;230m  [38;2;91;36;91m  [38;2;37;34;34m  [38;2;47;43;44m██[38;2;53;31;51m██[38;2;19;13;18m██[38;2;51;47;47m████[38;2;51;46;47m██[38;2;19;12;18m██[38;2;20;13;19m████[38;2;41;31;39m██[38;2;49;45;45m██[38;2;50;46;46m██[38;2;45;40;41m██[38;2;47;40;43m██[38;2;89;55;86m██[38;2;51;46;46m██[38;2;51;47;47m██[38;2;44;41;41m  [38;2;0;0;0m  [38;2;91;35;91m  [38;2;214;136;202m  [38;2;243;164;224m██[38;2;255;218;220m██[38;2;32;28;28m  [38;2;228;88;230m  
[38;2;0;0;0m        [38;2;226;87;232m  [38;2;49;40;46m  [38;2;49;45;45m██[38;2;38;33;35m██[38;2;20;13;19m████[38;2;51;47;47m██[38;2;48;43;44m██[38;2;20;12;19m██[38;2;20;13;19m██████████[38;2;27;21;25m██[38;2;51;47;47m██[38;2;74;52;71m██[38;2;51;46;46m██[38;2;51;47;47m██[38;2;48;43;43m██[38;2;51;47;47m██[38;2;43;32;41m  [38;2;228;88;230m  [38;2;235;174;213m  [38;2;255;218;220m████[38;2;0;0;0m  [38;2;228;88;230m  
[38;2;227;88;229m  [38;2;0;0;0m      [38;2;29;27;27m  [38;2;69;50;66m██[38;2;51;47;47m████[38;2;19;13;18m██[38;2;20;13;19m██[38;2;49;45;45m██[38;2;20;13;19m██[38;2;20;13;18m██[38;2;20;13;19m██████████[38;2;19;13;19m██[38;2;20;13;18m██[38;2;49;44;45m██[38;2;51;47;47m████[38;2;50;46;46m██[38;2;91;56;89m██[38;2;100;58;97m██[38;2;124;98;118m  [38;2;255;218;220m██[38;2;255;218;219m██[38;2;255;222;224m██[38;2;0;0;0m  [38;2;228;88;230m  
[38;2;227;88;230m  [38;2;227;87;230m  [38;2;0;0;0m  [38;2;4;5;5m  [38;2;51;47;47m██[38;2;71;51;68m██[38;2;51;46;46m██[38;2;47;42;43m██[38;2;31;24;28m██[38;2;20;13;18m██[38;2;19;12;18m██[38;2;31;24;27m██[38;2;40;31;34m██[38;2;151;129;122m██[38;2;207;179;168m  [38;2;106;96;92m██[38;2;186;162;152m██[38;2;195;167;156m██[38;2;21;16;20m██[38;2;20;13;18m██[38;2;20;13;19m██[38;2;43;38;40m██[38;2;51;46;46m██[38;2;174;159;160m██[38;2;122;109;110m██[38;2;249;218;220m██[38;2;238;193;202m██[38;2;225;171;184m██[38;2;221;175;184m██[38;2;207;183;185m  [38;2;161;61;163m  [38;2;226;87;228m  
[38;2;0;0;0m  [38;2;227;87;230m  [38;2;0;0;0m  [38;2;50;47;47m██[38;2;49;45;45m██[38;2;51;47;47m██[38;2;50;47;46m██[38;2;20;13;19m██[38;2;19;12;18m██[38;2;172;147;138m██[38;2;224;190;178m██[38;2;245;222;206m██[38;2;255;235;217m██████████████[38;2;245;222;206m██[38;2;166;141;133m██[38;2;20;12;19m██[38;2;97;77;83m██[38;2;179;137;147m██[38;2;168;143;147m██[38;2;199;152;163m██[38;2;226;172;185m██[38;2;226;171;185m██[38;2;240;208;210m██[38;2;221;180;205m██[38;2;243;161;224m██[38;2;218;87;220m  
[38;2;0;0;0m  [38;2;78;30;78m  [38;2;159;66;160m  [38;2;51;46;46m██[38;2;48;44;44m██[38;2;51;46;46m██[38;2;21;15;20m██[38;2;19;13;18m██[38;2;223;189;177m██[38;2;225;192;179m██[38;2;255;234;217m████[38;2;255;235;217m████[38;2;255;234;217m██[38;2;255;235;217m████[38;2;255;234;217m██[38;2;255;235;217m████[38;2;255;234;217m██[38;2;227;194;182m██[38;2;20;14;19m██[38;2;16;10;16m██[38;2;116;88;96m██[38;2;251;213;216m██[38;2;202;161;171m██[38;2;239;176;221m██[38;2;248;184;222m██[38;2;244;170;223m██[38;2;252;208;220m██[38;2;26;23;23m  
[38;2;0;0;0m    [38;2;46;43;42m  [38;2;50;47;46m██[38;2;51;47;47m██[38;2;50;46;47m██[38;2;20;13;19m██[38;2;80;68;65m██[38;2;228;196;182m██[38;2;255;234;216m██[38;2;255;235;216m██[38;2;255;235;217m████[38;2;255;234;217m██[38;2;255;234;216m██[38;2;255;235;216m████[38;2;255;234;216m██[38;2;255;234;217m██[38;2;255;235;217m████[38;2;255;235;216m██[38;2;224;189;178m██[38;2;19;12;18m██[38;2;87;68;73m██[38;2;208;159;170m██[38;2;224;170;183m██[38;2;254;217;219m██[38;2;255;218;220m██[38;2;255;218;219m████[38;2;38;32;32m  
[38;2;0;0;0m    [38;2;51;47;47m██[38;2;45;42;42m██[38;2;51;46;46m██[38;2;27;20;25m██[38;2;19;12;18m██[38;2;225;191;179m██[38;2;255;235;217m██[38;2;255;235;216m██[38;2;255;235;217m██████████████[38;2;255;235;216m██[38;2;255;235;217m████████[38;2;254;234;216m██[38;2;78;68;64m██[38;2;20;13;19m██[38;2;217;167;179m██[38;2;231;179;191m██[38;2;221;169;181m██[38;2;243;204;210m██[38;2;255;218;219m██[38;2;255;218;220m██[38;2;64;55;56m  
[38;2;0;0;0m  [38;2;5;5;5m  [38;2;51;46;46m██[38;2;51;47;47m████[38;2;20;13;19m██[38;2;73;61;60m██[38;2;255;235;217m██[38;2;255;234;217m██████[38;2;255;235;217m████████████[38;2;255;235;216m██[38;2;255;235;217m██████████[38;2;234;205;192m██[38;2;19;12;18m██[38;2;50;46;45m██[38;2;222;169;181m██[38;2;255;218;220m████[38;2;228;205;206m  [38;2;74;71;65m  [38;2;117;44;122m  
[38;2;218;84;219m  [38;2;29;27;28m  [38;2;51;47;47m████[38;2;48;43;44m██[38;2;20;13;18m██[38;2;248;227;210m██[38;2;255;235;217m██[38;2;255;234;217m██[38;2;255;235;217m██[38;2;255;235;216m██████[38;2;255;234;217m██[38;2;252;233;215m██[38;2;238;222;205m██[38;2;255;235;217m██[38;2;255;235;216m██[38;2;255;234;217m██[38;2;255;235;217m██[38;2;255;235;216m██[38;2;255;235;217m██[38;2;255;235;216m██[38;2;254;235;217m██[38;2;20;13;18m██[38;2;51;48;47m██[38;2;51;47;47m██[38;2;22;16;21m██[38;2;55;48;50m██[38;2;21;8;21m  [38;2;226;88;230m  [38;2;227;88;230m  
[38;2;0;0;0m  [38;2;46;42;42m  [38;2;48;44;44m██[38;2;50;47;47m██[38;2;27;20;25m██[38;2;19;13;18m██[38;2;255;235;217m████[38;2;240;226;210m██[38;2;243;230;215m██[38;2;255;234;217m██[38;2;255;235;217m██[38;2;213;202;191m██[38;2;255;235;217m██[38;2;254;235;217m██[38;2;236;221;205m██[38;2;254;234;216m██[38;2;204;195;184m██[38;2;255;235;217m██[38;2;255;237;219m██[38;2;193;185;173m██[38;2;248;231;214m██[38;2;255;235;217m████[38;2;76;66;63m██[38;2;51;47;47m████[38;2;39;36;36m██[38;2;47;42;43m██[38;2;10;10;10m  [38;2;0;0;0m    
[38;2;0;0;0m  [38;2;51;47;47m██[38;2;45;42;42m██[38;2;51;47;47m██[38;2;20;13;19m██[38;2;48;42;43m██[38;2;255;235;217m████[38;2;208;201;186m██[38;2;243;232;214m██[38;2;214;203;190m██[38;2;146;126;118m██[38;2;227;197;185m██[38;2;255;235;217m██████[38;2;254;234;216m██[38;2;224;190;178m██[38;2;205;174;163m██[38;2;68;57;58m██[38;2;97;85;82m██[38;2;232;222;207m██[38;2;228;217;201m██[38;2;255;235;217m██[38;2;202;193;182m██[38;2;49;44;45m██[38;2;50;46;46m██[38;2;51;47;47m██[38;2;39;34;36m██[38;2;42;39;39m  [38;2;0;0;0m    
[38;2;0;0;0m  [38;2;51;47;47m██[38;2;49;45;45m██[38;2;51;47;47m██[38;2;20;13;19m██[38;2;71;65;64m██[38;2;255;235;216m██[38;2;190;183;173m██[38;2;89;79;80m██[38;2;194;185;185m██[38;2;175;166;167m██[38;2;44;33;34m██[38;2;208;184;172m██[38;2;255;235;217m██[38;2;255;235;216m██[38;2;255;234;216m██[38;2;255;235;217m██[38;2;204;186;174m██[38;2;136;127;128m██[38;2;233;230;230m██[38;2;240;238;238m██[38;2;130;120;121m██[38;2;103;94;90m██[38;2;241;227;212m██[38;2;247;235;216m██[38;2;47;43;44m████[38;2;51;47;47m██[38;2;26;20;24m██[38;2;51;47;47m██[38;2;0;0;0m    
[38;2;152;57;153m  [38;2;50;47;47m██[38;2;51;47;47m██[38;2;47;42;43m██[38;2;20;13;19m██[38;2;92;83;80m██[38;2;247;231;214m██[38;2;99;90;90m██[38;2;250;250;250m██[38;2;151;148;150m██[38;2;179;173;175m██[38;2;245;244;244m██[38;2;243;226;209m██[38;2;255;235;217m████████[38;2;242;226;211m██[38;2;216;216;216m██[38;2;226;191;204m██[38;2;215;168;186m██[38;2;212;212;212m██[38;2;141;132;132m██[38;2;246;230;214m██[38;2;209;201;190m██[38;2;42;37;38m██[38;2;40;35;36m██[38;2;51;47;47m██[38;2;19;13;18m██[38;2;50;47;46m██[38;2;79;30;79m  [38;2;228;87;230m  
[38;2;34;32;32m  [38;2;49;45;45m██[38;2;51;47;47m██[38;2;37;32;35m██[38;2;20;13;19m██[38;2;71;64;63m██[38;2;207;196;183m██[38;2;250;249;249m██[38;2;216;198;205m██[38;2;234;161;188m██[38;2;248;233;240m██[38;2;217;189;200m██[38;2;253;238;225m██[38;2;255;235;217m████████[38;2;253;239;227m██[38;2;231;200;212m██[38;2;206;123;164m██[38;2;254;254;254m██[38;2;224;163;186m██[38;2;249;248;249m██[38;2;255;237;219m██[38;2;106;101;95m██[38;2;33;27;31m██[38;2;25;18;23m██[38;2;51;47;47m██[38;2;23;16;22m██[38;2;51;47;47m██[38;2;7;7;7m  [38;2;0;0;0m  
[38;2;47;44;44m██[38;2;41;36;38m██[38;2;51;47;47m██[38;2;22;15;20m██[38;2;19;13;19m██[38;2;38;32;35m██[38;2;255;235;217m██[38;2;250;250;250m██[38;2;234;168;192m██[38;2;206;108;162m██[38;2;176;70;137m██[38;2;235;166;192m██[38;2;253;239;227m██[38;2;255;234;217m██[38;2;255;235;217m██[38;2;255;234;217m██[38;2;255;235;217m██[38;2;254;236;219m██[38;2;245;208;221m██[38;2;208;109;164m██[38;2;208;110;164m██[38;2;229;161;186m██[38;2;249;249;250m██[38;2;255;235;217m██[38;2;27;22;25m██[38;2;24;17;23m██[38;2;18;11;17m██[38;2;51;47;47m██[38;2;24;18;22m██[38;2;51;47;47m██[38;2;47;43;43m  [38;2;0;0;0m  
[38;2;47;43;43m██[38;2;33;27;31m██[38;2;51;47;47m██[38;2;19;12;18m██[38;2;19;13;19m██[38;2;60;50;50m██[38;2;255;235;216m██[38;2;252;242;233m██[38;2;133;129;130m██[38;2;234;160;187m██[38;2;234;161;188m██[38;2;206;190;196m██[38;2;254;235;218m██[38;2;255;235;217m████████[38;2;255;234;217m██[38;2;204;197;195m██[38;2;234;160;187m████[38;2;148;144;145m██[38;2;252;243;234m██[38;2;255;235;217m██[38;2;150;127;120m██[38;2;19;12;18m██[38;2;20;13;19m██[38;2;51;47;47m██[38;2;24;18;23m██[38;2;50;47;46m██[38;2;46;42;42m██[38;2;16;15;15m  
[38;2;48;43;44m██[38;2;27;21;25m██[38;2;51;47;47m██[38;2;27;20;25m██[38;2;20;13;19m██[38;2;184;157;147m██[38;2;255;235;217m██[38;2;255;235;216m██[38;2;255;235;217m██[38;2;135;130;122m██[38;2;189;180;168m██[38;2;253;235;217m██[38;2;255;235;217m██[38;2;255;235;216m██[38;2;217;184;172m██[38;2;255;235;217m████[38;2;255;235;216m██[38;2;255;235;217m██[38;2;255;236;218m██[38;2;228;214;198m██[38;2;243;228;210m██[38;2;255;235;217m████[38;2;217;183;172m██[38;2;22;15;20m██[38;2;20;13;19m██[38;2;50;47;47m██[38;2;24;18;22m██[38;2;51;47;47m██[38;2;58;49;54m██[38;2;132;65;131m  
[38;2;49;45;45m██[38;2;23;17;22m██[38;2;51;47;47m██[38;2;46;41;42m██[38;2;41;40;35m██[38;2;133;152;109m██[38;2;153;164;127m██[38;2;153;164;126m██[38;2;154;164;127m██[38;2;157;172;130m  [38;2;137;149;114m██[38;2;150;163;123m██[38;2;153;165;126m██[38;2;153;166;126m████[38;2;155;168;129m██[38;2;155;168;127m██[38;2;155;167;127m██[38;2;154;167;125m██[38;2;148;161;122m██[38;2;168;182;139m██[38;2;168;181;137m██[38;2;166;180;135m██[38;2;165;178;136m██[38;2;163;177;134m██[38;2;183;196;148m██[38;2;20;13;19m██[38;2;51;47;47m██[38;2;23;17;22m██[38;2;51;47;47m████[38;2;50;47;45m██
[38;2;51;47;47m██[38;2;22;15;21m██[38;2;51;47;47m████[38;2;139;160;112m██[38;2;136;156;109m██[38;2;143;163;117m██[38;2;143;164;117m██[38;2;141;161;113m██[38;2;158;172;127m██[38;2;140;161;114m██[38;2;141;161;113m██[38;2;141;162;114m████[38;2;140;161;112m██[38;2;140;160;112m██[38;2;139;160;111m██[38;2;139;160;112m██[38;2;142;163;116m██[38;2;136;156;109m██[38;2;122;139;99m██[38;2;140;161;111m██[38;2;142;164;117m██[38;2;142;163;116m██[38;2;141;162;113m██[38;2;143;164;117m██[38;2;18;12;18m██[38;2;51;47;47m██[38;2;23;16;22m██[38;2;51;47;47m████[38;2;48;44;44m██
[38;2;51;47;47m██[38;2;22;15;20m██[38;2;51;47;47m██[38;2;50;47;47m██[38;2;145;166;118m██[38;2;145;166;117m██[38;2;144;165;118m██[38;2;143;164;116m██[38;2;123;140;99m██[38;2;135;154;111m██[38;2;137;158;110m██[38;2;126;144;103m██[38;2;125;144;103m██[38;2;121;139;96m██[38;2;125;143;102m██[38;2;127;144;104m██[38;2;125;143;102m██[38;2;123;141;98m██[38;2;124;142;101m██[38;2;141;162;115m██[38;2;114;130;94m██[38;2;127;145;103m██[38;2;142;163;114m██[38;2;143;164;117m██[38;2;143;164;116m██[38;2;138;157;112m██[38;2;21;15;20m██[38;2;51;47;47m██[38;2;22;15;21m██[38;2;52;47;48m██[38;2;50;47;47m██[38;2;51;47;47m██
[38;2;76;53;73m██[38;2;30;17;30m██[38;2;51;46;46m████[38;2;80;90;68m██[38;2;78;87;67m██[38;2;77;87;67m██[38;2;75;83;63m██[38;2;84;95;73m██[38;2;92;103;79m██[38;2;90;101;77m██[38;2;93;104;80m██████[38;2;92;103;79m██[38;2;93;104;80m██[38;2;91;102;78m██[38;2;91;102;77m██[38;2;84;93;72m██[38;2;87;97;74m██[38;2;92;103;78m██[38;2;92;103;79m██[38;2;93;104;80m██[38;2;94;105;81m██[38;2;93;104;80m██[38;2;94;105;81m██[38;2;20;13;19m██[38;2;51;46;46m██[38;2;20;14;19m██[38;2;49;44;45m██[38;2;70;51;67m██[38;2;50;46;46m██
[38;2;51;47;47m██[38;2;20;13;19m██[38;2;51;47;47m████[38;2;87;98;75m██[38;2;77;86;65m██[38;2;92;103;78m██[38;2;79;88;68m██[38;2;75;84;65m██[38;2;92;103;79m██[38;2;91;101;77m██[38;2;93;104;80m██[38;2;92;103;79m██[38;2;94;105;81m██[38;2;94;105;80m██[38;2;76;84;65m██[38;2;77;85;66m████[38;2;76;85;66m██[38;2;89;100;75m██[38;2;93;104;80m██[38;2;87;98;74m██[38;2;84;94;72m██[38;2;83;92;71m██[38;2;92;103;78m██[38;2;93;104;78m██[38;2;20;13;19m██[38;2;51;47;47m██[38;2;19;12;18m██[38;2;41;36;38m██[38;2;69;51;65m██[38;2;72;50;70m██
[38;2;51;46;46m██[38;2;19;13;19m██[38;2;52;48;48m██[38;2;51;46;46m██[38;2;52;49;47m██[38;2;76;84;65m██[38;2;19;12;18m██[38;2;117;68;75m██[38;2;118;68;75m██[38;2;118;112;99m██[38;2;209;178;165m██[38;2;223;188;177m████[38;2;224;189;178m██[38;2;225;190;178m██████[38;2;225;190;179m████[38;2;224;189;178m██[38;2;96;98;80m██[38;2;124;71;78m██[38;2;123;71;78m██[38;2;122;71;78m██[38;2;19;12;18m██[38;2;58;62;51m██[38;2;19;12;18m██[38;2;51;46;46m██[38;2;19;12;19m██[38;2;23;16;22m██[38;2;51;47;47m██[38;2;84;54;81m██
[38;2;51;47;47m██[38;2;19;12;18m██[38;2;49;45;45m██[38;2;51;47;47m██[38;2;48;44;44m██[38;2;20;13;19m████████[38;2;98;76;78m██[38;2;193;171;169m██[38;2;250;230;213m██[38;2;254;235;217m██[38;2;255;235;217m██████████[38;2;250;229;212m██[38;2;190;162;153m██[38;2;228;202;201m██[38;2;225;200;199m██[38;2;20;12;18m██[38;2;20;13;19m██[38;2;19;13;18m██[38;2;19;13;19m██[38;2;19;12;18m██[38;2;69;51;65m██[38;2;20;12;18m██[38;2;20;13;18m██[38;2;51;47;47m████
[38;2;121;63;119m██[38;2;66;28;66m██[38;2;56;41;53m██[38;2;51;47;47m██[38;2;47;43;43m██[38;2;20;13;18m██[38;2;20;13;19m██[38;2;18;15;18m██[38;2;206;138;151m██[38;2;227;201;200m██[38;2;228;201;200m██[38;2;217;184;173m██[38;2;147;127;119m██[38;2;207;198;185m██[38;2;255;235;217m██[38;2;255;234;216m██[38;2;235;224;209m██[38;2;91;81;76m██[38;2;224;190;178m██[38;2;213;189;188m██[38;2;227;202;201m████[38;2;204;135;148m██[38;2;28;19;25m██[38;2;19;15;18m██[38;2;20;13;19m██[38;2;19;12;18m██[38;2;49;46;45m██[38;2;41;20;41m██[38;2;20;13;19m██[38;2;41;37;38m██[38;2;51;47;47m██
[38;2;52;47;48m██[38;2;20;13;19m██[38;2;37;31;34m██[38;2;50;47;47m██[38;2;46;43;43m██[38;2;19;13;18m██[38;2;37;22;31m██[38;2;205;138;150m██[38;2;206;138;151m██[38;2;228;202;201m██[38;2;227;202;201m██[38;2;187;164;160m██[38;2;224;190;178m████[38;2;121;104;98m██[38;2;81;70;66m██[38;2;221;187;175m██[38;2;224;190;178m██[38;2;224;189;178m██[38;2;226;201;200m██[38;2;227;202;201m████[38;2;179;154;155m██[38;2;158;108;117m██[38;2;36;22;31m██[38;2;18;16;18m██[38;2;19;12;18m██[38;2;51;47;47m██[38;2;43;20;42m██[38;2;31;17;31m██[38;2;19;12;18m██[38;2;51;47;47m██
[38;2;51;47;47m██[38;2;20;13;19m██[38;2;32;26;30m██[38;2;51;47;47m██[38;2;44;41;41m██[38;2;36;22;31m██[38;2;161;108;119m██[38;2;206;138;151m██[38;2;205;137;150m██[38;2;227;201;200m██[38;2;227;202;201m████[38;2;218;185;174m██[38;2;224;190;178m████████[38;2;228;194;181m██[38;2;199;171;162m██[38;2;227;202;201m████[38;2;228;201;200m██[38;2;178;149;151m██[38;2;206;138;151m██[38;2;51;26;46m██[38;2;36;22;30m██[38;2;20;12;19m██[38;2;52;48;47m██[38;2;50;29;49m██[38;2;80;34;81m██[38;2;85;36;86m██[38;2;79;46;77m██
[38;2;32;26;30m██[38;2;20;13;19m██[38;2;29;23;27m██[38;2;72;51;68m██[38;2;93;52;91m██[38;2;70;49;58m██[38;2;243;172;174m██[38;2;224;161;164m██[38;2;243;172;175m██[38;2;253;240;238m██[38;2;232;208;207m██[38;2;227;202;201m██[38;2;219;195;194m██[38;2;225;190;178m██[38;2;224;190;178m████████[38;2;228;202;201m██[38;2;227;202;201m██[38;2;247;232;230m██[38;2;255;242;240m██[38;2;215;154;156m██[38;2;243;172;175m██[38;2;63;47;51m██[38;2;44;24;38m██[38;2;20;13;18m██[38;2;49;45;45m██[38;2;50;47;46m██[38;2;54;25;54m██[38;2;106;44;106m████
[38;2;20;13;19m████[38;2;98;44;97m██[38;2;109;60;107m██[38;2;31;30;30m██[38;2;76;58;61m██[38;2;243;172;175m██[38;2;244;171;174m██[38;2;209;152;154m██[38;2;252;229;239m██[38;2;255;242;240m██[38;2;243;226;224m██[38;2;227;201;200m██[38;2;193;166;160m██[38;2;224;190;178m██████[38;2;203;176;167m██[38;2;228;202;201m██[38;2;255;242;240m██████[38;2;245;174;177m██[38;2;244;171;174m██[38;2;194;142;145m██[38;2;125;65;117m██[38;2;19;12;18m██[38;2;47;43;44m██[38;2;47;42;43m██[38;2;19;12;18m██[38;2;21;13;20m██[38;2;75;32;75m██
[38;2;20;13;19m██[38;2;91;39;91m██[38;2;120;52;120m██[38;2;51;47;47m██[38;2;28;25;26m██[38;2;151;110;113m██[38;2;244;172;175m██[38;2;212;154;156m██[38;2;241;159;183m██[38;2;254;241;239m██[38;2;255;242;240m████[38;2;253;240;238m██[38;2;227;189;203m██[38;2;125;108;104m██[38;2;227;193;180m██[38;2;213;188;186m██[38;2;235;206;214m██[38;2;255;242;240m██████[38;2;250;220;238m██[38;2;238;170;173m██[38;2;228;163;166m██[38;2;243;172;175m██[38;2;121;65;113m██[38;2;59;28;58m██[38;2;51;47;47m██[38;2;41;37;38m██[38;2;39;36;36m██[38;2;20;13;19m████
[38;2;19;13;18m██[38;2;124;52;122m██[38;2;123;54;123m██[38;2;50;47;47m██[38;2;66;51;54m██[38;2;246;175;178m██[38;2;243;172;175m██[38;2;242;164;179m██[38;2;244;171;176m██[38;2;254;242;240m██[38;2;255;242;240m████[38;2;253;232;239m██[38;2;253;233;239m██[38;2;235;224;223m██[38;2;248;233;231m██[38;2;255;242;240m██[38;2;250;215;238m██[38;2;255;242;240m████[38;2;254;240;239m██[38;2;238;179;229m██[38;2;243;172;175m██[38;2;243;172;174m██[38;2;243;172;175m██[38;2;119;64;111m██[38;2;101;49;99m██[38;2;111;58;109m██[38;2;85;42;84m██[38;2;87;55;84m██[38;2;26;17;23m██[38;2;20;13;19m██[0m
