
[38;2;215;228;239m██[38;2;217;229;240m██[38;2;219;230;240m██[38;2;220;231;240m██[38;2;220;230;241m██[38;2;217;228;240m██[38;2;213;227;239m██[38;2;232;242;247m██[38;2;64;58;92m██[38;2;203;222;237m██[38;2;202;221;238m██[38;2;206;223;239m██[38;2;205;222;237m██[38;2;208;224;239m██[38;2;210;226;239m██[38;2;213;227;240m██[38;2;228;238;245m██[38;2;253;254;254m██[38;2;148;119;134m██[38;2;180;185;198m██[38;2;223;232;240m██[38;2;231;238;244m██[38;2;229;236;242m██[38;2;78;79;85m██[38;2;2;2;5m  [38;2;0;0;0m              
[38;2;218;229;240m██[38;2;220;231;240m██[38;2;220;229;239m██[38;2;223;232;240m██[38;2;227;235;244m██[38;2;225;235;243m██[38;2;204;215;229m██[38;2;226;231;235m██[38;2;70;53;82m██[38;2;216;231;244m██[38;2;208;223;237m██[38;2;232;241;247m██[38;2;227;237;245m██[38;2;183;191;211m██[38;2;184;188;208m██[38;2;182;185;205m██[38;2;250;253;253m██[38;2;246;249;251m██[38;2;147;116;131m██[38;2;50;39;73m██[38;2;188;194;213m██[38;2;247;253;254m██[38;2;235;240;244m██[38;2;238;242;245m██[38;2;3;2;6m  [38;2;0;0;0m              
[38;2;221;231;240m██[38;2;226;236;241m██[38;2;199;192;223m██[38;2;227;234;241m██[38;2;230;238;246m██[38;2;237;245;249m██[38;2;181;188;209m██[38;2;218;220;227m██[38;2;218;172;174m██[38;2;214;223;234m██[38;2;190;198;216m██[38;2;233;242;248m██[38;2;199;207;224m██[38;2;193;199;216m██[38;2;190;196;214m██[38;2;192;197;214m██[38;2;181;181;201m██[38;2;223;228;237m██[38;2;119;91;118m██[38;2;242;193;189m██[38;2;150;148;175m██[38;2;209;213;225m██[38;2;199;195;216m██[38;2;235;239;243m██[38;2;36;36;39m██[38;2;0;0;0m              
[38;2;229;238;245m██[38;2;228;238;244m██[38;2;187;179;214m██[38;2;211;216;228m██[38;2;228;235;244m██[38;2;223;228;236m██[38;2;187;189;208m██[38;2;218;220;228m██[38;2;229;187;185m██[38;2;116;103;136m██[38;2;200;205;220m██[38;2;160;149;172m██[38;2;200;205;220m██[38;2;195;198;214m██[38;2;206;204;216m██[38;2;208;205;216m██[38;2;188;183;193m██[38;2;119;103;105m██[38;2;86;54;76m██[38;2;154;110;108m██[38;2;75;54;101m██[38;2;205;209;222m██[38;2;236;238;243m██[38;2;211;214;223m██[38;2;177;177;180m██[38;2;0;0;0m              
[38;2;230;240;246m██[38;2;216;224;234m██[38;2;171;161;197m██[38;2;205;209;223m██[38;2;193;196;213m██[38;2;183;177;195m██[38;2;133;116;123m██[38;2;39;9;10m██[38;2;93;54;51m██[38;2;147;102;117m██[38;2;220;224;232m██[38;2;108;53;90m██[38;2;218;216;224m██[38;2;203;201;214m██[38;2;217;209;217m██[38;2;218;209;217m██[38;2;222;215;222m██[38;2;228;222;226m██[38;2;123;82;113m██[38;2;242;191;187m██[38;2;254;207;196m██[38;2;165;150;175m██[38;2;233;232;235m██[38;2;149;133;172m██[38;2;252;252;252m██[38;2;0;0;0m              
[38;2;231;240;247m██[38;2;205;211;224m██[38;2;146;135;172m██[38;2;209;208;219m██[38;2;108;84;125m██[38;2;150;105;129m██[38;2;235;222;225m██[38;2;225;211;214m██[38;2;244;192;188m██[38;2;247;202;195m██[38;2;181;143;159m██[38;2;187;159;173m██[38;2;202;178;188m██[38;2;217;207;215m██[38;2;227;214;218m██[38;2;226;214;217m██[38;2;225;213;217m██[38;2;235;225;226m██[38;2;199;149;157m██[38;2;253;238;223m██[38;2;241;187;184m██[38;2;148;98;123m██[38;2;223;209;212m██[38;2;124;92;128m██[38;2;244;246;247m██[38;2;0;0;0m              
[38;2;230;240;247m██[38;2;202;205;219m██[38;2;124;80;116m██[38;2;221;216;222m██[38;2;135;91;122m██[38;2;223;166;166m██[38;2;233;208;205m██[38;2;234;213;211m██[38;2;236;188;185m██[38;2;251;233;220m██[38;2;232;187;184m██[38;2;242;237;237m██[38;2;177;105;118m██[38;2;230;216;218m██[38;2;233;216;218m████[38;2;232;219;221m██[38;2;217;189;194m██[38;2;253;216;207m██[38;2;252;236;222m██[38;2;252;240;225m██[38;2;241;190;186m██[38;2;213;185;189m██[38;2;167;138;159m██[38;2;229;232;237m██[38;2;6;0;1m  [38;2;0;0;0m            
[38;2;230;240;247m██[38;2;201;202;217m██[38;2;118;70;108m██[38;2;215;202;208m██[38;2;230;180;180m██[38;2;243;192;188m██[38;2;205;170;179m██[38;2;227;197;200m██[38;2;226;168;166m██[38;2;220;161;148m██[38;2;249;232;219m██[38;2;203;139;146m██[38;2;226;199;199m██[38;2;206;162;169m██[38;2;239;218;217m██[38;2;240;214;213m██[38;2;184;117;113m██[38;2;220;183;187m██[38;2;206;182;177m██[38;2;138;106;105m██[38;2;219;178;175m██[38;2;174;137;134m██[38;2;157;91;111m██[38;2;192;165;178m██[38;2;212;210;220m██[38;2;26;13;15m██[38;2;0;0;0m            
[38;2;231;240;246m██[38;2;205;207;220m██[38;2;110;65;102m██[38;2;156;126;151m██[38;2;248;196;190m██[38;2;244;193;189m██[38;2;252;206;201m██[38;2;224;213;201m██[38;2;200;190;182m██[38;2;255;254;241m██[38;2;253;245;233m██[38;2;211;184;174m██[38;2;242;189;186m██[38;2;242;190;186m██[38;2;244;200;194m██[38;2;246;210;201m██[38;2;243;223;213m██[38;2;21;4;3m██[38;2;13;0;0m██[38;2;2;2;3m██[38;2;0;0;0m██[38;2;14;11;11m██[38;2;245;195;192m██[38;2;191;159;171m██[38;2;206;198;208m██[38;2;38;22;23m██[38;2;0;0;0m            
[38;2;232;240;246m██[38;2;207;208;221m██[38;2;95;61;97m██[38;2;122;86;117m██[38;2;242;190;186m██[38;2;90;70;68m██[38;2;0;0;0m██████[38;2;14;0;0m██[38;2;2;0;0m██[38;2;254;254;245m██[38;2;254;243;228m██[38;2;253;236;222m██[38;2;252;233;220m██[38;2;254;242;229m██[38;2;106;5;4m██[38;2;125;76;78m██[38;2;3;2;4m██[38;2;132;115;208m██[38;2;133;116;205m██[38;2;2;2;3m██[38;2;0;0;0m██[38;2;131;70;98m██[38;2;127;101;105m██[38;2;0;1;0m  [38;2;0;0;0m        [38;2;32;33;38m  [38;2;111;138;226m  
[38;2;236;240;243m██[38;2;207;207;219m██[38;2;82;61;95m██[38;2;176;136;149m██[38;2;69;54;52m██[38;2;9;1;1m██[38;2;0;0;0m██[38;2;83;70;129m██[38;2;142;108;215m██[38;2;65;45;90m██[38;2;59;25;25m██[38;2;92;3;3m██[38;2;254;243;228m██[38;2;254;246;231m██[38;2;255;247;231m██[38;2;255;248;232m██[38;2;171;108;107m██[38;2;244;247;248m██[38;2;255;255;255m██[38;2;167;158;207m██[38;2;132;109;205m██[38;2;103;83;161m██[38;2;30;30;32m██[38;2;78;27;40m██[38;2;221;200;204m██[38;2;0;0;0m        [38;2;113;140;225m  [38;2;180;203;220m  [38;2;200;221;224m  
[38;2;239;240;242m██[38;2;205;206;220m██[38;2;112;100;128m██[38;2;170;129;130m██[38;2;14;1;1m██[38;2;45;42;43m██[38;2;237;237;237m██[38;2;141;130;192m██[38;2;127;105;195m██[38;2;168;121;231m██[38;2;65;46;47m██[38;2;201;168;170m██[38;2;245;204;197m██[38;2;255;248;232m████[38;2;251;234;220m██[38;2;242;227;221m██[38;2;253;250;249m██[38;2;252;252;253m██[38;2;227;225;237m██[38;2;52;70;113m██[38;2;195;126;222m██[38;2;198;205;214m██[38;2;75;30;46m██[38;2;229;203;204m██[38;2;0;0;0m    [38;2;7;9;13m  [38;2;130;156;223m  [38;2;198;219;223m  [38;2;199;221;225m  [38;2;200;221;227m  
[38;2;238;240;242m██[38;2;206;207;220m██[38;2;140;135;160m██[38;2;38;3;2m██[38;2;14;0;0m██[38;2;232;236;242m██[38;2;238;238;239m██[38;2;241;236;250m██[38;2;60;72;118m██[38;2;147;103;203m██[38;2;46;21;45m██[38;2;248;241;238m██[38;2;249;223;212m██[38;2;254;248;232m██[38;2;255;248;232m██[38;2;254;244;228m██[38;2;252;237;227m██[38;2;255;252;250m██[38;2;69;73;127m██[38;2;82;101;148m██[38;2;72;97;149m██[38;2;112;130;190m██[38;2;220;223;226m██[38;2;161;120;145m██[38;2;205;178;179m██[38;2;18;4;4m  [38;2;0;0;0m  [38;2;96;124;228m██[38;2;198;220;222m  [38;2;200;221;226m  [38;2;201;222;226m  [38;2;138;163;221m  
[38;2;239;240;242m██[38;2;210;212;223m██[38;2;182;181;201m██[38;2;63;3;2m██[38;2;219;221;228m██[38;2;239;243;247m██[38;2;72;66;125m██[38;2;71;75;131m██[38;2;73;104;155m██[38;2;106;156;190m██[38;2;41;48;79m██[38;2;254;249;246m██[38;2;255;248;232m████[38;2;255;248;231m██[38;2;254;244;229m██[38;2;253;239;224m██[38;2;254;252;251m██[38;2;52;66;98m██[38;2;147;232;241m██[38;2;76;233;255m██[38;2;139;211;230m██[38;2;234;230;217m██[38;2;155;121;144m██[38;2;77;66;98m██[38;2;110;0;0m  [38;2;0;0;0m  [38;2;94;123;228m██[38;2;199;220;225m  [38;2;199;222;227m  [38;2;141;165;223m  [38;2;3;3;4m  
[38;2;239;240;242m██[38;2;223;225;232m██[38;2;206;212;230m██[38;2;75;3;2m██[38;2;252;251;250m██[38;2;254;246;240m██[38;2;46;54;86m██[38;2;136;215;230m██[38;2;113;236;250m██[38;2;169;253;253m██[38;2;61;86;114m██[38;2;253;246;236m██[38;2;255;247;231m██[38;2;255;248;231m██[38;2;255;247;232m██[38;2;255;246;231m██[38;2;254;242;227m██[38;2;255;250;242m██[38;2;60;53;79m██[38;2;133;214;234m██[38;2;190;249;252m██[38;2;105;148;169m██[38;2;250;218;208m██[38;2;150;120;135m██[38;2;218;213;217m██[38;2;120;1;0m  [38;2;0;0;0m  [38;2;84;112;142m  [38;2;173;196;221m  [38;2;199;222;227m  [38;2;122;149;226m  [38;2;0;0;0m  
[38;2;239;240;242m██[38;2;236;237;240m██[38;2;197;200;215m██[38;2;118;50;55m██[38;2;172;133;129m██[38;2;250;226;217m██[38;2;100;90;107m██[38;2;135;221;241m██[38;2;169;249;251m██[38;2;161;239;246m██[38;2;74;58;80m██[38;2;252;235;222m██[38;2;254;245;229m██[38;2;255;247;232m██[38;2;255;248;232m██[38;2;255;247;231m██[38;2;254;244;228m██[38;2;254;241;228m██[38;2;253;252;249m██[38;2;111;69;82m██[38;2;125;67;75m██[38;2;211;191;184m██[38;2;243;196;191m██[38;2;127;73;71m██[38;2;185;104;97m██[38;2;28;0;0m  [38;2;51;59;103m  [38;2;99;128;228m██[38;2;197;217;212m  [38;2;133;160;225m  [38;2;76;97;165m  [38;2;0;0;0m  
[38;2;239;240;242m██[38;2;240;241;243m██[38;2;199;203;219m██[38;2;171;102;117m██[38;2;251;202;197m██[38;2;244;200;195m██[38;2;253;247;232m██[38;2;113;62;73m██[38;2;130;112;123m██[38;2;120;59;68m██[38;2;245;234;222m██[38;2;252;232;219m██[38;2;254;243;229m██[38;2;255;247;232m██[38;2;255;248;232m██[38;2;255;247;231m██[38;2;255;242;227m██[38;2;254;242;227m██[38;2;253;232;219m██[38;2;253;221;210m██[38;2;252;209;201m██[38;2;252;169;160m██[38;2;252;194;188m██[38;2;224;172;168m██[38;2;92;17;15m  [38;2;21;23;35m  [38;2;114;141;226m██[38;2;157;181;218m  [38;2;95;107;187m  [38;2;0;0;0m      
[38;2;242;243;244m██[38;2;239;240;242m██[38;2;198;201;217m██[38;2;161;91;110m██[38;2;242;192;188m██[38;2;245;200;194m██[38;2;247;208;201m██[38;2;248;211;203m██[38;2;254;232;220m██[38;2;253;227;216m██[38;2;252;220;209m██[38;2;252;228;216m██[38;2;255;243;228m██[38;2;255;247;231m██[38;2;255;248;232m██[38;2;255;246;230m██[38;2;255;240;226m██[38;2;255;244;229m██[38;2;254;221;210m██[38;2;253;201;195m██[38;2;254;162;154m██[38;2;254;187;181m██[38;2;253;170;164m██[38;2;237;159;157m██[38;2;91;32;30m██[38;2;117;105;198m  [38;2;203;226;224m  [38;2;0;0;0m          
[38;2;250;251;252m██[38;2;238;239;241m██[38;2;207;208;221m██[38;2;161;105;127m██[38;2;250;198;192m██[38;2;249;191;187m██[38;2;252;198;191m██[38;2;253;200;193m██[38;2;252;200;192m██[38;2;253;198;191m██[38;2;253;201;194m██[38;2;254;220;209m██[38;2;255;240;225m██[38;2;255;246;231m██[38;2;255;248;232m██[38;2;255;247;230m██[38;2;255;240;226m██[38;2;255;246;230m██[38;2;252;232;218m██[38;2;145;113;134m██[38;2;52;39;89m██[38;2;114;101;140m██[38;2;166;158;184m██[38;2;194;191;207m██[38;2;141;142;144m██[38;2;48;50;56m██[38;2;6;9;21m  [38;2;0;0;0m          
[38;2;249;251;250m██[38;2;239;240;242m██[38;2;222;222;230m██[38;2;177;151;170m██[38;2;254;201;194m██[38;2;250;186;181m██[38;2;252;150;142m██[38;2;253;180;177m██[38;2;252;144;135m██[38;2;253;184;180m██[38;2;253;172;165m██[38;2;254;216;207m██[38;2;255;238;224m██[38;2;255;246;230m██[38;2;255;248;232m██[38;2;255;247;231m██[38;2;255;245;230m██[38;2;110;104;119m██[38;2;82;77;104m██[38;2;232;238;242m██[38;2;237;242;246m██[38;2;238;242;245m██[38;2;240;244;247m██[38;2;242;246;248m██[38;2;244;246;248m██[38;2;243;245;248m██[38;2;252;253;253m██[38;2;0;0;0m          
[38;2;213;213;214m██[38;2;238;240;242m██[38;2;231;235;241m██[38;2;202;198;212m██[38;2;241;184;182m██[38;2;251;185;180m██[38;2;252;183;180m██[38;2;253;179;176m██[38;2;253;180;177m██[38;2;253;176;171m██[38;2;253;198;191m██[38;2;254;222;211m██[38;2;255;240;226m██[38;2;255;246;231m██[38;2;255;248;232m████[38;2;36;30;56m██[38;2;224;228;233m██[38;2;228;234;240m██[38;2;233;238;242m██[38;2;236;241;244m██[38;2;241;244;247m██[38;2;243;246;248m██[38;2;245;247;249m██[38;2;246;247;249m██[38;2;246;248;249m██[38;2;245;249;251m██[38;2;0;0;0m  [38;2;27;28;30m██[38;2;3;3;3m██[38;2;0;0;0m    
[38;2;131;131;142m██[38;2;232;240;245m██[38;2;231;240;247m██[38;2;222;225;232m██[38;2;168;120;141m██[38;2;250;189;184m██[38;2;251;183;179m██[38;2;253;183;179m██[38;2;253;187;182m██[38;2;254;198;191m██[38;2;254;217;207m██[38;2;255;235;221m██[38;2;255;245;229m██[38;2;255;247;232m██[38;2;255;248;232m██[38;2;196;180;179m██[38;2;184;191;201m██[38;2;221;229;236m██[38;2;229;235;241m██[38;2;236;240;244m██[38;2;240;243;246m██[38;2;245;248;249m██[38;2;249;250;251m██[38;2;250;251;253m██[38;2;250;252;253m██[38;2;252;253;253m████[38;2;93;91;122m██[38;2;186;205;219m██[38;2;200;203;204m██[38;2;33;7;6m  [38;2;0;0;0m  
[38;2;56;49;78m██[38;2;231;240;247m████[38;2;225;226;232m██[38;2;87;53;101m██[38;2;248;197;192m██[38;2;249;191;187m██[38;2;250;197;191m██[38;2;252;213;204m██[38;2;254;228;215m██[38;2;255;236;222m██[38;2;255;244;228m██[38;2;255;246;231m██[38;2;255;248;231m██[38;2;255;248;232m██[38;2;180;154;156m██[38;2;190;196;207m██[38;2;221;228;235m██[38;2;231;236;241m██[38;2;238;242;246m██[38;2;245;247;249m██[38;2;248;250;251m██[38;2;249;251;252m██[38;2;251;252;253m████[38;2;252;253;253m██[38;2;252;253;254m██[38;2;186;185;196m██[38;2;165;187;206m██[38;2;133;9;8m██[38;2;114;91;86m██[38;2;43;7;6m  
[38;2;39;30;68m██[38;2;236;244;249m██[38;2;231;240;246m██[38;2;224;225;232m██[38;2;100;80;127m██[38;2;252;210;201m██[38;2;247;202;196m██[38;2;247;203;196m██[38;2;249;214;206m██[38;2;253;239;225m██[38;2;254;245;230m██[38;2;255;247;231m████[38;2;255;249;232m██[38;2;255;250;233m██[38;2;245;207;200m██[38;2;111;112;130m██[38;2;218;227;234m██[38;2;230;236;241m██[38;2;243;246;248m██[38;2;247;249;250m██[38;2;249;250;252m██[38;2;250;252;253m██[38;2;251;251;253m████[38;2;252;253;253m██[38;2;252;253;254m██[38;2;251;251;251m██[38;2;92;28;48m██[38;2;253;252;247m██[38;2;255;248;232m██[38;2;240;234;227m██
[38;2;51;34;68m██[38;2;241;247;250m██[38;2;230;240;247m██[38;2;222;224;231m██[38;2;126;128;134m██[38;2;87;40;38m██[38;2;225;186;180m██[38;2;252;219;212m██[38;2;246;208;201m██[38;2;245;207;200m██[38;2;246;208;201m██[38;2;250;215;206m██[38;2;248;214;206m██[38;2;119;68;110m██[38;2;158;108;136m██[38;2;253;225;215m██[38;2;34;31;51m██[38;2;213;222;231m██[38;2;229;235;240m██[38;2;246;248;250m██[38;2;248;250;251m██[38;2;250;251;252m██[38;2;251;252;253m██[38;2;250;252;253m████[38;2;252;253;253m██[38;2;252;253;254m██[38;2;254;254;254m██[38;2;96;71;114m██[38;2;243;197;192m██[38;2;241;181;174m██[38;2;254;248;232m██
[38;2;119;55;102m██[38;2;219;218;224m██[38;2;233;240;244m██[38;2;221;223;230m██[38;2;232;229;240m██[38;2;39;14;34m██[38;2;62;17;18m██[38;2;57;12;11m██[38;2;36;2;9m██[38;2;92;42;84m██[38;2;93;34;88m██[38;2;76;15;75m██[38;2;174;119;148m██[38;2;247;193;201m██[38;2;129;71;116m██[38;2;69;5;2m██[38;2;9;9;24m██[38;2;197;212;224m██[38;2;229;234;240m██[38;2;245;247;249m██[38;2;250;251;252m██[38;2;251;252;253m████[38;2;252;253;253m████[38;2;252;253;254m████[38;2;253;254;254m██[38;2;89;72;122m██[38;2;231;81;64m██[38;2;255;254;241m██[38;2;255;247;232m██
[38;2;213;125;152m██[38;2;146;143;162m██[38;2;239;239;241m██[38;2;233;232;235m██[38;2;214;208;217m██[38;2;65;35;49m██[38;2;214;148;168m██[38;2;229;164;181m██[38;2;242;170;183m██[38;2;244;171;184m██[38;2;245;167;180m██[38;2;240;158;173m██[38;2;239;154;170m██[38;2;240;152;168m██[38;2;244;178;189m██[38;2;38;13;40m██[38;2;14;12;18m██[38;2;185;201;216m██[38;2;221;228;236m██[38;2;240;243;247m██[38;2;251;252;252m██[38;2;252;253;253m██[38;2;252;253;254m██[38;2;252;252;254m██[38;2;252;253;254m████[38;2;253;253;254m██[38;2;253;254;254m██[38;2;146;136;168m██[38;2;252;218;208m██[38;2;255;251;235m██[38;2;253;239;225m██
[38;2;141;79;119m██[38;2;52;45;80m██[38;2;238;237;239m██[38;2;237;232;233m██[38;2;208;197;208m██[38;2;48;47;47m██[38;2;228;137;160m██[38;2;231;142;162m██[38;2;220;131;156m██[38;2;214;125;151m██[38;2;208;118;147m██[38;2;204;114;145m██[38;2;201;111;143m██[38;2;239;151;167m██[38;2;240;151;168m██[38;2;64;30;53m██[38;2;40;43;56m██[38;2;148;163;176m██[38;2;213;222;231m██[38;2;238;242;246m██[38;2;250;251;252m████[38;2;252;253;253m██[38;2;253;253;254m████[38;2;253;254;254m████[38;2;254;254;254m██[38;2;216;211;223m██[38;2;230;178;178m██[38;2;233;111;98m██[38;2;252;239;226m██
[38;2;91;30;86m██[38;2;61;43;77m██[38;2;244;243;242m██[38;2;234;227;228m██[38;2;213;200;205m██[38;2;160;147;150m██[38;2;219;130;157m██[38;2;226;137;159m██[38;2;220;132;156m██[38;2;219;130;155m██[38;2;215;126;152m██[38;2;208;119;147m██[38;2;200;110;142m██[38;2;228;139;160m██[38;2;240;152;168m██[38;2;44;50;79m██[38;2;74;111;138m██[38;2;64;71;78m██[38;2;188;203;217m██[38;2;235;239;244m██[38;2;249;250;250m██[38;2;249;250;252m██[38;2;249;251;252m██[38;2;253;254;254m████[38;2;254;254;254m████[38;2;254;254;255m██[38;2;254;253;254m██[38;2;98;64;109m██[38;2;255;253;242m██[38;2;255;250;233m██
[38;2;100;45;94m██[38;2;110;70;102m██[38;2;235;229;230m██[38;2;233;222;223m██[38;2;225;209;210m██[38;2;220;196;199m██[38;2;69;25;65m██[38;2;238;148;167m██[38;2;224;135;159m██[38;2;219;129;154m██[38;2;216;127;151m██[38;2;207;117;147m██[38;2;201;111;143m██[38;2;204;114;146m██[38;2;240;152;168m██[38;2;61;75;117m██[38;2;120;167;198m██[38;2;3;3;3m██[38;2;174;192;208m██[38;2;227;233;239m██[38;2;248;249;251m████[38;2;248;250;250m██[38;2;249;250;251m██[38;2;254;254;254m██[38;2;254;254;255m████[38;2;255;255;255m████[38;2;78;59;112m██[38;2;241;188;185m██[38;2;242;191;187m██
[38;2;108;46;96m██[38;2;216;127;153m██[38;2;102;92;117m██[38;2;232;218;218m██[38;2;231;211;210m██[38;2;213;186;189m██[38;2;13;12;11m██[38;2;234;145;164m██[38;2;237;150;166m██[38;2;240;154;167m██[38;2;216;121;171m██[38;2;192;85;174m██[38;2;190;86;168m██[38;2;190;90;157m██[38;2;209;110;161m██[38;2;51;73;116m██[38;2;84;95;117m██[38;2;0;0;0m██[38;2;178;198;215m██[38;2;208;218;227m██[38;2;243;246;248m██[38;2;247;249;250m████[38;2;247;248;250m██[38;2;252;252;253m██[38;2;255;255;255m████████[38;2;76;58;113m██[38;2;242;191;186m██[38;2;13;0;0m██
[38;2;220;130;155m██[38;2;205;112;144m██[38;2;28;26;63m██[38;2;236;221;219m██[38;2;228;206;205m██[38;2;211;183;186m██[38;2;126;107;108m██[38;2;229;136;162m██[38;2;213;124;151m██[38;2;214;125;152m██[38;2;223;134;157m██[38;2;225;137;160m██[38;2;233;154;171m██[38;2;243;175;185m██[38;2;244;190;197m██[38;2;238;159;172m██[38;2;81;92;117m██[38;2;14;17;20m██[38;2;176;195;213m██[38;2;189;204;217m██[38;2;234;238;243m██[38;2;246;247;250m████[38;2;245;247;249m██[38;2;246;247;249m██[38;2;255;255;255m████████[38;2;149;134;172m██[38;2;179;121;121m██[38;2;98;96;96m██[0m
