
[38;2;0;0;0m              [38;2;52;51;52m  [38;2;79;80;89m  [38;2;76;79;91m  [38;2;75;80;92m██[38;2;76;81;92m████[38;2;76;81;93m██[38;2;77;81;93m██[38;2;77;81;94m██[38;2;77;81;96m████████████[38;2;79;83;97m  [38;2;37;37;38m  [38;2;28;28;28m  [38;2;0;0;0m          
[38;2;0;0;0m          [38;2;15;15;15m  [38;2;70;78;87m  [38;2;76;79;92m  [38;2;75;80;92m████[38;2;76;80;92m██[38;2;75;80;92m████████[38;2;76;80;92m██[38;2;75;80;92m██[38;2;75;80;93m██[38;2;75;80;92m████[38;2;75;80;93m██[38;2;76;81;92m████[38;2;77;81;95m  [38;2;86;86;92m  [38;2;63;63;63m  [38;2;0;0;0m        
[38;2;0;0;0m        [38;2;16;16;16m  [38;2;75;78;91m  [38;2;77;80;92m████[38;2;75;80;92m████[38;2;76;80;92m██[38;2;75;80;92m██████████████████████[38;2;75;80;93m██[38;2;75;80;91m██[38;2;75;81;96m██[38;2;80;85;98m  [38;2;63;63;63m  [38;2;0;0;0m      
[38;2;0;0;0m        [38;2;65;66;95m  [38;2;76;78;90m██[38;2;74;79;91m██[38;2;76;80;92m██[38;2;77;80;92m██[38;2;76;79;91m██[38;2;75;79;91m██[38;2;76;78;91m████[38;2;75;78;90m██[38;2;76;78;90m██[38;2;74;79;90m██[38;2;75;78;90m██[38;2;74;79;90m██████[38;2;74;79;91m██[38;2;75;79;91m████[38;2;74;80;91m██[38;2;75;80;92m████[38;2;76;79;93m  [38;2;10;10;10m  [38;2;0;0;0m    
[38;2;0;0;0m      [38;2;38;38;46m  [38;2;76;78;90m  [38;2;76;78;91m██[38;2;77;80;92m██[38;2;189;192;201m██[38;2;183;186;196m██[38;2;78;81;94m██[38;2;80;78;88m██[38;2;117;88;86m██[38;2;187;125;110m██[38;2;187;126;106m██[38;2;77;77;89m██[38;2;76;78;90m██████[38;2;74;78;90m██[38;2;76;78;90m██[38;2;75;78;90m██[38;2;74;78;90m██████[38;2;75;79;91m████[38;2;76;79;91m██[38;2;38;41;44m  [38;2;0;0;0m    
[38;2;0;0;0m    [38;2;0;0;126m  [38;2;77;79;92m  [38;2;76;79;89m██[38;2;77;79;91m██[38;2;198;204;209m██[38;2;80;84;92m██[38;2;198;201;207m██[38;2;138;114;109m██[38;2;196;129;105m██[38;2;197;130;106m██[38;2;198;131;106m██[38;2;197;130;107m██[38;2;83;77;84m██[38;2;76;78;91m████[38;2;76;78;90m████[38;2;75;78;91m██[38;2;74;79;91m██[38;2;76;78;91m████[38;2;71;75;87m██[38;2;74;78;91m██[38;2;74;79;91m██[38;2;76;78;91m██[38;2;77;80;93m  [38;2;63;63;63m  [38;2;0;0;0m  
[38;2;0;0;0m    [38;2;96;96;113m  [38;2;75;77;90m████[38;2;76;79;91m██[38;2;188;191;198m██[38;2;169;167;175m██[38;2;152;110;98m██[38;2;196;130;106m██[38;2;197;131;105m████████[38;2;121;92;89m██[38;2;75;77;88m██[38;2;71;74;88m██[38;2;76;79;88m██[38;2;102;83;89m██[38;2;74;76;89m██[38;2;75;78;89m██[38;2;99;104;116m██[38;2;73;78;90m██[38;2;74;79;91m██[38;2;76;79;90m██[38;2;76;78;91m██[38;2;71;74;86m██[38;2;77;79;92m  [38;2;83;85;92m  [38;2;0;0;0m  
[38;2;0;0;0m  [38;2;80;80;80m  [38;2;88;92;104m  [38;2;75;77;89m████[38;2;75;77;90m██[38;2;77;79;88m██[38;2;151;130;128m██[38;2;196;130;105m██[38;2;199;130;106m██[38;2;198;130;105m██[38;2;196;131;105m██[38;2;197;131;105m████[38;2;167;113;97m██[38;2;81;79;90m██[38;2;80;74;84m██[38;2;74;76;89m██[38;2;168;116;102m██[38;2;74;78;89m██[38;2;75;78;91m██[38;2;118;121;134m██[38;2;82;87;99m██[38;2;130;135;147m██[38;2;95;98;109m██[38;2;110;115;127m██[38;2;145;150;162m██[38;2;100;102;115m██[38;2;182;184;198m  [38;2;80;80;80m  
[38;2;0;0;0m  [38;2;61;61;61m  [38;2;123;128;138m  [38;2;121;125;136m██[38;2;79;82;93m██[38;2;75;77;90m██[38;2;111;89;91m██[38;2;196;130;103m██[38;2;197;130;106m██[38;2;199;130;105m██[38;2;198;131;106m██[38;2;179;114;92m██[38;2;184;117;95m██[38;2;197;131;105m██[38;2;189;127;105m██[38;2;79;78;84m██[38;2;124;91;85m██[38;2;75;77;87m██[38;2;170;111;87m██[38;2;74;77;88m██[38;2;68;67;77m██[38;2;75;77;90m██[38;2;69;73;84m██[38;2;75;76;89m██[38;2;64;67;78m██[38;2;75;77;90m██[38;2;78;82;94m██[38;2;74;77;90m██[38;2;173;175;189m  [38;2;114;114;114m  
[38;2;0;0;0m  [38;2;106;109;121m  [38;2;133;139;150m██[38;2;73;78;87m██[38;2;75;78;88m██[38;2;77;76;90m██[38;2;197;130;105m██[38;2;197;131;103m██[38;2;197;131;105m██[38;2;198;130;105m████[38;2;197;131;105m██████[38;2;196;130;106m██[38;2;91;81;83m██[38;2;166;114;97m██[38;2;69;69;81m██[38;2;195;127;105m██[38;2;74;74;84m██[38;2;92;72;73m██[38;2;74;78;88m██[38;2;61;59;68m██[38;2;64;67;78m██[38;2;64;66;78m██[38;2;75;77;89m████[38;2;71;74;85m██[38;2;76;79;91m██[38;2;78;80;85m  
[38;2;86;86;86m  [38;2;97;100;110m  [38;2;74;76;89m██[38;2;69;71;83m██[38;2;75;78;88m██[38;2;115;89;90m██[38;2;198;129;106m██[38;2;198;130;105m██[38;2;197;131;105m██[38;2;199;130;105m██[38;2;198;130;105m██[38;2;197;131;105m██████[38;2;198;130;106m██[38;2;122;94;91m██[38;2;189;125;103m██[38;2;62;63;75m██[38;2;194;127;104m██[38;2;84;73;81m██[38;2;161;106;98m██[38;2;74;77;89m██[38;2;135;95;88m██[38;2;64;67;76m██[38;2;65;68;80m██[38;2;75;77;89m████[38;2;72;73;83m██[38;2;75;77;90m██[38;2;120;122;135m  
[38;2;51;51;51m  [38;2;74;76;87m  [38;2;74;76;89m██[38;2;65;66;77m██[38;2;75;77;88m██[38;2;159;110;93m██[38;2;197;131;105m██[38;2;198;129;104m██[38;2;198;132;106m██[38;2;197;130;105m██[38;2;177;112;91m██[38;2;182;116;90m██[38;2;197;131;105m████[38;2;197;130;104m██[38;2;169;118;105m██[38;2;196;130;105m██[38;2;66;61;70m██[38;2;184;120;97m██[38;2;104;82;80m██[38;2;190;128;103m██[38;2;66;66;76m██[38;2;193;127;104m██[38;2;60;60;71m██[38;2;58;59;69m██[38;2;73;76;88m██[38;2;73;76;89m██[38;2;73;75;86m██[38;2;75;77;89m██[38;2;76;78;90m  
[38;2;25;25;30m  [38;2;73;76;86m██[38;2;74;77;87m██[38;2;64;65;76m██[38;2;77;77;88m██[38;2;194;129;105m██[38;2;194;129;103m██[38;2;93;64;53m██[38;2;121;115;112m██[38;2;153;153;157m██[38;2;139;138;139m██[38;2;71;63;58m██[38;2;179;121;104m██[38;2;199;130;105m██[38;2;198;131;104m██[38;2;197;128;103m██[38;2;197;129;103m██[38;2;85;70;68m██[38;2;111;80;69m██[38;2;85;76;72m██[38;2;102;100;95m██[38;2;65;63;68m██[38;2;112;78;71m██[38;2;61;58;63m██[38;2;76;64;68m██[38;2;74;76;88m██[38;2;73;76;89m██[38;2;74;77;88m██[38;2;75;77;90m██[38;2;78;80;93m  
[38;2;31;32;36m  [38;2;73;76;88m██[38;2;73;77;87m██[38;2;62;63;75m██[38;2;73;73;82m██[38;2;195;130;105m██[38;2;78;68;61m██[38;2;186;188;198m██[38;2;175;173;178m██[38;2;165;115;85m██[38;2;137;97;72m██[38;2;203;203;210m██[38;2;141;127;126m██[38;2;197;131;104m██[38;2;195;129;103m██[38;2;196;130;105m██[38;2;197;130;104m██[38;2;145;100;90m██[38;2;179;180;182m██[38;2;201;200;205m██[38;2;107;80;64m██[38;2;82;60;51m██[38;2;183;180;189m██[38;2;70;62;65m██[38;2;149;109;95m██[38;2;73;76;87m██[38;2;73;76;89m██[38;2;74;76;89m██[38;2;75;77;89m██[38;2;77;80;93m  
[38;2;64;69;75m  [38;2;73;77;87m██[38;2;75;75;87m██[38;2;60;61;72m██[38;2;64;61;67m██[38;2;129;85;67m██[38;2;180;186;190m██[38;2;201;207;215m██[38;2;127;97;71m██[38;2;180;128;84m██[38;2;178;125;89m██[38;2;171;168;176m██[38;2;200;194;199m██[38;2;197;132;106m██[38;2;197;131;104m██████[38;2;196;132;107m██[38;2;202;206;217m██[38;2;121;93;74m██[38;2;181;126;86m██[38;2;178;125;86m██[38;2;192;192;197m██[38;2;164;168;173m██[38;2;55;54;51m██[38;2;73;75;87m██[38;2;73;75;89m██[38;2;74;76;89m████[38;2;76;79;91m  
[38;2;68;69;77m  [38;2;73;77;87m██[38;2;75;76;88m██[38;2;141;99;92m██[38;2;59;55;61m██[38;2;196;129;105m██[38;2;205;205;209m██[38;2;203;206;215m██[38;2;118;83;61m██[38;2;181;125;85m██[38;2;180;125;88m██[38;2;174;170;175m██[38;2;201;189;192m██[38;2;198;132;106m██[38;2;199;130;105m██[38;2;197;130;105m██[38;2;198;130;105m██[38;2;199;134;108m██[38;2;201;206;212m██[38;2;140;97;73m██[38;2;179;127;87m██[38;2;177;124;84m██[38;2;188;185;192m██[38;2;204;208;215m██[38;2;162;116;100m██[38;2;75;77;88m██[38;2;73;75;89m██[38;2;73;75;88m██[38;2;73;76;89m██[38;2;75;77;90m  
[38;2;76;80;89m  [38;2;76;77;88m██[38;2;137;101;95m██[38;2;180;113;92m██[38;2;161;109;93m██[38;2;195;130;104m██[38;2;199;148;136m██[38;2;205;208;216m██[38;2;201;203;209m██[38;2;108;79;59m██[38;2;95;78;63m██[38;2;201;206;212m██[38;2;194;143;121m██[38;2;198;131;105m██[38;2;198;130;105m████[38;2;199;130;105m██[38;2;196;132;106m██[38;2;202;208;217m██[38;2;151;142;145m██[38;2;155;106;74m██[38;2;113;83;58m██[38;2;204;204;213m██[38;2;205;194;196m██[38;2;180;122;107m██[38;2;75;77;89m██[38;2;73;76;89m██[38;2;73;76;88m██[38;2;75;77;89m██[38;2;76;78;91m  
[38;2;73;74;85m  [38;2;76;79;89m██[38;2;206;202;209m██[38;2;198;129;109m██[38;2;110;75;69m██[38;2;195;127;102m██[38;2;197;128;104m██[38;2;197;162;155m██[38;2;180;171;176m██[38;2;155;120;113m██[38;2;159;117;100m██[38;2;195;135;113m██[38;2;198;132;107m██[38;2;199;134;108m██[38;2;202;135;110m██[38;2;200;134;109m██[38;2;198;132;106m██[38;2;195;130;103m██[38;2;196;132;108m██[38;2;159;113;103m██[38;2;175;154;155m██[38;2;199;200;204m██[38;2;204;184;189m██[38;2;195;129;103m██[38;2;173;113;94m██[38;2;75;76;87m██[38;2;73;76;87m████[38;2;74;76;88m██[38;2;76;78;91m  
[38;2;74;76;86m  [38;2;76;79;89m██[38;2;208;208;218m██[38;2;198;137;114m██[38;2;125;89;84m██[38;2;194;127;101m██[38;2;197;124;101m██[38;2;198;125;102m██[38;2;215;129;111m██[38;2;224;142;121m██[38;2;227;153;130m██[38;2;229;164;140m██[38;2;229;169;141m██[38;2;227;172;144m██[38;2;227;173;144m████[38;2;228;170;143m██[38;2;230;164;138m██[38;2;227;155;131m██[38;2;226;141;122m██[38;2;222;131;116m██[38;2;213;125;105m██[38;2;200;119;97m██[38;2;196;124;99m██[38;2;156;104;91m██[38;2;75;76;85m██[38;2;73;77;87m████[38;2;74;77;87m██[38;2;78;81;93m  
[38;2;75;78;87m  [38;2;76;78;88m██[38;2;217;217;226m██[38;2;200;138;114m██[38;2;163;112;96m██[38;2;202;131;111m██[38;2;224;136;118m██[38;2;228;135;118m██[38;2;226;137;119m██[38;2;228;143;124m██[38;2;228;155;131m██[38;2;228;163;139m██[38;2;229;170;142m██[38;2;230;172;144m██[38;2;229;174;145m██[38;2;229;173;144m██[38;2;227;171;143m██[38;2;230;165;139m██[38;2;227;156;132m██[38;2;228;145;125m██[38;2;225;137;119m██[38;2;227;134;117m██[38;2;225;136;119m██[38;2;226;141;121m██[38;2;139;99;89m██[38;2;75;76;86m██[38;2;73;77;87m████[38;2;72;75;87m██[38;2;78;81;93m  
[38;2;75;79;88m  [38;2;75;78;88m██[38;2;141;129;129m██[38;2;215;160;134m██[38;2;189;125;104m██[38;2;185;122;101m██[38;2;229;147;129m██[38;2;229;146;128m██[38;2;229;149;130m██[38;2;228;153;133m██[38;2;227;161;138m██[38;2;231;166;141m██[38;2;229;171;143m██[38;2;229;173;144m██[38;2;230;174;145m██[38;2;229;173;144m██[38;2;228;172;143m██[38;2;231;167;141m██[38;2;227;161;136m██[38;2;228;154;131m██[38;2;227;149;128m██[38;2;227;148;126m██[38;2;228;150;128m██[38;2;228;151;129m██[38;2;113;89;90m██[38;2;75;76;87m██[38;2;73;77;87m████[38;2;70;73;84m██[38;2;78;81;93m  
[38;2;75;79;87m  [38;2;74;77;87m██[38;2;78;77;87m██[38;2;213;165;141m██[38;2;199;141;117m██[38;2;191;127;106m██[38;2;230;162;138m██[38;2;228;159;135m██[38;2;230;160;136m██[38;2;231;163;138m██[38;2;229;167;140m██[38;2;231;170;143m██[38;2;228;172;144m██[38;2;228;173;144m██[38;2;229;173;144m██[38;2;227;173;144m██[38;2;228;173;144m██[38;2;229;171;143m██[38;2;228;166;139m██[38;2;228;163;137m██[38;2;228;160;135m██[38;2;228;159;134m██[38;2;227;160;135m██[38;2;226;159;134m██[38;2;77;74;82m██[38;2;74;76;87m██[38;2;73;77;87m████[38;2;69;72;82m██[38;2;78;81;94m  
[38;2;77;77;85m  [38;2;73;77;87m██[38;2;74;76;87m██[38;2;60;61;69m██[38;2;202;157;138m██[38;2;225;168;140m██[38;2;217;162;134m██[38;2;227;168;141m██[38;2;229;168;141m██[38;2;231;169;143m██[38;2;229;171;144m██[38;2;230;173;144m██[38;2;229;173;145m██[38;2;228;172;142m██[38;2;153;94;83m██[38;2;201;146;125m██[38;2;227;173;144m██[38;2;229;174;145m██[38;2;228;173;144m██[38;2;229;170;142m██[38;2;230;169;141m████[38;2;230;168;141m██[38;2;226;169;141m██[38;2;77;78;89m██[38;2;73;77;87m████[38;2;74;77;87m██[38;2;65;68;78m██[38;2;78;81;93m  
[38;2;77;77;87m  [38;2;73;77;87m████[38;2;60;57;70m██[38;2;61;59;71m██[38;2;125;103;97m██[38;2;172;132;115m██[38;2;227;171;143m██[38;2;229;172;144m██[38;2;230;174;145m████[38;2;229;175;143m██[38;2;230;174;145m██[38;2;212;155;131m██[38;2;178;104;102m██[38;2;151;84;77m██[38;2;228;173;145m██[38;2;229;175;145m██[38;2;229;174;145m██[38;2;230;174;145m██[38;2;230;173;145m██[38;2;229;172;144m██[38;2;228;171;143m██[38;2;132;102;92m██[38;2;74;77;87m██[38;2;73;77;87m████[38;2;74;77;87m██[38;2;63;67;76m██[38;2;78;81;92m  
[38;2;78;77;87m  [38;2;73;76;87m████[38;2;57;59;69m██[38;2;59;59;71m██[38;2;58;60;67m██[38;2;62;59;68m██[38;2;230;172;141m██[38;2;227;173;144m██[38;2;229;175;145m████[38;2;229;174;145m██[38;2;229;175;145m██[38;2;214;158;131m██[38;2;223;139;132m██[38;2;222;139;133m██[38;2;229;174;146m██[38;2;229;175;143m██[38;2;229;175;145m██[38;2;229;174;145m██[38;2;229;175;145m██[38;2;229;174;145m██[38;2;228;172;144m██[38;2;62;58;67m██[38;2;73;76;87m████[38;2;72;76;87m██[38;2;74;77;87m██[38;2;61;63;73m██[38;2;79;81;93m  
[38;2;75;77;88m  [38;2;73;77;87m████[38;2;58;58;69m██[38;2;56;60;71m██[38;2;57;60;69m██[38;2;58;60;69m██[38;2;74;62;71m██[38;2;226;171;143m██[38;2;228;174;144m██[38;2;228;174;145m████[38;2;230;174;143m██[38;2;228;174;145m██[38;2;231;178;147m██[38;2;229;176;145m██[38;2;228;174;144m██[38;2;228;174;145m██[38;2;229;174;145m████[38;2;228;174;145m██[38;2;226;172;143m██[38;2;117;94;89m██[38;2;64;63;73m██[38;2;68;71;82m██[38;2;73;77;87m████[38;2;74;77;87m██[38;2;57;60;70m██[38;2;79;81;93m  
[38;2;76;78;87m  [38;2;73;77;87m████[38;2;56;59;70m██[38;2;57;60;71m██[38;2;56;59;69m██[38;2;56;60;71m██[38;2;57;58;66m██[38;2;61;58;66m██[38;2;228;172;142m██[38;2;227;173;144m██[38;2;228;175;144m██[38;2;228;175;143m██[38;2;228;175;144m██[38;2;228;174;145m████[38;2;228;175;144m██████[38;2;227;173;144m██[38;2;225;171;142m██[38;2;119;94;88m██[38;2;61;59;71m██[38;2;69;69;79m██[38;2;58;59;70m██[38;2;73;77;87m████[38;2;74;77;87m██[38;2;56;60;69m██[38;2;80;81;92m  
[38;2;75;78;88m  [38;2;73;77;87m████[38;2;56;59;70m██[38;2;57;60;70m██[38;2;55;59;65m██[38;2;56;60;71m██[38;2;57;58;67m██[38;2;59;59;68m██[38;2;61;62;69m██[38;2;172;135;122m██[38;2;228;172;143m██[38;2;229;175;145m██[38;2;229;174;145m██[38;2;227;175;145m██[38;2;229;175;145m██████[38;2;227;173;144m██[38;2;223;171;142m██[38;2;63;60;66m██[38;2;59;59;70m██[38;2;58;59;69m██[38;2;74;74;84m██[38;2;57;57;69m██[38;2;73;77;87m████[38;2;74;77;87m██[38;2;59;59;69m██[38;2;80;80;93m  
[38;2;74;77;86m  [38;2;73;77;87m██[38;2;74;77;87m██[38;2;60;63;73m██[38;2;57;60;72m██[38;2;56;60;67m██[38;2;56;60;69m██[38;2;57;58;66m██[38;2;56;60;71m██[38;2;59;59;69m██[38;2;112;85;83m██[38;2;187;124;103m██[38;2;229;174;145m██[38;2;229;175;145m████████[38;2;229;176;147m██[38;2;180;124;99m██[38;2;73;62;70m██[38;2;60;58;66m██[38;2;59;59;71m██[38;2;57;60;69m██[38;2;75;76;87m██[38;2;56;58;69m██[38;2;73;77;87m████[38;2;66;69;79m██[38;2;58;59;67m██[38;2;79;79;90m  
[38;2;74;77;86m  [38;2;73;77;87m██[38;2;74;77;87m██[38;2;68;71;81m██[38;2;58;61;71m██[38;2;56;60;67m██[38;2;56;60;69m██[38;2;56;60;70m██[38;2;56;60;69m██[38;2;59;60;69m██[38;2;132;117;116m██[38;2;196;130;104m██[38;2;198;131;106m██[38;2;190;127;101m██[38;2;226;172;143m██[38;2;229;175;146m██[38;2;188;130;106m██[38;2;196;131;105m████[38;2;188;190;200m██[38;2;61;60;70m██[38;2;57;60;68m██[38;2;56;59;68m██[38;2;69;71;83m██[38;2;56;59;69m██[38;2;73;77;87m████[38;2;64;67;78m██[38;2;57;60;69m██[38;2;77;79;91m  
[38;2;73;77;87m  [38;2;73;76;87m██[38;2;71;74;84m██[38;2;73;76;87m██[38;2;57;60;71m██[38;2;56;60;68m██[38;2;56;60;69m██[38;2;56;60;71m██[38;2;56;60;70m██[38;2;76;77;88m██[38;2;182;177;185m██[38;2;197;131;105m████[38;2;197;130;105m██[38;2;197;131;106m██[38;2;197;131;107m██[38;2;197;130;105m██[38;2;195;131;105m██[38;2;198;131;107m██[38;2;201;204;221m██[38;2;79;78;90m██[38;2;57;60;71m██[38;2;57;60;68m██[38;2;61;64;75m██[38;2;56;59;69m██[38;2;73;76;87m██[38;2;73;76;86m██[38;2;64;66;77m██[38;2;57;60;69m██[38;2;76;79;91m  
[38;2;74;77;88m  [38;2;73;77;87m██[38;2;65;68;78m██[38;2;73;76;87m██[38;2;56;59;70m██[38;2;56;60;69m██[38;2;57;59;70m██[38;2;56;60;71m██[38;2;60;62;72m██[38;2;217;218;228m██[38;2;185;184;196m██[38;2;198;131;105m██[38;2;199;131;105m██[38;2;196;131;105m██████████[38;2;198;131;105m██[38;2;219;224;233m██[38;2;224;228;235m██[38;2;61;63;73m██[38;2;59;61;70m██[38;2;57;60;71m██[38;2;58;61;71m██[38;2;73;77;87m██[38;2;68;70;80m██[38;2;63;66;74m██[38;2;57;60;69m██[38;2;73;76;89m  [0m
