
[38;2;0;0;0m                                                                                        [38;2;9;9;9m  [38;2;132;132;132m  [38;2;239;239;239m  [38;2;191;191;191m  
[38;2;0;0;0m                                                                                      [38;2;41;40;35m  [38;2;226;226;226m  [38;2;254;254;254m██[38;2;255;255;255m██[38;2;243;243;243m  
[38;2;0;0;0m                                                                                  [38;2;24;24;24m  [38;2;24;21;25m  [38;2;97;89;104m  [38;2;253;253;253m██[38;2;254;254;254m██[38;2;253;253;253m██[38;2;183;183;183m  
[38;2;0;0;0m                                                                                  [38;2;61;57;65m  [38;2;107;99;114m  [38;2;106;98;113m██[38;2;146;143;150m██[38;2;146;143;148m██[38;2;185;182;187m  [38;2;27;27;27m  
[38;2;0;0;0m                                                                              [38;2;2;2;4m  [38;2;79;73;85m  [38;2;106;98;113m██[38;2;107;98;113m████[38;2;107;99;114m██[38;2;104;96;111m  [38;2;8;8;7m  [38;2;0;0;0m  
[38;2;0;0;0m                                                                            [38;2;1;1;1m  [38;2;99;92;107m  [38;2;106;98;113m  ██[38;2;107;99;113m██[38;2;106;98;113m██[38;2;94;87;99m  [38;2;16;20;16m  [38;2;0;0;0m    
[38;2;0;0;0m  [38;2;1;1;1m  [38;2;62;57;66m  [38;2;37;35;40m  [38;2;28;27;28m  [38;2;0;0;0m  [38;2;23;18;23m  [38;2;8;8;8m  [38;2;16;16;16m  [38;2;13;15;14m  [38;2;24;23;25m  [38;2;18;16;19m  [38;2;21;21;17m  [38;2;0;0;0m  [38;2;13;13;13m  [38;2;0;0;0m  [38;2;66;66;66m  [38;2;0;0;0m  [38;2;9;9;9m  [38;2;33;33;33m  [38;2;86;86;86m  [38;2;0;0;0m                                [38;2;13;12;14m  [38;2;103;96;110m  [38;2;106;98;113m██[38;2;107;99;113m████  [38;2;61;57;65m  [38;2;25;25;25m  [38;2;0;0;0m      
[38;2;0;0;0m    [38;2;248;165;169m  [38;2;130;93;96m██[38;2;90;87;92m  [38;2;124;117;130m  [38;2;92;85;99m  [38;2;100;93;107m  [38;2;111;103;119m  [38;2;108;100;115m  [38;2;107;99;113m    [38;2;110;101;117m  [38;2;109;101;117m  [38;2;72;67;77m  [38;2;25;22;25m  [38;2;109;101;116m  [38;2;87;81;93m  [38;2;109;94;105m  [38;2;177;132;142m  [38;2;87;66;72m  [38;2;12;12;12m  [38;2;0;0;0m                          [38;2;2;2;4m  [38;2;25;24;31m  [38;2;108;100;115m  [38;2;107;99;113m██████[38;2;106;98;112m  [38;2;25;25;31m  [38;2;2;0;0m  [38;2;0;0;0m        
[38;2;0;0;0m  [38;2;0;3;3m  [38;2;140;113;114m  [38;2;234;234;234m██[38;2;115;112;117m██[38;2;106;98;113m██████[38;2;107;99;113m████████[38;2;107;99;114m██[38;2;107;99;113m██[38;2;106;98;113m██[38;2;107;99;114m  [38;2;107;99;115m  [38;2;247;247;247m██[38;2;149;149;149m██[38;2;223;158;162m  [38;2;27;23;23m  [38;2;0;0;0m                          [38;2;18;18;18m  [38;2;56;52;60m  [38;2;106;98;113m  ██[38;2;107;99;113m██[38;2;106;98;113m██[38;2;110;102;117m  [38;2;23;22;24m  [38;2;8;9;12m  [38;2;0;0;0m          
[38;2;0;0;0m  [38;2;6;6;6m  [38;2;89;88;89m  [38;2;78;76;81m  [38;2;108;100;116m██[38;2;149;144;154m██[38;2;106;98;113m██[38;2;107;99;114m██[38;2;86;79;91m██[38;2;106;98;113m██[38;2;107;99;113m████████[38;2;107;99;114m██[38;2;107;99;113m████[38;2;92;86;98m██[38;2;224;223;224m██[38;2;117;117;117m  [38;2;0;0;0m                            [38;2;80;73;85m  [38;2;107;99;113m██[38;2;106;98;113m  [38;2;107;99;113m██[38;2;106;98;113m██[38;2;97;89;103m  [38;2;7;6;7m  [38;2;0;0;0m              
[38;2;0;0;0m  [38;2;8;8;10m  [38;2;21;20;22m  [38;2;109;101;116m██[38;2;182;177;185m██[38;2;98;90;105m██[38;2;102;94;109m██[38;2;33;31;33m██[38;2;52;49;54m██[38;2;105;98;112m██[38;2;107;99;113m██[38;2;106;99;113m██[38;2;106;98;113m██[38;2;100;92;107m██[38;2;55;51;56m██[38;2;108;100;115m████[38;2;100;93;107m██[38;2;70;64;74m  [38;2;91;91;91m  [38;2;37;37;37m  [38;2;0;0;0m                      [38;2;1;1;1m  [38;2;98;91;104m  [38;2;107;99;113m██[38;2;106;99;113m████[38;2;106;98;113m██[38;2;63;59;68m  [38;2;27;30;44m  [38;2;0;0;0m                
[38;2;0;0;0m  [38;2;52;48;56m  [38;2;106;97;113m██[38;2;126;119;132m██[38;2;111;110;110m██[38;2;142;139;138m██[38;2;212;211;210m██[38;2;254;247;241m██[38;2;105;103;101m██[38;2;110;102;117m██[38;2;108;100;115m██████[38;2;23;22;25m██[38;2;247;243;239m██[38;2;118;116;115m██[38;2;52;47;55m██[38;2;71;66;76m██[38;2;105;97;112m  [38;2;42;40;44m  [38;2;54;54;54m  [38;2;0;0;0m                    [38;2;14;15;18m  [38;2;103;95;111m  [38;2;106;98;113m██[38;2;107;99;113m██[38;2;107;98;113m██[38;2;106;98;113m██[38;2;69;64;74m  [38;2;12;10;14m  [38;2;0;0;0m                  
[38;2;3;3;3m  [38;2;47;44;50m  [38;2;107;99;113m██[38;2;229;228;230m██[38;2;89;87;85m██[38;2;62;60;59m██[38;2;13;13;13m██[38;2;21;21;20m██[38;2;123;121;119m██[38;2;77;73;73m██[38;2;191;186;187m██[38;2;155;149;148m██[38;2;148;143;144m██[38;2;188;184;181m██[38;2;230;227;222m██[38;2;209;203;199m██[38;2;196;195;192m██[38;2;107;104;102m██[38;2;111;103;118m██[38;2;74;68;78m  [38;2;96;91;101m  [38;2;7;7;7m  [38;2;0;0;0m                [38;2;20;19;22m  [38;2;108;100;115m  [38;2;106;98;113m██[38;2;107;99;113m██[38;2;106;98;113m██[38;2;107;99;114m  [38;2;45;42;48m  [38;2;83;83;83m  [38;2;0;0;0m                    
[38;2;70;64;74m  [38;2;47;43;50m██[38;2;99;91;107m██[38;2;179;178;179m██[38;2;250;247;243m██[38;2;24;31;21m██[38;2;125;153;111m██[38;2;126;153;111m██[38;2;87;107;77m██[38;2;139;136;135m██[38;2;235;227;221m██[38;2;254;243;237m██[38;2;203;196;191m██[38;2;75;71;70m██[38;2;28;35;25m██[38;2;58;70;52m██[38;2;93;91;88m██[38;2;169;166;163m██[38;2;103;95;109m██[38;2;110;102;117m  [38;2;34;31;35m  [38;2;0;0;0m              [38;2;14;14;14m  [38;2;34;30;36m  [38;2;107;99;114m  [38;2;107;99;113m██[38;2;107;98;113m██[38;2;106;98;113m██[38;2;110;101;117m  [38;2;11;12;17m  [38;2;0;0;0m                        
[38;2;106;98;113m  [38;2;50;46;54m██[38;2;107;99;113m██[38;2;107;106;109m██[38;2;228;226;225m██[38;2;111;134;98m██[38;2;122;148;108m██[38;2;122;150;108m██[38;2;120;146;106m██[38;2;65;75;59m██[38;2;254;243;237m██[38;2;255;243;238m██[38;2;230;226;224m██[38;2;92;113;81m██[38;2;123;150;109m██[38;2;122;149;108m██[38;2;131;161;117m██[38;2;174;170;167m██[38;2;98;91;105m██[38;2;107;99;114m██[38;2;26;24;28m  [38;2;0;0;0m            [38;2;49;51;70m  [38;2;61;57;69m  [38;2;106;99;113m  [38;2;107;98;113m██[38;2;107;99;113m████[38;2;105;97;112m  [38;2;12;12;14m  [38;2;8;9;12m  [38;2;0;0;0m                        
[38;2;105;97;112m██[38;2;45;42;48m██[38;2;115;107;121m██[38;2;114;113;114m██[38;2;253;250;247m██[38;2;145;142;139m██[38;2;83;100;74m██[38;2;112;136;99m██[38;2;79;95;70m██[38;2;173;169;166m██[38;2;254;243;237m████[38;2;206;204;203m██[38;2;126;152;112m██[38;2;123;150;109m████[38;2;92;113;82m██[38;2;220;215;210m██[38;2;87;80;93m██[38;2;103;95;110m██[38;2;34;32;37m  [38;2;0;0;0m          [38;2;3;2;3m  [38;2;91;84;97m  [38;2;105;97;112m  [38;2;107;99;113m  ██[38;2;106;98;113m  [38;2;101;93;108m  [38;2;4;4;4m  [38;2;0;0;0m                            
[38;2;106;98;113m  [38;2;80;74;85m██[38;2;113;104;120m██[38;2;139;140;140m██[38;2;253;248;245m██[38;2;254;243;237m██[38;2;250;243;238m██[38;2;233;232;231m██[38;2;251;244;237m██[38;2;254;243;237m██[38;2;254;249;243m██[38;2;196;192;187m██[38;2;253;243;238m██[38;2;160;157;154m██[38;2;82;82;75m██[38;2;108;106;102m██[38;2;229;228;223m██[38;2;242;237;232m██[38;2;93;86;100m██[38;2;96;89;103m██[38;2;42;39;45m  [38;2;0;0;0m        [38;2;10;9;11m  [38;2;105;98;113m  [38;2;106;98;113m██[38;2;107;99;114m██[38;2;107;99;113m  [38;2;107;99;114m██[38;2;68;63;73m  [38;2;169;169;169m  [38;2;0;0;0m                              
[38;2;25;24;26m  [38;2;108;100;115m  [38;2;29;27;31m██[38;2;191;190;192m██[38;2;95;93;92m██[38;2;225;222;217m██[38;2;253;247;242m██[38;2;254;244;238m██[38;2;254;243;236m██[38;2;254;243;237m██[38;2;153;148;144m██[38;2;220;217;213m██[38;2;241;235;229m██[38;2;253;242;236m██████[38;2;254;243;237m██[38;2;224;223;220m  [38;2;110;102;118m██[38;2;90;83;96m██[38;2;80;74;84m  [38;2;0;0;0m    [38;2;1;1;2m  [38;2;25;25;35m  [38;2;105;97;112m  [38;2;107;99;113m██████[38;2;107;99;115m  [38;2;38;36;43m  [38;2;14;16;23m  [38;2;0;0;0m                                
[38;2;0;0;0m  [38;2;77;71;81m  [38;2;106;98;113m██[38;2;40;37;43m██[38;2;35;33;35m██[38;2;211;207;204m██[38;2;103;101;100m██[38;2;74;72;71m██[38;2;147;144;142m██[38;2;223;215;210m██[38;2;245;242;237m██[38;2;247;247;243m██[38;2;248;248;244m████[38;2;246;246;241m██[38;2;236;230;227m██[38;2;190;187;183m██[38;2;88;85;84m  [38;2;81;74;87m  [38;2;34;32;37m  [38;2;25;23;27m  [38;2;0;0;0m  [38;2;6;6;6m  [38;2;33;30;34m  [38;2;107;99;114m  [38;2;107;99;113m████[38;2;106;98;113m██[38;2;107;99;115m  [38;2;23;21;24m  [38;2;104;104;104m  [38;2;0;0;0m                                  
[38;2;0;0;0m  [38;2;37;36;37m  [38;2;38;34;40m  [38;2;89;82;94m██[38;2;183;180;176m██[38;2;242;234;228m██[38;2;125;122;130m██[38;2;88;85;95m██[38;2;133;133;133m██[38;2;214;214;214m██[38;2;217;217;217m██[38;2;151;147;145m██[38;2;186;185;184m██[38;2;201;201;201m██[38;2;84;84;84m██[38;2;59;55;61m██[38;2;110;108;107m██[38;2;56;52;60m██[38;2;104;97;111m  [38;2;14;13;15m  [38;2;13;13;13m  [38;2;12;12;12m  [38;2;68;63;72m  [38;2;107;99;114m  [38;2;107;99;113m████[38;2;106;98;113m██[38;2;99;92;105m  [38;2;10;9;10m  [38;2;0;0;0m                                      
[38;2;0;0;0m  [38;2;40;37;43m  [38;2;108;100;114m██[38;2;48;43;34m██[38;2;102;96;88m██[38;2;167;163;160m██[38;2;226;226;225m██[38;2;186;187;187m██[38;2;63;62;66m██[38;2;43;40;50m██[38;2;30;28;35m██[38;2;158;89;85m██[38;2;95;69;44m██[38;2;60;54;69m██[38;2;60;51;44m██[38;2;67;60;48m██[38;2;101;96;88m██[38;2;34;31;29m██[38;2;55;50;58m  [38;2;32;32;32m  [38;2;46;47;39m  [38;2;80;75;86m  [38;2;106;98;113m██[38;2;107;99;113m████[38;2;106;98;113m██[38;2;78;72;83m  [38;2;27;29;36m  [38;2;0;0;0m                                        
[38;2;1;1;1m  [38;2;106;98;114m  [38;2;104;96;109m██[38;2;218;180;99m██[38;2;186;149;81m██[38;2;31;24;14m██[38;2;51;43;28m██[38;2;66;51;27m██[38;2;125;100;50m██[38;2;96;61;88m██[38;2;77;68;90m██[38;2;29;13;14m██[38;2;31;26;32m██[38;2;61;47;23m██[38;2;51;59;88m██[38;2;31;35;50m██[38;2;186;148;81m██[38;2;230;186;101m██[38;2;30;26;28m  [38;2;8;8;9m  [38;2;106;98;112m  [38;2;106;98;113m████[38;2;107;99;113m██[38;2;106;98;113m██[38;2;84;78;90m  [38;2;0;0;1m  [38;2;0;0;0m                                          
[38;2;23;22;25m  [38;2;107;99;114m  [38;2;24;22;27m██[38;2;69;58;38m██[38;2;73;60;41m██[38;2;121;100;56m██[38;2;73;83;118m██[38;2;71;81;118m██[38;2;173;147;85m██[38;2;60;39;54m██[38;2;42;38;49m██[38;2;136;89;119m██[38;2;46;43;56m██[38;2;32;25;35m██[38;2;144;119;70m██[38;2;39;42;56m██[38;2;247;201;110m██[38;2;39;37;38m██[38;2;49;44;42m██[38;2;107;99;114m  [38;2;106;99;113m██[38;2;107;99;113m██[38;2;107;98;113m██[38;2;107;99;115m  [38;2;48;45;51m  [38;2;2;2;2m  [38;2;0;0;0m                                            
[38;2;80;74;86m  [38;2;107;99;114m██[38;2;45;52;77m██[38;2;71;82;118m██[38;2;70;80;116m██[38;2;51;58;84m██[38;2;70;81;117m██[38;2;70;80;115m██[38;2;51;45;43m██[38;2;108;73;87m██[38;2;214;140;188m██[38;2;207;135;182m██[38;2;196;128;171m██[38;2;208;135;182m██[38;2;116;95;63m██[38;2;18;20;30m██[38;2;31;39;62m██[38;2;47;45;53m██[38;2;106;98;113m██[38;2;107;99;113m██████[38;2;103;96;110m  [38;2;20;21;28m  [38;2;2;3;4m  [38;2;0;0;0m                                              
[38;2;99;91;105m  [38;2;92;85;97m██[38;2;74;84;123m██[38;2;70;80;116m██[38;2;69;79;115m██[38;2;51;59;85m██[38;2;87;73;50m██[38;2;47;57;91m██[38;2;47;42;42m██[38;2;108;82;69m██[38;2;208;136;182m██[38;2;44;31;41m██[38;2;57;46;61m██[38;2;90;58;78m██[38;2;28;26;24m██[38;2;40;39;39m██[38;2;84;77;89m██[38;2;106;98;113m██[38;2;107;99;113m████[38;2;106;98;113m██[38;2;110;101;117m  [38;2;11;11;14m  [38;2;7;7;9m  [38;2;0;0;0m                                                
[38;2;85;78;90m  [38;2;83;77;88m██[38;2;77;87;125m██[38;2;71;81;118m██[38;2;71;81;117m██[38;2;61;70;102m██[38;2;52;43;58m██[38;2;94;75;41m██[38;2;68;55;42m██[38;2;85;71;93m██[38;2;73;62;80m██[38;2;98;81;106m██[38;2;25;23;26m██[38;2;59;58;59m██[38;2;43;43;44m██[38;2;30;28;32m██[38;2;106;98;113m██[38;2;107;99;113m████[38;2;106;98;113m██[38;2;81;75;86m  [38;2;34;34;34m  [38;2;26;26;26m  [38;2;0;0;0m                                                  
[38;2;8;9;9m  [38;2;90;83;95m  [38;2;23;21;26m██[38;2;109;106;102m██[38;2;126;123;119m██[38;2;16;18;27m██[38;2;105;86;113m██[38;2;116;96;126m██[38;2;113;94;122m██[38;2;16;14;16m██[38;2;24;20;26m██[38;2;61;61;61m██[38;2;62;62;63m██[38;2;13;13;14m██[38;2;112;104;120m██[38;2;108;100;115m██[38;2;107;99;113m██[38;2;107;99;114m████[38;2;38;36;41m██[38;2;43;50;72m██[38;2;41;41;40m  [38;2;35;35;35m  [38;2;55;55;55m  [38;2;0;0;0m                                                
[38;2;64;64;64m  [38;2;10;10;11m  [38;2;104;95;109m  [38;2;188;182;178m██[38;2;253;248;245m██[38;2;127;126;123m██[38;2;115;95;124m██[38;2;49;41;54m██[38;2;42;42;42m██[38;2;66;66;67m██[38;2;61;61;61m██[38;2;56;56;56m██[38;2;25;25;25m██[38;2;108;101;115m██[38;2;106;98;113m██[38;2;107;99;114m  [38;2;105;98;112m██[38;2;77;72;80m██[38;2;33;32;32m██[38;2;25;28;39m██[38;2;17;16;14m██[38;2;20;20;20m██[38;2;33;33;33m  [38;2;46;46;46m  [38;2;0;0;0m                                                
[38;2;0;0;0m  [38;2;3;3;4m  [38;2;27;25;29m  [38;2;63;59;67m  [38;2;53;48;57m██[38;2;49;41;52m██[38;2;72;59;78m██[38;2;65;64;65m██[38;2;26;27;30m██[38;2;24;27;39m██[38;2;45;52;76m██[38;2;77;71;82m  [38;2;105;97;112m  [38;2;90;83;96m  [38;2;61;56;65m  [38;2;37;36;37m  [38;2;195;193;188m  [38;2;237;235;232m  [38;2;117;116;112m██[38;2;53;61;89m██[38;2;56;65;94m██[38;2;6;7;9m  [38;2;6;7;7m  [38;2;0;0;0m                                                  
[38;2;0;0;0m      [38;2;11;11;15m  [38;2;40;39;42m  [38;2;66;66;66m████[38;2;62;63;63m██[38;2;64;74;107m██[38;2;56;64;93m██[38;2;16;17;25m  [38;2;3;3;2m  [38;2;1;1;1m  [38;2;0;0;0m      [38;2;143;143;143m  [38;2;3;3;3m  [38;2;70;53;53m  [38;2;86;64;63m  [38;2;86;65;64m  [38;2;85;63;62m  [38;2;14;13;13m  [38;2;0;0;0m                                                  
[38;2;0;0;0m        [38;2;26;26;26m  [38;2;66;66;66m  [38;2;26;27;27m  [38;2;43;48;69m██[38;2;26;26;34m██[38;2;74;56;54m██[38;2;81;61;60m  [38;2;47;35;35m  [38;2;19;15;15m  [38;2;0;0;0m          [38;2;3;3;3m  [38;2;25;25;25m  [38;2;24;24;24m  [38;2;0;0;0m  [38;2;4;4;4m  [38;2;0;0;0m                                                  
[38;2;0;0;0m        [38;2;7;7;7m  [38;2;0;0;0m  [38;2;6;6;6m  [38;2;33;35;48m  [38;2;78;59;58m  [38;2;79;60;59m  [38;2;41;31;31m  [38;2;17;18;17m  [38;2;0;0;0m                                                                        [0m
