
[38;2;0;0;0m                        [38;2;2;1;2m  [38;2;0;0;0m  [38;2;9;7;7m  [38;2;20;14;16m  [38;2;21;15;17m  [38;2;31;19;22m  [38;2;0;0;0m    [38;2;2;1;1m  [38;2;0;0;0m  [38;2;6;4;4m  [38;2;0;0;0m    [38;2;253;253;253m  [38;2;211;47;42m██[38;2;212;47;41m██[38;2;255;255;255m  [38;2;251;236;233m  [38;2;210;43;38m██[38;2;233;150;145m██
[38;2;0;0;0m          [38;2;8;6;7m  [38;2;4;1;2m  [38;2;24;18;19m  [38;2;0;0;0m    [38;2;20;15;17m  [38;2;28;17;19m  [38;2;215;143;161m  [38;2;254;168;194m██[38;2;255;162;189m██[38;2;254;137;173m██[38;2;255;104;149m██[38;2;255;108;152m██[38;2;255;107;151m██████[38;2;253;108;153m██[38;2;240;106;149m██[38;2;253;253;253m  [38;2;252;239;236m  [38;2;240;227;226m██[38;2;210;44;39m██[38;2;211;48;44m██[38;2;243;202;200m██[38;2;211;46;40m██[38;2;211;48;44m██[38;2;247;205;201m██
[38;2;0;0;0m        [38;2;14;10;10m  [38;2;255;209;211m██[38;2;255;192;204m██[38;2;249;145;174m██[38;2;14;9;11m  [38;2;11;7;8m  [38;2;247;203;209m██[38;2;255;173;197m████████████[38;2;255;174;198m██[38;2;255;166;192m██[38;2;254;170;195m██[38;2;255;157;187m██[38;2;255;116;158m██[38;2;233;95;131m██[38;2;241;195;189m██[38;2;211;48;44m██[38;2;211;46;41m██[38;2;246;213;208m██[38;2;211;48;44m██████[38;2;213;58;53m██[38;2;254;254;254m  
[38;2;0;0;0m      [38;2;10;5;6m  [38;2;255;174;197m██[38;2;255;173;197m████[38;2;185;58;61m██[38;2;88;51;52m██[38;2;255;208;210m██[38;2;255;176;198m██[38;2;255;173;197m██████████████████████[38;2;190;36;34m██[38;2;253;246;245m██[38;2;215;74;68m██[38;2;211;48;44m██[38;2;210;42;37m██[38;2;255;253;253m██[38;2;240;185;176m██[38;2;254;249;248m██[38;2;252;252;252m  [38;2;250;250;250m  
[38;2;0;0;0m    [38;2;9;6;7m  [38;2;255;175;199m██[38;2;255;173;197m██[38;2;249;161;188m██[38;2;228;65;111m██[38;2;96;60;62m██[38;2;255;208;209m██[38;2;255;208;210m██[38;2;255;174;197m██[38;2;255;173;196m████[38;2;255;141;175m██[38;2;255;138;173m██[38;2;255;165;191m██[38;2;228;97;133m██[38;2;255;175;199m████[38;2;255;173;196m██[38;2;255;173;197m██[38;2;255;173;196m██[38;2;188;34;30m██[38;2;255;171;196m██[38;2;255;189;204m██[38;2;210;42;36m██[38;2;211;48;44m██[38;2;255;244;246m██[38;2;255;179;199m██[38;2;229;139;135m██[38;2;211;46;40m██[38;2;215;65;60m██
[38;2;0;0;0m  [38;2;8;6;7m  [38;2;253;176;201m██[38;2;255;172;197m██[38;2;255;173;197m██[38;2;254;177;201m██[38;2;136;47;72m  [38;2;255;208;210m██████[38;2;255;193;204m██[38;2;255;173;197m████[38;2;255;176;199m██[38;2;255;124;164m██[38;2;255;106;150m██[38;2;255;107;151m██[38;2;255;162;191m██[38;2;255;174;198m██[38;2;255;173;197m██████[38;2;227;147;170m  [38;2;90;54;59m██[38;2;249;227;227m██[38;2;211;46;40m██[38;2;211;48;44m██[38;2;255;242;245m██[38;2;227;118;115m██[38;2;211;48;43m██[38;2;211;49;44m██[38;2;211;48;44m██
[38;2;15;11;12m  [38;2;254;173;197m██[38;2;255;173;197m██[38;2;255;172;197m██[38;2;255;173;197m██[38;2;255;174;199m██[38;2;247;175;199m██[38;2;255;208;210m████████[38;2;255;178;201m██[38;2;252;105;150m██[38;2;255;109;153m██[38;2;247;95;141m██[38;2;244;145;175m██[38;2;255;159;187m██[38;2;255;173;196m██[38;2;246;149;178m██[38;2;251;104;151m██[38;2;225;72;114m██[38;2;255;173;197m████[38;2;255;189;209m██[38;2;211;47;42m██[38;2;211;48;44m██[38;2;215;66;62m██[38;2;255;179;201m██[38;2;211;47;42m██[38;2;211;48;44m██[38;2;236;231;230m  [38;2;217;74;69m██
[38;2;255;181;201m██[38;2;255;172;196m████[38;2;255;173;197m████[38;2;94;67;74m██[38;2;255;173;197m██[38;2;255;208;210m██[38;2;255;208;209m██[38;2;255;209;210m██[38;2;253;173;198m██[38;2;246;93;140m██[38;2;243;145;174m██[38;2;255;173;198m██[38;2;255;173;197m██[38;2;255;173;196m██[38;2;255;173;197m██████[38;2;255;172;197m██[38;2;229;75;119m██[38;2;254;172;197m██[38;2;255;175;198m██[38;2;255;196;207m██[38;2;222;96;92m██[38;2;253;240;241m██[38;2;255;174;197m██[38;2;254;188;206m██[38;2;211;48;43m██[38;2;211;47;42m██[38;2;255;221;230m██[38;2;230;156;180m  
[38;2;255;172;196m██[38;2;253;208;210m  [38;2;255;172;197m████[38;2;254;116;157m██[38;2;243;173;197m██[38;2;255;173;197m██[38;2;255;200;207m██[38;2;255;209;210m██[38;2;254;178;203m██[38;2;234;107;142m██[38;2;255;207;209m██[38;2;255;208;210m████[38;2;255;209;210m██[38;2;255;207;210m██[38;2;255;195;205m██[38;2;255;174;197m██[38;2;255;172;197m██[38;2;255;202;208m██[38;2;255;209;210m██[38;2;255;175;198m██[38;2;255;208;210m████[38;2;255;188;204m██[38;2;153;109;122m██[38;2;255;172;196m██[38;2;255;171;195m██[38;2;209;41;36m██[38;2;239;179;176m██[38;2;255;171;195m██[38;2;255;197;205m██
[38;2;65;45;51m  [38;2;253;212;214m  [38;2;255;173;197m██[38;2;255;129;166m██[38;2;191;84;120m  [38;2;255;173;197m████[38;2;255;172;197m██[38;2;234;112;147m██[38;2;199;39;34m██[38;2;255;208;210m████████████[38;2;255;157;185m██[38;2;255;120;161m██[38;2;255;175;198m██[38;2;255;194;203m██[38;2;255;208;210m████[38;2;254;177;197m██[38;2;255;207;209m██[38;2;255;173;197m██[38;2;183;62;66m██[38;2;102;76;83m  [38;2;255;172;197m██[38;2;255;207;221m██[38;2;255;172;196m██[38;2;255;172;197m██[38;2;255;172;196m██
[38;2;6;4;4m  [38;2;250;213;214m  [38;2;255;173;197m██[38;2;255;107;151m██[38;2;111;81;90m  [38;2;255;173;197m████[38;2;223;66;108m██[38;2;254;175;200m██[38;2;169;37;35m  [38;2;255;209;211m██[38;2;255;208;210m████████[38;2;255;161;189m██[38;2;123;56;73m  [38;2;145;84;70m██[38;2;255;174;198m██[38;2;254;112;155m██[38;2;255;208;210m████[38;2;248;110;151m██[38;2;255;173;197m████[38;2;185;46;47m██[38;2;255;173;197m██[38;2;193;36;32m██[38;2;236;168;190m██[38;2;255;173;197m████[38;2;254;167;192m██
[38;2;242;106;152m██[38;2;217;184;187m  [38;2;255;173;196m██[38;2;255;104;149m██[38;2;252;176;200m██[38;2;254;176;201m██[38;2;189;74;85m██[38;2;188;52;53m██[38;2;245;171;195m██[38;2;249;179;203m██[38;2;205;122;130m██[38;2;255;208;210m██████[38;2;251;168;194m██[38;2;185;106;89m██[38;2;246;188;171m██[38;2;105;58;53m  [38;2;255;177;202m██[38;2;137;74;66m  [38;2;255;201;208m██[38;2;255;172;196m██[38;2;255;155;185m██[38;2;254;176;200m██[38;2;255;173;197m██[38;2;184;46;47m██[38;2;255;173;197m██[38;2;192;75;79m██[38;2;252;110;155m██[38;2;249;157;185m██[38;2;255;173;197m██[38;2;255;134;170m██
[38;2;15;11;12m  [38;2;113;74;86m  [38;2;255;173;197m██[38;2;206;115;145m  [38;2;228;86;126m██[38;2;255;175;199m██[38;2;241;168;192m██[38;2;249;177;200m██[38;2;195;43;39m██[38;2;224;143;162m  [38;2;188;64;69m██[38;2;253;175;200m██[38;2;255;173;197m██[38;2;87;57;64m██[38;2;252;155;130m██[38;2;240;233;224m██[38;2;240;230;221m██[38;2;207;154;171m██[38;2;61;52;53m  [38;2;240;233;225m██[38;2;102;69;73m██[38;2;255;173;197m██[38;2;255;171;196m██[38;2;238;120;155m██[38;2;255;173;197m██[38;2;185;47;47m██[38;2;255;173;197m██[38;2;235;153;175m  [38;2;253;111;156m██[38;2;237;76;122m██[38;2;255;173;197m██[38;2;255;103;149m██
[38;2;0;0;0m  [38;2;17;12;14m  [38;2;99;72;79m██[38;2;255;181;206m██[38;2;255;172;196m██[38;2;255;173;197m████[38;2;188;46;46m██[38;2;181;38;37m██[38;2;255;181;204m██[38;2;197;100;116m██[38;2;158;27;26m  [38;2;244;162;143m██[38;2;240;232;223m██[38;2;240;230;222m██[38;2;240;231;222m██[38;2;76;69;70m██[38;2;178;171;169m██[38;2;240;231;222m████[38;2;240;232;223m██[38;2;115;71;83m██[38;2;254;173;197m██[38;2;222;52;99m██[38;2;255;172;197m██[38;2;184;64;69m██[38;2;255;173;197m██[38;2;250;175;198m██[38;2;241;103;145m██[38;2;254;110;155m██[38;2;255;106;150m██[38;2;133;84;97m  
[38;2;18;9;11m  [38;2;244;208;211m██[38;2;255;109;154m██[38;2;254;136;171m██[38;2;255;153;184m██[38;2;255;158;186m██[38;2;255;151;182m██[38;2;219;104;129m██[38;2;204;42;37m██[38;2;91;53;63m  [38;2;236;224;218m██[38;2;240;231;222m████[38;2;239;231;222m██[38;2;240;231;222m██[38;2;240;230;222m██[38;2;240;231;222m██[38;2;239;230;222m██[38;2;240;230;222m██[38;2;240;230;221m██[38;2;241;234;226m██[38;2;220;128;149m██[38;2;113;82;89m  [38;2;239;76;124m██[38;2;255;175;199m██[38;2;195;92;107m  [38;2;255;173;197m██[38;2;255;172;197m██[38;2;255;107;153m██[38;2;255;106;152m██[38;2;146;78;98m  [38;2;8;6;7m  
[38;2;1;0;1m  [38;2;9;5;6m  [38;2;242;147;177m██[38;2;93;70;76m██[38;2;96;62;68m██[38;2;96;45;53m  [38;2;139;121;122m██[38;2;214;113;139m██[38;2;239;226;222m██[38;2;240;232;224m██[38;2;240;232;223m██[38;2;240;231;222m██[38;2;240;231;221m██[38;2;240;231;222m██████[38;2;237;215;213m██[38;2;222;113;140m██[38;2;209;59;95m██[38;2;236;207;207m██[38;2;240;231;222m████[38;2;240;232;223m██[38;2;222;121;101m██[38;2;255;176;201m██[38;2;224;145;164m██[38;2;255;173;196m██[38;2;255;173;197m██[38;2;195;106;134m██[38;2;241;210;211m██[38;2;48;36;40m  [38;2;0;0;0m  
[38;2;20;13;14m  [38;2;222;194;198m██[38;2;26;18;20m  [38;2;238;171;194m██[38;2;255;105;150m██[38;2;220;131;111m██[38;2;134;125;124m  [38;2;85;83;81m██[38;2;22;18;18m██[38;2;204;88;80m  [38;2;246;162;145m██[38;2;240;231;222m██████████[38;2;243;147;131m██[38;2;229;203;199m  [38;2;6;5;5m  [38;2;38;32;32m  [38;2;26;22;22m  [38;2;38;32;33m  [38;2;229;221;216m██[38;2;238;136;110m██[38;2;255;173;196m██[38;2;255;173;197m██[38;2;255;173;196m██[38;2;255;173;197m██[38;2;170;114;129m██[38;2;254;108;152m██[38;2;5;3;4m  [38;2;0;0;0m  
[38;2;0;0;0m    [38;2;9;6;7m  [38;2;255;179;204m██[38;2;255;105;150m██[38;2;43;19;24m  [38;2;131;35;85m██[38;2;194;21;123m██[38;2;190;21;120m██[38;2;149;154;160m██[38;2;238;224;217m██[38;2;240;230;222m██[38;2;240;231;222m██[38;2;239;231;222m██[38;2;239;230;222m██[38;2;240;231;222m████[38;2;162;157;160m  [38;2;194;21;123m██[38;2;193;21;122m██[38;2;214;226;228m██[38;2;193;231;236m██[38;2;169;201;207m  [38;2;3;1;1m  [38;2;255;173;197m████████[38;2;254;161;188m██[38;2;255;107;151m██[38;2;14;6;8m  [38;2;0;0;0m  
[38;2;0;0;0m    [38;2;19;13;15m  [38;2;255;173;197m██[38;2;255;106;150m██[38;2;181;78;110m  [38;2;236;230;229m██[38;2;202;73;141m██[38;2;231;164;191m  [38;2;183;141;157m██[38;2;253;252;249m  [38;2;240;230;222m██[38;2;240;231;222m████[38;2;240;230;222m██[38;2;241;227;219m██[38;2;240;231;222m██[38;2;253;252;251m██[38;2;196;37;121m██[38;2;254;254;254m██[38;2;220;55;138m██[38;2;255;255;255m████[38;2;203;108;98m  [38;2;255;173;197m████████[38;2;254;127;166m██[38;2;255;107;151m██[38;2;201;89;127m  [38;2;0;0;0m  
[38;2;0;0;0m    [38;2;11;7;8m  [38;2;255;173;197m██[38;2;255;107;151m██[38;2;242;106;149m  [38;2;240;231;222m██[38;2;173;76;113m  [38;2;254;106;162m██[38;2;219;84;134m██[38;2;254;254;254m██[38;2;247;180;167m██[38;2;245;207;199m██[38;2;246;204;194m██[38;2;247;193;183m██[38;2;246;203;194m██[38;2;247;194;183m██[38;2;242;220;211m██[38;2;195;169;177m██[38;2;190;84;122m  [38;2;205;89;128m██[38;2;246;244;243m██[38;2;252;250;247m██[38;2;139;77;67m  [38;2;255;173;197m██[38;2;254;144;176m██[38;2;255;173;197m██[38;2;255;173;196m██[38;2;255;105;149m██[38;2;255;107;151m██[38;2;254;107;152m██[38;2;15;10;11m  
[38;2;0;0;0m    [38;2;10;6;7m  [38;2;255;173;197m██[38;2;255;107;151m██[38;2;255;108;152m██[38;2;242;234;225m██[38;2;240;230;221m██[38;2;242;225;217m██[38;2;242;221;213m██[38;2;248;168;158m██[38;2;245;208;200m██[38;2;251;138;126m██[38;2;246;202;194m██[38;2;252;138;126m██[38;2;246;202;194m██[38;2;251;139;124m██[38;2;246;209;200m██[38;2;243;219;210m██[38;2;240;230;221m██[38;2;240;231;222m████[38;2;240;232;223m██[38;2;60;40;41m  [38;2;255;173;197m██[38;2;255;114;157m██[38;2;255;173;197m████[38;2;255;106;150m██[38;2;255;107;151m████[38;2;9;5;6m  
[38;2;0;0;0m    [38;2;19;13;14m  [38;2;254;176;200m██[38;2;255;107;151m████[38;2;236;229;223m  [38;2;240;229;221m██[38;2;249;171;155m██[38;2;242;221;212m██[38;2;244;214;206m██[38;2;245;210;201m██[38;2;246;203;195m██[38;2;246;205;196m██[38;2;248;178;164m██[38;2;246;204;195m██[38;2;247;205;196m██[38;2;246;208;200m██[38;2;243;221;213m██[38;2;240;230;221m██[38;2;240;231;222m██[38;2;240;231;221m██[38;2;240;232;224m██[38;2;138;100;111m  [38;2;255;173;197m██[38;2;255;103;149m██[38;2;255;173;197m██[38;2;255;171;195m██[38;2;255;107;151m██[38;2;255;108;152m██[38;2;255;107;151m██[38;2;69;50;54m  
[38;2;0;0;0m    [38;2;31;14;20m  [38;2;253;172;197m██[38;2;255;107;151m██[38;2;255;106;151m██[38;2;197;188;185m  [38;2;240;230;222m██[38;2;239;229;220m██[38;2;241;227;219m██[38;2;241;226;218m██[38;2;241;227;218m██[38;2;241;228;220m██[38;2;240;229;220m██[38;2;240;228;220m██[38;2;241;227;219m██[38;2;241;224;215m████[38;2;240;230;221m██[38;2;240;231;222m██[38;2;240;230;222m██[38;2;240;231;222m██[38;2;244;213;202m██[38;2;246;177;200m  [38;2;255;173;197m██[38;2;254;106;150m██[38;2;255;173;197m██[38;2;255;105;150m██[38;2;255;109;153m██[38;2;255;107;151m██[38;2;219;97;137m██[38;2;132;112;115m██
[38;2;0;0;0m    [38;2;27;14;16m  [38;2;243;175;199m  [38;2;255;107;151m████[38;2;71;42;51m  [38;2;240;231;222m████████[38;2;240;230;222m██[38;2;243;235;226m██[38;2;240;231;222m██████[38;2;240;230;222m██[38;2;240;231;222m██[38;2;240;230;222m██[38;2;240;231;222m████[38;2;240;230;222m██[38;2;240;156;137m██[38;2;255;173;197m██[38;2;253;174;199m██[38;2;237;110;148m██[38;2;255;170;195m██[38;2;255;107;151m██[38;2;112;50;70m██[38;2;255;139;172m██[38;2;84;42;55m  [38;2;89;77;78m  
[38;2;0;0;0m    [38;2;10;7;8m  [38;2;250;157;187m██[38;2;245;129;162m██[38;2;255;108;152m██[38;2;255;107;151m██[38;2;178;171;168m██[38;2;240;231;222m██[38;2;239;231;222m████[38;2;194;156;153m██[38;2;241;232;223m██[38;2;240;231;222m████[38;2;239;230;222m██[38;2;240;231;222m██████████[38;2;239;231;222m██[38;2;79;49;48m  [38;2;255;173;197m██[38;2;236;73;121m██[38;2;255;173;197m██[38;2;248;94;140m██[38;2;250;128;165m██[38;2;17;12;13m  [38;2;189;163;165m  [38;2;48;37;39m  [38;2;14;10;12m  
[38;2;0;0;0m    [38;2;24;19;21m  [38;2;255;111;155m██[38;2;10;6;7m  [38;2;255;122;161m██[38;2;233;102;144m██[38;2;253;109;154m██[38;2;74;42;50m██[38;2;242;234;226m  [38;2;240;230;222m████████[38;2;240;231;222m██[38;2;240;230;222m████[38;2;240;231;222m██[38;2;240;230;222m██[38;2;241;232;223m██[38;2;205;196;192m  [38;2;195;89;123m██[38;2;250;177;202m██[38;2;254;120;161m██[38;2;254;158;188m██[38;2;243;103;145m██[38;2;206;184;184m  [38;2;12;8;9m  [38;2;56;47;49m  [38;2;10;6;7m  [38;2;33;22;25m  [38;2;5;4;4m  
[38;2;0;0;0m      [38;2;51;41;43m  [38;2;19;14;14m  [38;2;24;17;19m  [38;2;250;221;223m██[38;2;7;6;7m  [38;2;247;108;152m██[38;2;84;40;54m  [38;2;203;91;131m██[38;2;68;63;62m  [38;2;198;190;186m  [38;2;243;237;231m██[38;2;244;238;232m██[38;2;241;234;225m██[38;2;196;190;187m██[38;2;115;100;102m██[38;2;159;178;182m██[38;2;58;26;37m  [38;2;16;9;11m  [38;2;48;32;33m  [38;2;250;208;213m██[38;2;244;198;206m██[38;2;27;21;22m  [38;2;8;4;5m  [38;2;4;2;2m  [38;2;0;0;0m          
[38;2;0;0;0m      [38;2;1;0;0m  [38;2;6;5;5m  [38;2;0;0;0m        [38;2;14;10;11m  [38;2;15;11;12m  [38;2;21;14;16m  [38;2;18;12;13m  [38;2;203;44;41m██[38;2;171;36;33m██[38;2;190;36;33m██[38;2;186;41;37m██[38;2;223;222;221m  [38;2;127;84;91m██[38;2;128;82;91m██[38;2;20;14;15m  [38;2;35;28;29m  [38;2;18;12;14m  [38;2;0;0;0m                  
[38;2;0;0;0m                    [38;2;21;16;17m  [38;2;40;29;31m  [38;2;111;82;88m  [38;2;176;28;24m██[38;2;156;45;45m██[38;2;182;32;29m██[38;2;204;39;34m██[38;2;173;144;149m██[38;2;171;143;148m██[38;2;172;143;147m██[38;2;111;71;79m██[38;2;4;3;3m  [38;2;0;0;0m                    
[38;2;0;0;0m                    [38;2;16;12;12m  [38;2;146;122;126m██[38;2;137;102;102m  [38;2;167;133;139m██[38;2;102;89;88m██[38;2;119;73;75m██[38;2;161;134;138m██[38;2;172;143;147m████[38;2;173;144;149m██[38;2;101;67;73m  [38;2;5;3;4m  [38;2;0;0;0m                    
[38;2;0;0;0m                  [38;2;14;8;9m  [38;2;174;145;150m██[38;2;170;141;146m  [38;2;172;143;147m██[38;2;138;110;116m  [38;2;210;176;170m██[38;2;207;176;170m██[38;2;196;188;185m██[38;2;175;146;151m██[38;2;172;143;148m██[38;2;116;74;82m██[38;2;10;6;7m  [38;2;0;0;0m                      
[38;2;0;0;0m                  [38;2;55;43;45m  [38;2;173;145;150m██[38;2;142;101;110m██[38;2;129;85;94m██[38;2;174;145;150m██[38;2;127;106;109m  [38;2;148;134;135m██[38;2;173;144;148m██[38;2;172;143;148m██[38;2;74;49;53m  [38;2;110;72;79m██[38;2;17;13;15m  [38;2;0;0;0m                      [0m
