
[38;2;0;0;0m                [38;2;16;9;12m  [38;2;45;38;41m  [38;2;50;47;47m████[38;2;47;42;43m████[38;2;45;38;40m  [38;2;11;6;7m  [38;2;0;0;0m        
[38;2;0;0;0m              [38;2;27;10;18m  [38;2;49;47;46m██[38;2;50;47;47m████████████[38;2;255;222;223m██[38;2;25;11;17m  [38;2;0;0;0m      
[38;2;0;0;0m            [38;2;25;7;16m  [38;2;30;21;26m██[38;2;28;24;27m██[38;2;93;85;83m██[38;2;95;85;83m██[38;2;48;40;42m██[38;2;47;44;44m██[38;2;50;47;47m██[38;2;56;47;51m██[38;2;168;150;152m██[38;2;252;224;225m██[38;2;15;2;8m  [38;2;0;0;0m    
[38;2;0;0;0m          [38;2;4;0;2m  [38;2;50;48;47m  [38;2;246;231;219m██[38;2;255;234;216m██████[38;2;255;234;217m██[38;2;253;233;217m██[38;2;194;165;157m██[38;2;130;110;113m██[38;2;167;146;149m██[38;2;47;43;43m██[38;2;49;46;46m  [38;2;0;0;0m    
[38;2;0;0;0m          [38;2;35;20;26m  [38;2;51;43;45m██[38;2;255;234;217m██████[38;2;255;235;218m██[38;2;255;234;217m████[38;2;188;176;165m██[38;2;48;45;45m██[38;2;45;38;40m██[38;2;50;47;47m██[38;2;49;46;46m██[38;2;42;33;36m  [38;2;0;0;0m  
[38;2;0;0;0m          [38;2;37;25;31m  [38;2;209;198;186m██[38;2;144;131;125m██[38;2;255;234;217m████[38;2;254;234;217m██[38;2;252;237;221m██[38;2;213;198;186m██[38;2;233;218;203m██[38;2;38;35;36m██[38;2;48;44;45m██[38;2;50;47;47m████[38;2;49;47;47m██[38;2;33;18;25m  
[38;2;0;0;0m          [38;2;25;11;18m  [38;2;215;208;199m██[38;2;195;169;162m██[38;2;254;234;216m██[38;2;255;234;216m██[38;2;202;192;182m██[38;2;77;64;63m██[38;2;255;234;217m████[38;2;23;18;22m██[38;2;50;47;47m██[38;2;36;31;33m██[38;2;50;47;47m██[38;2;46;40;42m██[38;2;50;47;47m██
[38;2;0;0;0m          [38;2;44;37;39m  [38;2;167;152;145m██[38;2;241;196;212m██[38;2;247;233;218m██[38;2;255;234;217m██[38;2;189;176;183m██[38;2;226;151;180m██[38;2;116;103;105m██[38;2;255;234;216m██[38;2;14;11;14m██[38;2;50;47;47m██[38;2;23;19;23m██[38;2;50;47;47m████[38;2;29;23;27m██
[38;2;0;0;0m          [38;2;32;27;30m  [38;2;42;34;36m██[38;2;232;168;190m██[38;2;250;236;224m██[38;2;255;234;217m██[38;2;235;231;229m██[38;2;239;214;222m██[38;2;254;233;216m██[38;2;255;233;217m██[38;2;43;35;36m██[38;2;50;47;47m██[38;2;24;19;22m██[38;2;24;18;23m██[38;2;40;36;37m██[38;2;48;43;44m██
[38;2;0;0;0m          [38;2;26;21;24m██[38;2;21;14;19m██[38;2;195;177;167m██[38;2;239;225;212m██[38;2;229;217;204m██[38;2;192;178;167m██[38;2;135;127;114m██[38;2;144;146;115m██[38;2;253;238;222m██[38;2;119;75;73m██[38;2;37;33;35m██[38;2;30;25;28m██[38;2;24;18;23m██[38;2;29;24;27m██[38;2;31;27;29m██
[38;2;0;0;0m          [38;2;21;18;20m██[38;2;193;204;162m██[38;2;186;198;156m██[38;2;174;188;146m██[38;2;159;175;133m██[38;2;143;156;119m██[38;2;121;130;99m██[38;2;123;79;74m██[38;2;114;64;66m██[38;2;116;70;77m██[38;2;51;30;34m██[38;2;50;48;47m██[38;2;23;18;22m██[38;2;24;19;22m████
[38;2;0;0;0m          [38;2;22;17;21m██[38;2;93;101;81m██[38;2;79;81;67m██[38;2;97;107;85m██[38;2;89;98;78m██[38;2;70;69;59m██[38;2;84;90;72m██[38;2;93;88;75m██[38;2;181;144;138m██[38;2;140;98;99m██[38;2;28;17;24m██[38;2;23;15;21m██[38;2;49;46;46m██[38;2;31;26;29m██[38;2;24;19;23m██
[38;2;0;0;0m          [38;2;24;19;23m██[38;2;24;4;14m  [38;2;0;0;0m  [38;2;40;21;30m  [38;2;78;64;66m  [38;2;191;172;167m██[38;2;203;171;163m██[38;2;199;173;173m██[38;2;224;199;198m██[38;2;150;99;111m██[38;2;44;32;40m██[38;2;45;32;40m██[38;2;44;32;40m██[38;2;43;30;39m██[38;2;50;39;43m██
[38;2;0;0;0m          [38;2;44;37;40m  [38;2;35;24;30m██[38;2;70;56;59m  [38;2;67;54;57m██[38;2;162;121;129m██[38;2;222;188;177m██[38;2;173;145;145m██[38;2;226;201;200m██[38;2;235;168;170m██[38;2;64;47;52m██[38;2;66;53;56m██[38;2;71;56;60m████████
[38;2;0;0;0m  [38;2;54;37;43m  [38;2;68;54;57m  [38;2;58;42;47m  [38;2;65;50;54m  [38;2;71;57;60m████[38;2;71;56;60m██[38;2;234;170;172m██[38;2;253;242;240m██[38;2;237;214;201m██[38;2;238;220;219m██[38;2;208;191;193m██[38;2;207;146;149m██[38;2;69;55;59m██[38;2;68;54;57m██[38;2;71;57;60m████[38;2;71;57;59m██[38;2;71;56;60m██
[38;2;33;18;24m  [38;2;71;56;60m████[38;2;71;57;60m██[38;2;71;56;60m██████[38;2;69;56;59m██[38;2;206;146;149m██[38;2;253;243;241m██[38;2;207;195;196m██[38;2;255;242;240m██[38;2;208;146;150m██[38;2;227;161;163m██[38;2;69;55;58m██[38;2;68;54;58m██[38;2;71;57;60m██[38;2;71;56;60m██████
[38;2;70;56;59m  [38;2;71;56;60m██[38;2;70;56;59m██[38;2;71;56;60m██████[38;2;70;56;59m██[38;2;124;84;90m██[38;2;171;132;136m██[38;2;255;242;240m██[38;2;255;241;240m██[38;2;251;240;238m██[38;2;191;133;138m██[38;2;164;117;121m██[38;2;71;57;60m██[38;2;60;47;52m██[38;2;71;56;60m████████
[38;2;71;57;60m██[38;2;71;56;60m██[38;2;70;56;59m██[38;2;71;57;60m██[38;2;71;56;60m██[38;2;71;57;60m██[38;2;71;56;60m██[38;2;218;156;159m██[38;2;222;197;197m██[38;2;215;206;207m██[38;2;255;242;239m██[38;2;220;204;205m██[38;2;241;171;173m██[38;2;108;76;81m██[38;2;70;57;60m██[38;2;48;36;43m██[38;2;71;56;60m██[38;2;71;57;60m██[38;2;71;56;60m██[38;2;71;57;60m██
[38;2;71;56;60m██████[38;2;71;57;60m██[38;2;71;56;60m██[38;2;60;43;49m██[38;2;78;56;61m██[38;2;242;172;174m██[38;2;152;108;113m██[38;2;252;240;239m██[38;2;191;155;158m██[38;2;243;172;174m██[38;2;244;172;174m██[38;2;161;115;119m██[38;2;71;56;60m██[38;2;66;52;56m██[38;2;71;56;60m████████
[38;2;67;52;55m  [38;2;58;44;50m██[38;2;71;56;60m██[38;2;64;49;53m██[38;2;71;56;60m██[38;2;68;53;57m██[38;2;44;32;40m██[38;2;184;145;132m██[38;2;143;115;103m██[38;2;195;148;142m██[38;2;190;150;139m██[38;2;185;143;135m██[38;2;142;145;103m██[38;2;167;178;122m██[38;2;71;57;60m██[38;2;71;56;60m██[38;2;71;57;60m██[38;2;71;56;60m████[38;2;71;57;60m██
[38;2;10;1;6m  [38;2;46;34;41m██[38;2;71;57;60m██████[38;2;69;55;58m██[38;2;44;33;41m██[38;2;153;147;141m██[38;2;90;72;64m██[38;2;95;86;71m██[38;2;126;131;106m██[38;2;114;109;98m██[38;2;115;105;93m██[38;2;116;52;62m██[38;2;121;47;62m██[38;2;71;56;59m██[38;2;70;56;59m██[38;2;71;56;60m████[38;2;63;47;52m██
[38;2;0;0;0m  [38;2;45;27;33m  [38;2;51;38;45m██[38;2;71;56;59m██[38;2;60;44;49m██[38;2;70;55;58m██[38;2;45;32;40m██[38;2;192;184;186m██[38;2;143;54;71m██[38;2;143;53;70m██[38;2;255;241;239m████[38;2;240;229;228m██[38;2;142;54;71m██[38;2;142;52;69m██[38;2;69;56;59m██[38;2;71;57;60m██[38;2;56;43;49m██[38;2;71;57;60m██[38;2;71;56;60m██
[38;2;0;0;0m    [38;2;45;33;41m██[38;2;47;34;42m██[38;2;71;57;60m██[38;2;62;47;51m██[38;2;44;32;40m██[38;2;47;28;38m██[38;2;250;244;241m██[38;2;228;214;214m██[38;2;136;64;79m██[38;2;135;62;77m██[38;2;134;48;65m██[38;2;254;244;242m██[38;2;248;238;236m██[38;2;168;140;133m██[38;2;71;57;60m██[38;2;70;56;59m██[38;2;57;44;50m██[38;2;70;56;60m██
[38;2;0;0;0m    [38;2;49;32;39m  [38;2;44;32;40m██[38;2;44;33;40m██[38;2;58;42;48m██[38;2;44;32;40m██[38;2;41;30;39m██[38;2;221;156;93m██[38;2;203;143;86m██[38;2;218;154;92m██[38;2;214;152;91m██[38;2;184;127;78m████[38;2;197;137;82m██[38;2;212;204;205m██[38;2;108;81;87m██[38;2;70;56;60m██[38;2;58;44;51m██[38;2;46;34;41m██
[38;2;0;0;0m      [38;2;25;2;13m  [38;2;42;29;38m  [38;2;43;30;38m██[38;2;44;33;40m██[38;2;44;32;40m██[38;2;137;107;113m██[38;2;232;223;223m██[38;2;130;63;78m██[38;2;141;49;67m██[38;2;140;49;67m██[38;2;189;167;171m██[38;2;176;145;151m██[38;2;135;54;70m██[38;2;103;57;68m██[38;2;91;72;76m██[38;2;70;56;60m██[38;2;45;33;41m██
[38;2;0;0;0m            [38;2;45;33;41m  [38;2;44;32;40m██[38;2;211;204;204m██[38;2;143;54;71m██[38;2;130;44;62m██[38;2;255;242;239m████[38;2;215;197;199m██[38;2;143;54;70m██[38;2;142;54;71m██[38;2;81;30;43m██[38;2;156;104;116m██[38;2;78;56;62m██[38;2;70;56;60m██
[38;2;0;0;0m            [38;2;24;6;15m  [38;2;41;29;38m██[38;2;195;134;138m██[38;2;237;169;171m██[38;2;228;160;163m██[38;2;195;141;147m██[38;2;187;128;139m██[38;2;186;125;136m██[38;2;209;144;154m██[38;2;186;126;136m██[38;2;212;147;154m██[38;2;203;138;150m████[38;2;132;89;98m██
[38;2;0;0;0m              [38;2;131;89;95m  [38;2;192;133;137m██[38;2;236;168;170m██[38;2;230;163;166m██[38;2;243;171;173m██[38;2;243;172;174m██[38;2;199;139;143m██[38;2;243;172;174m██[38;2;240;171;173m██[38;2;216;153;155m██[38;2;217;150;159m██[38;2;170;113;125m██[38;2;172;114;126m██
[38;2;0;0;0m            [38;2;62;41;44m  [38;2;192;134;138m  [38;2;240;171;173m██[38;2;224;204;205m██[38;2;145;114;119m██[38;2;195;137;140m██[38;2;190;132;137m██[38;2;208;144;149m██[38;2;169;115;122m██[38;2;159;106;115m██[38;2;190;128;139m██[38;2;203;138;150m██[38;2;187;125;138m██[38;2;201;137;149m██
[38;2;0;0;0m          [38;2;208;200;201m  [38;2;219;204;204m██[38;2;210;149;152m██[38;2;184;161;164m██[38;2;189;177;179m██[38;2;255;242;240m██[38;2;187;139;142m██[38;2;243;173;175m██[38;2;205;145;148m██[38;2;219;157;159m██[38;2;243;173;175m██[38;2;205;143;147m██[38;2;236;167;169m██[38;2;243;172;174m██[38;2;205;144;148m██
[38;2;0;0;0m      [38;2;17;12;14m  [38;2;204;194;196m  [38;2;213;201;201m██[38;2;213;200;201m██[38;2;216;205;206m██[38;2;254;244;242m██[38;2;214;180;171m██[38;2;223;214;215m██[38;2;255;242;240m██[38;2;193;153;156m██[38;2;216;151;155m██[38;2;206;146;149m██[38;2;192;134;138m██[38;2;220;154;158m██[38;2;218;154;157m██[38;2;214;149;153m██[38;2;217;152;155m██
[38;2;0;0;0m    [38;2;98;88;90m  [38;2;255;242;240m████[38;2;228;218;218m██[38;2;200;181;182m██[38;2;210;185;185m██[38;2;222;188;178m██████[38;2;195;181;184m██[38;2;255;242;240m██[38;2;232;221;222m██[38;2;188;143;147m██[38;2;243;173;175m██[38;2;232;164;167m██[38;2;211;148;152m██[38;2;243;172;174m████[0m
