
[38;2;0;0;0m                  [38;2;229;64;13m  [38;2;241;211;85m██[38;2;240;211;85m██[38;2;227;103;27m  [38;2;18;4;4m  [38;2;0;0;0m          [38;2;239;126;65m  [38;2;241;211;84m██[38;2;104;54;19m  [38;2;0;0;0m                
[38;2;0;0;0m                [38;2;11;5;1m  [38;2;227;126;37m  [38;2;241;211;85m██[38;2;240;199;77m██[38;2;213;176;169m██[38;2;224;186;179m██[38;2;225;187;181m██[38;2;147;109;103m  [38;2;167;130;123m  [38;2;218;179;172m██[38;2;168;133;131m  [38;2;26;15;12m  [38;2;222;97;32m  [38;2;0;0;0m                  
[38;2;0;0;0m                    [38;2;166;105;84m  [38;2;229;141;97m██[38;2;191;144;141m██[38;2;170;110;109m██[38;2;172;119;114m██[38;2;226;191;184m██[38;2;173;119;114m██[38;2;163;94;97m██[38;2;159;105;101m██[38;2;223;185;179m██[38;2;71;46;31m  [38;2;0;0;0m              [38;2;196;118;78m  [38;2;0;0;0m  
[38;2;0;0;0m                  [38;2;176;137;130m██[38;2;221;185;178m██[38;2;204;167;158m██[38;2;225;190;183m██[38;2;226;192;184m██[38;2;230;196;188m██[38;2;226;191;184m██[38;2;223;183;177m██[38;2;218;175;166m██[38;2;223;183;178m██[38;2;185;143;136m██[38;2;221;180;172m██[38;2;176;131;126m██[38;2;58;35;33m  [38;2;0;0;0m          [38;2;239;200;80m  [38;2;0;0;0m  
[38;2;0;0;0m                [38;2;144;119;115m  [38;2;252;231;229m██[38;2;198;153;145m██[38;2;220;179;171m██[38;2;221;182;175m██[38;2;197;123;102m██[38;2;227;193;186m██[38;2;209;167;161m██[38;2;156;88;77m██[38;2;222;138;109m██[38;2;170;97;86m██[38;2;221;181;173m██[38;2;163;114;108m██[38;2;251;233;230m██[38;2;202;166;160m██[38;2;188;150;145m██[38;2;13;7;6m  [38;2;0;0;0m    [38;2;224;95;30m  [38;2;240;210;86m██[38;2;229;126;41m  
[38;2;0;0;0m              [38;2;65;32;32m  [38;2;253;235;232m██[38;2;191;155;151m██[38;2;193;144;136m██[38;2;201;154;145m██[38;2;219;131;102m██[38;2;218;179;171m██[38;2;215;176;171m██[38;2;161;109;104m██[38;2;227;164;139m██[38;2;224;149;120m██[38;2;149;71;63m██[38;2;191;141;132m██[38;2;179;121;113m██[38;2;218;175;168m██[38;2;243;219;217m██[38;2;210;167;160m██[38;2;197;157;150m██[38;2;0;0;0m      [38;2;223;96;25m  [38;2;0;0;0m  
[38;2;0;0;0m            [38;2;53;21;21m  [38;2;215;188;186m██[38;2;251;234;232m██[38;2;158;82;74m██[38;2;191;97;80m██[38;2;236;181;158m██[38;2;187;148;139m██[38;2;226;192;186m██[38;2;205;170;163m██[38;2;253;224;218m██[38;2;253;227;220m██[38;2;252;225;219m██[38;2;252;226;219m██[38;2;231;178;161m██[38;2;220;146;119m██[38;2;222;133;103m██[38;2;224;187;180m██[38;2;219;180;173m██[38;2;198;155;147m██[38;2;57;29;31m  [38;2;0;0;0m        
[38;2;0;0;0m            [38;2;206;165;156m██[38;2;228;198;194m██[38;2;191;153;147m██[38;2;226;153;126m██[38;2;252;224;214m██[38;2;229;199;192m██[38;2;246;219;212m██[38;2;252;227;221m██[38;2;253;227;221m██[38;2;253;228;221m██[38;2;253;227;221m██[38;2;219;190;183m██[38;2;252;227;220m██[38;2;253;227;220m██[38;2;253;223;216m██[38;2;223;144;114m██[38;2;179;122;112m██[38;2;224;187;180m██[38;2;167;121;115m██[38;2;82;20;28m██[38;2;29;12;12m  [38;2;0;0;0m      
[38;2;0;0;0m            [38;2;195;154;148m██[38;2;223;186;179m██[38;2;230;196;188m██[38;2;252;226;218m██[38;2;252;227;220m██[38;2;252;225;219m██[38;2;253;226;219m██[38;2;252;227;221m██[38;2;253;227;221m████[38;2;252;227;221m██[38;2;253;227;220m██[38;2;252;227;221m██[38;2;253;227;221m██[38;2;252;227;221m██[38;2;252;227;215m██[38;2;219;133;103m██[38;2;221;183;176m██[38;2;222;184;179m██[38;2;98;25;36m██[38;2;95;25;35m██[38;2;0;0;0m      
[38;2;0;0;0m          [38;2;41;10;13m  [38;2;130;80;80m██[38;2;223;182;176m██[38;2;252;225;216m██[38;2;252;225;218m██[38;2;252;224;217m██[38;2;204;173;166m██[38;2;233;202;197m██[38;2;253;227;221m████[38;2;253;228;221m██[38;2;253;227;221m██[38;2;225;196;189m██[38;2;171;136;132m██[38;2;234;203;196m██[38;2;252;225;218m██[38;2;252;227;221m██[38;2;249;215;203m██[38;2;171;119;112m██[38;2;225;190;183m██[38;2;182;133;134m██[38;2;183;111;125m██[38;2;77;28;31m  [38;2;0;0;0m    
[38;2;0;0;0m      [38;2;181;66;16m  [38;2;0;0;0m  [38;2;100;26;35m██[38;2;212;166;163m██[38;2;221;183;175m██[38;2;254;223;213m██[38;2;252;224;217m██[38;2;46;23;23m██[38;2;159;106;97m██[38;2;183;140;129m██[38;2;253;227;221m██[38;2;254;229;221m██[38;2;253;228;221m██[38;2;253;227;221m██[38;2;207;183;177m██[38;2;224;214;217m██[38;2;37;9;11m██[38;2;93;53;51m██[38;2;251;221;213m██[38;2;252;223;215m██[38;2;124;74;70m██[38;2;224;187;181m████[38;2;47;20;23m  [38;2;0;0;0m      
[38;2;0;0;0m      [38;2;235;157;58m██[38;2;108;28;30m██[38;2;107;27;35m██[38;2;222;183;177m██[38;2;204;163;159m██[38;2;253;214;201m██[38;2;70;36;36m██[38;2;48;15;17m██[38;2;74;17;23m██[38;2;94;47;52m██[38;2;253;228;221m██[38;2;254;228;221m██[38;2;253;227;221m████[38;2;115;90;94m██[38;2;106;14;27m██[38;2;155;22;46m██[38;2;112;81;85m██[38;2;37;13;15m██[38;2;252;207;197m██[38;2;203;160;157m██[38;2;200;154;149m██[38;2;225;189;182m██[38;2;130;90;87m██[38;2;0;0;0m      
[38;2;0;0;0m          [38;2;51;15;17m  [38;2;222;185;179m██[38;2;195;154;146m██[38;2;215;154;147m██[38;2;243;234;234m██[38;2;175;22;47m██[38;2;220;43;91m██[38;2;133;16;35m██[38;2;252;227;221m██[38;2;254;229;220m██[38;2;253;229;220m██[38;2;253;227;221m██[38;2;73;47;49m██[38;2;155;25;49m██[38;2;222;50;98m██[38;2;82;18;19m██[38;2;244;239;239m██[38;2;130;77;74m██[38;2;193;137;135m██[38;2;136;69;70m██[38;2;222;186;180m██[38;2;192;155;152m██[38;2;0;0;0m      
[38;2;0;0;0m          [38;2;56;32;32m  [38;2;222;182;174m██[38;2;234;167;152m██[38;2;36;10;12m██[38;2;215;207;208m██[38;2;225;107;49m██[38;2;219;43;91m██[38;2;197;99;59m██[38;2;252;227;220m██[38;2;253;228;221m██[38;2;253;229;221m██[38;2;253;227;220m██[38;2;146;119;122m██[38;2;243;133;68m██[38;2;200;64;68m██[38;2;179;82;52m██[38;2;243;240;241m██[38;2;31;8;10m██[38;2;184;106;97m██[38;2;148;78;76m██[38;2;221;181;173m██[38;2;225;189;184m██[38;2;0;0;0m      
[38;2;0;0;0m          [38;2;150;106;104m██[38;2;221;182;175m██[38;2;234;118;96m██[38;2;29;9;10m██[38;2;245;239;239m██[38;2;205;97;51m██[38;2;239;127;62m██[38;2;185;163;162m██[38;2;253;227;220m██[38;2;235;200;190m██[38;2;253;227;220m██[38;2;252;226;219m██[38;2;251;221;208m██[38;2;129;86;85m██[38;2;124;64;57m██[38;2;246;226;222m██[38;2;243;189;182m██[38;2;248;161;142m██[38;2;252;199;186m██[38;2;250;219;205m██[38;2;179;136;129m██[38;2;226;190;184m██[38;2;42;6;6m  [38;2;0;0;0m    
[38;2;0;0;0m          [38;2;145;101;101m██[38;2;220;180;172m██[38;2;72;32;32m██[38;2;251;193;182m██[38;2;252;203;188m██[38;2;252;199;182m██[38;2;252;201;186m██[38;2;249;212;199m██[38;2;161;79;75m██[38;2;205;73;63m██[38;2;215;85;73m██[38;2;214;82;70m██[38;2;252;210;200m██[38;2;247;191;176m██[38;2;247;184;167m██[38;2;247;188;173m██[38;2;253;214;202m██[38;2;253;223;212m██[38;2;253;221;210m██[38;2;219;132;102m██[38;2;195;117;96m██[38;2;223;188;181m██[38;2;66;36;34m  [38;2;0;0;0m    
[38;2;0;0;0m          [38;2;187;143;137m██[38;2;216;173;164m██[38;2;220;179;168m██[38;2;253;203;187m██[38;2;252;203;190m██[38;2;252;203;189m██[38;2;250;202;189m██[38;2;234;177;164m██[38;2;219;88;76m██[38;2;220;95;79m██[38;2;220;91;77m██[38;2;219;89;77m██[38;2;247;201;191m██[38;2;253;211;197m██[38;2;253;208;195m██[38;2;253;209;196m██[38;2;254;216;205m██[38;2;254;222;214m██[38;2;215;177;170m██[38;2;224;142;115m██[38;2;242;200;186m██[38;2;225;190;183m██[38;2;139;99;96m██[38;2;0;0;0m    
[38;2;0;0;0m        [38;2;32;10;10m  [38;2;223;185;178m██[38;2;193;138;124m██[38;2;193;97;73m██[38;2;241;193;181m██[38;2;255;215;205m██[38;2;253;217;205m██[38;2;255;219;207m██[38;2;249;216;203m██[38;2;221;95;80m██[38;2;221;101;82m██[38;2;222;94;80m██[38;2;217;84;73m██[38;2;250;214;201m██[38;2;254;221;208m██[38;2;255;221;206m██[38;2;253;220;206m██[38;2;253;223;212m██[38;2;253;225;218m██[38;2;186;139;131m██[38;2;246;217;209m██[38;2;195;155;155m██[38;2;225;189;182m██[38;2;186;142;139m██[38;2;0;0;0m    
[38;2;0;0;0m        [38;2;223;186;179m  [38;2;225;188;182m██[38;2;190;146;141m██[38;2;218;119;89m██[38;2;175;137;132m██[38;2;253;223;216m██[38;2;252;226;219m██[38;2;252;225;218m██[38;2;252;224;217m██[38;2;219;86;74m██[38;2;223;99;81m██[38;2;222;92;79m██[38;2;216;83;71m██[38;2;251;224;214m██[38;2;252;226;219m██[38;2;252;225;218m████[38;2;253;226;219m██[38;2;218;187;183m██[38;2;208;167;161m██[38;2;139;78;80m██[38;2;159;94;100m██[38;2;221;180;175m██[38;2;132;79;81m██[38;2;0;0;0m    
[38;2;0;0;0m      [38;2;211;176;168m  [38;2;226;188;182m██[38;2;186;135;132m██[38;2;159;88;92m██[38;2;243;211;203m██[38;2;65;44;43m██[38;2;252;227;219m██[38;2;254;228;221m██[38;2;253;227;221m██[38;2;252;227;220m██[38;2;185;93;85m██[38;2;221;96;79m██[38;2;222;97;80m██[38;2;213;81;69m██[38;2;252;226;219m██[38;2;252;227;220m██[38;2;252;226;219m██[38;2;252;226;218m██[38;2;253;224;217m██[38;2;167;102;103m██[38;2;172;106;107m██[38;2;159;86;92m██[38;2;132;64;70m  [38;2;170;107;106m██[38;2;80;36;40m██[38;2;0;0;0m    
[38;2;0;0;0m    [38;2;109;76;71m  [38;2;163;107;103m██[38;2;223;184;178m██[38;2;162;97;98m██[38;2;159;89;90m██[38;2;162;95;95m██[38;2;162;94;97m██[38;2;213;180;176m██[38;2;253;227;220m██[38;2;253;227;221m████[38;2;253;227;220m██[38;2;211;79;67m██[38;2;219;89;76m██[38;2;215;165;158m██[38;2;253;227;221m██[38;2;253;228;221m██[38;2;252;227;220m██[38;2;233;200;193m██[38;2;157;85;87m██[38;2;177;111;115m██[38;2;170;102;103m██[38;2;160;85;86m██[38;2;39;10;13m  [38;2;159;89;93m██[38;2;88;44;47m██[38;2;0;0;0m    
[38;2;0;0;0m    [38;2;154;107;108m██[38;2;161;103;103m██[38;2;98;54;51m  [38;2;163;98;98m██[38;2;163;93;95m██[38;2;163;97;97m██[38;2;172;104;103m██[38;2;143;72;77m██[38;2;150;92;91m██[38;2;250;221;214m██[38;2;253;227;221m██[38;2;253;228;221m████[38;2;252;227;221m██[38;2;252;229;221m██[38;2;252;228;221m██[38;2;251;226;219m██[38;2;133;77;79m██[38;2;114;47;54m██[38;2;140;70;72m██[38;2;171;102;102m██[38;2;142;68;73m██[38;2;43;15;18m██[38;2;61;24;26m  [38;2;141;78;77m██[38;2;74;36;38m██[38;2;0;0;0m    
[38;2;0;0;0m  [38;2;140;127;128m  [38;2;156;136;137m██[38;2;113;73;73m██[38;2;79;37;38m  [38;2;101;48;51m  [38;2;171;105;104m██[38;2;152;75;81m██[38;2;173;105;108m██[38;2;171;101;105m██[38;2;144;74;74m██[38;2;165;93;99m██[38;2;155;81;86m██[38;2;168;116;113m██[38;2;242;212;206m██[38;2;248;218;212m██[38;2;230;195;187m██[38;2;199;129;108m██[38;2;164;97;98m██[38;2;164;95;98m██[38;2;84;31;34m██[38;2;99;22;29m██[38;2;156;87;91m██[38;2;166;96;99m██[38;2;76;34;33m  [38;2;0;0;0m  [38;2;141;82;81m██[38;2;73;32;36m  [38;2;0;0;0m    
[38;2;0;0;0m  [38;2;138;153;152m██[38;2;138;143;143m██[38;2;12;6;6m  [38;2;104;53;56m  [38;2;43;18;19m  [38;2;164;95;96m██[38;2;162;85;90m██[38;2;168;99;102m██[38;2;159;96;98m██[38;2;198;158;152m██[38;2;231;196;188m██[38;2;150;77;85m██[38;2;172;100;106m██[38;2;161;90;95m██[38;2;221;138;110m██[38;2;224;148;119m██[38;2;224;147;119m██[38;2;71;20;24m██[38;2;227;195;188m██[38;2;254;223;211m██[38;2;251;222;212m██[38;2;236;206;197m██[38;2;149;87;89m██[38;2;5;1;1m  [38;2;0;0;0m  [38;2;167;124;117m██[38;2;125;62;62m  [38;2;0;0;0m    
[38;2;104;112;112m  [38;2;138;160;158m██[38;2;88;92;92m██[38;2;0;0;0m    [38;2;65;31;33m  [38;2;151;79;84m██[38;2;167;96;98m██[38;2;162;93;96m██[38;2;252;223;217m██[38;2;230;200;193m██[38;2;239;211;204m██[38;2;251;221;213m██[38;2;175;127;121m██[38;2;150;80;85m██[38;2;224;147;118m██[38;2;224;149;121m██[38;2;224;147;117m██[38;2;251;223;215m██[38;2;254;223;215m██[38;2;237;208;201m██[38;2;251;221;211m██[38;2;254;223;212m██[38;2;245;230;233m██[38;2;245;227;231m██[38;2;50;11;11m  [38;2;194;176;167m██[38;2;49;12;12m  [38;2;0;0;0m    
[38;2;130;153;150m██[38;2;129;150;147m██[38;2;47;35;33m  [38;2;0;0;0m        [38;2;12;3;3m  [38;2;48;25;24m  [38;2;252;224;218m██[38;2;253;227;221m██[38;2;248;223;215m██[38;2;201;171;164m██[38;2;218;184;176m██[38;2;145;72;62m██[38;2;225;147;117m██[38;2;224;146;116m██[38;2;224;146;117m██[38;2;240;205;196m██[38;2;246;218;211m██[38;2;252;224;216m██[38;2;230;167;146m██[38;2;223;143;116m██[38;2;245;230;233m██[38;2;243;220;227m██[38;2;166;31;49m██[38;2;202;205;189m██[38;2;13;8;8m  [38;2;0;0;0m    
[38;2;130;153;150m██[38;2;104;118;117m██[38;2;0;0;0m              [38;2;223;140;113m██[38;2;227;157;129m██[38;2;252;226;218m██[38;2;252;227;220m██[38;2;154;104;102m██[38;2;154;82;77m██[38;2;219;136;107m██[38;2;220;131;100m██[38;2;197;110;88m██[38;2;205;172;167m██[38;2;252;224;216m██[38;2;224;146;116m██[38;2;224;149;120m██[38;2;195;161;160m██[38;2;245;228;232m██[38;2;165;31;49m██[38;2;169;27;48m██[38;2;200;211;192m██[38;2;5;0;0m  [38;2;0;0;0m    
[38;2;131;154;152m██[38;2;126;146;145m██[38;2;0;0;0m            [38;2;47;21;22m  [38;2;158;30;45m██[38;2;225;148;121m██[38;2;226;154;125m██[38;2;252;227;220m██[38;2;218;184;177m██[38;2;221;181;173m██[38;2;198;183;188m██[38;2;240;229;234m██[38;2;193;176;181m██[38;2;254;222;214m██[38;2;242;197;180m██[38;2;226;150;121m██[38;2;223;142;114m██[38;2;246;230;235m██[38;2;234;211;215m██[38;2;171;27;48m██[38;2;175;27;49m██[38;2;201;212;193m██[38;2;5;2;2m  [38;2;0;0;0m    
[38;2;131;154;152m██[38;2;126;149;147m██[38;2;0;0;0m            [38;2;79;14;22m  [38;2;171;26;48m██[38;2;181;87;74m██[38;2;224;144;114m██[38;2;232;179;160m██[38;2;174;137;130m██[38;2;220;184;178m██[38;2;240;231;235m██[38;2;241;233;235m██[38;2;109;27;38m██[38;2;137;35;46m██[38;2;245;206;192m██[38;2;240;197;183m██[38;2;174;149;146m██[38;2;247;231;235m██[38;2;144;31;47m██[38;2;143;13;32m██[38;2;170;26;48m██[38;2;203;215;195m██[38;2;34;14;14m  [38;2;0;0;0m    
[38;2;122;136;134m  [38;2;131;150;149m██[38;2;0;0;0m            [38;2;167;27;48m██[38;2;170;25;48m██[38;2;203;147;147m██[38;2;252;224;217m██[38;2;251;225;217m██[38;2;221;180;172m██[38;2;228;211;215m██[38;2;242;234;234m██[38;2;237;224;230m██[38;2;161;33;49m██[38;2;245;229;233m██[38;2;251;226;218m██[38;2;253;227;221m██[38;2;252;227;219m██[38;2;245;227;232m██[38;2;170;26;48m██[38;2;138;11;28m██[38;2;175;24;49m██[38;2;198;205;187m██[38;2;145;142;132m  [38;2;0;0;0m    
[38;2;26;20;21m  [38;2;125;148;146m██[38;2;0;0;0m          [38;2;53;23;24m  [38;2;172;25;48m██[38;2;170;26;48m██[38;2;252;224;215m██[38;2;252;226;219m██[38;2;245;216;210m██[38;2;156;84;87m██[38;2;155;122;125m██[38;2;239;229;234m██[38;2;132;33;44m██[38;2;244;229;232m██[38;2;246;230;233m██[38;2;210;187;187m██[38;2;253;227;221m██[38;2;252;227;220m██[38;2;220;193;196m██[38;2;175;25;49m██[38;2;135;10;25m██[38;2;175;25;49m██[38;2;150;110;106m██[38;2;205;219;198m██[38;2;0;0;0m    
[38;2;0;0;0m  [38;2;109;116;116m  [38;2;0;0;0m          [38;2;132;25;39m██[38;2;173;24;48m██[38;2;156;54;65m██[38;2;252;226;219m██[38;2;253;227;219m██[38;2;198;159;152m██[38;2;197;153;146m██[38;2;125;69;72m██[38;2;170;115;144m██[38;2;211;175;182m██[38;2;209;190;194m██[38;2;245;229;233m██[38;2;233;213;218m██[38;2;252;226;219m██[38;2;253;228;221m██[38;2;251;226;218m██[38;2;172;26;48m██[38;2;138;11;28m██[38;2;177;24;49m██[38;2;170;29;50m██[38;2;204;217;196m██[38;2;203;216;196m  [38;2;0;0;0m  [0m
