
[38;2;83;71;85m██[38;2;97;86;103m██[38;2;0;0;0m                                    
[38;2;58;47;53m██[38;2;67;56;64m██[38;2;82;70;84m██[38;2;98;90;104m  [38;2;0;0;0m                                
[38;2;42;35;31m  [38;2;32;21;27m██[38;2;57;46;54m██[38;2;67;55;65m██[38;2;83;70;87m██[38;2;24;12;14m  [38;2;0;0;0m                            
[38;2;0;0;0m  [38;2;43;32;34m  [38;2;30;21;24m██[38;2;48;35;42m██[38;2;57;44;52m██[38;2;70;56;69m██[38;2;82;69;87m██[38;2;43;30;38m  [38;2;0;0;0m              [38;2;111;99;127m██[38;2;0;0;0m        
[38;2;0;0;0m      [38;2;25;16;19m██[38;2;24;14;18m██[38;2;40;29;37m██[38;2;54;41;51m██[38;2;60;47;65m██[38;2;65;52;69m██[38;2;77;66;82m  [38;2;0;0;0m    [38;2;98;86;111m  [38;2;98;85;111m██[38;2;89;76;104m██[38;2;83;73;98m██[38;2;82;72;97m██[38;2;0;0;0m      
[38;2;0;0;0m            [38;2;19;11;16m██[38;2;20;10;18m██[38;2;19;9;18m██[38;2;51;40;53m██[38;2;0;0;0m  [38;2;77;63;86m██[38;2;83;69;92m██[38;2;78;65;84m██[38;2;68;55;75m██[38;2;63;51;71m██[38;2;58;46;66m██[38;2;31;22;41m██[38;2;0;0;0m    
[38;2;0;0;0m                [38;2;15;8;16m██[38;2;16;8;19m██[38;2;42;32;42m  [38;2;24;13;29m██[38;2;64;50;73m██[38;2;60;47;67m██[38;2;54;41;59m██[38;2;49;36;53m██[38;2;43;32;46m██[38;2;66;65;69m  [38;2;0;0;0m    
[38;2;0;0;0m                  [38;2;45;32;49m██[38;2;18;8;19m██[38;2;0;0;0m  [38;2;22;11;25m██[38;2;45;33;53m██[38;2;43;32;49m██[38;2;40;29;46m██[38;2;16;7;20m██[38;2;0;0;0m      
[38;2;0;0;0m                  [38;2;12;6;2m  [38;2;42;31;48m██[38;2;39;29;40m  [38;2;0;0;0m  [38;2;9;6;12m  [38;2;18;7;21m██[38;2;2;0;7m██[38;2;13;7;20m██[38;2;0;0;0m      
[38;2;0;0;0m                    [38;2;4;0;0m  [38;2;35;23;40m██[38;2;92;83;102m██[38;2;83;73;90m██[38;2;58;47;64m██[38;2;40;29;46m██[38;2;16;10;20m██[38;2;0;0;0m      
[38;2;0;0;0m                    [38;2;217;209;223m██[38;2;112;100;121m██[38;2;96;84;104m██[38;2;37;26;43m██[38;2;44;32;52m████[38;2;112;103;124m██[38;2;138;126;146m  [38;2;0;0;0m    
[38;2;0;0;0m                  [38;2;224;220;235m██[38;2;208;200;218m██[38;2;122;110;134m██[38;2;108;96;118m██[38;2;104;92;114m██[38;2;77;65;84m██[38;2;19;9;25m██[38;2;123;114;135m██[38;2;140;128;150m██[38;2;0;0;0m    
[38;2;0;0;0m                  [38;2;130;118;140m██[38;2;132;119;145m██[38;2;132;118;138m██[38;2;138;123;149m██[38;2;132;120;144m██[38;2;84;74;96m██[38;2;179;168;188m██[38;2;190;181;199m██[38;2;120;111;132m██[38;2;139;128;125m  [38;2;0;0;0m  
[38;2;0;0;0m                [38;2;143;128;150m  [38;2;53;41;61m██[38;2;94;84;107m██[38;2;108;96;120m██[38;2;82;74;94m██[38;2;123;111;134m██[38;2;119;107;131m██[38;2;113;101;123m██[38;2;100;89;111m██[38;2;77;66;83m██[38;2;115;87;92m██[38;2;0;0;0m  
[38;2;0;0;0m                [38;2;35;24;33m  [38;2;75;62;80m██[38;2;68;55;73m██[38;2;187;140;129m██[38;2;85;71;93m██[38;2;23;15;25m██[38;2;31;20;36m██[38;2;19;9;22m██[38;2;62;51;68m██[38;2;10;5;9m██[38;2;31;19;24m  [38;2;0;0;0m  
[38;2;0;0;0m                [38;2;27;11;8m  [38;2;35;24;38m██[38;2;0;0;3m██[38;2;249;218;197m██[38;2;45;32;50m██[38;2;195;147;132m██[38;2;189;140;125m██[38;2;209;200;206m██[38;2;45;32;49m██[38;2;32;21;36m██[38;2;0;0;0m    
[38;2;0;0;0m                  [38;2;15;7;4m  [38;2;248;216;197m██[38;2;91;77;130m██[38;2;252;226;210m██[38;2;249;217;196m██[38;2;0;0;7m██[38;2;186;176;183m██[38;2;36;25;39m██[38;2;24;16;29m██[38;2;0;0;0m    
[38;2;0;0;0m                    [38;2;38;28;38m██[38;2;251;216;193m██[38;2;251;219;198m██[38;2;251;220;199m██[38;2;242;227;222m██[38;2;241;205;181m██[38;2;13;5;18m██[38;2;22;13;26m██[38;2;0;0;0m    
[38;2;0;0;0m                    [38;2;11;5;8m██[38;2;251;220;199m██[38;2;253;222;201m██[38;2;251;220;199m██[38;2;226;193;174m██[38;2;79;48;43m██[38;2;33;22;38m██[38;2;21;10;24m██[38;2;0;0;0m    
[38;2;0;0;0m                    [38;2;87;73;96m██[38;2;250;219;197m██[38;2;253;220;199m██[38;2;250;218;197m████[38;2;175;113;92m██[38;2;13;5;16m██[38;2;10;2;15m██[38;2;0;0;0m    
[38;2;0;0;0m                  [38;2;101;95;93m  [38;2;20;10;26m██[38;2;144;129;148m██[38;2;250;216;193m██[38;2;241;203;184m██[38;2;173;110;93m██[38;2;132;115;125m██[38;2;183;122;103m██[38;2;195;144;121m██[38;2;52;35;52m██[38;2;0;0;0m  
[38;2;0;0;0m                  [38;2;254;228;209m██[38;2;250;221;203m██[38;2;248;215;196m██[38;2;154;140;157m██[38;2;183;121;108m██[38;2;183;126;109m██[38;2;159;145;158m██[38;2;248;217;193m██[38;2;249;214;188m██[38;2;209;161;139m██[38;2;0;0;0m  
[38;2;0;0;0m                [38;2;253;227;205m██[38;2;252;221;200m██[38;2;245;216;200m██[38;2;251;216;195m██[38;2;172;158;173m██[38;2;84;68;97m██[38;2;28;16;32m██[38;2;176;162;174m██[38;2;248;216;191m██[38;2;250;214;187m██[38;2;204;155;133m██[38;2;0;0;0m  
[38;2;0;0;0m              [38;2;158;143;140m  [38;2;253;221;198m██[38;2;206;156;137m██[38;2;252;217;195m██[38;2;251;216;194m██[38;2;249;216;194m██[38;2;12;5;9m██[38;2;250;216;191m██[38;2;242;239;248m██[38;2;250;215;192m██[38;2;250;210;184m██[38;2;195;143;123m██[38;2;35;29;41m  
[38;2;0;0;0m              [38;2;250;222;201m  [38;2;254;219;196m██[38;2;252;218;193m██[38;2;252;217;195m██[38;2;251;216;195m██[38;2;201;152;135m██[38;2;251;217;192m████[38;2;251;216;191m██[38;2;250;213;187m██[38;2;89;49;38m██[38;2;3;1;5m██[38;2;58;36;40m  
[38;2;0;0;0m              [38;2;252;219;197m██[38;2;251;248;251m██[38;2;251;218;197m██[38;2;250;217;196m██[38;2;191;139;125m██[38;2;202;153;136m██[38;2;251;216;194m██[38;2;251;217;192m██[38;2;252;239;231m██[38;2;248;211;185m██[38;2;215;157;138m██[38;2;31;23;38m██[38;2;0;0;0m  
[38;2;0;0;0m              [38;2;252;218;193m██[38;2;245;243;254m██[38;2;169;155;168m██[38;2;154;110;102m██[38;2;192;137;124m██[38;2;250;214;192m██[38;2;249;213;191m██[38;2;252;215;193m██[38;2;250;213;188m██[38;2;247;210;184m██[38;2;99;75;89m██[38;2;25;13;29m██[38;2;125;113;133m  
[38;2;0;0;0m              [38;2;251;215;191m██[38;2;250;214;190m██[38;2;155;138;154m██[38;2;216;205;216m██[38;2;92;77;108m██[38;2;115;101;135m██[38;2;247;210;184m██[38;2;249;209;184m██[38;2;247;207;181m██[38;2;99;83;112m██[38;2;70;54;79m██[38;2;46;33;53m██[38;2;75;60;81m██
[38;2;0;0;0m              [38;2;250;214;187m██[38;2;253;213;187m██[38;2;185;128;111m██[38;2;20;8;23m██[38;2;61;46;67m██[38;2;72;56;82m██[38;2;73;57;83m██[38;2;64;46;68m██[38;2;58;43;64m██[38;2;51;38;58m██[38;2;17;6;20m██[38;2;11;4;8m  [38;2;86;72;94m██
[38;2;0;0;0m              [38;2;251;211;183m██[38;2;250;209;179m██[38;2;184;123;104m██[38;2;23;12;26m██[38;2;35;22;40m██[38;2;40;26;43m██[38;2;40;23;41m██[38;2;17;6;20m██[38;2;16;5;19m██[38;2;47;34;51m██[38;2;66;53;73m██[38;2;79;66;92m  [38;2;0;0;0m  
[38;2;0;0;0m                [38;2;248;201;171m██[38;2;185;127;110m██[38;2;16;5;19m██[38;2;13;4;15m██[38;2;12;0;14m██[38;2;14;3;17m██[38;2;16;5;19m██[38;2;59;46;64m██[38;2;29;14;18m  [38;2;83;67;93m██[38;2;18;9;13m  [38;2;0;0;0m  
[38;2;0;0;0m              [38;2;34;17;19m  [38;2;58;41;57m██[38;2;17;7;18m██[38;2;14;4;15m████[38;2;16;5;19m██[38;2;18;7;21m██[38;2;21;10;26m██[38;2;0;0;0m  [38;2;58;40;32m  [38;2;0;0;0m      [0m
