
[38;2;0;0;0m                          [38;2;211;211;215m  [38;2;251;224;157m  [38;2;250;222;153m██[38;2;249;222;154m██[38;2;244;223;151m██[38;2;246;223;153m██[38;2;243;222;150m██[38;2;244;226;159m  [38;2;225;227;210m  [38;2;104;104;104m  [38;2;0;0;0m                  
[38;2;0;0;0m                        [38;2;110;107;79m  [38;2;250;219;142m  [38;2;254;222;143m██[38;2;254;223;143m██[38;2;253;223;145m██[38;2;247;222;144m██[38;2;249;223;140m██[38;2;248;223;138m██[38;2;248;224;140m██[38;2;250;224;142m  [38;2;227;215;142m  [38;2;0;0;0m                  
[38;2;0;0;0m                    [38;2;57;28;28m  [38;2;207;194;140m  [38;2;245;220;137m  [38;2;252;220;137m██[38;2;252;219;135m██[38;2;253;217;129m██[38;2;253;220;131m██[38;2;250;219;132m██[38;2;248;218;126m██[38;2;246;217;127m██[38;2;249;222;133m██[38;2;248;222;133m██[38;2;242;221;134m  [38;2;233;214;153m  [38;2;5;5;0m  [38;2;0;0;0m              
[38;2;0;0;0m                  [38;2;39;39;19m  [38;2;249;225;152m  [38;2;246;219;133m  [38;2;247;218;132m██[38;2;247;216;125m██[38;2;241;210;110m██[38;2;245;209;108m██[38;2;252;212;117m██[38;2;249;214;119m██[38;2;250;217;116m██[38;2;247;218;115m██[38;2;242;217;114m██[38;2;244;221;119m██[38;2;244;219;122m██[38;2;243;217;127m  [38;2;229;215;155m  [38;2;4;4;0m  [38;2;0;0;0m            
[38;2;0;0;0m              [38;2;19;19;19m  [38;2;228;228;0m  [38;2;215;198;128m  [38;2;248;218;121m  [38;2;251;221;125m██[38;2;250;219;123m██[38;2;241;212;108m██[38;2;237;208;99m██[38;2;243;204;99m██[38;2;249;207;107m██[38;2;248;210;109m██[38;2;248;215;106m██[38;2;248;217;107m██[38;2;243;213;94m██[38;2;241;212;95m██[38;2;246;212;103m██[38;2;246;215;109m██[38;2;234;209;103m  [38;2;229;207;113m  [38;2;135;135;69m  [38;2;4;4;4m  [38;2;0;0;0m        
[38;2;0;0;0m            [38;2;231;230;215m  [38;2;243;217;127m  [38;2;254;219;111m  [38;2;242;214;117m  [38;2;245;216;118m██[38;2;249;218;118m██[38;2;246;217;111m██[38;2;234;205;91m██[38;2;234;202;83m██[38;2;239;200;80m██[38;2;242;199;85m██[38;2;239;200;86m██[38;2;243;202;81m██[38;2;237;198;70m██[38;2;235;197;69m██[38;2;237;200;67m██[38;2;244;201;66m██[38;2;244;204;69m██[38;2;240;203;68m██[38;2;234;204;81m██[38;2;229;203;83m  [38;2;231;221;156m  [38;2;180;0;0m  [38;2;0;0;0m      
[38;2;0;0;0m        [38;2;27;27;3m  [38;2;240;201;95m  [38;2;238;196;82m  [38;2;241;199;86m██[38;2;243;202;89m██[38;2;247;211;106m██[38;2;247;212;108m██[38;2;242;210;95m██[38;2;240;205;89m██[38;2;237;200;79m██[38;2;237;198;77m██[38;2;241;194;77m██[38;2;243;195;76m██[38;2;238;194;73m██[38;2;240;195;72m██[38;2;237;194;65m██[38;2;240;200;67m██[38;2;245;203;62m██[38;2;240;199;53m██[38;2;241;202;59m██[38;2;242;201;60m██[38;2;236;201;63m██[38;2;233;199;77m██[38;2;230;199;84m  [38;2;230;213;126m  [38;2;227;227;227m  [38;2;0;0;0m    
[38;2;0;0;0m    [38;2;151;151;0m  [38;2;243;205;100m  [38;2;239;194;80m  [38;2;236;190;78m██[38;2;242;195;78m██[38;2;243;194;79m██[38;2;243;195;80m██[38;2;235;188;80m██[38;2;234;190;85m██[38;2;243;198;86m██[38;2;246;201;88m██[38;2;246;199;83m██[38;2;246;197;82m██[38;2;245;194;86m██[38;2;244;191;77m██[38;2;244;194;76m██[38;2;245;199;76m██[38;2;245;202;73m██[38;2;238;195;64m██[38;2;244;201;63m██[38;2;239;197;51m██[38;2;242;199;57m██[38;2;243;200;59m██[38;2;235;197;56m██[38;2;235;197;70m██[38;2;236;201;83m██[38;2;231;201;86m██[38;2;230;213;131m  [38;2;68;68;55m  [38;2;0;0;0m  
[38;2;0;0;0m  [38;2;151;151;44m  [38;2;240;207;114m  [38;2;235;193;86m██[38;2;239;190;75m██[38;2;235;187;72m██[38;2;241;193;75m██[38;2;243;193;80m██[38;2;243;192;80m██[38;2;244;190;83m██[38;2;244;192;89m██[38;2;242;186;88m██[38;2;244;189;90m██[38;2;239;184;85m██[38;2;243;190;89m██[38;2;246;193;94m██[38;2;240;185;85m██[38;2;241;190;77m██[38;2;247;199;79m██[38;2;246;201;80m██[38;2;239;195;67m██[38;2;243;200;61m██[38;2;239;196;51m██[38;2;242;199;55m██[38;2;241;197;54m██[38;2;238;197;56m██[38;2;240;200;72m██[38;2;239;202;80m██[38;2;235;202;84m██[38;2;231;199;88m  [38;2;225;206;123m  [38;2;75;75;35m  
[38;2;0;0;0m  [38;2;95;85;54m  [38;2;239;196;85m  [38;2;238;192;87m██[38;2;243;193;75m██[38;2;240;189;72m██[38;2;246;194;81m██[38;2;248;195;84m██[38;2;247;194;85m██[38;2;245;190;86m██[38;2;228;171;74m██[38;2;185;125;39m██[38;2;179;119;35m██[38;2;178;118;33m██[38;2;208;147;65m██[38;2;214;154;77m██[38;2;172;111;27m██[38;2;180;119;29m██[38;2;230;178;70m██[38;2;239;193;76m██[38;2;242;195;67m██[38;2;242;197;57m██[38;2;242;197;52m██[38;2;241;196;53m██[38;2;241;196;51m██[38;2;244;196;57m██[38;2;244;199;70m██[38;2;243;202;74m██[38;2;240;201;75m██[38;2;235;199;82m██[38;2;231;199;89m██[38;2;235;209;116m  
[38;2;50;44;28m  [38;2;231;196;90m  [38;2;238;194;84m██[38;2;238;192;83m██[38;2;240;190;75m██[38;2;244;191;77m██[38;2;242;190;74m██[38;2;243;188;79m██[38;2;236;181;76m██[38;2;198;142;50m██[38;2;185;125;46m██[38;2;192;130;60m██[38;2;215;151;89m██[38;2;216;150;89m██[38;2;182;115;54m██[38;2;179;114;58m██[38;2;198;134;70m██[38;2;177;114;34m██[38;2;179;125;30m██[38;2;244;195;81m██[38;2;243;196;64m██[38;2;243;198;54m██[38;2;243;199;53m██[38;2;242;198;50m██[38;2;241;195;48m██[38;2;244;195;52m██[38;2;244;195;61m██[38;2;243;197;67m██[38;2;240;199;71m██[38;2;235;198;79m██[38;2;232;199;87m██[38;2;239;205;100m  
[38;2;231;196;96m  [38;2;231;192;84m██[38;2;233;193;81m██[38;2;237;192;82m██[38;2;239;190;78m██[38;2;241;190;73m██[38;2;246;193;81m██[38;2;244;191;85m██[38;2;199;145;60m██[38;2;175;118;43m██[38;2;219;160;103m██[38;2;240;180;133m██[38;2;221;158;111m██[38;2;231;164;117m██[38;2;200;132;90m██[38;2;184;119;82m██[38;2;233;173;124m██[38;2;211;155;86m██[38;2;167;114;20m██[38;2;240;188;75m██[38;2;241;194;62m██[38;2;248;202;61m██[38;2;247;203;56m██[38;2;243;199;51m██[38;2;242;195;49m██[38;2;245;194;57m██[38;2;243;194;67m██[38;2;242;194;72m██[38;2;235;194;72m██[38;2;235;194;77m██[38;2;231;194;83m██[38;2;229;191;88m██
[38;2;235;194;91m  [38;2;230;189;83m██[38;2;232;190;81m██[38;2;233;190;79m██[38;2;239;189;79m██[38;2;243;193;83m██[38;2;249;197;93m██[38;2;243;192;97m██[38;2;184;134;57m██[38;2;139;87;27m██[38;2;170;117;77m██[38;2;190;133;98m██[38;2;204;145;109m██[38;2;218;152;116m██[38;2;210;144;111m██[38;2;181;118;90m██[38;2;197;139;100m██[38;2;212;160;95m██[38;2;168;116;23m██[38;2;239;186;76m██[38;2;240;193;62m██[38;2;248;203;62m██[38;2;247;202;59m██[38;2;242;197;57m██[38;2;242;195;57m██[38;2;243;193;66m██[38;2;242;191;72m██[38;2;234;190;67m██[38;2;231;190;73m██[38;2;231;192;78m██[38;2;231;190;86m██[38;2;227;190;91m██
[38;2;229;189;91m██[38;2;230;189;85m██[38;2;235;191;85m██[38;2;234;189;80m██[38;2;229;183;74m██[38;2;230;186;78m██[38;2;236;188;86m██[38;2;232;181;93m██[38;2;175;122;61m██[38;2;108;57;19m██[38;2;61;9;2m██[38;2;67;6;2m██[38;2;145;82;66m██[38;2;195;129;103m██[38;2;205;138;112m██[38;2;105;38;31m██[38;2;100;44;27m██[38;2;204;150;96m██[38;2;180;127;41m██[38;2;240;187;81m██[38;2;243;194;73m██[38;2;248;201;71m██[38;2;245;199;63m██[38;2;242;195;58m██[38;2;243;195;63m██[38;2;242;192;70m██[38;2;240;189;71m██[38;2;234;188;69m██[38;2;229;188;72m██[38;2;229;189;77m██[38;2;228;189;87m██[38;2;227;187;91m██
[38;2;226;186;89m██[38;2;228;185;85m██[38;2;232;187;85m██[38;2;235;189;85m██[38;2;231;183;77m██[38;2;234;185;78m██[38;2;243;190;92m██[38;2;244;189;103m██[38;2;196;138;71m██[38;2;134;78;31m██[38;2;92;35;7m██[38;2;109;43;22m██[38;2;156;91;65m██[38;2;162;98;62m██[38;2;164;102;57m██[38;2;136;71;52m██[38;2;130;77;46m██[38;2;153;104;36m██[38;2;177;126;38m██[38;2;243;193;90m██[38;2;247;199;76m██[38;2;244;197;64m██[38;2;243;198;60m██[38;2;242;195;59m██[38;2;243;194;62m██[38;2;242;191;70m██[38;2;240;189;72m██[38;2;237;189;71m██[38;2;233;189;73m██[38;2;230;188;78m██[38;2;225;187;85m██[38;2;223;181;90m██
[38;2;237;194;95m  [38;2;232;187;86m██[38;2;231;185;84m██[38;2;231;186;80m██[38;2;233;183;81m██[38;2;236;182;83m██[38;2;243;187;90m██[38;2;247;189;101m██[38;2;237;180;94m██[38;2;222;168;93m██[38;2;166;107;43m██[38;2;145;81;20m██[38;2;148;82;23m██[38;2;135;74;16m██[38;2;198;138;72m██[38;2;205;147;90m██[38;2;146;97;37m██[38;2;151;103;31m██[38;2;231;184;85m██[38;2;246;197;90m██[38;2;237;192;68m██[38;2;238;195;62m██[38;2;240;197;60m████[38;2;242;192;61m██[38;2;241;191;68m██[38;2;236;185;69m██[38;2;237;186;70m██[38;2;235;188;73m██[38;2;230;189;80m██[38;2;228;186;87m██[38;2;223;185;93m  
[38;2;245;198;104m  [38;2;235;187;93m██[38;2;234;185;84m██[38;2;239;188;85m██[38;2;238;185;87m██[38;2;237;182;86m██[38;2;238;183;88m██[38;2;243;186;94m██[38;2;237;184;100m██[38;2;235;183;112m██[38;2;223;166;101m██[38;2;213;153;90m██[38;2;214;153;93m██[38;2;219;155;96m██[38;2;241;180;110m██[38;2;237;178;115m██[38;2;216;162;99m██[38;2;228;179;103m██[38;2;238;188;95m██[38;2;238;190;86m██[38;2;233;190;71m██[38;2;228;188;60m██[38;2;230;190;56m██[38;2;233;194;57m██[38;2;230;190;58m██[38;2;236;186;58m██[38;2;234;182;64m██[38;2;236;186;72m██[38;2;235;191;80m██[38;2;233;190;84m██[38;2;228;191;93m██[38;2;227;204;130m  
[38;2;230;201;157m  [38;2;228;184;101m  [38;2;232;184;95m██[38;2;238;185;94m██[38;2;238;183;86m██[38;2;235;181;86m██[38;2;234;180;86m██[38;2;236;182;94m██[38;2;237;183;108m██[38;2;243;192;127m██[38;2;243;189;129m██[38;2;241;186;128m██[38;2;245;188;132m██[38;2;248;186;129m██[38;2;246;183;119m██[38;2;242;181;117m██[38;2;242;184;121m██[38;2;244;194;118m██[38;2;234;187;99m██[38;2;218;171;81m██[38;2;219;173;74m██[38;2;223;179;69m██[38;2;226;183;59m██[38;2;228;186;57m██[38;2;229;188;60m██[38;2;235;185;62m██[38;2;236;183;74m██[38;2;238;186;82m██[38;2;232;187;82m██[38;2;222;182;83m██[38;2;218;185;97m  [38;2;119;119;0m  
[38;2;104;117;119m  [38;2;228;182;111m  [38;2;228;183;107m██[38;2;240;187;112m██[38;2;237;179;103m██[38;2;232;177;103m██[38;2;232;177;108m██[38;2;230;177;111m██[38;2;227;175;111m██[38;2;228;176;121m██[38;2;225;175;119m██[38;2;225;172;121m██[38;2;234;175;126m██[38;2;239;177;125m██[38;2;242;181;124m██[38;2;241;179;119m██[38;2;238;179;119m██[38;2;240;186;117m██[38;2;239;189;115m██[38;2;239;191;119m██[38;2;237;190;119m██[38;2;237;189;113m██[38;2;237;192;96m██[38;2;234;188;82m██[38;2;237;190;80m██[38;2;240;187;75m██[38;2;239;186;79m██[38;2;237;184;84m██[38;2;227;183;85m██[38;2;220;181;87m██[38;2;216;187;109m  [38;2;0;0;0m  
[38;2;0;0;0m  [38;2;231;201;147m  [38;2;226;182;109m██[38;2;234;183;113m██[38;2;193;135;69m██[38;2;152;96;38m██[38;2;153;96;43m██[38;2;154;101;49m██[38;2;154;101;51m██[38;2;157;106;58m██[38;2;169;118;68m██[38;2;178;124;77m██[38;2;183;125;79m██[38;2;190;131;80m██[38;2;191;131;80m██[38;2;196;135;82m██[38;2;202;142;87m██[38;2;203;145;87m██[38;2;196;145;81m██[38;2;196;146;82m██[38;2;192;143;83m██[38;2;179;131;71m██[38;2;180;131;65m██[38;2;190;140;56m██[38;2;237;187;83m██[38;2;240;187;82m██[38;2;239;184;88m██[38;2;235;183;89m██[38;2;224;181;86m██[38;2;221;182;92m  [38;2;207;173;114m  [38;2;0;0;0m  
[38;2;0;0;0m  [38;2;236;221;192m  [38;2;219;179;107m  [38;2;219;171;103m██[38;2;161;104;43m██[38;2;102;44;1m██[38;2;100;43;2m██[38;2;98;45;4m██[38;2;98;45;5m██[38;2;99;49;4m██[38;2;104;50;6m██[38;2;105;51;10m██[38;2;106;51;10m██[38;2;110;55;9m██[38;2;111;55;9m██[38;2;117;59;14m██[38;2;121;62;15m██[38;2;123;65;16m██[38;2;119;66;14m██[38;2;117;66;13m██[38;2;110;60;13m██[38;2;103;54;11m██[38;2;110;60;7m██[38;2;135;82;11m██[38;2;234;181;82m██[38;2;238;185;83m██[38;2;239;183;94m██[38;2;235;183;91m██[38;2;224;179;90m  [38;2;113;113;83m  [38;2;0;0;0m    
[38;2;0;0;0m  [38;2;50;50;50m  [38;2;229;203;149m  [38;2;222;176;108m██[38;2;179;120;64m██[38;2;118;62;18m██[38;2;109;55;13m██[38;2;109;55;15m██[38;2;102;50;7m██[38;2;100;45;3m██[38;2;97;43;3m██[38;2;97;43;4m██[38;2;98;47;4m██[38;2;100;50;2m██[38;2;100;45;6m██[38;2;100;45;5m██[38;2;103;46;4m██[38;2;104;48;2m██[38;2;106;49;4m██[38;2;99;47;0m██[38;2;93;43;0m██[38;2;87;39;0m██[38;2;96;46;3m██[38;2;126;74;5m██[38;2;233;179;82m██[38;2;237;182;89m██[38;2;238;184;97m██[38;2;232;183;97m██[38;2;222;184;101m  [38;2;87;42;0m  [38;2;0;0;0m    
[38;2;0;0;0m    [38;2;249;241;217m  [38;2;236;191;125m██[38;2;222;171;111m██[38;2;189;135;80m██[38;2;180;127;71m██[38;2;176;123;66m██[38;2;158;103;44m██[38;2;121;69;17m██[38;2;114;63;13m██[38;2;111;61;10m██[38;2;115;64;15m██[38;2;119;68;21m██[38;2;112;59;17m██[38;2;110;57;15m██[38;2;114;60;15m██[38;2;114;60;12m██[38;2;114;58;14m██[38;2;107;56;9m██[38;2;103;53;7m██[38;2;99;52;9m██[38;2;114;60;13m██[38;2;157;104;36m██[38;2;236;182;88m██[38;2;233;181;82m██[38;2;232;184;93m██[38;2;224;184;95m██[38;2;218;186;108m  [38;2;0;0;0m      
[38;2;0;0;0m    [38;2;134;136;84m  [38;2;237;189;123m  [38;2;235;185;121m██[38;2;232;181;120m██[38;2;230;178;116m██[38;2;230;176;112m██[38;2;213;159;88m██[38;2;175;125;63m██[38;2;160;110;52m██[38;2;154;103;46m██[38;2;152;101;45m██[38;2;145;95;42m██[38;2;143;92;39m██[38;2;144;92;39m██[38;2;143;90;40m██[38;2;141;86;36m██[38;2;142;86;39m██[38;2;143;90;36m██[38;2;144;93;38m██[38;2;146;96;43m██[38;2;170;115;57m██[38;2;214;160;87m██[38;2;236;182;91m██[38;2;232;178;81m██[38;2;228;182;87m██[38;2;222;181;92m██[38;2;221;199;138m  [38;2;0;0;0m      
[38;2;0;0;0m    [38;2;17;17;0m  [38;2;235;191;123m  [38;2;232;183;116m██[38;2;234;184;119m██[38;2;236;185;117m██[38;2;240;189;115m██[38;2;243;189;111m██[38;2;232;180;107m██[38;2;234;182;107m██[38;2;230;178;106m██[38;2;219;168;97m██[38;2;203;152;84m██[38;2;200;151;83m██[38;2;203;151;86m██[38;2;203;152;88m██[38;2;203;147;89m██[38;2;205;147;93m██[38;2;216;161;99m██[38;2;220;167;101m██[38;2;221;171;103m██[38;2;232;177;106m██[38;2;242;192;111m██[38;2;243;192;103m██[38;2;232;182;81m██[38;2;227;181;85m██[38;2;218;179;86m  [38;2;62;59;46m  [38;2;0;0;0m      
[38;2;0;0;0m      [38;2;222;188;125m  [38;2;220;174;104m██[38;2;232;182;109m██[38;2;225;177;96m██[38;2;229;181;97m██[38;2;238;187;98m██[38;2;237;184;96m██[38;2;248;194;111m██[38;2;252;198;115m██[38;2;250;195;111m██[38;2;248;194;109m██[38;2;247;194;112m██[38;2;251;197;115m██[38;2;253;197;115m██[38;2;254;195;122m██[38;2;252;193;123m██[38;2;252;196;121m██[38;2;253;198;120m██[38;2;253;197;114m██[38;2;245;189;108m██[38;2;238;186;102m██[38;2;238;190;96m██[38;2;233;184;83m██[38;2;230;184;85m██[38;2;221;182;87m  [38;2;183;163;0m  [38;2;0;0;0m      
[38;2;0;0;0m      [38;2;251;251;35m  [38;2;207;175;109m  [38;2;221;182;98m  [38;2;223;180;89m██[38;2;222;178;85m██[38;2;221;172;75m██[38;2;219;162;67m██[38;2;232;175;79m██[38;2;236;180;83m██[38;2;239;182;84m██[38;2;236;179;80m██[38;2;240;184;87m██[38;2;234;177;80m██[38;2;232;172;75m██[38;2;238;175;78m██[38;2;237;174;79m██[38;2;237;176;86m██[38;2;237;176;79m██[38;2;232;170;70m██[38;2;229;166;69m██[38;2;223;169;69m██[38;2;223;180;76m██[38;2;221;177;76m██[38;2;218;177;82m  [38;2;222;202;141m  [38;2;0;0;0m        
[38;2;0;0;0m        [38;2;4;2;2m  [38;2;53;51;45m  [38;2;224;187;111m  [38;2;230;186;90m  [38;2;227;180;88m  [38;2;226;170;75m██[38;2;235;172;78m██[38;2;238;176;79m██[38;2;234;171;71m██[38;2;233;170;67m██[38;2;234;174;70m██[38;2;232;171;72m██[38;2;232;171;68m██[38;2;235;172;68m██[38;2;234;172;68m██[38;2;235;172;66m██[38;2;239;173;69m██[38;2;242;174;71m██[38;2;239;170;73m██[38;2;230;176;73m██[38;2;227;181;84m██[38;2;212;171;81m██[38;2;246;240;227m  [38;2;19;15;7m  [38;2;0;0;0m        
[38;2;0;0;0m            [38;2;43;4;4m  [38;2;211;211;207m  [38;2;220;179;101m  [38;2;219;164;79m  [38;2;225;175;84m██[38;2;231;178;85m██[38;2;234;175;76m██[38;2;237;173;69m██[38;2;235;173;66m██[38;2;234;173;68m██[38;2;235;171;68m██[38;2;239;174;70m██[38;2;234;171;66m██[38;2;234;171;64m██[38;2;239;173;68m██[38;2;236;173;70m██[38;2;232;173;74m██[38;2;226;177;84m██[38;2;217;178;88m  [38;2;202;180;105m  [38;2;6;3;3m  [38;2;0;0;0m          
[38;2;0;0;0m                [38;2;65;65;0m  [38;2;194;155;94m  [38;2;224;172;90m  [38;2;227;173;91m  [38;2;234;175;84m██[38;2;240;176;80m██[38;2;240;175;75m██[38;2;239;176;79m██[38;2;240;177;83m██[38;2;240;175;81m██[38;2;234;172;73m██[38;2;235;170;71m██[38;2;238;174;72m██[38;2;236;173;77m██[38;2;232;173;80m██[38;2;216;173;87m  [38;2;58;51;34m  [38;2;6;3;3m  [38;2;0;0;0m            
[38;2;0;0;0m                    [38;2;91;48;4m  [38;2;93;89;39m  [38;2;215;170;91m  [38;2;228;172;86m██[38;2;232;175;84m██[38;2;230;176;83m██[38;2;220;170;80m██[38;2;228;177;85m██[38;2;231;178;84m██[38;2;228;174;78m██[38;2;231;175;78m██[38;2;227;174;82m  [38;2;220;173;86m  [38;2;83;83;0m  [38;2;0;0;0m                
[38;2;0;0;0m                        [38;2;83;41;0m  [38;2;221;186;79m  [38;2;217;173;87m  [38;2;209;168;82m██[38;2;205;166;85m██[38;2;215;175;91m██[38;2;221;177;90m██[38;2;211;170;82m██[38;2;215;172;86m  [38;2;196;158;88m  [38;2;126;62;62m  [38;2;0;0;0m                  [0m
