
[38;2;179;117;47m  [38;2;162;86;0m        [38;2;162;85;0m  [38;2;162;86;0m      [38;2;0;0;0m    [38;2;111;59;0m  [38;2;158;78;0m  [38;2;248;242;234m  [38;2;255;254;254m  [38;2;244;230;194m  [38;2;159;81;1m  [38;2;198;127;15m  [38;2;153;75;0m  [38;2;162;86;0m          [38;2;0;0;0m              [38;2;47;47;47m  
[38;2;179;117;47m  [38;2;161;86;0m  [38;2;161;85;0m  [38;2;162;86;0m  [38;2;163;88;0m██[38;2;162;86;0m        [38;2;0;0;0m    [38;2;111;59;0m  [38;2;161;85;0m  [38;2;193;138;85m  [38;2;179;114;50m  [38;2;155;74;0m  [38;2;185;112;13m██[38;2;247;211;74m██[38;2;169;89;2m██[38;2;162;86;0m  [38;2;161;86;0m  [38;2;162;86;0m    [38;2;161;86;0m  [38;2;0;0;0m              [38;2;47;47;47m  
[38;2;179;117;47m  [38;2;160;83;0m  [38;2;183;111;11m  [38;2;162;86;0m  [38;2;200;128;15m  [38;2;158;82;0m██[38;2;162;87;0m  [38;2;162;86;0m    [38;2;0;0;0m    [38;2;111;59;0m  [38;2;162;86;0m    [38;2;158;80;0m██[38;2;221;165;45m██[38;2;246;222;127m██[38;2;249;240;214m██[38;2;247;200;47m██[38;2;156;80;0m██[38;2;162;86;0m        [38;2;0;0;0m              [38;2;47;47;47m  
[38;2;179;117;47m  [38;2;162;86;0m  [38;2;161;84;0m██[38;2;179;106;16m██[38;2;247;213;83m██[38;2;186;113;15m██[38;2;160;84;0m  [38;2;162;86;0m    [38;2;0;0;0m    [38;2;111;59;0m  [38;2;162;86;0m  [38;2;161;85;0m  [38;2;200;128;13m██[38;2;241;199;64m██[38;2;254;252;249m██[38;2;254;251;251m██[38;2;244;216;115m██[38;2;215;145;17m██[38;2;156;80;0m██[38;2;162;86;0m      [38;2;0;0;0m              [38;2;47;47;47m  
[38;2;173;110;40m  [38;2;160;84;0m  [38;2;187;113;10m██[38;2;244;197;44m██[38;2;254;254;254m██[38;2;244;204;64m██[38;2;200;124;10m  [38;2;161;85;0m  [38;2;162;86;0m  [38;2;0;0;0m    [38;2;111;59;0m  [38;2;162;86;0m  [38;2;162;85;0m  [38;2;157;82;0m  [38;2;222;153;19m██[38;2;246;223;139m██[38;2;251;244;222m██[38;2;244;209;83m██[38;2;220;142;7m██[38;2;207;128;9m██[38;2;160;84;0m██[38;2;162;86;0m    [38;2;0;0;0m              [38;2;41;40;40m  
[38;2;142;74;3m  [38;2;162;86;0m  [38;2;161;86;0m  [38;2;172;95;3m██[38;2;247;214;82m██[38;2;177;101;10m██[38;2;160;83;0m  [38;2;162;86;0m    [38;2;0;0;0m    [38;2;111;59;0m  [38;2;76;33;14m  [38;2;60;24;17m  [38;2;81;37;13m  [38;2;156;79;1m██[38;2;242;190;41m██[38;2;243;190;38m██[38;2;176;97;2m██[38;2;159;82;0m██[38;2;160;84;0m  [38;2;178;102;3m  [38;2;160;85;0m  [38;2;162;86;0m  [38;2;192;185;171m  [38;2;191;184;163m  [38;2;190;179;141m  [38;2;136;87;27m  [38;2;123;64;1m  [38;2;123;65;0m    [38;2;111;58;3m  
[38;2;142;74;3m  [38;2;162;86;0m  [38;2;162;87;0m  [38;2;161;86;0m  [38;2;190;113;6m██[38;2;161;85;0m  [38;2;162;86;0m      [38;2;0;0;0m  [38;2;23;9;6m  [38;2;94;48;32m██[38;2;184;125;84m██[38;2;245;195;129m██[38;2;245;185;120m██[38;2;165;89;4m██[38;2;226;151;12m██[38;2;169;91;1m██[38;2;165;89;4m██[38;2;79;35;13m  [38;2;135;69;4m  [38;2;198;121;6m  [38;2;160;84;0m  [38;2;162;86;0m  [38;2;251;244;227m  [38;2;250;241;211m  [38;2;237;220;130m  [38;2;160;82;2m  [38;2;161;85;0m  [38;2;162;86;0m  [38;2;216;167;33m  [38;2;238;198;46m  
[38;2;142;74;3m  [38;2;162;86;0m      [38;2;161;85;0m  [38;2;162;86;0m        [38;2;58;23;16m  [38;2;188;113;72m██[38;2;245;185;106m██[38;2;244;180;98m██[38;2;243;180;97m██[38;2;243;177;98m██[38;2;212;139;59m██[38;2;158;82;0m██[38;2;179;101;18m██[38;2;241;147;79m██[38;2;238;137;68m██[38;2;70;26;18m  [38;2;191;117;7m  [38;2;160;84;0m  [38;2;162;86;0m  [38;2;174;109;36m  [38;2;196;147;82m  [38;2;162;85;0m  [38;2;161;85;0m  [38;2;162;86;0m██[38;2;232;192;43m  [38;2;237;200;46m    
[38;2;142;74;3m  [38;2;162;86;0m      [38;2;161;86;0m  [38;2;162;86;0m      [38;2;68;29;15m  [38;2;196;142;93m██[38;2;243;175;93m██[38;2;243;182;97m██[38;2;243;185;97m██[38;2;243;181;97m██[38;2;243;177;97m██[38;2;232;161;81m██[38;2;166;90;5m██[38;2;242;158;85m██[38;2;242;149;80m██[38;2;241;141;71m██[38;2;241;134;66m██[38;2;73;30;19m  [38;2;136;70;4m  [38;2;162;86;0m      [38;2;160;84;0m██[38;2;192;123;14m██[38;2;173;97;3m██[38;2;163;88;0m  [38;2;237;199;46m    
[38;2;11;4;3m  [38;2;0;0;0m            [38;2;18;7;5m  [38;2;178;97;57m██[38;2;243;169;89m██[38;2;243;174;92m██[38;2;243;180;95m██[38;2;243;184;97m██[38;2;243;183;96m██[38;2;243;178;96m██[38;2;241;170;90m██[38;2;232;155;77m██[38;2;242;156;85m██[38;2;242;149;80m██[38;2;241;141;71m██[38;2;241;134;66m██[38;2;241;133;65m██[38;2;60;24;17m  [38;2;162;86;0m    [38;2;171;97;4m██[38;2;219;164;45m██[38;2;252;249;219m██[38;2;222;164;42m██[38;2;160;83;0m██[38;2;232;190;42m  [38;2;238;197;46m  
[38;2;11;4;3m  [38;2;0;0;0m            [38;2;64;25;17m██[38;2;179;90;48m██[38;2;239;157;83m██[38;2;243;172;90m██[38;2;243;176;93m██[38;2;243;181;93m██[38;2;243;179;90m██[38;2;243;173;90m██[38;2;242;166;88m██[38;2;242;165;86m██[38;2;242;159;84m██[38;2;242;149;80m██[38;2;241;140;70m██[38;2;241;134;66m██[38;2;241;133;65m██[38;2;143;67;37m██[38;2;82;36;13m  [38;2;162;86;0m  [38;2;161;84;1m██[38;2;251;224;103m██[38;2;250;243;227m██[38;2;247;212;81m██[38;2;205;131;12m  [38;2;161;84;0m  [38;2;238;198;46m  
[38;2;11;4;3m  [38;2;0;0;0m          [38;2;34;13;9m  [38;2;161;82;46m██[38;2;243;161;84m██[38;2;200;111;59m██[38;2;243;166;89m██[38;2;243;172;91m██[38;2;243;176;92m██[38;2;243;176;89m██[38;2;243;168;88m██[38;2;242;165;85m██[38;2;186;118;63m██[38;2;242;158;80m██[38;2;241;148;77m██[38;2;241;139;68m██[38;2;241;133;65m████[38;2;238;126;65m  [38;2;60;24;17m  [38;2;162;86;0m  [38;2;160;83;0m  [38;2;226;176;52m██[38;2;235;185;55m██[38;2;173;97;4m  [38;2;157;81;0m  [38;2;164;74;2m██[38;2;183;67;15m  
[38;2;11;4;3m  [38;2;97;53;26m  [38;2;0;0;0m        [38;2;60;24;17m  [38;2;240;144;73m██[38;2;242;155;79m██[38;2;242;157;83m██[38;2;243;162;85m██[38;2;243;165;89m██[38;2;243;168;89m██[38;2;243;166;86m██[38;2;243;164;85m██[38;2;74;32;20m██[38;2;232;150;76m██[38;2;242;152;78m██[38;2;241;142;72m██[38;2;241;136;67m██[38;2;241;133;65m████[38;2;239;127;65m  [38;2;77;29;19m██[38;2;142;74;3m  [38;2;162;86;0m  [38;2;176;102;7m██[38;2;158;81;0m██[38;2;173;102;6m  [38;2;226;166;36m  [38;2;183;43;14m██[38;2;182;40;14m██
[38;2;60;24;17m  [38;2;30;12;8m  [38;2;60;24;17m  [38;2;0;0;0m  [38;2;85;47;23m  [38;2;0;0;0m  [38;2;37;14;11m██[38;2;186;99;49m██[38;2;242;150;75m██[38;2;242;155;80m██[38;2;243;157;84m██[38;2;242;159;84m██[38;2;243;158;84m██[38;2;243;160;83m██[38;2;232;137;69m██[38;2;236;141;71m██[38;2;242;152;76m██[38;2;241;145;72m██[38;2;241;138;67m██[38;2;241;133;65m██████[38;2;239;129;65m  [38;2;196;93;52m██[38;2;60;24;17m  [38;2;204;150;25m  [38;2;161;85;0m  [38;2;191;130;18m  [38;2;238;199;45m  [38;2;195;69;20m  [38;2;188;52;17m██[38;2;222;110;33m██
[38;2;96;37;23m  [38;2;211;135;87m  [38;2;233;143;81m██[38;2;60;24;17m  [38;2;147;81;39m  [38;2;56;22;15m  [38;2;23;9;7m██[38;2;17;6;5m██[38;2;240;143;68m██[38;2;242;148;72m██[38;2;242;153;77m██[38;2;242;150;75m██[38;2;242;148;75m██[38;2;242;152;75m██[38;2;241;149;74m████[38;2;241;144;70m██[38;2;240;138;66m██[38;2;241;134;66m██[38;2;240;133;65m████[38;2;241;133;65m██[38;2;239;130;64m██[38;2;221;108;60m  [38;2;60;24;17m  [38;2;206;153;27m  [38;2;169;96;4m  [38;2;238;200;45m  [38;2;238;199;45m  [38;2;185;50;17m  [38;2;196;63;20m██[38;2;232;137;46m██
[38;2;66;26;18m  [38;2;197;123;66m██[38;2;185;89;45m██[38;2;94;40;25m██[38;2;42;16;11m  [38;2;58;23;16m  [38;2;16;5;5m██[38;2;14;5;5m██[38;2;208;120;57m██[38;2;242;145;68m██[38;2;241;145;69m██[38;2;241;144;70m████[38;2;241;143;69m██[38;2;241;145;68m██[38;2;224;127;61m██[38;2;53;19;12m██[38;2;21;7;6m██[38;2;73;28;16m██[38;2;239;129;62m██[38;2;241;133;65m████[38;2;239;130;65m██[38;2;234;117;65m  [38;2;60;24;17m██[38;2;237;201;46m  [38;2;238;200;46m    [38;2;236;197;44m  [38;2;176;33;12m  [38;2;205;76;24m██[38;2;235;161;52m██
[38;2;158;92;50m██[38;2;243;173;97m██[38;2;231;140;75m██[38;2;237;133;73m██[38;2;98;38;26m  [38;2;137;62;45m  [38;2;240;130;74m██[38;2;14;5;5m██[38;2;201;110;52m██[38;2;241;142;67m██[38;2;241;141;67m████[38;2;241;140;67m██[38;2;241;141;67m██[38;2;230;129;61m██[38;2;14;5;5m██████[38;2;14;4;4m██[38;2;28;10;7m██[38;2;241;133;65m████[38;2;239;127;65m██[38;2;234;116;64m██[38;2;60;24;17m██[38;2;237;200;46m  [38;2;238;200;46m  [38;2;238;200;45m  [38;2;223;156;36m  [38;2;175;32;12m██[38;2;209;82;25m██[38;2;239;180;59m██
[38;2;60;24;17m  [38;2;244;192;130m██[38;2;243;168;93m██[38;2;240;145;83m██[38;2;83;31;22m██[38;2;244;133;98m██[38;2;244;132;95m██[38;2;225;122;65m██[38;2;240;134;64m██[38;2;241;135;65m████[38;2;240;135;65m██[38;2;241;135;65m████[38;2;87;32;18m██[38;2;78;27;17m██[38;2;213;108;54m██[38;2;192;83;44m██[38;2;31;11;9m██[38;2;14;5;5m██[38;2;220;104;52m██[38;2;241;133;65m██[38;2;237;125;66m██[38;2;232;109;60m██[38;2;63;25;17m██[38;2;237;201;45m  [38;2;238;200;46m  [38;2;238;200;45m  [38;2;222;155;37m  [38;2;175;32;12m██[38;2;210;84;26m██[38;2;240;187;62m██
[38;2;60;24;17m  [38;2;191;130;87m  [38;2;243;167;93m██[38;2;190;106;60m██[38;2;128;47;28m██[38;2;241;126;78m██[38;2;243;132;83m██[38;2;241;133;67m██[38;2;241;133;65m██[38;2;241;134;65m██[38;2;241;134;64m██[38;2;241;134;65m██████[38;2;164;78;42m██[38;2;243;138;83m██[38;2;243;135;87m██[38;2;244;133;88m██[38;2;243;131;84m██[38;2;233;118;73m██[38;2;185;87;51m██[38;2;242;134;70m██[38;2;236;121;66m██[38;2;229;104;58m██[38;2;64;25;17m██[38;2;237;201;45m  [38;2;237;200;46m  [38;2;238;200;46m  [38;2;206;158;38m  [38;2;144;101;74m██[38;2;82;28;17m██[38;2;85;40;22m██
[38;2;60;24;17m  [38;2;141;102;75m  [38;2;242;162;89m██[38;2;124;67;40m██[38;2;127;51;30m██[38;2;233;127;62m██[38;2;238;127;62m██[38;2;238;130;63m██[38;2;240;133;65m██[38;2;241;133;65m██████[38;2;241;132;65m██[38;2;241;133;65m██[38;2;242;136;77m██[38;2;244;139;89m██[38;2;244;136;97m██[38;2;245;134;99m██[38;2;244;134;99m██[38;2;245;134;99m██[38;2;244;133;96m██[38;2;242;130;76m██[38;2;236;118;66m██[38;2;226;101;58m██[38;2;60;24;17m██[38;2;237;201;46m  [38;2;237;200;46m  [38;2;141;97;28m  [38;2;73;32;22m  [38;2;244;180;110m██[38;2;244;174;110m██[38;2;80;30;20m██
[38;2;60;24;17m  [38;2;109;53;35m  [38;2;242;156;87m██[38;2;163;81;47m██[38;2;217;114;62m██[38;2;81;30;20m██[38;2;240;133;65m██[38;2;185;82;42m██[38;2;241;133;65m████[38;2;240;131;64m██[38;2;144;64;34m██[38;2;241;133;65m████[38;2;241;135;71m██[38;2;243;138;83m██[38;2;243;138;89m██[38;2;244;135;92m██[38;2;244;133;95m██[38;2;244;133;97m██[38;2;244;132;91m██[38;2;239;123;76m██[38;2;232;110;62m██[38;2;221;94;53m██[38;2;60;24;17m  [38;2;237;200;46m  [38;2;115;78;25m  [38;2;110;54;35m██[38;2;237;185;130m██[38;2;69;27;18m██[38;2;242;162;91m██[38;2;220;126;69m██
[38;2;60;24;17m    [38;2;242;158;93m██[38;2;242;146;80m██[38;2;114;55;32m██[38;2;98;38;23m██[38;2;62;25;17m██[38;2;96;36;22m██[38;2;106;38;24m██[38;2;239;129;63m██[38;2;230;119;56m██[38;2;232;122;60m██[38;2;241;133;65m██████[38;2;241;134;67m██[38;2;242;134;73m██[38;2;243;137;81m██[38;2;132;49;31m██[38;2;216;112;68m██[38;2;241;132;74m██[38;2;236;120;67m██[38;2;228;103;59m██[38;2;196;83;48m██[38;2;64;26;17m  [38;2;68;29;17m  [38;2;138;90;65m██[38;2;245;190;123m██[38;2;244;181;107m██[38;2;242;169;97m██[38;2;241;154;83m██[38;2;196;98;51m██
[38;2;60;24;17m    [38;2;244;171;111m██[38;2;242;146;78m██[38;2;125;48;30m██[38;2;172;65;36m██[38;2;70;33;25m██[38;2;98;39;35m██[38;2;69;27;21m██[38;2;69;27;18m██[38;2;121;51;28m██[38;2;210;93;47m██[38;2;236;123;60m██[38;2;234;119;57m██[38;2;228;112;55m██[38;2;180;73;39m██[38;2;133;54;30m██[38;2;91;41;24m██[38;2;69;28;18m██[38;2;241;133;65m██[38;2;236;120;66m██[38;2;231;108;61m██[38;2;227;101;57m██[38;2;113;39;25m██[38;2;60;24;17m  [38;2;147;100;71m██[38;2;243;175;101m██[38;2;244;175;101m██[38;2;245;176;103m██[38;2;243;163;90m██[38;2;238;133;68m██[38;2;60;24;17m██
[38;2;60;24;17m    [38;2;185;101;64m██[38;2;241;142;72m██[38;2;225;119;63m██[38;2;134;54;31m██[38;2;131;60;32m██[38;2;104;42;39m██[38;2;120;49;46m██[38;2;218;128;119m██[38;2;146;86;77m██[38;2;110;48;37m██[38;2;67;29;21m██[38;2;63;27;19m██[38;2;141;83;76m██[38;2;60;24;17m██[38;2;190;88;45m██[38;2;241;133;65m██[38;2;240;132;65m██[38;2;236;122;66m██[38;2;234;114;64m██[38;2;229;104;58m██[38;2;217;83;47m██[38;2;59;24;17m  [38;2;124;69;44m██[38;2;242;165;94m██[38;2;243;165;91m██[38;2;242;164;90m██[38;2;242;161;88m██[38;2;240;140;72m██[38;2;218;106;58m██[38;2;59;24;17m  
[38;2;60;24;16m  [38;2;60;24;17m  [38;2;71;32;21m██[38;2;240;136;67m██[38;2;239;128;66m██[38;2;106;40;25m██[38;2;223;107;54m██[38;2;62;25;18m██[38;2;231;147;139m██[38;2;240;159;151m████[38;2;239;159;151m██[38;2;108;45;35m██[38;2;209;118;106m██[38;2;61;24;17m██[38;2;234;119;58m██[38;2;240;133;65m██[38;2;240;131;65m██[38;2;236;121;67m██[38;2;235;119;66m██[38;2;228;102;59m██[38;2;217;84;47m██[38;2;137;51;31m██[38;2;86;36;23m██[38;2;242;150;84m██[38;2;242;155;85m████[38;2;242;153;80m██[38;2;241;143;73m██[38;2;233;112;63m██[38;2;127;53;32m██[38;2;59;24;18m██
[38;2;60;24;17m      [38;2;240;134;66m██[38;2;238;124;65m██[38;2;232;108;61m██[38;2;80;30;20m██[38;2;224;114;58m██[38;2;105;51;43m██[38;2;238;155;146m██[38;2;240;159;151m████[38;2;126;69;61m██[38;2;93;34;21m██[38;2;235;126;61m██[38;2;241;133;65m██[38;2;238;126;65m██[38;2;236;121;67m██[38;2;235;120;66m██[38;2;226;98;56m██[38;2;217;83;47m██[38;2;200;73;42m██[38;2;81;30;20m██[38;2;241;140;69m██[38;2;241;143;73m██[38;2;242;143;75m██[38;2;241;145;74m██[38;2;241;142;72m██[38;2;233;115;64m██[38;2;224;95;54m██[38;2;60;24;17m  [38;2;66;27;19m██
[38;2;60;25;17m  [38;2;60;23;17m    [38;2;183;94;47m  [38;2;236;120;67m██[38;2;234;114;64m██[38;2;225;99;56m██[38;2;86;36;23m██[38;2;237;125;62m██[38;2;83;35;21m██[38;2;60;24;17m██[38;2;97;44;26m██[38;2;214;103;52m██[38;2;240;133;65m██[38;2;240;132;64m██[38;2;237;122;66m██[38;2;236;121;67m██[38;2;234;116;64m██[38;2;220;90;51m██[38;2;217;84;47m██[38;2;211;81;45m██[38;2;64;25;17m██[38;2;234;115;63m██[38;2;240;133;65m██[38;2;240;138;67m██[38;2;241;139;67m██[38;2;239;130;66m██[38;2;233;112;63m██[38;2;224;93;54m██[38;2;175;64;38m██[38;2;102;47;22m  [38;2;75;31;21m██
[38;2;60;27;17m  [38;2;60;24;17m    [38;2;63;25;17m  [38;2;236;121;67m██[38;2;235;117;65m██[38;2;231;106;60m██[38;2;202;80;47m██[38;2;103;41;26m██[38;2;237;122;66m██[38;2;239;130;63m██[38;2;241;132;65m██[38;2;239;129;65m██[38;2;238;124;65m██[38;2;236;120;66m██[38;2;144;56;33m██[38;2;170;62;37m██[38;2;218;84;48m██[38;2;217;84;47m██[38;2;216;81;46m██[38;2;83;32;21m██[38;2;225;99;57m██[38;2;234;116;64m██[38;2;240;132;64m██[38;2;239;129;64m██[38;2;234;115;63m██[38;2;230;106;60m██[38;2;224;94;54m██[38;2;222;92;53m██[38;2;63;25;17m██[38;2;134;92;30m  [38;2;99;40;27m██
[38;2;61;31;18m  [38;2;59;24;17m      [38;2;195;92;52m██[38;2;235;118;65m██[38;2;231;106;60m██[38;2;225;93;54m██[38;2;211;82;47m██[38;2;88;32;21m██[38;2;170;78;45m██[38;2;170;75;44m██[38;2;151;65;38m██[38;2;67;26;17m██[38;2;128;50;31m██[38;2;216;84;50m██[38;2;217;84;47m████[38;2;215;81;46m██[38;2;209;77;44m██[38;2;153;59;36m  [38;2;229;102;59m██[38;2;234;115;64m██[38;2;235;117;64m██[38;2;231;107;61m██[38;2;229;104;59m██[38;2;223;94;54m██[38;2;222;92;53m██[38;2;169;64;39m  [38;2;60;24;17m  [38;2;56;24;18m  [38;2;164;60;39m██
[38;2;61;36;19m  [38;2;60;24;17m      [38;2;70;27;18m  [38;2;233;110;62m██[38;2;231;107;61m██[38;2;227;100;55m██[38;2;221;90;52m██[38;2;218;86;50m██[38;2;147;50;31m██[38;2;215;86;50m████[38;2;219;91;52m██[38;2;219;88;52m██[38;2;216;84;47m██[38;2;217;83;47m██[38;2;214;81;46m██[38;2;213;80;46m██  [38;2;218;86;52m██[38;2;225;93;54m██[38;2;230;106;60m██[38;2;230;105;60m██[38;2;229;105;59m██[38;2;222;93;53m██[38;2;221;90;52m██[38;2;218;86;49m██[38;2;60;24;17m    [38;2;57;23;18m  [38;2;214;84;53m██
[38;2;63;42;20m  [38;2;60;24;17m        [38;2;200;80;47m██[38;2;230;106;60m██[38;2;229;104;59m██[38;2;222;91;53m██[38;2;217;85;50m██[38;2;63;25;17m██[38;2;107;56;33m██[38;2;186;146;96m██[38;2;171;136;89m██[38;2;126;48;29m██[38;2;215;82;46m██[38;2;215;81;46m██[38;2;212;79;46m██[38;2;211;78;46m██[38;2;212;78;46m██[38;2;217;84;51m██[38;2;220;90;52m██[38;2;224;95;54m██[38;2;226;98;56m██[38;2;222;92;53m██[38;2;220;89;51m██[38;2;218;85;50m██[38;2;96;36;23m██[38;2;60;24;17m  [38;2;59;24;17m  [38;2;58;24;18m██[38;2;214;82;52m██
[38;2;65;47;21m  [38;2;60;24;17m      [38;2;59;24;17m  [38;2;60;24;17m  [38;2;223;93;53m██[38;2;229;104;59m██[38;2;221;90;52m██[38;2;197;74;44m██[38;2;94;55;35m██[38;2;243;215;144m██[38;2;243;214;144m██[38;2;243;215;144m██[38;2;162;135;94m██[38;2;130;46;28m██[38;2;211;78;46m██[38;2;211;77;45m██[38;2;211;77;46m██[38;2;211;78;46m██[38;2;212;79;47m██[38;2;215;83;50m██[38;2;220;89;52m██[38;2;220;89;51m██[38;2;219;88;50m██[38;2;218;85;50m██[38;2;193;74;44m██[38;2;60;24;17m  [38;2;59;24;17m  [38;2;55;23;18m  [38;2;117;43;29m██[38;2;213;81;52m██[0m
