
[38;2;255;255;255m                      [38;2;233;228;225m  [38;2;184;133;95m██[38;2;252;195;149m██[38;2;253;198;153m██[38;2;254;201;157m██[38;2;250;203;161m██[38;2;201;141;105m██[38;2;246;204;171m██[38;2;238;235;234m  [38;2;255;255;255m                            
[38;2;255;255;255m                  [38;2;249;196;150m██[38;2;253;191;148m██[38;2;251;193;147m██[38;2;254;198;151m██[38;2;252;198;152m██[38;2;254;201;157m██[38;2;254;201;156m██[38;2;253;202;157m██[38;2;254;203;160m██[38;2;247;198;152m██[38;2;250;196;150m██[38;2;234;179;133m██[38;2;245;212;174m██[38;2;255;255;255m                        
[38;2;255;255;255m              [38;2;99;74;60m  [38;2;251;197;150m██[38;2;252;196;150m██[38;2;253;199;153m██[38;2;254;202;157m██[38;2;248;195;153m██[38;2;254;203;160m██[38;2;255;212;172m██[38;2;253;210;168m██[38;2;255;203;160m██[38;2;252;203;158m██[38;2;254;204;161m██[38;2;252;199;157m██[38;2;253;213;174m██[38;2;254;212;170m██[38;2;244;197;155m██[38;2;223;192;163m  [38;2;255;255;255m                [38;2;0;0;0m  [38;2;255;255;255m  
[38;2;255;255;255m            [38;2;254;204;156m██[38;2;251;201;152m██[38;2;252;201;153m██[38;2;254;206;161m██[38;2;253;205;164m██[38;2;254;205;164m██[38;2;254;215;176m██[38;2;254;210;169m██[38;2;237;193;154m██[38;2;255;221;186m██[38;2;255;224;191m██[38;2;254;209;167m██[38;2;254;207;165m██[38;2;255;208;166m██[38;2;168;113;74m██[38;2;229;177;138m██[38;2;210;161;126m██[38;2;183;141;109m██[38;2;140;112;90m██[38;2;255;255;255m  [38;2;239;237;236m  [38;2;217;184;160m██[38;2;254;220;181m██[38;2;221;184;150m██[38;2;255;255;255m        
[38;2;255;255;255m          [38;2;254;206;167m██[38;2;221;157;113m██[38;2;254;207;166m██[38;2;254;227;198m██[38;2;255;208;161m██[38;2;255;225;195m██[38;2;254;209;168m██[38;2;254;227;197m██[38;2;255;224;194m██[38;2;233;179;140m██[38;2;255;216;177m██[38;2;252;216;180m██[38;2;254;227;201m██[38;2;255;215;177m██[38;2;255;210;168m██[38;2;254;211;169m██[38;2;255;218;179m██[38;2;253;220;185m██[38;2;253;219;181m██[38;2;236;31;155m██[38;2;252;209;170m██[38;2;255;206;166m██[38;2;252;207;166m██[38;2;254;212;170m██[38;2;254;209;167m██[38;2;250;250;250m  [38;2;255;255;255m    [38;2;86;86;86m  
[38;2;255;255;255m      [38;2;247;246;246m  [38;2;252;215;176m██[38;2;239;186;147m██[38;2;251;201;158m██[38;2;255;227;200m██[38;2;249;216;179m██[38;2;255;214;176m██[38;2;253;214;177m██[38;2;254;212;171m██[38;2;255;213;178m██[38;2;254;215;175m██[38;2;241;187;149m██[38;2;255;215;175m████[38;2;254;216;177m██[38;2;255;224;193m██[38;2;253;218;179m██[38;2;255;212;172m██[38;2;156;107;70m██[38;2;253;219;181m██[38;2;211;28;129m██[38;2;222;11;140m██[38;2;240;188;145m██[38;2;253;206;164m██[38;2;254;205;164m██[38;2;253;206;166m██[38;2;255;218;181m██[38;2;246;206;171m██[38;2;255;255;255m    [38;2;213;213;213m  
[38;2;255;255;255m      [38;2;254;227;201m██[38;2;249;203;161m██[38;2;255;218;177m██[38;2;254;220;186m██[38;2;255;216;175m██[38;2;212;162;123m██[38;2;255;214;178m██[38;2;255;215;176m██[38;2;238;181;138m██[38;2;254;215;170m██[38;2;252;214;173m██[38;2;164;128;104m██[38;2;254;215;173m██[38;2;255;216;176m██[38;2;248;205;166m██[38;2;255;217;178m████[38;2;254;218;179m██[38;2;255;216;181m██[38;2;251;216;176m██[38;2;255;217;179m██[38;2;233;8;149m██[38;2;255;217;175m██[38;2;255;205;161m██[38;2;254;204;161m██[38;2;254;205;160m██[38;2;254;218;180m██[38;2;246;188;142m██[38;2;255;255;255m  [38;2;0;0;0m  [38;2;213;213;213m  
[38;2;255;255;255m    [38;2;253;227;202m██[38;2;255;218;182m██[38;2;253;211;169m██[38;2;255;213;172m██[38;2;253;218;180m██[38;2;255;217;178m██[38;2;246;198;155m██[38;2;255;215;173m██[38;2;255;214;172m██[38;2;157;115;106m██[38;2;248;197;153m██[38;2;254;213;171m██[38;2;165;188;237m██[38;2;251;213;174m██[38;2;255;214;172m██[38;2;254;213;172m██[38;2;255;214;174m██[38;2;255;216;174m██[38;2;255;216;177m██[38;2;255;217;176m██[38;2;147;107;74m██[38;2;255;177;173m██[38;2;228;0;142m██[38;2;254;218;181m██[38;2;252;203;160m████[38;2;253;205;162m██[38;2;255;217;178m██[38;2;246;196;152m██[38;2;180;161;151m  [38;2;255;255;255m    
[38;2;255;255;255m  [38;2;209;179;151m██[38;2;254;219;179m██[38;2;250;205;164m██[38;2;253;211;169m██[38;2;251;216;180m██[38;2;255;212;171m██[38;2;255;218;179m██[38;2;254;215;179m██[38;2;254;215;174m██[38;2;251;209;167m██[38;2;164;186;235m██[38;2;252;211;168m██[38;2;254;212;169m██[38;2;163;186;233m██[38;2;255;214;161m██[38;2;252;210;170m██[38;2;255;211;169m██[38;2;252;204;161m██[38;2;255;214;174m██[38;2;254;215;174m████[38;2;254;207;167m██[38;2;223;7;139m██[38;2;219;13;128m██[38;2;254;214;174m████[38;2;255;202;158m██[38;2;254;205;162m██[38;2;254;215;174m██[38;2;255;214;175m██[38;2;180;137;104m██[38;2;255;255;255m    
[38;2;236;233;232m  [38;2;255;217;178m██[38;2;255;218;179m██[38;2;255;207;164m██[38;2;249;211;161m██[38;2;173;187;225m██[38;2;254;204;163m██[38;2;254;215;172m██[38;2;254;215;173m██[38;2;254;215;174m██[38;2;229;168;124m██[38;2;163;186;238m██[38;2;204;173;144m██[38;2;254;206;160m██[38;2;164;189;235m██[38;2;162;170;203m██[38;2;254;212;170m██[38;2;255;205;160m██[38;2;246;202;157m██[38;2;251;213;170m██[38;2;255;213;170m██[38;2;254;213;172m██[38;2;252;207;164m██[38;2;252;205;161m██[38;2;215;47;127m██[38;2;255;214;174m██[38;2;255;213;173m██[38;2;240;192;146m██[38;2;254;206;164m██[38;2;254;212;170m██[38;2;251;212;171m██[38;2;244;191;148m██[38;2;255;255;255m    
[38;2;227;184;148m██[38;2;255;213;174m████[38;2;251;206;164m██[38;2;146;109;92m██[38;2;162;187;230m██[38;2;254;201;155m██[38;2;253;206;166m██[38;2;250;204;162m██[38;2;254;212;170m██[38;2;220;156;108m██[38;2;166;185;237m██[38;2;49;20;31m██[38;2;207;121;83m██[38;2;187;161;154m██[38;2;145;96;94m██[38;2;137;72;50m██[38;2;253;205;159m██[38;2;253;202;157m██[38;2;250;212;168m██[38;2;254;211;170m██[38;2;254;211;168m██[38;2;253;206;161m██[38;2;205;144;108m██[38;2;234;123;131m██[38;2;254;214;175m██[38;2;254;212;169m██[38;2;255;211;169m██[38;2;253;210;167m██[38;2;253;210;168m██[38;2;253;210;167m██[38;2;254;197;148m██[38;2;255;255;255m    
[38;2;248;195;150m██[38;2;252;211;169m██[38;2;254;210;167m██[38;2;254;202;165m██[38;2;164;187;237m██[38;2;163;188;231m██[38;2;253;195;142m██[38;2;246;194;148m██[38;2;228;173;133m██[38;2;253;209;168m██[38;2;214;149;106m██[38;2;124;131;170m██[38;2;147;33;42m██[38;2;116;5;1m██[38;2;160;101;67m██[38;2;216;200;190m██[38;2;217;198;191m██[38;2;196;114;74m██[38;2;225;167;121m██[38;2;243;193;152m██[38;2;252;210;168m██[38;2;247;196;151m██[38;2;255;204;159m██[38;2;174;105;71m██[38;2;234;161;122m██[38;2;149;107;77m██[38;2;253;209;167m██[38;2;254;208;164m██[38;2;253;208;166m██[38;2;253;207;165m██[38;2;254;205;162m██[38;2;248;186;143m██[38;2;255;255;255m    
[38;2;251;201;161m██[38;2;254;207;163m██[38;2;254;202;155m██[38;2;170;133;108m██[38;2;164;188;234m██[38;2;130;149;195m██[38;2;161;155;181m██[38;2;247;193;145m██[38;2;246;201;161m██[38;2;253;205;164m██[38;2;129;84;54m██[38;2;165;186;236m██[38;2;72;12;10m██[38;2;254;151;123m██[38;2;214;202;187m██[38;2;234;218;211m██[38;2;227;207;200m██[38;2;118;19;18m██[38;2;252;194;143m██[38;2;155;104;67m██[38;2;254;208;165m██[38;2;254;209;167m██[38;2;253;199;155m██[38;2;94;52;32m██[38;2;228;181;161m██[38;2;158;119;96m██[38;2;253;205;164m██[38;2;255;204;159m██[38;2;254;203;156m██[38;2;253;204;161m████[38;2;238;177;132m██[38;2;255;255;255m    
[38;2;246;187;148m██[38;2;253;204;158m██[38;2;244;189;142m██[38;2;169;188;232m██[38;2;175;185;219m██[38;2;142;114;113m██[38;2;199;162;160m██[38;2;236;183;136m██[38;2;167;185;235m██[38;2;254;204;157m██[38;2;177;131;96m██[38;2;169;181;223m██[38;2;236;218;207m██[38;2;231;219;211m██[38;2;230;219;211m██[38;2;236;216;212m██[38;2;233;218;210m██[38;2;180;188;220m██[38;2;167;131;106m██[38;2;252;199;154m██[38;2;238;176;130m██[38;2;254;211;169m██[38;2;253;197;151m██[38;2;222;181;164m██[38;2;236;174;157m██[38;2;238;179;152m██[38;2;255;203;156m██[38;2;254;203;156m██[38;2;243;185;141m██[38;2;252;203;158m██[38;2;253;205;159m██[38;2;239;175;127m██[38;2;139;114;101m  [38;2;255;255;255m  
[38;2;239;176;129m██[38;2;254;204;157m██[38;2;227;159;120m██[38;2;175;186;213m██[38;2;151;113;106m██[38;2;169;41;45m██[38;2;223;63;72m██[38;2;172;191;232m██[38;2;172;193;232m██[38;2;176;193;237m██[38;2;228;206;192m██[38;2;186;201;229m██[38;2;202;197;213m██[38;2;223;166;136m██[38;2;229;172;140m██[38;2;237;184;148m██[38;2;221;190;194m██[38;2;210;210;223m██[38;2;202;177;173m██[38;2;248;191;141m██[38;2;255;207;166m██[38;2;254;212;170m██[38;2;253;200;154m██[38;2;238;189;163m██[38;2;238;186;152m██[38;2;241;178;149m██[38;2;253;202;154m██[38;2;254;203;156m██[38;2;241;185;137m██[38;2;253;202;155m██[38;2;254;203;158m██[38;2;240;180;134m██[38;2;194;149;116m██[38;2;255;255;255m  
[38;2;246;182;136m██[38;2;247;195;147m██[38;2;176;114;81m██[38;2;196;183;195m██[38;2;226;204;198m██[38;2;72;36;27m██[38;2;196;184;175m██[38;2;189;201;232m██[38;2;196;203;233m██[38;2;199;202;223m██[38;2;208;214;230m██[38;2;219;218;228m██[38;2;225;223;227m██[38;2;232;225;227m██[38;2;236;226;226m██[38;2;239;225;223m██[38;2;240;225;223m██[38;2;242;227;227m██[38;2;246;201;159m██[38;2;255;215;178m██[38;2;255;214;175m██[38;2;255;214;174m██[38;2;254;203;160m██[38;2;238;179;151m██[38;2;239;179;148m██[38;2;237;179;155m██[38;2;252;203;161m██[38;2;254;202;155m██[38;2;253;196;149m██[38;2;253;202;155m██[38;2;254;200;157m██[38;2;252;191;145m██[38;2;245;193;148m██[38;2;255;255;255m  
[38;2;253;195;155m██[38;2;118;67;45m██[38;2;238;177;139m██[38;2;180;109;71m██[38;2;230;213;206m██[38;2;230;219;210m██[38;2;204;156;123m██[38;2;220;218;228m██[38;2;224;221;228m██[38;2;231;225;227m██[38;2;237;228;226m██[38;2;242;232;226m██[38;2;249;235;227m██[38;2;250;236;225m██[38;2;253;236;223m██[38;2;253;235;221m██[38;2;116;95;76m██[38;2;253;235;224m██[38;2;95;52;33m██[38;2;255;218;180m██[38;2;254;219;181m██[38;2;253;211;171m██[38;2;205;150;114m██[38;2;235;192;164m██[38;2;255;235;222m██[38;2;70;38;15m██[38;2;144;102;66m██[38;2;252;205;161m██[38;2;254;202;154m██[38;2;252;201;156m██[38;2;253;200;156m██[38;2;159;97;60m██[38;2;253;190;144m██[38;2;255;255;255m  
[38;2;234;177;139m██[38;2;236;147;99m██[38;2;250;190;141m██[38;2;143;79;42m██[38;2;250;220;214m██[38;2;139;105;90m██[38;2;241;227;223m██[38;2;243;231;224m██[38;2;245;234;227m██[38;2;249;236;226m██[38;2;252;238;226m██[38;2;254;240;227m██[38;2;255;240;225m████[38;2;255;239;224m██[38;2;254;237;223m██[38;2;250;221;201m██[38;2;249;212;191m██[38;2;234;204;179m██[38;2;226;175;134m██[38;2;255;217;181m██[38;2;245;192;151m██[38;2;192;134;97m██[38;2;230;157;119m██[38;2;236;157;113m██[38;2;230;157;114m██[38;2;246;185;140m██[38;2;255;214;176m██[38;2;252;203;163m██[38;2;254;205;161m██[38;2;251;203;157m██[38;2;250;189;145m██[38;2;251;192;144m██[38;2;255;255;255m  
[38;2;98;68;48m██[38;2;230;144;100m██[38;2;161;116;83m██[38;2;104;55;21m██[38;2;250;192;146m██[38;2;229;183;137m██[38;2;252;234;220m██[38;2;254;237;225m██[38;2;254;239;226m██[38;2;253;240;229m██[38;2;255;240;227m██[38;2;253;240;225m██[38;2;253;241;224m██[38;2;255;240;225m████[38;2;255;239;225m██[38;2;255;240;224m██[38;2;255;239;224m██[38;2;254;218;182m██[38;2;254;219;179m██[38;2;251;217;177m██[38;2;253;213;171m██[38;2;229;155;116m██[38;2;232;158;116m██[38;2;235;157;115m██[38;2;235;154;113m██[38;2;255;197;157m██[38;2;255;212;175m██[38;2;226;166;124m██[38;2;253;204;162m██[38;2;239;183;143m██[38;2;253;195;149m██[38;2;253;194;147m██[38;2;255;255;255m  
[38;2;255;255;255m  [38;2;205;116;73m██[38;2;229;142;96m██[38;2;120;67;42m██[38;2;236;172;148m██[38;2;254;223;203m██[38;2;255;236;221m██[38;2;255;239;224m██[38;2;205;183;170m██[38;2;150;113;94m██[38;2;247;224;205m██[38;2;254;239;224m██[38;2;255;240;225m██[38;2;255;240;224m████[38;2;255;240;225m██[38;2;255;240;224m██[38;2;254;240;226m██[38;2;223;180;147m██[38;2;255;217;180m██[38;2;235;183;141m██[38;2;229;181;144m██[38;2;233;158;114m██[38;2;232;157;117m██[38;2;235;155;114m██[38;2;206;113;74m██[38;2;233;158;118m██[38;2;251;213;173m██[38;2;220;154;112m██[38;2;255;204;163m██[38;2;251;198;157m██[38;2;252;198;151m██[38;2;255;199;155m██[38;2;163;157;149m  
[38;2;255;255;255m  [38;2;254;194;151m██[38;2;232;141;97m██[38;2;210;129;91m██[38;2;253;231;218m██[38;2;252;235;220m██[38;2;255;238;223m██[38;2;255;240;225m██[38;2;255;239;224m██[38;2;253;241;224m██[38;2;255;239;225m██[38;2;255;240;225m████████[38;2;255;239;225m██[38;2;255;240;225m██[38;2;253;240;224m██[38;2;252;218;181m██[38;2;255;217;181m██[38;2;253;211;170m██[38;2;147;77;40m██[38;2;236;168;129m██[38;2;232;156;116m██[38;2;232;154;113m██[38;2;231;155;116m██[38;2;233;153;113m██[38;2;255;209;171m██[38;2;248;199;161m██[38;2;199;129;87m██[38;2;252;200;154m██[38;2;255;195;151m██[38;2;206;122;82m██[38;2;73;38;24m██
[38;2;255;255;255m  [38;2;228;145;101m██[38;2;253;205;162m██[38;2;233;146;99m██[38;2;215;167;132m██[38;2;253;237;222m██[38;2;255;240;225m██████████████████████[38;2;255;239;224m██[38;2;251;218;177m██[38;2;250;202;162m██[38;2;240;181;142m██[38;2;234;156;117m██[38;2;255;197;155m██[38;2;219;149;115m██[38;2;233;155;114m██[38;2;253;200;157m██[38;2;232;150;107m██[38;2;254;211;170m██[38;2;130;74;46m██[38;2;252;222;191m██[38;2;253;206;169m██[38;2;255;221;184m██[38;2;228;153;105m██[38;2;108;59;34m██
[38;2;255;255;255m  [38;2;126;88;67m  [38;2;230;160;116m██[38;2;192;145;118m██[38;2;234;151;110m██[38;2;114;84;74m██[38;2;254;239;226m██[38;2;255;240;224m████[38;2;255;240;225m████████████[38;2;255;238;224m██[38;2;255;239;224m██[38;2;247;216;187m██[38;2;208;162;129m██[38;2;252;204;164m██[38;2;255;216;180m██[38;2;234;158;112m██[38;2;252;196;153m██[38;2;147;110;96m  [38;2;117;85;66m  [38;2;235;148;108m██[38;2;175;129;109m  [38;2;193;136;102m██[38;2;255;228;202m██[38;2;255;225;196m██[38;2;255;225;199m██[38;2;226;169;132m██[38;2;232;152;105m██[38;2;219;150;114m██
[38;2;156;109;92m██[38;2;146;115;99m  [38;2;234;149;104m██[38;2;200;137;99m██[38;2;234;149;102m██[38;2;231;147;105m██[38;2;232;146;104m██[38;2;124;105;94m██[38;2;255;240;224m██[38;2;254;239;224m██[38;2;254;240;225m██[38;2;254;240;224m██[38;2;255;240;225m██[38;2;255;239;225m██[38;2;254;240;225m██[38;2;255;239;224m██[38;2;238;181;159m██[38;2;147;111;83m██[38;2;254;207;168m██[38;2;235;176;134m██[38;2;249;201;163m██[38;2;211;151;125m  [38;2;231;155;112m██[38;2;255;255;255m    [38;2;232;153;108m██[38;2;131;99;81m  [38;2;252;199;156m██[38;2;252;197;152m██[38;2;253;200;158m██[38;2;254;224;197m██[38;2;208;142;113m██[38;2;91;45;24m██[38;2;251;205;162m██
[38;2;255;255;255m  [38;2;224;221;219m  [38;2;233;149;103m██[38;2;210;137;98m██[38;2;232;148;106m██[38;2;185;116;87m██[38;2;231;146;103m██[38;2;226;129;91m██[38;2;229;144;99m██[38;2;172;116;87m██[38;2;113;83;71m██[38;2;247;219;200m██[38;2;250;225;201m██[38;2;236;189;163m██[38;2;242;177;146m██[38;2;243;181;151m██[38;2;178;135;114m██[38;2;253;192;164m██[38;2;252;211;175m██[38;2;249;218;183m██[38;2;227;176;140m██[38;2;255;255;255m  [38;2;238;166;125m██[38;2;255;255;255m    [38;2;193;180;170m  [38;2;251;198;154m██[38;2;253;196;150m██[38;2;252;196;150m██[38;2;253;225;195m██[38;2;179;100;65m██[38;2;97;53;28m██[38;2;253;218;181m██[38;2;255;255;255m  
[38;2;255;255;255m    [38;2;137;126;123m  [38;2;224;143;108m██[38;2;227;149;101m██[38;2;255;255;255m  [38;2;230;147;103m██[38;2;180;103;64m██[38;2;229;145;99m██[38;2;232;146;100m██[38;2;232;146;103m██[38;2;230;148;99m██[38;2;234;147;105m██[38;2;240;177;146m██[38;2;242;181;152m██[38;2;249;191;162m██[38;2;252;196;169m██[38;2;220;189;153m██[38;2;145;121;109m  [38;2;174;168;159m  [38;2;255;255;255m    [38;2;156;115;95m  [38;2;255;255;255m      [38;2;253;196;148m██[38;2;253;197;149m██[38;2;254;205;164m██[38;2;230;157;117m██[38;2;252;210;180m██[38;2;254;199;158m██[38;2;209;131;98m██[38;2;255;255;255m  
[38;2;255;255;255m      [38;2;227;148;99m██[38;2;95;74;69m  [38;2;136;105;97m  [38;2;234;146;104m██[38;2;119;75;50m██[38;2;230;145;104m██[38;2;226;144;97m██[38;2;232;145;98m██[38;2;232;146;103m██[38;2;231;143;100m██[38;2;241;180;151m██[38;2;250;191;163m██[38;2;252;199;173m██[38;2;253;206;184m██[38;2;181;165;156m  [38;2;255;255;255m                [38;2;240;198;163m██[38;2;254;204;158m██[38;2;221;151;105m██[38;2;253;197;152m██[38;2;127;71;40m██[38;2;208;131;87m██[38;2;106;81;67m██[38;2;255;255;255m  
[38;2;255;255;255m    [38;2;201;192;187m  [38;2;198;192;189m  [38;2;255;255;255m  [38;2;232;146;105m██[38;2;153;129;116m  [38;2;107;75;60m  [38;2;166;115;84m  [38;2;219;144;106m██[38;2;232;146;101m██[38;2;228;147;102m██[38;2;135;100;87m  [38;2;246;187;161m██[38;2;252;203;179m██[38;2;253;208;185m██[38;2;255;255;255m                    [38;2;147;98;65m██[38;2;255;193;142m██[38;2;159;97;54m██[38;2;236;151;107m██[38;2;227;165;121m██[38;2;253;191;138m██[38;2;255;255;255m    
[38;2;255;255;255m          [38;2;250;249;248m  [38;2;255;255;255m  [38;2;117;93;76m  [38;2;255;255;255m  [38;2;136;82;58m██[38;2;255;255;255m  [38;2;132;104;88m  [38;2;255;255;255m  [38;2;244;201;179m██[38;2;172;153;144m  [38;2;255;255;255m                      [38;2;243;240;239m  [38;2;251;176;126m██[38;2;250;186;141m██[38;2;254;193;142m██[38;2;253;191;144m██[38;2;117;99;87m  [38;2;255;255;255m    
[38;2;255;255;255m                  [38;2;169;149;143m  [38;2;255;255;255m  [38;2;29;27;26m  [38;2;255;255;255m      [38;2;109;93;85m  [38;2;255;255;255m      [38;2;38;38;38m  [38;2;255;255;255m            [38;2;255;196;149m██[38;2;226;155;109m██[38;2;248;194;149m██[38;2;188;178;170m  [38;2;255;255;255m        
[38;2;255;255;255m                                        [38;2;247;241;236m  [38;2;255;255;255m  [38;2;221;221;221m  [38;2;255;255;255m      [38;2;176;121;88m██[38;2;118;72;49m██[38;2;255;255;255m    [38;2;249;196;153m██[38;2;255;255;255m  [38;2;185;185;185m  [38;2;255;255;255m  
[38;2;255;255;255m              [38;2;232;232;232m  [38;2;255;255;255m                              [38;2;230;230;230m  [38;2;255;255;255m      [38;2;232;144;99m██[38;2;230;147;100m██[38;2;209;128;86m██[38;2;121;94;80m  [38;2;41;41;41m  [38;2;255;255;255m    [0m
