
[38;2;255;255;255m                    [38;2;14;14;14m  [38;2;66;38;38m  [38;2;140;82;80m  [38;2;215;139;121m  [38;2;252;167;142m  [38;2;248;163;139m██[38;2;245;162;138m██████[38;2;246;162;139m██[38;2;250;165;141m  [38;2;251;166;141m  [38;2;220;143;124m  [38;2;154;92;87m  [38;2;89;49;50m  [38;2;22;20;20m  [38;2;242;242;242m  [38;2;255;255;255m          
[38;2;255;255;255m                  [38;2;134;133;133m  [38;2;124;71;70m  [38;2;241;157;135m  [38;2;245;159;137m██[38;2;246;160;137m████████████████████[38;2;245;159;137m██[38;2;247;162;139m  [38;2;193;120;107m  [38;2;132;107;107m  [38;2;100;100;100m  [38;2;255;255;255m        
[38;2;255;255;255m              [38;2;254;254;254m  [38;2;165;160;160m  [38;2;155;100;99m  [38;2;245;156;132m██[38;2;246;158;135m██[38;2;246;158;136m██████████████████████[38;2;246;158;135m██[38;2;246;158;136m████[38;2;253;166;141m  [38;2;106;59;61m  [38;2;108;108;108m  [38;2;255;255;255m      
[38;2;255;255;255m              [38;2;112;111;110m  [38;2;168;122;120m  [38;2;247;173;156m██[38;2;251;217;213m██[38;2;247;160;138m██[38;2;248;179;164m██[38;2;246;156;132m██[38;2;246;157;133m████████████████[38;2;247;156;133m██[38;2;247;155;132m██[38;2;247;157;133m████[38;2;247;156;133m██[38;2;247;158;134m  [38;2;144;85;80m  [38;2;37;21;21m  [38;2;123;123;123m  [38;2;255;255;255m  
[38;2;255;255;255m            [38;2;16;16;16m  [38;2;128;70;69m  [38;2;251;225;221m██[38;2;251;225;222m██[38;2;252;230;227m██[38;2;246;169;150m██[38;2;245;154;130m██[38;2;245;155;131m████████[38;2;247;156;131m██[38;2;245;155;130m██[38;2;245;155;131m████[38;2;245;154;130m██[38;2;245;152;129m██[38;2;246;169;150m██[38;2;154;104;104m██[38;2;244;155;130m██[38;2;214;132;115m██[38;2;245;155;131m██[38;2;246;156;131m  [38;2;108;61;62m  [38;2;107;62;62m  [38;2;36;35;35m  
[38;2;255;255;255m          [38;2;240;240;240m  [38;2;143;107;107m  [38;2;254;233;228m  [38;2;252;227;224m██[38;2;251;223;220m██[38;2;246;148;122m██[38;2;246;153;129m████████████[38;2;190;102;111m██[38;2;246;153;129m██████[38;2;246;154;130m██[38;2;248;181;166m██[38;2;252;231;228m██[38;2;253;233;230m██[38;2;241;148;132m██[38;2;131;80;79m██[38;2;244;152;128m██[38;2;246;153;129m██[38;2;253;164;136m  [38;2;88;55;64m  [38;2;185;170;167m  
[38;2;255;255;255m          [38;2;21;21;21m  [38;2;206;168;164m  [38;2;249;186;172m██[38;2;247;148;124m██[38;2;246;153;133m██[38;2;246;150;128m██[38;2;245;149;127m██[38;2;246;149;127m██[38;2;245;150;127m██[38;2;246;149;127m██[38;2;246;150;127m██[38;2;242;146;126m██[38;2;155;89;87m██[38;2;245;150;127m████[38;2;246;150;127m████[38;2;249;188;176m██[38;2;246;156;135m██[38;2;252;223;220m██[38;2;161;84;87m██[38;2;63;45;58m██[38;2;177;107;97m██[38;2;246;148;126m██[38;2;108;67;71m██[38;2;68;48;60m  [38;2;112;67;69m  
[38;2;255;255;255m        [38;2;245;245;245m  [38;2;112;63;62m  [38;2;245;147;123m██[38;2;246;170;153m██[38;2;195;115;101m██[38;2;244;148;124m██[38;2;245;148;124m████[38;2;236;137;123m██[38;2;245;149;124m██[38;2;241;143;123m██[38;2;240;143;123m██[38;2;223;123;122m██[38;2;176;106;93m██[38;2;241;143;124m██[38;2;244;148;124m██[38;2;245;148;124m████[38;2;245;151;128m██[38;2;243;144;119m██[38;2;246;174;157m██[38;2;153;97;96m██[38;2;110;68;73m██[38;2;62;42;55m██[38;2;56;40;55m██[38;2;61;42;55m██[38;2;93;58;66m██[38;2;90;56;64m  
[38;2;255;255;255m          [38;2;204;128;116m  [38;2;245;146;122m██[38;2;244;146;121m██[38;2;195;115;101m██[38;2;244;146;121m██████[38;2;238;138;121m██[38;2;216;115;120m██[38;2;245;146;121m██[38;2;214;113;119m██[38;2;215;113;122m██[38;2;212;126;108m██[38;2;172;94;96m██[38;2;244;145;123m██[38;2;244;146;123m██[38;2;244;146;122m██[38;2;245;146;122m██[38;2;247;149;123m██[38;2;162;93;87m██[38;2;162;115;114m██[38;2;208;109;116m██[38;2;53;40;55m██[38;2;249;149;125m██[38;2;226;135;114m██[38;2;243;205;197m██[38;2;152;98;96m  
[38;2;255;255;255m        [38;2;118;86;88m  [38;2;251;147;123m  [38;2;241;138;119m██[38;2;219;113;119m██[38;2;246;144;121m██[38;2;244;143;120m██[38;2;245;143;120m██[38;2;243;143;119m██[38;2;238;137;118m██[38;2;192;100;107m██[38;2;252;148;121m██[38;2;187;98;105m██[38;2;145;82;82m██[38;2;208;121;105m██[38;2;212;109;117m██[38;2;245;144;120m██[38;2;244;143;120m██████[38;2;248;145;122m██[38;2;217;115;117m██[38;2;148;84;84m██[38;2;146;81;83m██[38;2;153;85;86m██[38;2;229;120;122m██[38;2;243;142;120m██[38;2;177;96;93m██[38;2;230;179;171m  
[38;2;255;255;255m      [38;2;226;226;226m  [38;2;119;69;69m  [38;2;223;128;109m██[38;2;238;133;117m██[38;2;162;88;92m██[38;2;244;141;117m██[38;2;243;140;117m██[38;2;234;134;113m██[38;2;180;104;93m██[38;2;151;83;86m██[38;2;134;77;76m██[38;2;192;110;97m██[38;2;143;87;90m██[38;2;181;92;96m██[38;2;179;99;86m██[38;2;208;106;115m██[38;2;243;141;117m██[38;2;243;140;117m██[38;2;243;140;116m██[38;2;229;125;117m██[38;2;237;132;118m██[38;2;213;109;115m██[38;2;143;94;106m██[38;2;189;98;104m██[38;2;166;90;92m██[38;2;213;107;117m██[38;2;247;144;116m██[38;2;174;99;92m██[38;2;252;145;118m  
[38;2;255;255;255m  [38;2;151;151;151m  [38;2;255;255;255m  [38;2;219;219;219m  [38;2;174;99;90m  [38;2;111;68;72m██[38;2;209;105;112m██[38;2;127;75;73m██[38;2;242;137;114m██[38;2;243;137;114m████[38;2;232;131;109m██[38;2;212;106;114m██[38;2;149;96;105m██[38;2;231;123;115m██[38;2;169;134;161m██[38;2;164;85;87m██[38;2;138;77;75m██[38;2;208;103;113m██[38;2;245;139;114m██[38;2;243;137;114m████[38;2;206;102;112m██[38;2;211;108;111m██[38;2;215;107;116m██[38;2;170;133;160m██[38;2;148;86;90m██[38;2;142;84;86m██[38;2;161;88;91m██[38;2;225;120;113m██[38;2;192;109;96m██[38;2;245;138;115m  
[38;2;255;255;255m  [38;2;147;126;126m  [38;2;245;241;240m  [38;2;108;108;108m  [38;2;235;130;108m  [38;2;61;47;62m██[38;2;204;101;108m██[38;2;159;91;83m██[38;2;243;135;112m██████[38;2;215;121;102m██[38;2;172;87;88m██[38;2;155;106;119m██[38;2;213;104;110m██[38;2;194;163;203m██[38;2;157;89;94m██[38;2;153;110;124m██[38;2;173;90;94m██[38;2;244;137;111m██[38;2;243;135;112m██[38;2;239;132;111m██[38;2;209;102;110m██[38;2;173;90;94m██[38;2;207;101;109m██[38;2;193;162;201m██[38;2;152;106;117m██[38;2;159;122;143m██[38;2;178;143;173m██[38;2;210;100;113m██[38;2;191;105;96m██[38;2;235;128;111m██
[38;2;255;255;255m  [38;2;155;155;155m  [38;2;58;46;61m  [38;2;101;57;56m  [38;2;213;114;101m  [38;2;60;41;56m██[38;2;188;94;100m██[38;2;198;110;95m██[38;2;242;132;110m██[38;2;243;132;110m████[38;2;202;112;96m██[38;2;138;88;92m██[38;2;162;121;141m██[38;2;177;85;88m██[38;2;180;146;177m██[38;2;148;102;110m██[38;2;192;174;211m██[38;2;166;87;90m██[38;2;231;121;109m██[38;2;243;133;110m██[38;2;206;99;108m██[38;2;146;81;82m██[38;2;135;83;85m██[38;2;141;79;80m██[38;2;139;86;90m██[38;2;146;95;93m██[38;2;147;95;104m██[38;2;192;172;208m██[38;2;177;86;89m██[38;2;167;89;90m██[38;2;232;123;109m██
[38;2;255;255;255m  [38;2;238;238;238m  [38;2;124;72;72m  [38;2;62;42;56m  [38;2;118;71;73m██[38;2;62;42;56m██[38;2;162;85;88m██[38;2;217;118;100m██[38;2;242;130;108m██████[38;2;203;112;97m██[38;2;175;137;165m██[38;2;185;156;191m██[38;2;128;71;70m██[38;2;222;197;196m██[38;2;216;191;189m██[38;2;124;65;63m██[38;2;142;80;80m██[38;2;207;97;107m██[38;2;217;109;105m██[38;2;209;99;107m██[38;2;152;83;84m██[38;2;160;115;133m██[38;2;177;141;170m██[38;2;235;223;220m██[38;2;251;235;232m██[38;2;219;197;195m██[38;2;188;169;204m██[38;2;127;72;70m██[38;2;154;82;84m██[38;2;233;123;107m██
[38;2;209;207;207m  [38;2;105;58;58m  [38;2;147;83;79m  [38;2;109;66;69m  [38;2;103;61;67m██[38;2;61;41;55m██[38;2;172;87;91m██[38;2;223;118;99m██[38;2;241;127;105m██[38;2;242;127;105m████[38;2;214;114;98m██[38;2;192;161;200m██[38;2;159;115;131m██[38;2;247;237;235m██[38;2;252;236;233m████[38;2;251;241;238m██[38;2;134;78;78m██[38;2;192;89;93m██[38;2;206;96;104m██[38;2;150;103;115m██[38;2;141;83;85m██[38;2;141;88;92m██[38;2;141;88;95m██[38;2;254;252;252m██[38;2;254;253;253m██[38;2;248;245;245m██[38;2;176;150;179m██[38;2;144;97;103m██[38;2;196;93;100m██[38;2;237;124;105m██
[38;2;214;210;210m  [38;2;155;86;78m  [38;2;236;123;102m██[38;2;237;122;103m██[38;2;238;122;103m██[38;2;77;49;59m██[38;2;208;94;103m██[38;2;215;114;96m██[38;2;239;123;103m██[38;2;242;126;104m████[38;2;226;118;100m██[38;2;191;160;200m██[38;2;133;76;76m██[38;2;252;250;249m██[38;2;253;252;252m██[38;2;254;253;253m██[38;2;253;252;252m██[38;2;134;78;78m██[38;2;149;94;101m██[38;2;152;101;112m██[38;2;192;166;206m██[38;2;191;165;202m██[38;2;188;178;213m██[38;2;152;111;122m██[38;2;254;254;254m████[38;2;245;240;240m██[38;2;209;196;216m██[38;2;177;155;162m██[38;2;203;94;102m██[38;2;239;123;103m██
[38;2;159;87;81m  [38;2;235;120;102m██[38;2;202;91;99m██[38;2;199;88;99m██[38;2;202;91;99m██[38;2;161;82;86m██[38;2;167;114;109m██[38;2;193;96;83m██[38;2;230;115;101m██[38;2;241;124;102m████[38;2;241;124;103m██[38;2;192;162;201m██[38;2;142;92;97m██[38;2;250;249;248m██[38;2;254;254;254m████[38;2;252;251;252m██[38;2;138;87;90m██[38;2;191;186;221m██[38;2;189;174;209m██[38;2;191;182;217m██[38;2;190;182;217m██[38;2;191;181;216m██[38;2;193;187;224m██[38;2;153;105;105m██[38;2;245;242;242m██[38;2;146;96;95m██[38;2;205;187;217m██[38;2;192;170;211m██[38;2;180;86;91m██[38;2;240;123;103m██
[38;2;248;124;101m  [38;2;228;116;97m  [38;2;201;89;98m██[38;2;202;89;97m██[38;2;201;89;97m██[38;2;135;74;77m██[38;2;175;126;121m██[38;2;163;81;73m██[38;2;214;100;98m██[38;2;240;122;101m██[38;2;241;122;101m██[38;2;246;124;102m██[38;2;200;171;198m██[38;2;239;233;241m██[38;2;154;108;107m██[38;2;222;207;209m██[38;2;215;196;196m██[38;2;131;74;72m██[38;2;185;173;204m██[38;2;190;181;217m██[38;2;189;180;217m██[38;2;190;182;216m██[38;2;195;185;216m██[38;2;181;152;170m██[38;2;215;201;216m██[38;2;226;209;215m██[38;2;213;182;172m██[38;2;245;216;208m██[38;2;247;206;194m██[38;2;250;205;191m██[38;2;205;160;151m██[38;2;244;123;101m██
[38;2;241;238;239m  [38;2;185;86;91m  [38;2;174;84;89m  [38;2;152;80;81m  [38;2;148;79;81m  [38;2;164;83;85m██[38;2;132;73;72m██[38;2;132;70;68m██[38;2;205;92;96m██[38;2;240;120;98m██[38;2;241;121;98m██[38;2;240;120;98m██[38;2;170;135;142m██[38;2;237;230;238m██[38;2;190;164;200m██[38;2;183;155;184m██[38;2;206;185;208m██[38;2;237;219;219m██[38;2;251;232;215m██[38;2;253;234;216m██[38;2;252;230;216m██[38;2;251;229;216m██[38;2;251;230;216m██[38;2;251;228;215m██[38;2;251;229;216m██[38;2;252;228;215m██[38;2;251;224;209m██[38;2;250;212;198m██[38;2;249;202;188m██[38;2;249;198;184m██[38;2;248;204;191m██[38;2;239;121;99m██
[38;2;237;230;230m  [38;2;188;189;188m  [38;2;10;5;6m  [38;2;53;31;31m  [38;2;206;87;97m  [38;2;171;83;86m  [38;2;162;81;84m██[38;2;135;88;87m██[38;2;211;96;95m██[38;2;242;119;96m██[38;2;242;119;97m██[38;2;202;103;89m██[38;2;148;80;76m██[38;2;253;206;189m██[38;2;252;205;189m██[38;2;249;208;195m██[38;2;250;218;203m██[38;2;251;225;212m██[38;2;251;229;215m██[38;2;252;233;219m██[38;2;251;231;218m██[38;2;251;229;215m██[38;2;252;230;216m██[38;2;251;231;217m██[38;2;252;230;216m██[38;2;252;228;215m██[38;2;250;223;209m██[38;2;251;213;199m██[38;2;249;204;190m██[38;2;248;200;187m██[38;2;251;209;196m██[38;2;219;107;89m  
[38;2;255;255;255m    [38;2;187;186;186m  [38;2;176;83;88m  [38;2;177;84;88m  [38;2;190;93;87m  [38;2;167;82;85m██[38;2;185;84;90m  [38;2;229;107;94m██[38;2;234;112;94m██[38;2;239;116;95m██[38;2;204;100;89m██[38;2;239;116;94m██[38;2;252;201;188m██[38;2;250;203;191m██[38;2;250;209;195m██[38;2;250;218;203m██[38;2;251;226;212m██[38;2;209;180;170m██[38;2;188;111;111m██[38;2;173;101;102m██[38;2;165;112;109m██[38;2;164;102;101m██[38;2;160;95;95m██[38;2;252;230;216m██[38;2;252;229;216m██[38;2;251;225;211m██[38;2;250;219;204m██[38;2;249;211;198m██[38;2;248;208;195m██[38;2;251;214;201m██[38;2;226;108;89m  
[38;2;255;255;255m  [38;2;233;233;233m  [38;2;109;67;66m  [38;2;198;85;92m  [38;2;121;73;70m  [38;2;211;105;90m  [38;2;190;84;91m  [38;2;137;78;77m  [38;2;231;112;92m  [38;2;201;88;91m██[38;2;239;115;93m██[38;2;234;109;93m██[38;2;144;79;76m██[38;2;193;141;135m██[38;2;249;209;194m██[38;2;250;213;199m██[38;2;250;221;206m██[38;2;247;234;219m██[38;2;232;145;146m██[38;2;242;158;160m██[38;2;244;164;166m██[38;2;244;166;168m██[38;2;245;167;168m██[38;2;220;144;145m██[38;2;251;229;216m██[38;2;252;229;215m██[38;2;251;227;212m██[38;2;250;221;208m██[38;2;250;217;204m██[38;2;250;214;201m██[38;2;241;207;194m██[38;2;246;118;95m  
[38;2;255;255;255m  [38;2;156;155;155m  [38;2;193;81;88m  [38;2;198;82;90m  [38;2;228;221;221m  [38;2;226;110;89m  [38;2;211;90;90m  [38;2;255;255;255m  [38;2;176;93;82m  [38;2;196;82;90m██[38;2;241;115;91m██[38;2;239;114;91m██[38;2;172;123;117m██[38;2;175;85;75m██[38;2;249;213;199m██[38;2;250;218;204m██[38;2;250;223;209m██[38;2;152;103;98m██[38;2;246;172;173m████████[38;2;246;171;172m██[38;2;173;113;112m██[38;2;251;230;215m██[38;2;251;228;214m██[38;2;251;225;212m██[38;2;250;221;207m██[38;2;249;218;205m██[38;2;247;214;200m██[38;2;163;98;93m██[38;2;210;104;89m  
[38;2;206;205;205m  [38;2;80;49;48m  [38;2;194;81;89m██[38;2;183;81;87m  [38;2;252;252;252m  [38;2;240;112;90m  [38;2;222;97;89m  [38;2;56;42;48m  [38;2;88;53;55m  [38;2;199;84;89m  [38;2;220;99;89m██[38;2;241;114;90m██[38;2;142;73;73m██[38;2;233;191;181m██[38;2;246;219;204m██[38;2;249;219;206m██[38;2;249;222;209m██[38;2;147;94;91m██[38;2;254;181;182m██[38;2;254;186;187m██[38;2;230;154;156m██[38;2;197;123;126m██[38;2;171;105;106m██[38;2;252;236;221m██[38;2;251;228;213m██[38;2;250;224;211m██[38;2;250;221;208m██[38;2;249;218;205m██[38;2;248;215;202m██[38;2;201;163;154m██[38;2;224;98;89m██[38;2;174;90;80m  
[38;2;53;52;52m  [38;2;158;78;81m  [38;2;195;81;88m██[38;2;150;76;78m  [38;2;88;71;71m  [38;2;247;113;89m  [38;2;232;104;89m  [38;2;90;63;67m  [38;2;180;180;180m  [38;2;217;100;87m  [38;2;192;79;87m██[38;2;242;112;89m██[38;2;185;77;86m██[38;2;222;178;168m  [38;2;242;198;187m  [38;2;249;219;206m██[38;2;248;220;207m██[38;2;252;227;213m██[38;2;217;189;178m██[38;2;244;224;210m██[38;2;253;237;222m██[38;2;253;233;219m██[38;2;251;226;212m██[38;2;250;225;212m██[38;2;249;223;210m██[38;2;249;220;207m██[38;2;249;218;205m██[38;2;248;216;203m  [38;2;193;152;144m  [38;2;202;83;89m██[38;2;222;102;87m  [38;2;138;76;73m  
[38;2;208;206;206m  [38;2;190;80;86m  [38;2;194;80;87m  [38;2;117;69;67m  [38;2;84;57;59m  [38;2;244;112;88m  [38;2;240;111;88m██[38;2;92;56;58m  [38;2;140;139;139m  [38;2;105;62;62m  [38;2;150;78;79m  [38;2;199;80;87m██[38;2;200;81;86m  [38;2;158;133;132m  [38;2;138;87;84m  [38;2;252;223;209m  [38;2;247;215;203m██[38;2;249;219;206m██[38;2;249;220;207m██[38;2;250;223;209m██[38;2;250;223;210m████[38;2;250;224;210m██[38;2;249;221;208m██[38;2;249;219;205m██[38;2;248;216;202m██[38;2;244;213;201m  [38;2;124;69;70m  [38;2;174;79;83m  [38;2;204;80;88m██[38;2;171;83;81m  [38;2;58;33;33m  
[38;2;189;182;181m  [38;2;195;78;86m  [38;2;193;78;86m  [38;2;102;64;63m  [38;2;129;75;75m  [38;2;238;109;87m██[38;2;241;110;87m██[38;2;92;56;58m  [38;2;255;255;255m  [38;2;188;187;187m  [38;2;168;79;82m  [38;2;159;78;80m  [38;2;194;79;86m██[38;2;142;75;75m  [38;2;6;4;4m  [38;2;63;51;52m  [38;2;123;70;69m  [38;2;221;183;173m██[38;2;251;224;211m██[38;2;248;219;206m██[38;2;248;219;207m██[38;2;248;220;207m██[38;2;251;222;209m██[38;2;247;226;212m  [38;2;205;161;153m  [38;2;156;74;76m  [38;2;197;80;87m██[38;2;95;59;58m  [38;2;147;73;75m  [38;2;191;79;85m  [38;2;94;55;53m  [38;2;217;214;214m  
[38;2;95;61;58m  [38;2;195;77;85m  [38;2;193;77;85m  [38;2;113;74;72m  [38;2;207;98;83m  [38;2;239;108;86m██[38;2;246;109;87m  [38;2;96;63;64m  [38;2;255;255;255m    [38;2;95;54;53m  [38;2;159;148;148m  [38;2;171;79;82m  [38;2;190;77;84m  [38;2;233;231;230m  [38;2;255;255;255m  [38;2;2;1;1m  [38;2;107;64;67m  [38;2;215;168;160m██[38;2;247;203;192m██[38;2;247;204;193m██[38;2;138;72;72m██[38;2;183;74;80m██[38;2;153;75;77m  [38;2;11;11;11m  [38;2;197;78;85m  [38;2;192;78;85m██[38;2;126;74;73m  [38;2;107;60;59m  [38;2;192;79;86m  [38;2;200;197;197m  [38;2;255;255;255m  
[38;2;39;23;22m  [38;2;195;77;85m  [38;2;202;78;85m██[38;2;133;76;76m  [38;2;239;107;85m██[38;2;240;107;86m██[38;2;228;103;84m  [38;2;251;251;251m  [38;2;255;255;255m    [38;2;254;254;254m  [38;2;254;253;253m  [38;2;240;236;236m  [38;2;154;80;80m  [38;2;126;74;72m  [38;2;180;180;180m  [38;2;130;76;76m  [38;2;58;39;54m  [38;2;72;45;56m██[38;2;220;167;158m██[38;2;251;207;195m██[38;2;89;53;59m██[38;2;157;78;79m██[38;2;200;80;85m  [38;2;88;54;51m  [38;2;214;90;85m  [38;2;241;108;86m██[38;2;100;64;65m  [38;2;149;149;149m  [38;2;136;77;76m  [38;2;255;255;255m    
[38;2;207;205;205m  [38;2;171;77;81m  [38;2;207;86;83m██[38;2;240;107;85m██[38;2;238;105;85m██[38;2;238;106;85m  [38;2;135;77;75m  [38;2;107;107;107m  [38;2;255;255;255m        [38;2;242;242;242m  [38;2;0;0;0m  [38;2;147;86;81m  [38;2;230;137;109m  [38;2;242;165;127m  [38;2;225;153;119m██[38;2;64;48;62m██[38;2;57;41;55m██[38;2;122;75;78m██[38;2;117;66;68m██[38;2;196;116;97m██[38;2;219;131;105m██[38;2;191;93;80m  [38;2;238;106;84m██[38;2;240;106;84m  [38;2;121;87;86m  [38;2;255;255;255m  [38;2;140;123;122m  [38;2;255;255;255m    
[38;2;244;244;244m  [38;2;82;46;46m  [38;2;159;76;78m  [38;2;193;76;83m██[38;2;196;77;83m  [38;2;151;81;79m  [38;2;16;9;8m  [38;2;255;255;255m            [38;2;228;228;228m  [38;2;239;164;126m  [38;2;237;161;125m██[38;2;225;143;114m██[38;2;236;161;125m██[38;2;233;159;124m██[38;2;108;62;68m██[38;2;75;53;63m██[38;2;159;69;73m██[38;2;233;156;122m██[38;2;236;148;116m██[38;2;230;138;110m██[38;2;195;76;83m  [38;2;117;66;65m  [38;2;255;255;255m          [0m
