
[38;2;0;0;0m                    [38;2;197;199;201m  [38;2;79;78;82m  [38;2;5;5;5m  [38;2;0;0;0m                      [38;2;1;1;1m  [38;2;23;23;24m  [38;2;29;29;31m  [38;2;18;18;19m  [38;2;1;1;1m  [38;2;1;1;22m  [38;2;0;0;0m      
[38;2;0;0;0m                    [38;2;9;9;9m  [38;2;196;198;200m  [38;2;243;244;245m  [38;2;11;11;11m  [38;2;0;0;0m            [38;2;1;1;1m  [38;2;17;17;17m  [38;2;209;207;218m  [38;2;245;243;254m  [38;2;238;236;250m██[38;2;240;238;250m██[38;2;234;232;238m██[38;2;161;160;173m██[38;2;238;236;250m██[38;2;243;241;254m  [38;2;183;181;189m  [38;2;5;5;5m  [38;2;0;0;0m  
[38;2;0;0;0m                      [38;2;1;1;1m  [38;2;240;244;248m██[38;2;244;244;244m  [38;2;1;1;1m  [38;2;0;0;0m      [38;2;22;15;22m  [38;2;39;38;41m  [38;2;139;138;145m  [38;2;201;200;210m██[38;2;233;230;237m██[38;2;91;91;101m██[38;2;242;239;247m██[38;2;88;92;121m██[38;2;89;92;123m██[38;2;89;91;122m██[38;2;170;169;174m██[38;2;252;249;254m██[38;2;239;237;251m██[38;2;240;238;252m  [38;2;182;181;185m  
[38;2;0;0;0m                      [38;2;65;65;65m  [38;2;224;226;231m  [38;2;241;242;247m██[38;2;65;65;65m  [38;2;0;0;0m    [38;2;6;6;10m  [38;2;210;209;213m  [38;2;73;72;78m██[38;2;88;91;123m██[38;2;76;75;107m██[38;2;53;52;66m██[38;2;69;70;92m██[38;2;77;78;106m██[38;2;73;71;104m██[38;2;90;93;126m██[38;2;65;63;92m██[38;2;84;82;106m██[38;2;80;83;110m██[38;2;80;82;110m██[38;2;133;132;141m██[38;2;246;244;253m██
[38;2;0;0;0m                        [38;2;163;164;165m  [38;2;242;243;246m██[38;2;250;251;252m  [38;2;3;3;3m  [38;2;5;5;6m  [38;2;138;133;165m  [38;2;88;91;125m██[38;2;47;44;57m██[38;2;67;62;96m██[38;2;93;89;111m██[38;2;192;187;218m██[38;2;229;226;244m██[38;2;234;232;248m██[38;2;162;158;182m██[38;2;58;55;76m██[38;2;106;102;125m██[38;2;241;239;253m██[38;2;223;220;239m██[38;2;181;174;212m██[38;2;88;87;109m██[38;2;88;90;122m██
[38;2;0;0;0m                        [38;2;176;176;179m  [38;2;242;243;246m██[38;2;240;241;245m██[38;2;6;6;6m  [38;2;65;63;80m  [38;2;70;68;89m██[38;2;181;175;213m██[38;2;240;237;254m██[38;2;186;179;219m██[38;2;242;240;253m██[38;2;241;238;253m██[38;2;242;238;253m██[38;2;242;239;254m██[38;2;241;238;253m██[38;2;242;238;252m██[38;2;241;238;253m██[38;2;242;240;254m██████[38;2;243;241;254m██[38;2;186;180;214m██
[38;2;0;0;0m      [38;2;34;33;33m  [38;2;191;152;149m  [38;2;111;111;111m  [38;2;0;0;0m          [38;2;1;1;1m  [38;2;240;241;245m  [38;2;242;243;247m██[38;2;240;241;245m██[38;2;69;67;80m██[38;2;114;110;135m██[38;2;213;210;223m██[38;2;240;238;252m██[38;2;240;239;253m██[38;2;240;238;252m██[38;2;241;239;253m██[38;2;241;238;253m██[38;2;242;238;253m██[38;2;220;218;231m██[38;2;242;239;253m██[38;2;241;239;253m████[38;2;242;239;253m██[38;2;242;240;254m██[38;2;242;240;253m██[38;2;242;240;254m██[38;2;240;238;253m██
[38;2;0;0;0m        [38;2;249;233;222m██[38;2;0;0;0m            [38;2;44;45;45m  [38;2;241;242;246m██[38;2;241;242;245m██[38;2;247;249;250m██[38;2;102;98;122m██[38;2;220;217;236m██[38;2;244;241;252m██[38;2;241;239;253m████████████[38;2;234;232;246m██[38;2;240;238;252m██[38;2;241;239;253m████████[38;2;241;238;253m████[38;2;241;239;253m██
[38;2;0;0;0m        [38;2;250;241;228m██[38;2;8;8;8m  [38;2;0;0;0m          [38;2;202;205;207m  [38;2;237;241;244m████[38;2;237;239;242m██[38;2;169;175;209m██[38;2;183;195;202m██[38;2;240;237;253m██[38;2;241;239;253m██[38;2;244;242;254m██[38;2;241;239;253m██[38;2;240;238;253m██[38;2;240;238;252m██[38;2;240;238;251m██[38;2;244;243;253m██[38;2;240;237;251m██[38;2;218;209;217m██[38;2;222;219;230m██[38;2;240;237;251m██[38;2;240;238;250m██[38;2;243;251;243m██[38;2;240;241;251m██[38;2;241;238;252m██
[38;2;0;0;0m        [38;2;249;239;227m██[38;2;2;2;2m    [38;2;0;0;0m      [38;2;2;2;2m  [38;2;238;240;244m██[38;2;235;237;242m██[38;2;234;237;242m██[38;2;117;113;135m██[38;2;216;239;249m██[38;2;194;226;224m██[38;2;240;237;252m██[38;2;241;236;252m██[38;2;167;163;173m██[38;2;248;249;242m██[38;2;248;250;232m██[38;2;245;245;239m██[38;2;248;252;234m██[38;2;248;253;234m██[38;2;250;251;240m██[38;2;239;243;237m██[38;2;226;225;221m██[38;2;249;251;241m██[38;2;247;252;242m██[38;2;242;247;244m██[38;2;228;231;235m██[38;2;239;239;250m██
[38;2;0;0;0m    [38;2;11;11;10m  [38;2;213;191;182m  [38;2;252;242;229m██[38;2;237;214;205m██[38;2;150;115;113m  [38;2;34;34;34m  [38;2;0;0;0m    [38;2;1;1;1m  [38;2;209;207;216m██[38;2;227;230;234m██[38;2;225;228;233m██[38;2;171;162;204m██[38;2;192;252;250m██[38;2;206;251;242m██[38;2;220;250;232m██[38;2;233;252;229m██[38;2;97;69;68m██[38;2;205;201;210m██[38;2;245;241;243m██[38;2;243;238;245m██[38;2;244;236;246m██[38;2;243;236;244m██[38;2;243;237;243m██[38;2;249;242;250m██[38;2;218;204;209m██[38;2;197;187;191m██[38;2;244;239;245m██[38;2;244;239;246m██[38;2;152;132;140m██[38;2;242;236;248m██
[38;2;0;0;0m    [38;2;116;111;106m  [38;2;250;239;227m████[38;2;251;239;227m██[38;2;219;167;163m██[38;2;54;41;40m  [38;2;0;0;0m      [38;2;163;152;175m██[38;2;170;159;180m██[38;2;170;158;183m██[38;2;230;224;245m██[38;2;221;218;231m██[38;2;239;235;249m██[38;2;239;238;247m██[38;2;241;242;240m██[38;2;187;133;130m██[38;2;155;140;151m██[38;2;246;240;246m██[38;2;245;236;243m████[38;2;247;238;242m██[38;2;214;203;206m██[38;2;251;241;245m██[38;2;197;160;158m██[38;2;191;145;140m██[38;2;245;236;240m██[38;2;248;239;243m██[38;2;173;141;144m██[38;2;244;239;246m██
[38;2;0;0;0m    [38;2;13;12;12m  [38;2;250;238;226m██[38;2;251;239;227m████[38;2;231;193;186m  [38;2;0;0;0m        [38;2;82;75;88m  [38;2;148;135;161m██[38;2;117;107;125m██[38;2;215;211;226m██[38;2;195;192;200m██[38;2;239;234;246m██[38;2;105;101;107m██[38;2;244;236;243m██[38;2;240;179;174m██[38;2;149;140;149m██[38;2;225;217;224m██[38;2;245;236;240m██[38;2;245;237;240m██[38;2;246;238;240m██[38;2;147;125;124m██[38;2;186;180;183m██[38;2;148;120;117m██[38;2;233;212;202m██[38;2;251;242;244m██[38;2;246;236;238m██[38;2;171;133;133m██[38;2;246;240;244m██
[38;2;0;0;0m    [38;2;2;2;1m  [38;2;250;238;226m  [38;2;251;239;226m██[38;2;251;239;227m██[38;2;230;191;184m  [38;2;15;14;14m  [38;2;0;0;0m      [38;2;1;1;1m  [38;2;31;29;28m  [38;2;42;40;44m██[38;2;149;146;154m██[38;2;190;187;196m██[38;2;240;234;243m██[38;2;145;109;106m██[38;2;244;235;240m██[38;2;219;191;184m██[38;2;131;125;133m██[38;2;127;119;120m██[38;2;231;220;228m██[38;2;246;237;238m████[38;2;163;118;116m██[38;2;248;242;245m██[38;2;230;203;193m██[38;2;230;217;207m██[38;2;212;204;209m██[38;2;218;208;218m██[38;2;220;184;178m██[38;2;221;215;218m██
[38;2;0;0;0m    [38;2;32;32;32m  [38;2;248;237;225m  [38;2;250;238;226m██[38;2;250;239;227m██[38;2;195;148;145m  [38;2;15;11;14m  [38;2;135;94;119m  [38;2;1;1;1m  [38;2;2;1;1m  [38;2;0;0;0m  [38;2;10;10;10m  [38;2;87;85;99m██[38;2;143;139;150m██[38;2;223;218;229m██[38;2;240;234;241m██[38;2;184;135;132m██[38;2;224;213;226m██[38;2;250;220;212m██[38;2;201;155;151m██[38;2;194;171;164m██[38;2;211;199;211m██[38;2;231;220;226m██[38;2;212;201;212m██[38;2;199;141;137m██[38;2;201;191;203m██[38;2;183;129;127m██[38;2;59;42;41m██[38;2;34;32;34m██[38;2;75;72;76m██[38;2;71;44;43m██[38;2;208;200;202m██
[38;2;24;16;21m  [38;2;158;110;138m  [38;2;144;99;127m  [38;2;243;238;226m██[38;2;250;238;226m██[38;2;250;236;225m██[38;2;170;127;124m██[38;2;192;135;167m██[38;2;239;182;200m██[38;2;241;183;203m  [38;2;201;145;174m  [38;2;39;39;39m  [38;2;31;32;32m  [38;2;98;96;113m██[38;2;136;131;142m██[38;2;248;242;250m██[38;2;242;236;244m██[38;2;161;120;117m██[38;2;184;173;166m██[38;2;234;211;201m██[38;2;189;154;148m██[38;2;189;138;135m██[38;2;165;152;160m██[38;2;155;138;142m██[38;2;179;152;149m██[38;2;221;172;166m██[38;2;191;116;117m██[38;2;76;29;33m██[38;2;72;75;98m██[38;2;33;46;106m██[38;2;34;48;112m██[38;2;86;81;110m██[38;2;150;133;135m██
[38;2;0;0;0m  [38;2;166;125;139m  [38;2;243;186;203m██[38;2;103;70;87m██[38;2;229;193;185m██[38;2;192;144;142m██[38;2;163;111;144m██[38;2;244;187;204m██[38;2;246;189;206m██[38;2;168;126;144m  [38;2;3;2;2m  [38;2;0;0;0m  [38;2;39;40;40m  [38;2;113;111;128m██[38;2;113;108;120m██[38;2;237;231;243m██[38;2;205;197;211m██[38;2;145;118;120m██[38;2;143;105;103m██[38;2;5;2;2m██[38;2;14;1;2m██[38;2;85;19;27m██[38;2;208;148;146m██[38;2;250;236;223m████[38;2;250;236;222m██[38;2;246;235;224m██[38;2;166;170;196m██[38;2;155;167;210m██[38;2;57;81;154m██[38;2;61;87;174m██[38;2;47;67;149m██[38;2;129;97;103m██
[38;2;16;11;15m  [38;2;242;185;201m██[38;2;243;187;201m██[38;2;245;188;202m██[38;2;229;173;193m██[38;2;228;172;193m██[38;2;246;189;206m██[38;2;242;185;203m██[38;2;186;128;164m██[38;2;186;129;164m██[38;2;11;5;11m  [38;2;0;0;0m  [38;2;21;21;21m██[38;2;159;160;169m██[38;2;100;93;107m██[38;2;236;230;244m██[38;2;160;152;168m██[38;2;97;91;99m██[38;2;130;64;72m██[38;2;249;250;252m██[38;2;43;59;138m██[38;2;43;60;137m██[38;2;216;208;213m██[38;2;250;237;226m████[38;2;251;237;225m██[38;2;250;236;225m██[38;2;233;234;242m██[38;2;105;149;243m██[38;2;68;98;165m██[38;2;109;161;245m██[38;2;104;120;178m██[38;2;210;167;166m██
[38;2;208;152;178m  [38;2;240;181;200m██[38;2;162;113;142m██[38;2;245;188;203m██[38;2;248;190;207m██[38;2;191;142;164m██[38;2;245;188;205m██[38;2;190;136;166m██[38;2;226;170;192m██[38;2;245;188;205m██[38;2;167;116;148m  [38;2;0;0;0m  [38;2;37;38;38m  [38;2;213;217;220m██[38;2;118;107;128m██[38;2;234;228;244m██[38;2;221;215;231m██[38;2;199;189;209m██[38;2;174;111;121m██[38;2;68;98;185m██[38;2;87;129;186m██[38;2;95;137;227m██[38;2;252;250;249m██[38;2;251;237;226m██[38;2;252;238;226m██[38;2;251;237;226m██[38;2;250;237;226m██[38;2;251;242;235m██[38;2;86;140;197m██[38;2;117;216;245m██[38;2;162;232;249m██[38;2;240;241;246m██[38;2;246;225;215m██
[38;2;3;3;3m  [38;2;127;86;112m  [38;2;173;117;152m██[38;2;112;77;98m██[38;2;144;99;127m██[38;2;175;119;154m██[38;2;154;105;135m██[38;2;197;144;169m██[38;2;244;187;204m██[38;2;245;188;205m██[38;2;182;128;159m██[38;2;103;94;109m  [38;2;82;74;87m██[38;2;166;152;179m██[38;2;132;121;143m██[38;2;233;229;246m██[38;2;233;228;242m██[38;2;191;181;205m██[38;2;175;134;129m██[38;2;144;149;190m██[38;2;120;217;245m██[38;2;212;234;242m██[38;2;252;241;236m██[38;2;252;236;226m██[38;2;252;238;227m██[38;2;251;237;227m██[38;2;252;236;226m██[38;2;252;233;223m██[38;2;251;229;220m██[38;2;215;189;182m██[38;2;243;212;202m██[38;2;251;221;213m██[38;2;250;222;212m██
[38;2;0;0;0m  [38;2;173;117;155m  [38;2;174;118;153m██[38;2;178;119;155m██[38;2;184;128;161m██[38;2;179;123;157m██[38;2;173;118;153m██[38;2;216;167;180m██[38;2;244;188;205m██[38;2;245;188;205m██[38;2;196;140;170m██[38;2;217;210;221m██[38;2;245;245;245m██[38;2;125;123;134m██[38;2;208;202;232m██[38;2;232;224;245m██[38;2;233;226;243m██[38;2;186;176;204m██[38;2;109;82;80m██[38;2;247;211;203m██[38;2;193;164;168m██[38;2;249;220;215m██[38;2;252;224;216m██[38;2;252;232;223m██[38;2;253;236;226m██[38;2;252;236;228m██[38;2;252;234;224m██[38;2;252;229;219m██[38;2;252;219;210m██[38;2;252;211;204m██[38;2;252;204;197m██[38;2;252;200;193m██[38;2;251;199;192m██
[38;2;2;1;1m  [38;2;185;125;164m  [38;2;242;185;200m██[38;2;243;184;202m██[38;2;241;183;201m██[38;2;243;185;203m██[38;2;243;186;203m██[38;2;165;125;138m██[38;2;243;187;204m████[38;2;195;139;170m██[38;2;239;234;240m██[38;2;244;244;245m██[38;2;131;118;137m██[38;2;176;170;204m██[38;2;207;199;219m██[38;2;225;216;239m██[38;2;180;171;201m██[38;2;65;54;57m██[38;2;249;197;191m██[38;2;250;199;192m██[38;2;251;208;200m██[38;2;250;220;210m██[38;2;250;230;220m██[38;2;251;234;226m██[38;2;250;236;226m██[38;2;251;235;224m██[38;2;250;230;220m██[38;2;250;223;212m██[38;2;251;215;206m██[38;2;251;207;200m██[38;2;250;201;193m██[38;2;249;197;190m██
[38;2;0;0;0m  [38;2;178;120;157m██[38;2;243;186;201m██[38;2;229;172;191m██[38;2;243;186;202m██[38;2;243;186;203m██[38;2;244;187;204m██[38;2;129;92;111m██[38;2;243;186;203m██[38;2;243;186;204m██[38;2;184;130;161m██[38;2;173;163;179m██[38;2;245;245;245m██[38;2;243;243;243m██[38;2;102;92;107m██[38;2;130;123;145m██[38;2;231;217;246m██[38;2;209;197;228m██[38;2;37;35;41m██[38;2;249;194;185m██[38;2;250;203;195m██[38;2;251;216;207m██[38;2;251;227;216m██[38;2;250;233;222m██[38;2;252;235;225m██[38;2;250;236;225m██[38;2;250;235;225m██[38;2;251;234;224m██[38;2;250;233;221m██[38;2;249;230;218m██[38;2;249;226;216m██[38;2;249;222;213m██[38;2;248;219;209m██
[38;2;1;0;0m  [38;2;172;118;152m██[38;2;243;186;201m██[38;2;218;166;180m██[38;2;243;186;200m██[38;2;243;186;203m████[38;2;180;131;156m██[38;2;242;186;202m██[38;2;243;186;203m██[38;2;174;120;154m██[38;2;121;99;119m██[38;2;243;243;243m████[38;2;160;153;163m██[38;2;53;48;56m██[38;2;220;203;236m██[38;2;198;185;211m██[38;2;100;95;114m██[38;2;239;196;188m██[38;2;249;222;212m██[38;2;249;229;220m██[38;2;250;233;222m██[38;2;249;234;224m████[38;2;249;238;227m██[38;2;248;235;223m██[38;2;248;235;224m██[38;2;248;234;223m████[38;2;248;233;223m██[38;2;248;232;222m██[38;2;238;197;191m██
[38;2;7;3;7m  [38;2;178;120;157m  [38;2;241;184;201m██[38;2;244;187;204m██[38;2;242;185;202m████[38;2;243;186;203m██[38;2;241;185;202m██[38;2;100;69;87m██[38;2;242;185;202m██[38;2;174;118;155m██[38;2;146;132;154m██[38;2;245;246;244m██[38;2;242;242;242m██[38;2;181;182;181m██[38;2;141;96;125m██[38;2;226;203;243m██[38;2;145;132;155m██[38;2;135;129;159m██[38;2;101;73;72m██[38;2;247;229;218m██[38;2;248;234;223m████[38;2;247;235;222m██[38;2;252;241;229m██[38;2;190;98;110m██[38;2;209;187;180m██[38;2;248;234;223m██[38;2;247;234;223m██[38;2;247;233;223m████[38;2;234;201;193m██[38;2;21;19;21m██
[38;2;0;0;0m  [38;2;53;36;46m  [38;2;245;186;202m██[38;2;239;183;198m██[38;2;191;139;164m██[38;2;242;184;202m██[38;2;243;186;203m██[38;2;242;186;203m██[38;2;242;186;202m██[38;2;178;136;150m██[38;2;173;117;152m██[38;2;98;74;92m██[38;2;238;237;239m██[38;2;242;242;242m██[38;2;195;196;195m██[38;2;131;89;115m██[38;2;186;163;202m██[38;2;200;175;215m██[38;2;200;183;222m██[38;2;172;165;203m██[38;2;122;89;87m██[38;2;241;219;208m██[38;2;246;232;221m██████[38;2;245;231;220m██[38;2;246;232;221m████[38;2;246;231;221m██[38;2;244;225;215m██[38;2;226;183;177m██[38;2;38;36;45m██[38;2;165;158;195m██
[38;2;0;0;0m  [38;2;86;43;86m  [38;2;199;143;171m██[38;2;242;185;200m██[38;2;232;176;193m██[38;2;241;183;202m██[38;2;242;185;202m██[38;2;243;186;203m██[38;2;242;185;202m██[38;2;183;126;160m██[38;2;172;128;145m██[38;2;243;242;243m██[38;2;243;243;242m██[38;2;243;243;243m██[38;2;221;221;221m██[38;2;168;114;147m██[38;2;121;92;117m██[38;2;221;185;238m██[38;2;179;168;208m██[38;2;96;88;104m██[38;2;164;156;195m██[38;2;136;130;162m██[38;2;169;134;129m██[38;2;238;209;199m██[38;2;243;224;214m██[38;2;245;227;216m██[38;2;246;229;217m██[38;2;242;222;211m██[38;2;228;190;183m██[38;2;121;90;87m██[38;2;174;155;182m██[38;2;173;154;181m██[38;2;90;81;96m██
[38;2;0;0;0m    [38;2;66;45;59m  [38;2;241;182;200m██[38;2;242;185;202m██[38;2;198;144;169m██[38;2;241;184;201m██[38;2;240;185;201m████[38;2;171;117;151m██[38;2;145;137;150m██[38;2;242;242;242m████[38;2;241;241;241m██[38;2;178;172;183m██[38;2;177;122;156m██[38;2;152;104;134m██[38;2;215;174;229m██[38;2;105;75;98m██[38;2;110;99;116m██[38;2;121;108;129m██[38;2;127;113;132m██[38;2;173;154;180m██[38;2;170;152;179m██[38;2;147;129;150m██[38;2;145;108;106m██[38;2;142;106;104m██[38;2;143;106;104m██[38;2;197;146;143m██[38;2;165;149;175m██[38;2;174;156;182m██[38;2;174;155;182m██[38;2;174;157;182m██
[38;2;0;0;0m    [38;2;46;0;46m  [38;2;187;131;163m  [38;2;240;182;200m██[38;2;223;166;188m██[38;2;209;155;177m██[38;2;241;184;201m██[38;2;175;120;154m██[38;2;181;125;161m██[38;2;236;234;237m██[38;2;242;242;242m████[38;2;240;240;240m██[38;2;191;179;198m██[38;2;156;107;138m██[38;2;181;124;160m██[38;2;225;178;239m██[38;2;115;82;107m██[38;2;148;142;179m██[38;2;96;86;101m██[38;2;174;155;182m██[38;2;173;155;181m██[38;2;173;154;181m██[38;2;183;164;193m██[38;2;213;158;155m██[38;2;126;110;126m██[38;2;177;134;134m██[38;2;155;140;164m██[38;2;172;154;180m██[38;2;172;154;181m██[38;2;174;156;182m██[38;2;169;150;177m██
[38;2;0;0;0m      [38;2;5;3;5m  [38;2;236;179;197m██[38;2;171;115;151m██[38;2;120;83;104m██[38;2;172;116;151m██[38;2;173;117;153m██[38;2;180;122;160m██[38;2;228;224;231m██[38;2;241;241;241m████[38;2;239;239;239m██[38;2;227;219;229m██[38;2;179;121;159m██[38;2;104;71;92m██[38;2;173;135;184m██[38;2;148;113;153m██[38;2;130;116;135m██[38;2;138;124;144m██[38;2;173;154;181m██[38;2;173;154;182m██[38;2;173;154;181m██[38;2;174;156;182m██[38;2;175;157;183m██[38;2;174;156;182m██[38;2;174;155;182m██[38;2;220;216;224m██[38;2;240;240;240m████[38;2;184;169;191m██[38;2;174;156;182m██
[38;2;0;0;0m        [38;2;107;72;94m  [38;2;187;131;162m██[38;2;162;110;144m██[38;2;186;131;162m██[38;2;171;115;151m██[38;2;172;116;153m██[38;2;74;65;77m██[38;2;243;243;242m██[38;2;240;240;240m██[38;2;238;238;238m██[38;2;221;216;224m██[38;2;143;99;129m██[38;2;157;106;140m██[38;2;129;95;128m██[38;2;187;145;200m██[38;2;176;157;184m██[38;2;79;71;81m██[38;2;222;218;224m██[38;2;240;240;240m████[38;2;241;242;241m██[38;2;241;241;240m██[38;2;240;240;240m██[38;2;241;242;241m██[38;2;241;241;241m████[38;2;240;240;240m██[38;2;192;179;198m██[38;2;231;231;231m██
[38;2;0;0;0m        [38;2;2;1;2m  [38;2;176;121;155m  [38;2;170;115;150m██[38;2;145;97;128m██[38;2;172;116;153m██[38;2;171;116;151m██[38;2;173;117;153m██[38;2;56;50;59m██[38;2;174;154;183m██[38;2;171;152;179m██[38;2;183;164;192m██[38;2;176;119;157m██[38;2;123;84;110m██[38;2;163;113;149m██[38;2;179;139;190m██[38;2;180;162;188m██[38;2;173;155;181m██[38;2;104;93;109m██[38;2;242;243;242m██[38;2;245;245;245m██[38;2;241;241;241m██[38;2;238;237;238m██[38;2;242;243;242m██[38;2;225;225;225m██[38;2;241;241;241m██[38;2;242;243;241m██[38;2;191;177;196m██[38;2;160;158;161m██[38;2;138;125;144m██[0m
