
[38;2;0;0;0m                    [38;2;235;110;0m████[38;2;231;108;0m  [38;2;0;0;0m                      [38;2;235;110;0m██[38;2;222;104;0m  [38;2;13;6;0m  [38;2;0;0;0m                                      
[38;2;0;0;0m                      [38;2;235;110;0m██[38;2;234;110;0m██[38;2;235;110;0m██[38;2;0;0;0m                  [38;2;235;110;0m██[38;2;231;105;0m████[38;2;235;110;0m████[38;2;0;0;0m                                    
[38;2;0;0;0m                      [38;2;84;36;0m  [38;2;235;109;0m██[38;2;235;110;0m██[38;2;60;28;0m  [38;2;0;0;0m                    [38;2;23;6;0m  [38;2;188;50;1m██[38;2;234;110;0m██[38;2;235;110;0m██[38;2;0;0;0m                                  
[38;2;0;0;0m  [38;2;3;1;0m  [38;2;0;0;0m                    [38;2;234;110;0m████[38;2;235;110;0m██[38;2;0;0;0m                      [38;2;127;34;0m  [38;2;188;50;1m████[38;2;234;110;0m██[38;2;0;0;0m                                
[38;2;0;0;0m  [38;2;59;27;0m  [38;2;156;73;0m  [38;2;0;0;0m                  [38;2;207;74;1m██[38;2;234;110;0m██[38;2;235;110;0m██[38;2;0;0;0m                        [38;2;188;50;1m██[38;2;235;110;0m██[38;2;187;50;1m██[38;2;21;9;0m  [38;2;0;0;0m        [38;2;218;102;0m  [38;2;235;109;0m██[38;2;235;110;0m██[38;2;234;110;0m██[38;2;235;109;0m██[38;2;0;0;0m            
[38;2;0;0;0m    [38;2;235;110;0m██[38;2;1;0;0m  [38;2;0;0;0m                [38;2;188;50;1m██[38;2;234;110;0m██[38;2;235;110;0m██[38;2;114;53;0m  [38;2;0;0;0m                      [38;2;1;0;0m  [38;2;226;99;0m██[38;2;234;110;0m████[38;2;0;0;0m      [38;2;235;110;0m████[38;2;234;110;0m██[38;2;235;110;0m██[38;2;228;101;0m██[38;2;235;110;0m████[38;2;27;12;0m  [38;2;0;0;0m        
[38;2;0;0;0m    [38;2;234;110;0m████[38;2;235;110;0m██[38;2;0;0;0m              [38;2;188;49;1m██[38;2;234;110;0m██[38;2;235;110;0m██[38;2;234;109;0m██[38;2;0;0;0m                        [38;2;188;50;1m██[38;2;235;110;0m██[38;2;234;110;0m██[38;2;0;0;0m    [38;2;235;110;0m██[38;2;234;109;0m██[38;2;235;110;0m██[38;2;204;95;0m  [38;2;187;50;1m██[38;2;188;50;1m██[38;2;187;50;1m██[38;2;188;50;1m██[38;2;234;109;0m██[38;2;0;0;0m        
[38;2;0;0;0m    [38;2;235;110;0m████[38;2;164;77;0m  [38;2;235;110;0m████[38;2;0;0;0m          [38;2;188;50;1m██[38;2;235;110;0m██[38;2;234;110;0m██[38;2;235;110;0m██[38;2;0;0;0m                      [38;2;77;21;0m  [38;2;188;50;1m██[38;2;234;110;0m████[38;2;0;0;0m  [38;2;177;83;0m  [38;2;235;110;0m██[38;2;234;109;0m██[38;2;234;110;0m██[38;2;188;50;1m████[38;2;178;47;1m  [38;2;70;18;0m  [38;2;0;0;0m  [38;2;188;50;1m██[38;2;187;50;1m██[38;2;0;0;0m      
[38;2;0;0;0m    [38;2;188;50;1m██[38;2;235;110;0m████[38;2;220;91;0m██[38;2;234;110;0m██[38;2;235;110;0m████[38;2;0;0;0m      [38;2;188;50;1m██[38;2;235;110;0m██████[38;2;0;0;0m                      [38;2;17;4;0m  [38;2;187;50;1m██[38;2;235;110;0m████████████[38;2;188;49;1m██[38;2;188;50;1m██[38;2;0;0;0m            [38;2;93;25;0m  [38;2;0;0;0m    
[38;2;0;0;0m    [38;2;182;48;1m  [38;2;234;110;0m██[38;2;235;110;0m██████[38;2;234;110;0m██[38;2;204;96;0m  [38;2;234;110;0m██[38;2;235;110;0m██[38;2;0;0;0m  [38;2;188;49;1m██[38;2;234;110;0m██[38;2;234;109;0m██[38;2;235;110;0m██[38;2;0;0;0m                      [38;2;157;42;1m  [38;2;234;109;0m██[38;2;234;110;0m████[38;2;162;58;0m  [38;2;234;110;0m██[38;2;235;110;0m██[38;2;234;110;0m██[38;2;188;50;1m██[38;2;0;0;0m                    
[38;2;0;0;0m    [38;2;40;10;0m  [38;2;235;110;0m██[38;2;220;103;0m  [38;2;235;110;0m██[38;2;188;49;1m██[38;2;235;110;0m██[38;2;234;110;0m██[38;2;235;110;0m██████[38;2;188;50;1m██[38;2;212;81;0m██[38;2;188;49;1m██[38;2;235;110;0m██[38;2;0;0;0m                      [38;2;188;50;1m██[38;2;235;110;0m██[38;2;234;110;0m██[38;2;188;50;1m██[38;2;235;110;0m██[38;2;223;96;0m██[38;2;235;110;0m██[38;2;188;50;1m██[38;2;126;44;0m  [38;2;235;110;0m██[38;2;0;0;0m                  
[38;2;0;0;0m      [38;2;188;50;1m██[38;2;226;106;0m  [38;2;235;110;0m████████[38;2;236;110;0m██[38;2;198;63;1m██[38;2;235;110;0m██[38;2;188;50;1m████[38;2;191;89;0m  [38;2;234;110;0m██[38;2;0;0;0m                      [38;2;235;110;0m████[38;2;223;95;0m██[38;2;180;47;1m  [38;2;235;110;0m██[38;2;187;50;1m██[38;2;234;110;0m██[38;2;188;50;1m██[38;2;230;103;0m██[38;2;235;110;0m██[38;2;112;52;0m  [38;2;0;0;0m                
[38;2;0;0;0m      [38;2;188;50;1m████[38;2;235;110;0m████████████[38;2;219;89;0m██[38;2;188;50;1m████[38;2;235;110;0m██[38;2;232;105;0m██[38;2;0;0;0m        [38;2;235;110;0m██[38;2;0;0;0m          [38;2;234;110;0m██[38;2;235;110;0m██[38;2;188;50;1m████[38;2;188;49;1m██[38;2;235;110;0m██[38;2;188;50;1m██[38;2;235;110;0m██[38;2;188;50;1m██[38;2;188;49;1m██[38;2;234;110;0m██[38;2;235;110;0m██[38;2;0;0;0m                
[38;2;0;0;0m        [38;2;188;50;1m██[38;2;210;78;0m██[38;2;235;110;0m██[38;2;234;109;0m██[38;2;186;86;0m  [38;2;234;109;0m████[38;2;225;97;0m██[38;2;178;80;0m  [38;2;188;50;1m████[38;2;235;110;0m██[38;2;0;0;0m      [38;2;194;91;0m  [38;2;188;50;1m██[38;2;0;0;0m      [38;2;233;108;0m  [38;2;124;58;0m  [38;2;234;110;0m██[38;2;188;50;1m████[38;2;181;48;1m  [38;2;0;0;0m  [38;2;235;109;0m██[38;2;222;93;0m██[38;2;191;54;0m██[38;2;188;50;1m████[38;2;234;109;0m████[38;2;0;0;0m                
[38;2;0;0;0m        [38;2;188;49;1m██[38;2;187;50;1m██[38;2;235;110;0m██[38;2;234;109;0m██[38;2;235;110;0m████[38;2;234;109;0m██[38;2;235;110;0m████[38;2;188;50;1m██[38;2;188;49;1m██[38;2;235;109;0m██[38;2;235;110;0m██[38;2;0;0;0m    [38;2;188;49;1m████[38;2;0;0;0m  [38;2;235;109;0m██[38;2;235;110;0m████[38;2;176;82;0m  [38;2;233;108;0m██[38;2;188;49;1m██[38;2;187;50;1m██[38;2;188;49;1m██[38;2;0;0;0m  [38;2;235;110;0m████[38;2;187;50;1m██[38;2;188;49;1m██[38;2;188;50;1m██[38;2;214;83;0m██[38;2;235;110;0m██[38;2;0;0;0m                
[38;2;0;0;0m          [38;2;188;50;1m████[38;2;235;110;0m██████████[38;2;224;104;0m  [38;2;181;48;1m  [38;2;188;50;1m████[38;2;235;110;0m████[38;2;0;0;0m  [38;2;235;110;0m██[38;2;66;17;0m  [38;2;234;109;0m██[38;2;228;107;0m  [38;2;43;38;49m  [38;2;96;51;19m  [38;2;235;110;0m██[38;2;163;65;0m  [38;2;188;50;1m██[38;2;189;55;1m  [38;2;188;50;1m██[38;2;0;0;0m  [38;2;235;110;0m████[38;2;188;50;1m██████[38;2;187;49;1m██[38;2;235;110;0m██[38;2;0;0;0m                
[38;2;0;0;0m      [38;2;115;54;0m  [38;2;235;110;0m██[38;2;234;109;0m  [38;2;188;50;1m████[38;2;235;110;0m████████████[38;2;188;50;1m██████[38;2;201;67;0m██[38;2;235;110;0m██[38;2;191;54;1m██[38;2;235;110;0m████[38;2;46;40;52m  [38;2;47;40;52m██[38;2;233;108;0m██[38;2;235;110;0m██████[38;2;188;50;1m██[38;2;0;0;0m    [38;2;235;110;0m████[38;2;188;50;1m████████[38;2;235;110;0m██[38;2;0;0;0m        [38;2;13;6;0m  [38;2;97;45;0m  [38;2;235;110;0m██[38;2;189;88;0m  
[38;2;0;0;0m  [38;2;210;98;0m  [38;2;235;109;0m████[38;2;235;110;0m██[38;2;235;109;0m██[38;2;235;110;0m██[38;2;235;109;0m██[38;2;160;64;0m  [38;2;224;96;0m██[38;2;172;80;0m  [38;2;235;110;0m██[38;2;188;49;1m████[38;2;207;75;0m██[38;2;187;49;1m██[38;2;188;49;1m████[38;2;185;49;1m  [38;2;188;50;1m██[38;2;209;98;0m  [38;2;174;83;5m  [38;2;47;40;52m██[38;2;188;50;1m██[38;2;235;110;0m██[38;2;235;109;0m██[38;2;234;109;0m██[38;2;188;50;1m██[38;2;188;49;1m██[38;2;0;0;0m    [38;2;235;109;0m██[38;2;234;110;0m██[38;2;188;50;1m██[38;2;188;49;1m██[38;2;166;44;0m  [38;2;188;49;1m██[38;2;235;110;0m██[38;2;0;0;0m      [38;2;235;109;0m████[38;2;188;50;1m██[38;2;187;49;1m  [38;2;0;0;0m  
[38;2;140;66;0m  [38;2;234;110;0m██[38;2;235;110;0m██[38;2;234;109;0m  [38;2;230;108;0m  [38;2;232;108;0m  [38;2;234;109;0m  [38;2;235;110;0m██[38;2;234;110;0m████[38;2;187;50;1m██[38;2;234;109;0m██[38;2;235;109;0m██[38;2;235;110;0m██[38;2;188;50;1m██████[38;2;135;36;1m  [38;2;234;109;0m██[38;2;234;110;0m██[38;2;235;110;0m██[38;2;221;103;0m  [38;2;188;50;1m██[38;2;228;102;0m██[38;2;234;110;0m██[38;2;205;72;0m██[38;2;188;50;1m██[38;2;178;47;1m  [38;2;0;0;0m      [38;2;235;110;0m██[38;2;234;109;0m██[38;2;188;50;1m██[38;2;0;0;0m    [38;2;188;50;1m██[38;2;225;98;0m██[38;2;234;110;0m██[38;2;0;0;0m  [38;2;235;110;0m████[38;2;188;50;1m████[38;2;0;0;0m    
[38;2;235;110;0m██[38;2;188;50;1m██████████[38;2;218;89;0m██[38;2;234;110;0m██[38;2;235;110;0m██████[38;2;188;50;1m████[38;2;218;88;0m██[38;2;235;110;0m██[38;2;234;110;0m██[38;2;72;34;0m  [38;2;0;0;0m  [38;2;235;110;0m██[38;2;220;92;0m██[38;2;116;37;11m  [38;2;235;110;0m██[38;2;235;109;0m██[38;2;234;110;0m██[38;2;235;110;0m████[38;2;233;108;0m██[38;2;139;37;0m  [38;2;0;0;0m    [38;2;235;110;0m████[38;2;188;49;1m██[38;2;187;49;1m██[38;2;0;0;0m      [38;2;188;50;1m████[38;2;235;110;0m██[38;2;234;109;0m  [38;2;156;41;1m  [38;2;188;50;1m██[38;2;0;0;0m      
[38;2;188;50;1m██[38;2;188;49;1m██[38;2;0;0;0m    [38;2;188;50;1m██[38;2;188;50;0m██[38;2;187;50;1m██[38;2;188;50;1m██[38;2;235;110;0m██[38;2;232;108;0m  [38;2;234;110;0m██[38;2;235;110;0m██[38;2;125;33;0m  [38;2;160;44;0m  [38;2;175;47;0m  [38;2;188;50;0m██[38;2;187;50;1m██[38;2;188;50;1m██[38;2;147;49;0m  [38;2;61;31;28m  [38;2;233;109;0m  [38;2;235;110;0m██[38;2;213;99;0m  [38;2;188;49;1m██[38;2;235;110;0m██████████[38;2;165;77;0m  [38;2;234;110;0m██[38;2;188;49;0m██[38;2;188;50;1m██[38;2;23;6;0m  [38;2;0;0;0m        [38;2;234;110;0m██[38;2;234;109;0m██[38;2;235;110;0m██[38;2;188;50;0m██[38;2;33;9;0m  [38;2;0;0;0m      
[38;2;0;0;0m            [38;2;174;46;1m  [38;2;188;50;1m████[38;2;234;110;0m██[38;2;235;110;0m██████[38;2;228;106;0m  [38;2;235;110;0m██[38;2;0;0;0m    [38;2;48;42;54m██[38;2;235;110;0m██[38;2;243;243;243m██[38;2;47;41;53m██[38;2;235;110;0m██[38;2;187;50;1m██[38;2;188;50;1m████[38;2;200;66;0m██[38;2;189;51;1m██[38;2;193;56;0m██[38;2;235;110;0m██[38;2;188;50;1m██[38;2;188;49;1m██[38;2;188;50;1m████[38;2;0;0;0m        [38;2;235;110;0m██[38;2;234;109;0m██[38;2;235;110;0m██[38;2;188;50;1m████[38;2;0;0;0m        
[38;2;0;0;0m                [38;2;188;50;1m████[38;2;235;110;0m██[38;2;234;110;0m██████[38;2;235;110;0m██[38;2;19;9;0m  [38;2;172;80;0m  [38;2;97;94;97m  [38;2;175;175;175m██[38;2;65;29;23m  [38;2;187;50;1m██[38;2;188;50;1m████[38;2;163;43;1m  [38;2;188;50;1m██[38;2;175;46;0m  [38;2;171;45;0m  [38;2;188;50;1m██[38;2;234;109;0m██[38;2;235;110;0m██[38;2;181;85;0m  [38;2;235;110;0m██[38;2;234;110;0m██[38;2;231;108;0m██[38;2;234;110;0m██[38;2;235;110;0m██[38;2;234;110;0m██[38;2;187;50;1m██[38;2;229;103;0m██[38;2;187;50;1m██[38;2;188;50;1m██[38;2;188;49;1m██[38;2;0;0;0m        
[38;2;0;0;0m                  [38;2;188;50;1m██████[38;2;212;88;0m  [38;2;235;110;0m██[38;2;234;110;0m██[38;2;235;110;0m██[38;2;217;100;0m  [38;2;235;110;0m██[38;2;234;109;0m  [38;2;188;50;1m██[38;2;188;49;1m██[38;2;186;49;1m  [38;2;0;0;0m    [38;2;50;13;0m  [38;2;188;50;1m██████████[38;2;213;82;0m██[38;2;188;50;1m██[38;2;218;89;0m██[38;2;235;110;0m████[38;2;234;110;0m██[38;2;188;50;1m██[38;2;232;108;0m  [38;2;187;50;1m██[38;2;188;50;1m████[38;2;0;0;0m          
[38;2;0;0;0m                    [38;2;120;32;0m  [38;2;188;50;1m████[38;2;187;50;1m██[38;2;188;50;1m██[38;2;188;49;0m██[38;2;188;50;1m██[38;2;235;110;0m██[38;2;188;50;1m██████[38;2;0;0;0m        [38;2;57;15;0m  [38;2;188;50;1m████[38;2;0;0;0m  [38;2;187;50;1m██[38;2;235;110;0m██[38;2;188;50;1m██[38;2;187;50;1m██[38;2;188;50;1m████[38;2;188;49;1m██[38;2;188;50;1m██[38;2;187;50;1m██[38;2;188;50;1m██████[38;2;0;0;0m          
[38;2;0;0;0m                        [38;2;14;4;0m  [38;2;183;49;1m  [38;2;188;50;1m██[38;2;198;63;0m██[38;2;232;106;0m██[38;2;206;74;0m██[38;2;188;50;1m██[38;2;197;61;0m██[38;2;188;50;1m██[38;2;0;0;0m        [38;2;188;50;1m██[38;2;188;49;1m██[38;2;4;1;0m  [38;2;0;0;0m  [38;2;188;50;1m██[38;2;234;110;0m██[38;2;0;0;0m    [38;2;188;50;1m██████████[38;2;188;49;1m██[38;2;0;0;0m              
[38;2;0;0;0m                            [38;2;173;46;1m  [38;2;188;50;1m██[38;2;184;83;0m  [38;2;188;50;1m██[38;2;13;4;0m  [38;2;188;50;1m██[38;2;0;0;0m        [38;2;188;50;1m████[38;2;66;17;0m  [38;2;0;0;0m    [38;2;188;50;1m██[38;2;21;10;0m  [38;2;0;0;0m                              
[38;2;0;0;0m                                [38;2;193;57;1m██[38;2;0;0;0m  [38;2;235;110;0m██[38;2;6;2;0m  [38;2;0;0;0m          [38;2;15;4;0m  [38;2;188;50;1m██[38;2;0;0;0m    [38;2;234;109;0m██[38;2;0;0;0m                                
[38;2;0;0;0m                              [38;2;57;26;0m  [38;2;188;50;1m██[38;2;0;0;0m  [38;2;188;50;1m██[38;2;0;0;0m                [38;2;188;50;1m██[38;2;0;0;0m  [38;2;235;110;0m██[38;2;0;0;0m                                
[38;2;0;0;0m                              [38;2;235;110;0m██[38;2;188;50;1m██[38;2;188;87;0m  [38;2;188;50;1m██[38;2;0;0;0m                [38;2;188;50;1m██[38;2;187;49;1m  [38;2;235;110;0m██[38;2;0;0;0m                                
[38;2;0;0;0m                            [38;2;208;97;0m  [38;2;235;109;0m██[38;2;0;0;0m  [38;2;235;109;0m██[38;2;6;1;0m  [38;2;0;0;0m                [38;2;1;0;0m  [38;2;234;109;0m  [38;2;235;110;0m██[38;2;0;0;0m                                
[38;2;0;0;0m                          [38;2;164;98;41m  [38;2;235;110;0m██[38;2;165;165;165m  [38;2;221;221;221m██[38;2;221;93;0m██[38;2;0;0;0m                    [38;2;235;110;0m  [38;2;167;134;106m  [38;2;162;162;162m  [38;2;0;0;0m                              [0m
