
[38;2;1;11;25m  [38;2;3;21;50m  [38;2;2;20;49m  [38;2;2;21;50m  [38;2;11;30;56m  [38;2;0;0;33m  [38;2;0;0;29m  [38;2;0;0;0m    [38;2;0;0;29m  [38;2;15;50;91m  [38;2;2;41;104m  [38;2;81;105;149m██[38;2;220;225;234m██[38;2;254;254;254m██[38;2;214;220;230m██[38;2;246;248;249m  [38;2;252;253;253m  [38;2;238;240;244m  [38;2;186;196;213m  [38;2;59;88;137m  [38;2;7;47;108m  [38;2;114;136;171m  [38;2;254;254;254m██[38;2;254;254;255m██[38;2;255;255;255m██████[38;2;254;254;255m██[38;2;76;104;148m  [38;2;0;0;59m  
[38;2;24;60;118m  [38;2;254;254;254m██████[38;2;238;241;245m  [38;2;160;174;198m  [38;2;42;75;129m  [38;2;9;47;108m  [38;2;3;21;45m  [38;2;20;57;116m  [38;2;191;201;217m  [38;2;254;254;254m████[38;2;254;254;255m██[38;2;242;243;246m██[38;2;217;212;225m██[38;2;252;253;253m██[38;2;255;255;255m██████[38;2;215;221;231m██[38;2;244;244;247m██[38;2;255;255;255m██████[38;2;254;254;254m████[38;2;254;254;255m██[38;2;255;255;255m██[38;2;187;198;214m  [38;2;21;30;62m  
[38;2;150;167;193m  [38;2;255;255;255m██████████[38;2;254;254;254m████[38;2;133;148;179m  [38;2;236;235;241m██[38;2;255;255;255m████████████████████[38;2;254;254;254m██[38;2;255;255;255m████[38;2;254;254;254m██[38;2;241;245;248m██[38;2;160;133;153m██[38;2;185;110;118m██[38;2;254;254;254m██[38;2;255;255;255m██[38;2;236;239;243m  [38;2;5;25;54m  
[38;2;202;210;223m  [38;2;255;255;255m██[38;2;254;254;254m██[38;2;253;254;254m██[38;2;254;254;254m██[38;2;254;254;255m██[38;2;255;255;255m████[38;2;254;254;254m██[38;2;254;253;254m██[38;2;255;255;255m████████████████████████[38;2;254;254;254m██[38;2;155;138;160m  [38;2;230;146;143m██[38;2;252;184;180m██[38;2;250;182;178m██[38;2;254;254;254m██[38;2;255;255;255m██[38;2;254;254;254m██[38;2;10;52;106m  
[38;2;224;229;236m  [38;2;255;255;255m██[38;2;254;255;255m██[38;2;197;122;127m██[38;2;204;124;128m██[38;2;158;148;169m██[38;2;247;249;251m██[38;2;255;255;255m████████████[38;2;252;252;253m██[38;2;255;255;255m██████████████████[38;2;222;229;237m  [38;2;232;174;174m██[38;2;251;182;179m██[38;2;252;185;179m██[38;2;230;235;242m██[38;2;255;255;255m██[38;2;254;254;254m██[38;2;7;46;107m  
[38;2;230;234;240m  [38;2;255;255;255m██[38;2;254;254;255m██[38;2;228;170;171m██[38;2;252;182;179m██[38;2;252;183;179m██[38;2;214;158;162m██[38;2;254;254;254m██[38;2;243;242;246m██[38;2;255;255;255m████[38;2;254;254;254m██[38;2;244;242;246m██[38;2;242;241;246m██[38;2;241;239;245m██[38;2;255;255;255m██████████████████[38;2;254;254;254m██[38;2;180;147;161m  [38;2;251;183;179m██[38;2;209;216;227m  [38;2;255;255;255m██[38;2;254;254;254m██[38;2;8;46;107m  
[38;2;233;237;242m  [38;2;255;255;255m██[38;2;254;254;254m██[38;2;236;176;174m██[38;2;251;182;179m██[38;2;193;152;162m  [38;2;254;254;254m██[38;2;236;234;241m██[38;2;242;241;246m██[38;2;251;251;252m██[38;2;253;253;254m██[38;2;255;255;255m██[38;2;239;237;243m██[38;2;248;247;251m██[38;2;251;251;252m██[38;2;255;255;255m████████████████████[38;2;254;254;254m██[38;2;166;139;156m  [38;2;215;219;229m  [38;2;255;255;255m██[38;2;254;254;254m██[38;2;8;48;109m  
[38;2;207;214;226m  [38;2;255;255;255m██[38;2;254;254;254m██[38;2;235;175;173m  [38;2;208;159;165m  [38;2;250;250;252m██[38;2;243;241;247m██[38;2;247;247;251m████[38;2;248;247;251m██[38;2;246;245;248m██[38;2;255;255;255m██[38;2;238;236;242m██[38;2;255;255;254m██[38;2;249;248;250m██[38;2;255;255;255m██████████████[38;2;254;255;255m██[38;2;255;255;255m██████[38;2;254;254;254m██[38;2;213;220;230m██[38;2;255;255;255m██[38;2;254;254;254m██[38;2;11;48;111m  
[38;2;151;167;192m  [38;2;255;255;255m████[38;2;214;165;169m██[38;2;246;248;250m  [38;2;255;255;255m██[38;2;239;237;244m██[38;2;248;247;250m████[38;2;241;240;246m██[38;2;255;255;255m██[38;2;168;182;203m  [38;2;254;254;255m██[38;2;255;255;255m████████████[38;2;254;254;254m██[38;2;184;194;213m██[38;2;255;255;255m██[38;2;253;253;254m██[38;2;254;254;254m██[38;2;253;253;253m████[38;2;255;255;255m████[38;2;254;254;254m██[38;2;214;210;223m██[38;2;127;148;179m  
[38;2;75;104;150m  [38;2;255;255;255m██[38;2;254;254;254m██[38;2;145;163;190m  [38;2;254;254;255m██[38;2;255;255;255m██[38;2;233;230;240m██[38;2;245;243;249m██[38;2;241;240;246m██[38;2;247;246;249m██[38;2;254;254;254m██[38;2;174;186;206m  [38;2;255;255;255m██████████████[38;2;210;218;228m  [38;2;191;190;219m██[38;2;254;254;254m██[38;2;252;251;252m██[38;2;242;239;247m████[38;2;244;242;249m██[38;2;255;255;255m████[38;2;216;212;226m██[38;2;188;189;209m  [38;2;7;27;55m  
[38;2;10;49;111m  [38;2;254;254;254m██[38;2;255;255;255m██[38;2;254;254;254m██[38;2;255;255;255m██[38;2;250;249;252m██[38;2;233;229;239m██[38;2;238;235;244m██[38;2;237;234;244m██[38;2;252;251;252m██[38;2;235;240;243m██[38;2;188;198;215m  [38;2;255;255;255m██████████████[38;2;137;154;185m  [38;2;205;201;227m██[38;2;178;190;209m  [38;2;254;254;254m██[38;2;239;236;245m██[38;2;238;234;243m██[38;2;240;237;245m██[38;2;252;251;253m██[38;2;255;255;255m██[38;2;254;254;254m██[38;2;86;108;152m  [38;2;0;0;0m  
[38;2;9;50;108m  [38;2;217;211;225m██[38;2;255;255;255m██████[38;2;241;239;246m██[38;2;238;235;243m████[38;2;245;243;248m██[38;2;255;255;255m██[38;2;142;157;188m  [38;2;145;160;189m  [38;2;255;255;255m████████████[38;2;254;254;254m██[38;2;170;174;206m██[38;2;206;202;227m██[38;2;183;184;214m██[38;2;254;254;254m██[38;2;238;235;244m██[38;2;238;235;243m██[38;2;238;235;244m██[38;2;254;254;254m██[38;2;255;255;255m████[38;2;215;214;226m  [38;2;4;24;54m  
[38;2;1;37;45m  [38;2;112;134;169m  [38;2;254;255;255m██[38;2;255;255;255m██[38;2;206;214;226m  [38;2;239;236;245m██[38;2;238;235;244m██[38;2;237;234;244m██[38;2;255;255;255m██[38;2;254;254;254m██[38;2;199;196;224m  [38;2;141;154;189m██[38;2;254;254;254m██[38;2;255;255;255m██████████[38;2;240;243;246m██[38;2;175;178;209m██[38;2;195;194;221m██[38;2;205;201;227m██[38;2;189;199;216m  [38;2;246;245;250m██[38;2;238;235;244m████[38;2;204;212;224m  [38;2;254;255;255m██[38;2;255;255;255m██[38;2;254;253;254m██[38;2;5;47;108m  
[38;2;6;26;55m  [38;2;223;228;235m  [38;2;255;255;255m██[38;2;254;254;254m██[38;2;245;247;249m██[38;2;240;238;246m██[38;2;250;250;251m██[38;2;250;249;251m██[38;2;255;255;255m██[38;2;166;179;202m██[38;2;174;178;209m██[38;2;170;174;206m██[38;2;251;252;253m██[38;2;255;255;255m██████████[38;2;144;159;189m  [38;2;205;201;227m██[38;2;206;202;228m██[38;2;206;202;227m██[38;2;179;181;212m  [38;2;254;254;254m██[38;2;239;236;245m██[38;2;244;242;247m██[38;2;252;252;253m██[38;2;253;253;254m██[38;2;255;255;255m██[38;2;254;254;254m██[38;2;6;47;109m  
[38;2;3;23;54m  [38;2;250;250;252m██[38;2;255;255;255m██[38;2;238;240;244m██[38;2;254;254;254m██[38;2;251;251;252m██[38;2;253;253;254m██[38;2;255;255;255m██[38;2;254;254;255m██[38;2;171;175;207m██[38;2;206;202;228m██[38;2;208;204;229m██[38;2;211;218;229m██[38;2;255;255;255m████████[38;2;254;254;254m██[38;2;186;186;216m██[38;2;206;201;227m██████[38;2;206;202;228m██[38;2;214;220;230m██[38;2;253;252;254m██[38;2;253;253;254m██[38;2;254;254;254m██[38;2;237;239;244m██[38;2;255;255;255m██[38;2;254;254;254m██[38;2;25;60;118m  
[38;2;16;50;109m  [38;2;247;247;249m██[38;2;255;255;255m██[38;2;227;232;238m██[38;2;254;254;254m██[38;2;255;255;255m████[38;2;252;252;253m██[38;2;207;215;226m  [38;2;207;202;228m██[38;2;206;202;227m██[38;2;205;201;227m██[38;2;125;144;177m  [38;2;255;255;255m████████[38;2;188;199;215m██[38;2;206;202;228m██[38;2;206;201;227m██[38;2;206;202;228m██[38;2;207;203;228m██[38;2;206;202;228m██[38;2;163;170;202m██[38;2;254;254;255m██[38;2;255;255;255m██[38;2;254;254;254m██[38;2;222;228;235m██[38;2;255;255;255m██[38;2;254;254;254m██[38;2;31;65;121m  
[38;2;23;65;127m  [38;2;234;231;238m██[38;2;255;255;255m██[38;2;220;226;234m██[38;2;254;254;254m██[38;2;255;255;255m██[38;2;254;254;255m██[38;2;223;228;236m██[38;2;147;156;192m██[38;2;206;202;227m██[38;2;205;201;227m██[38;2;206;202;227m██[38;2;137;149;185m  [38;2;254;254;254m██[38;2;255;255;255m████[38;2;254;254;254m██[38;2;167;171;204m██[38;2;205;202;227m██[38;2;28;62;119m  [38;2;3;42;104m  [38;2;3;41;103m  [38;2;3;43;104m  [38;2;16;54;113m██[38;2;240;242;246m  [38;2;255;255;255m██[38;2;254;254;254m██[38;2;223;229;236m██[38;2;255;255;255m██[38;2;168;182;202m  [38;2;14;53;114m  
[38;2;3;23;54m  [38;2;215;212;226m  [38;2;255;255;255m██[38;2;221;226;235m██[38;2;254;254;254m██████[38;2;215;222;231m██[38;2;206;202;228m██[38;2;117;132;173m  [38;2;32;65;121m  [38;2;14;51;110m  [38;2;178;180;211m██[38;2;254;254;255m██[38;2;255;255;255m██[38;2;186;194;212m██[38;2;190;201;216m██[38;2;206;202;228m██[38;2;205;201;228m██[38;2;116;132;173m██[38;2;23;57;110m  [38;2;29;58;111m██[38;2;28;59;111m██[38;2;207;215;225m██[38;2;134;155;184m██[38;2;253;253;253m██[38;2;254;254;254m██[38;2;224;228;237m██[38;2;255;255;255m██[38;2;193;203;218m██[38;2;4;44;106m  
[38;2;11;26;57m  [38;2;182;185;206m  [38;2;254;254;255m██[38;2;232;236;241m██[38;2;254;254;254m██[38;2;238;240;244m██[38;2;236;239;244m██[38;2;27;64;120m  [38;2;8;48;108m  [38;2;22;56;110m██[38;2;29;58;111m██[38;2;37;62;111m██[38;2;210;205;229m██[38;2;253;253;254m██[38;2;221;226;234m██[38;2;124;142;175m██[38;2;217;220;227m██[38;2;255;251;245m████[38;2;110;123;156m██[38;2;70;66;109m██[38;2;53;62;110m  [38;2;59;71;112m██[38;2;79;102;142m  [38;2;195;205;219m  [38;2;249;249;251m██[38;2;254;254;254m██[38;2;225;226;235m██[38;2;255;255;255m██[38;2;221;227;235m██[38;2;10;48;110m  
[38;2;0;0;91m  [38;2;89;112;154m  [38;2;255;255;255m██[38;2;246;246;249m██[38;2;255;255;255m██[38;2;239;242;245m██[38;2;188;198;215m  [38;2;235;238;243m██[38;2;6;45;106m██[38;2;39;64;112m██[38;2;38;64;112m  [38;2;65;63;108m  [38;2;253;253;249m██[38;2;83;109;151m  [38;2;217;222;229m██[38;2;219;223;227m██[38;2;255;251;245m██████[38;2;201;209;221m██[38;2;232;92;101m██[38;2;233;92;100m██[38;2;231;92;101m██[38;2;160;129;153m██[38;2;244;243;245m██[38;2;234;236;242m██[38;2;171;184;204m  [38;2;224;221;231m██[38;2;254;254;255m██[38;2;239;242;245m  [38;2;5;24;55m  
[38;2;0;0;99m  [38;2;14;52;113m  [38;2;254;254;254m██[38;2;238;236;241m██[38;2;226;230;237m██[38;2;254;254;254m██[38;2;159;166;189m██[38;2;254;254;254m██[38;2;81;66;106m██[38;2;222;89;101m██[38;2;235;92;101m██[38;2;236;92;100m██[38;2;251;252;248m██[38;2;254;252;247m██[38;2;255;251;245m████████████[38;2;230;230;232m██[38;2;129;151;179m██[38;2;244;214;211m██[38;2;254;244;236m██[38;2;254;244;235m██[38;2;205;211;224m██[38;2;187;197;214m  [38;2;219;215;227m██[38;2;248;249;250m██[38;2;251;252;253m██[38;2;17;57;123m  
[38;2;0;0;0m  [38;2;11;50;109m  [38;2;254;254;254m██[38;2;115;132;169m██[38;2;142;155;184m██[38;2;254;254;254m██[38;2;164;143;161m██[38;2;255;254;254m██[38;2;148;131;158m██[38;2;233;90;99m██[38;2;90;65;107m██[38;2;217;215;222m██[38;2;255;251;245m██████████████████[38;2;254;251;245m██[38;2;170;175;191m██[38;2;169;173;189m██[38;2;221;219;217m██[38;2;149;166;191m  [38;2;220;216;228m██[38;2;215;211;225m██[38;2;101;122;161m██[38;2;100;124;162m██[38;2;8;47;107m  
[38;2;0;0;0m  [38;2;45;65;138m  [38;2;253;253;254m██[38;2;33;67;122m██[38;2;213;210;223m██[38;2;252;252;252m██[38;2;162;168;188m  [38;2;254;240;232m██[38;2;255;241;233m██[38;2;255;242;234m██[38;2;253;247;241m██[38;2;255;251;245m████████████████████[38;2;254;250;242m██[38;2;146;157;179m██[38;2;157;165;184m██[38;2;217;213;214m██[38;2;150;153;173m  [38;2;217;212;225m██[38;2;209;206;221m██[38;2;5;44;107m  [38;2;7;50;108m  [38;2;7;48;109m  
[38;2;0;0;0m  [38;2;45;65;138m  [38;2;178;190;208m  [38;2;6;46;106m  [38;2;217;213;225m██[38;2;137;149;180m██[38;2;241;244;248m██[38;2;254;244;234m██[38;2;255;241;231m████[38;2;255;245;238m██[38;2;255;250;245m██[38;2;255;251;245m██████[38;2;253;253;250m██[38;2;176;189;206m██[38;2;159;170;191m██[38;2;254;251;246m██[38;2;255;251;245m████[38;2;255;248;243m██[38;2;255;244;236m██[38;2;255;241;233m██[38;2;254;240;231m██[38;2;109;129;160m  [38;2;216;212;226m██[38;2;198;197;215m██[38;2;15;49;116m  [38;2;0;0;0m  [38;2;3;40;114m  
[38;2;0;0;0m  [38;2;12;53;107m  [38;2;11;51;110m  [38;2;8;25;59m  [38;2;126;140;174m  [38;2;214;210;224m██[38;2;93;114;156m  [38;2;188;192;201m  [38;2;255;241;232m████[38;2;255;245;239m██[38;2;255;250;245m██[38;2;255;250;246m████[38;2;254;250;245m██[38;2;154;150;172m██[38;2;254;185;180m██[38;2;165;136;154m  [38;2;254;252;247m██[38;2;255;250;246m████[38;2;254;252;245m██[38;2;241;240;236m██[38;2;175;182;195m██[38;2;149;162;182m██[38;2;75;89;124m  [38;2;140;151;183m██[38;2;90;112;154m  [38;2;0;41;84m  [38;2;0;0;0m    
[38;2;0;0;0m  [38;2;4;26;61m  [38;2;4;25;61m  [38;2;0;0;0m  [38;2;9;48;110m  [38;2;207;205;220m██[38;2;81;98;135m  [38;2;192;197;204m  [38;2;254;243;233m██[38;2;255;243;235m██[38;2;255;248;242m██[38;2;255;250;246m████████[38;2;254;251;246m██[38;2;252;253;248m██[38;2;254;250;245m██[38;2;255;250;246m████[38;2;212;219;225m  [38;2;237;239;244m  [38;2;254;254;254m██[38;2;254;255;255m██[38;2;254;254;254m████[38;2;251;251;252m██[38;2;99;123;161m  [38;2;9;47;104m  [38;2;9;42;97m  [38;2;0;0;0m  
[38;2;0;0;0m        [38;2;0;21;53m  [38;2;4;44;105m  [38;2;142;153;182m██[38;2;112;115;138m██[38;2;254;252;244m██[38;2;255;247;242m██[38;2;255;250;245m██[38;2;255;250;246m████████████████[38;2;212;218;226m  [38;2;252;252;253m██[38;2;255;255;255m████[38;2;170;184;204m██[38;2;254;254;254m██[38;2;255;255;255m████[38;2;254;254;254m██[38;2;215;221;231m  [38;2;7;45;102m  [38;2;0;0;0m  
[38;2;0;0;0m          [38;2;9;48;111m  [38;2;9;50;111m  [38;2;59;82;123m  [38;2;8;48;109m  [38;2;43;76;128m  [38;2;224;228;231m  [38;2;254;253;248m██[38;2;254;250;245m████[38;2;255;250;245m██[38;2;255;250;246m██████[38;2;254;252;249m██[38;2;231;235;241m██[38;2;255;255;255m██[38;2;255;231;227m██[38;2;254;195;184m██[38;2;229;234;240m██[38;2;254;254;255m████[38;2;219;225;234m██[38;2;254;254;254m██[38;2;254;254;255m██[38;2;147;163;189m  [38;2;4;17;44m  
[38;2;0;0;0m              [38;2;1;14;29m  [38;2;0;0;45m  [38;2;0;0;0m  [38;2;3;14;31m  [38;2;11;48;108m  [38;2;67;86;125m██[38;2;78;95;131m██[38;2;39;73;126m██[38;2;254;251;246m██[38;2;255;250;245m████[38;2;173;185;201m  [38;2;254;254;254m██[38;2;255;255;255m██[38;2;255;250;249m██[38;2;255;217;209m██[38;2;255;255;255m██[38;2;152;168;193m  [38;2;176;188;207m  [38;2;236;239;243m██[38;2;254;240;237m██[38;2;255;255;255m██[38;2;254;254;254m██[38;2;4;45;107m  
[38;2;0;0;0m                [38;2;7;48;110m  [38;2;40;60;88m  [38;2;53;63;82m  [38;2;53;63;83m  [38;2;44;59;90m██  [38;2;45;59;88m██[38;2;134;146;168m██[38;2;254;253;249m██[38;2;254;252;247m██[38;2;110;130;161m  [38;2;255;255;255m██████████[38;2;254;254;255m██[38;2;177;188;208m██[38;2;254;252;252m██[38;2;253;195;184m██[38;2;254;229;224m██[38;2;254;254;254m██[38;2;42;75;128m  
[38;2;0;0;0m            [38;2;0;0;51m  [38;2;18;50;110m  [38;2;226;92;100m██[38;2;172;84;94m██[38;2;170;83;93m██[38;2;205;89;97m██[38;2;243;95;102m██[38;2;207;89;98m██[38;2;106;72;86m██[38;2;58;65;82m██[38;2;45;58;86m  [38;2;37;62;103m  [38;2;121;133;160m  [38;2;219;216;223m██[38;2;255;255;255m██[38;2;254;254;255m██[38;2;249;250;252m██[38;2;255;255;255m████[38;2;254;254;254m████[38;2;255;249;247m██[38;2;255;255;255m████[38;2;113;130;163m  
[38;2;0;0;0m            [38;2;0;0;59m  [38;2;35;57;94m  [38;2;62;65;81m██[38;2;61;65;81m████[38;2;62;65;81m██[38;2;61;65;81m██[38;2;59;65;81m██[38;2;88;69;85m██[38;2;203;89;97m██[38;2;234;94;101m██[38;2;130;76;89m██[38;2;155;107;133m  [38;2;171;174;192m  [38;2;229;234;240m██[38;2;222;219;224m██[38;2;252;253;254m██[38;2;240;238;241m██[38;2;231;235;241m  [38;2;182;44;53m  [38;2;166;54;69m██[38;2;254;254;254m██[38;2;255;255;255m████[38;2;112;128;161m  [0m
