
[38;2;0;0;0m            [38;2;0;0;59m  [38;2;18;56;113m  [38;2;254;254;254m██[38;2;254;254;255m██[38;2;191;199;216m  [38;2;254;254;254m██[38;2;255;255;255m████████████████████[38;2;254;255;255m██[38;2;255;255;255m██[38;2;222;223;230m██[38;2;191;139;149m██[38;2;225;132;131m██[38;2;209;125;126m██[38;2;254;254;254m██[38;2;10;50;107m  [38;2;0;0;0m  
[38;2;0;0;0m          [38;2;0;0;25m  [38;2;17;55;112m  [38;2;208;213;225m██[38;2;255;255;255m██[38;2;198;208;221m  [38;2;254;254;254m██[38;2;255;255;255m██████████████████████[38;2;227;231;238m  [38;2;254;254;254m██[38;2;187;136;146m  [38;2;252;184;180m██[38;2;252;183;179m██[38;2;238;175;173m██[38;2;252;252;253m██[38;2;12;52;110m  [38;2;0;0;0m  
[38;2;0;0;0m          [38;2;8;30;66m  [38;2;214;210;223m  [38;2;254;254;254m██[38;2;246;247;249m██[38;2;254;254;254m██[38;2;255;255;255m████████████████████████████[38;2;254;254;254m██[38;2;195;170;182m██[38;2;251;182;179m██[38;2;229;172;173m██[38;2;219;216;228m██[38;2;11;52;109m  [38;2;0;0;0m  
[38;2;0;0;0m        [38;2;0;0;35m  [38;2;126;142;176m  [38;2;177;185;205m██[38;2;254;254;254m██[38;2;216;218;231m██[38;2;255;255;255m██████[38;2;248;247;249m██[38;2;253;253;253m██[38;2;254;254;254m██[38;2;255;255;255m██████████[38;2;255;255;254m██[38;2;250;249;251m██[38;2;254;254;254m██[38;2;254;255;255m██[38;2;255;255;255m██[38;2;254;254;254m██[38;2;204;165;172m  [38;2;212;166;172m██[38;2;212;208;223m██[38;2;8;48;96m  [38;2;0;0;0m  
[38;2;0;0;0m        [38;2;33;56;120m  [38;2;217;213;226m██[38;2;233;236;242m██[38;2;182;191;210m  [38;2;250;250;251m██[38;2;255;255;255m████[38;2;253;253;253m██[38;2;247;245;250m██[38;2;248;246;251m██[38;2;255;255;255m██████[38;2;253;254;254m██[38;2;255;255;255m██████[38;2;253;252;253m██[38;2;249;248;251m██[38;2;239;235;244m██[38;2;255;255;255m████[38;2;254;254;254m██[38;2;181;163;180m██[38;2;215;211;224m██[38;2;33;53;82m  [38;2;0;0;0m  
[38;2;0;0;0m      [38;2;0;0;73m  [38;2;55;85;134m  [38;2;215;210;224m██[38;2;184;195;212m  [38;2;252;252;254m██[38;2;239;237;243m██[38;2;243;242;246m██[38;2;244;243;247m██[38;2;255;255;255m██[38;2;242;241;245m██[38;2;248;247;249m██[38;2;254;254;254m██[38;2;255;255;255m██[38;2;254;254;254m██[38;2;194;153;165m██[38;2;238;241;245m██[38;2;255;255;255m██████[38;2;239;236;245m██[38;2;240;237;245m██[38;2;245;243;249m██[38;2;255;255;255m████[38;2;225;222;232m██[38;2;218;213;225m  [38;2;13;22;36m  [38;2;0;0;0m  
[38;2;0;0;0m      [38;2;7;28;56m  [38;2;217;213;226m  [38;2;213;209;224m██[38;2;255;255;255m██[38;2;242;241;245m██[38;2;247;247;251m████[38;2;241;240;245m██[38;2;255;255;255m████████████[38;2;182;164;180m  [38;2;254;249;243m██[38;2;205;205;217m██[38;2;254;254;254m██[38;2;255;255;255m██[38;2;240;238;246m██[38;2;238;235;244m████[38;2;255;255;255m████[38;2;250;250;251m██[38;2;180;183;204m██[38;2;14;47;98m  [38;2;0;0;0m  
[38;2;0;0;0m    [38;2;0;0;1m  [38;2;86;111;155m  [38;2;204;203;218m██[38;2;221;217;229m██[38;2;255;255;255m██[38;2;241;240;245m██[38;2;248;247;251m████[38;2;240;239;245m██[38;2;191;202;216m  [38;2;255;255;255m██████████[38;2;197;191;204m██[38;2;254;251;245m██[38;2;255;252;247m██[38;2;190;183;198m██[38;2;252;252;253m██[38;2;254;254;255m██[38;2;237;234;243m██[38;2;244;242;247m██[38;2;254;255;255m██[38;2;255;255;255m██[38;2;254;254;255m██[38;2;181;185;205m██[38;2;97;119;160m  [38;2;0;0;123m  
[38;2;0;0;0m    [38;2;11;40;85m  [38;2;218;212;226m  [38;2;205;203;220m██[38;2;230;228;235m██[38;2;255;255;255m██[38;2;254;254;254m██[38;2;242;241;246m██[38;2;253;252;253m██[38;2;240;240;244m██[38;2;171;175;193m  [38;2;254;254;254m██[38;2;255;255;255m████████[38;2;218;218;226m██[38;2;254;251;246m██[38;2;254;250;245m██[38;2;254;251;246m██[38;2;184;172;188m  [38;2;233;231;238m██[38;2;242;239;246m██[38;2;241;239;246m██[38;2;255;255;255m████[38;2;246;245;248m██[38;2;218;212;226m██[38;2;207;204;220m  [38;2;30;15;19m  
[38;2;0;0;0m  [38;2;0;0;5m  [38;2;105;125;164m  [38;2;214;210;224m██[38;2;210;207;221m██[38;2;241;239;244m██[38;2;255;255;255m██[38;2;254;254;254m██[38;2;238;235;244m██[38;2;250;249;252m██[38;2;255;255;255m██[38;2;198;196;208m  [38;2;252;254;254m██[38;2;255;255;255m████████[38;2;193;201;216m██[38;2;193;201;213m██[38;2;239;241;240m██[38;2;252;251;247m██[38;2;254;252;247m██[38;2;164;156;179m██[38;2;254;254;254m██[38;2;242;240;247m██[38;2;255;255;255m████[38;2;213;209;223m██[38;2;213;210;223m██[38;2;131;145;178m  [38;2;4;23;50m  
[38;2;0;0;0m  [38;2;7;24;50m  [38;2;253;253;254m  [38;2;248;247;249m██[38;2;210;207;222m██[38;2;246;246;248m██[38;2;255;255;255m██[38;2;252;252;252m██[38;2;238;234;244m██[38;2;244;243;248m██[38;2;255;255;255m██[38;2;200;197;206m  [38;2;196;189;202m██[38;2;255;255;255m████████[38;2;242;244;247m██[38;2;254;252;247m██[38;2;254;250;245m████[38;2;254;252;248m██[38;2;250;250;249m██[38;2;230;233;239m██[38;2;255;255;255m██[38;2;242;242;245m██[38;2;255;255;255m██[38;2;214;210;224m██[38;2;213;209;223m██[38;2;30;65;121m██[38;2;12;47;101m  
[38;2;0;0;49m  [38;2;39;74;126m  [38;2;254;254;254m██[38;2;249;247;250m██[38;2;207;205;220m██[38;2;248;248;250m██[38;2;255;255;255m██[38;2;237;234;243m██[38;2;238;235;244m██[38;2;241;238;246m██[38;2;254;254;255m██[38;2;203;202;210m██[38;2;245;239;237m██[38;2;254;254;254m██[38;2;255;255;255m██████[38;2;246;248;250m██[38;2;212;218;226m██[38;2;228;232;237m██[38;2;25;62;117m  [38;2;23;58;113m██[38;2;66;77;115m██[38;2;125;133;160m██[38;2;255;255;255m██[38;2;219;216;228m██[38;2;254;254;254m██[38;2;214;210;224m██[38;2;213;210;224m██[38;2;48;80;131m  [38;2;19;59;117m  
[38;2;0;0;127m  [38;2;201;209;223m  [38;2;255;255;255m██[38;2;218;220;230m██[38;2;206;206;222m██[38;2;248;247;249m██[38;2;255;255;255m██[38;2;237;234;243m██[38;2;238;235;244m██[38;2;238;236;244m██[38;2;254;254;254m██[38;2;218;210;215m██[38;2;189;198;211m  [38;2;208;206;217m██[38;2;255;255;255m██████[38;2;248;249;251m██[38;2;254;252;247m██[38;2;76;103;147m██[38;2;133;131;152m██[38;2;106;107;132m  [38;2;146;132;155m██[38;2;179;88;104m██[38;2;254;254;254m██[38;2;222;219;230m██[38;2;240;239;244m██[38;2;213;209;224m██[38;2;178;182;204m██[38;2;34;68;120m  [38;2;3;12;25m  
[38;2;13;31;58m  [38;2;254;254;254m████[38;2;191;131;139m██[38;2;192;193;212m██[38;2;243;242;246m██[38;2;242;240;247m██[38;2;238;235;243m██[38;2;238;235;244m██[38;2;239;236;244m██[38;2;255;255;255m██[38;2;176;179;195m  [38;2;254;250;245m██[38;2;242;239;238m██[38;2;254;254;254m██[38;2;242;242;246m██[38;2;255;255;255m██[38;2;239;242;245m██[38;2;254;252;246m██[38;2;254;253;252m██[38;2;177;164;183m██[38;2;231;92;101m██[38;2;229;91;100m██[38;2;233;90;98m██[38;2;251;252;253m██[38;2;226;223;232m██[38;2;214;210;223m██[38;2;210;207;222m██[38;2;165;171;196m██[38;2;9;44;95m  [38;2;0;0;0m  
[38;2;39;74;127m  [38;2;254;254;254m██[38;2;211;216;227m  [38;2;251;183;179m██[38;2;155;157;183m  [38;2;233;230;238m██[38;2;242;240;247m██[38;2;238;235;243m██[38;2;239;236;244m██[38;2;242;240;246m██[38;2;254;254;254m██[38;2;253;248;243m██[38;2;255;250;245m██[38;2;254;250;245m██[38;2;200;207;219m  [38;2;172;182;203m  [38;2;252;253;254m██[38;2;205;213;224m  [38;2;254;250;245m██[38;2;255;250;245m██[38;2;252;254;254m██[38;2;205;132;145m██[38;2;175;180;195m██[38;2;215;214;215m██[38;2;219;223;232m██[38;2;227;224;233m██[38;2;214;210;224m██[38;2;187;188;209m██[38;2;153;162;189m  [38;2;5;22;45m  [38;2;0;0;0m  
[38;2;176;189;208m  [38;2;254;254;254m██[38;2;219;145;146m██[38;2;252;183;179m██[38;2;165;150;171m██[38;2;217;214;226m██[38;2;249;249;251m██[38;2;245;242;248m██[38;2;241;238;245m██[38;2;250;250;251m██[38;2;222;228;237m██[38;2;254;252;248m██[38;2;181;192;208m  [38;2;192;202;214m██[38;2;250;249;244m██[38;2;193;186;199m  [38;2;218;221;229m██[38;2;206;215;223m  [38;2;255;250;246m████[38;2;255;250;245m██[38;2;255;246;241m██[38;2;200;196;204m██[38;2;180;176;191m██[38;2;174;185;205m  [38;2;227;224;233m██[38;2;213;209;224m██[38;2;177;181;203m██[38;2;111;129;166m  [38;2;0;29;63m  [38;2;0;0;0m  
[38;2;243;245;248m  ██[38;2;201;196;209m██[38;2;185;170;187m██[38;2;165;163;186m██[38;2;213;209;223m██[38;2;244;243;247m██[38;2;255;255;255m██[38;2;251;251;252m██[38;2;253;253;253m██[38;2;177;185;204m██[38;2;49;83;133m██[38;2;64;76;116m  [38;2;115;110;133m██[38;2;247;247;247m██[38;2;254;253;248m██[38;2;183;191;206m  [38;2;255;251;245m████████[38;2;255;249;244m██[38;2;254;242;237m██[38;2;193;190;200m██[38;2;207;193;199m██[38;2;203;205;219m██[38;2;203;202;218m██[38;2;72;99;147m  [38;2;16;49;104m  [38;2;0;0;33m  [38;2;0;0;0m  
[38;2;232;235;240m  [38;2;251;249;251m  [38;2;215;210;224m██[38;2;216;211;225m  [38;2;209;205;221m  [38;2;214;210;224m██[38;2;215;211;224m██[38;2;248;247;250m██[38;2;251;251;252m██[38;2;255;255;255m██[38;2;83;111;153m██[38;2;72;85;123m██[38;2;106;94;117m██[38;2;191;110;127m  [38;2;185;119;136m  [38;2;254;250;245m██[38;2;254;251;246m██[38;2;255;251;245m██[38;2;255;247;242m██[38;2;255;251;245m██████[38;2;255;249;244m██[38;2;255;248;243m██[38;2;253;249;243m██[38;2;204;173;181m██[38;2;48;81;132m██[38;2;16;54;104m  [38;2;5;20;36m  [38;2;0;0;127m  [38;2;0;0;0m  
[38;2;5;12;21m  [38;2;3;28;67m  [38;2;0;25;63m  [38;2;2;27;65m  [38;2;7;41;88m  [38;2;215;211;225m██[38;2;164;171;196m██[38;2;227;224;234m██[38;2;222;219;230m██[38;2;255;255;255m██[38;2;159;175;198m██[38;2;207;210;220m██[38;2;230;92;101m██[38;2;233;106;113m██[38;2;171;118;138m  [38;2;254;250;245m██[38;2;255;251;245m████████████████[38;2;254;250;245m██[38;2;153;139;152m██[38;2;56;61;79m██[38;2;61;65;81m██[38;2;60;63;78m  [38;2;72;66;110m  [38;2;3;8;100m  
[38;2;0;0;0m        [38;2;96;49;46m  [38;2;202;200;217m  [38;2;48;80;131m  [38;2;217;211;225m██[38;2;211;207;222m██[38;2;250;251;252m██[38;2;222;226;234m██[38;2;254;254;254m██[38;2;173;155;175m██[38;2;137;148;173m  [38;2;254;249;244m██[38;2;255;251;245m██████[38;2;255;251;246m██[38;2;211;217;224m██[38;2;238;238;238m██[38;2;255;251;245m████[38;2;254;250;245m██[38;2;83;96;127m  [38;2;36;56;89m██[38;2;16;31;53m██[38;2;63;66;81m██[38;2;71;68;83m██[38;2;139;78;91m██[38;2;24;49;87m  
[38;2;0;0;0m      [38;2;14;36;109m  [38;2;113;25;46m  [38;2;39;72;125m  [38;2;16;43;91m  [38;2;218;213;227m██[38;2;111;130;166m██[38;2;175;183;205m██[38;2;234;233;240m██[38;2;215;195;198m██[38;2;255;236;230m██[38;2;255;235;230m██[38;2;255;249;244m██[38;2;255;251;245m██████[38;2;255;251;246m██[38;2;254;250;245m██[38;2;255;251;245m████[38;2;254;250;246m██[38;2;72;85;119m██[38;2;44;58;83m██[38;2;49;62;90m██[38;2;62;65;81m██[38;2;83;70;84m██[38;2;177;84;95m██[38;2;62;65;81m██[38;2;47;54;71m██
[38;2;0;0;0m        [38;2;10;49;82m  [38;2;9;24;47m  [38;2;8;31;47m  [38;2;201;199;216m  [38;2;15;35;71m  [38;2;217;213;226m██[38;2;228;229;236m██[38;2;81;98;132m██[38;2;253;239;232m██[38;2;255;236;230m██[38;2;255;249;244m██[38;2;255;251;245m████████████[38;2;254;249;245m██[38;2;235;170;170m██[38;2;66;75;106m██[38;2;52;64;87m██[38;2;61;65;81m██[38;2;199;88;97m██[38;2;86;70;84m██[38;2;61;65;82m████[38;2;40;49;68m██
[38;2;0;0;0m              [38;2;112;131;169m  [38;2;0;0;133m  [38;2;90;113;156m  [38;2;83;110;153m██[38;2;78;95;132m  [38;2;118;137;168m  [38;2;254;246;241m  [38;2;253;249;244m██████[38;2;253;250;245m██[38;2;249;250;250m██[38;2;207;204;214m██[38;2;237;176;176m██[38;2;236;174;174m██[38;2;140;116;133m██[38;2;59;66;86m██[38;2;80;68;84m██[38;2;211;90;99m██[38;2;57;65;81m██[38;2;61;65;81m██████[38;2;16;30;51m██
[38;2;0;0;0m              [38;2;15;53;110m  [38;2;0;0;0m  [38;2;7;21;50m  [38;2;22;56;118m  [38;2;19;58;118m  [38;2;0;30;61m  [38;2;18;36;84m  [38;2;9;54;112m  [38;2;14;51;106m  [38;2;10;24;45m██[38;2;47;59;81m██[38;2;30;48;77m██[38;2;30;49;79m██[38;2;95;89;111m██[38;2;182;145;156m██[38;2;63;67;84m██[38;2;172;83;94m██[38;2;78;68;83m██[38;2;62;66;82m██[38;2;63;66;81m██[38;2;58;65;84m██[38;2;62;66;82m████[38;2;20;33;53m██
[38;2;0;0;0m                    [38;2;4;19;38m  [38;2;0;0;0m      [38;2;14;42;91m  [38;2;62;66;81m██[38;2;56;63;83m██[38;2;57;65;85m██[38;2;63;67;84m██[38;2;64;67;82m██[38;2;63;67;82m██[38;2;63;66;82m██[38;2;108;74;87m██[38;2;59;65;82m██[38;2;34;44;62m██[38;2;23;42;73m  [38;2;56;60;75m██[38;2;51;63;88m  [38;2;187;188;202m██[38;2;209;203;211m██[38;2;203;199;208m██
[38;2;0;0;0m                          [38;2;0;0;11m  [38;2;117;74;107m  [38;2;235;94;101m██[38;2;200;88;97m██[38;2;210;90;98m██[38;2;231;93;101m██[38;2;212;90;99m██[38;2;92;70;84m██[38;2;63;65;81m██[38;2;189;87;103m██[38;2;64;79;106m  [38;2;41;60;90m  [38;2;239;96;102m██[38;2;215;209;216m██[38;2;66;75;98m██[38;2;200;198;208m██[38;2;200;197;207m██[38;2;199;197;207m██
[38;2;0;0;0m          [38;2;12;32;64m  [38;2;23;61;120m  [38;2;0;35;35m  [38;2;0;0;0m  [38;2;11;39;81m  [38;2;0;0;0m      [38;2;0;0;73m  [38;2;51;64;92m  [38;2;62;65;81m████████[38;2;50;63;90m██[38;2;36;48;66m██[38;2;218;86;96m██[38;2;184;188;199m██[38;2;61;65;80m██[38;2;58;68;92m██[38;2;12;29;51m██[38;2;13;29;51m██[38;2;52;57;77m██[38;2;253;253;253m██[38;2;245;245;246m██[38;2;199;197;207m██
[38;2;0;0;0m        [38;2;57;24;49m  [38;2;207;228;246m  [38;2;52;88;141m  [38;2;0;0;63m  [38;2;10;21;55m  [38;2;157;183;210m  [38;2;0;0;63m  [38;2;0;0;0m    [38;2;0;0;13m  [38;2;16;54;111m  [38;2;62;66;82m██[38;2;62;65;81m██[38;2;62;66;82m██[38;2;55;64;86m██[38;2;55;65;89m██[38;2;145;146;163m██[38;2;159;159;179m  [38;2;192;200;213m██[38;2;71;75;97m██[38;2;60;65;81m██[38;2;109;115;132m  [38;2;51;66;95m██[38;2;254;254;254m██[38;2;255;255;255m████[38;2;235;234;236m██
[38;2;0;0;0m      [38;2;0;0;63m  [38;2;54;90;141m  [38;2;212;232;254m██[38;2;13;50;108m  [38;2;0;0;0m  [38;2;10;46;96m  [38;2;212;232;248m  [38;2;24;29;34m  [38;2;0;0;0m      [38;2;0;0;63m  [38;2;17;45;84m  [38;2;58;62;79m██[38;2;177;179;194m██[38;2;198;195;206m██[38;2;102;74;96m██[38;2;62;66;81m██[38;2;131;113;133m██[38;2;67;69;97m  [38;2;77;79;100m██[38;2;67;66;82m██[38;2;113;118;129m██[38;2;254;254;254m██[38;2;212;219;230m██[38;2;254;254;255m██[38;2;255;255;255m████
[38;2;0;0;0m      [38;2;0;0;21m  [38;2;30;69;124m  [38;2;168;192;218m  [38;2;3;7;98m  [38;2;0;0;0m  [38;2;28;66;122m  [38;2;203;224;242m  [38;2;90;10;11m  [38;2;0;0;0m        [38;2;11;30;60m  [38;2;197;194;204m  [38;2;199;196;207m██[38;2;159;167;188m██[38;2;86;92;106m██[38;2;58;65;81m██[38;2;61;65;82m██[38;2;39;49;70m██[38;2;60;65;82m██[38;2;89;70;85m██[38;2;186;187;193m██[38;2;255;255;255m████[38;2;239;242;245m  [38;2;253;253;254m██[38;2;255;255;255m██
[38;2;0;0;0m        [38;2;0;0;127m  [38;2;4;8;13m  [38;2;0;0;0m    [38;2;2;8;17m  [38;2;12;48;92m  [38;2;0;0;0m          [38;2;20;26;23m  [38;2;198;195;206m  [38;2;233;232;236m██[38;2;254;254;254m████[38;2;89;86;101m██[38;2;86;70;85m██[38;2;33;42;62m██[38;2;126;110;131m██[38;2;63;70;85m██[38;2;254;254;254m██[38;2;255;255;255m██████[38;2;199;202;213m██[38;2;254;254;254m██
[38;2;0;0;0m    [38;2;0;0;59m  [38;2;3;21;48m  [38;2;10;42;96m  [38;2;16;55;114m  [38;2;8;44;95m  [38;2;3;22;49m  [38;2;0;0;59m  [38;2;0;0;0m            [38;2;0;0;63m  [38;2;193;199;212m  [38;2;182;193;211m  [38;2;254;254;255m██[38;2;255;255;255m██[38;2;254;254;254m████[38;2;182;186;197m██[38;2;207;202;211m██[38;2;237;239;243m██[38;2;255;255;255m████████[38;2;209;207;215m██[38;2;202;198;208m██[0m
