
[38;2;0;0;0m                  [38;2;8;26;53m  [38;2;19;45;121m  [38;2;0;35;98m  [38;2;9;40;103m  [38;2;8;36;100m  [38;2;251;251;252m██[38;2;254;255;255m██[38;2;255;255;255m████████[38;2;254;254;254m██[38;2;199;207;221m  [38;2;45;73;127m  [38;2;4;38;104m  [38;2;0;0;1m  [38;2;0;0;0m              
[38;2;0;0;0m        [38;2;5;37;102m  [38;2;49;77;130m  [38;2;67;93;141m  [38;2;0;34;100m  [38;2;55;83;134m  [38;2;203;210;223m  [38;2;254;254;254m  ████[38;2;215;211;224m██[38;2;214;210;224m██[38;2;190;194;212m██[38;2;208;215;227m██[38;2;247;248;250m██[38;2;255;255;255m████████[38;2;254;254;254m██[38;2;253;254;254m  [38;2;84;109;152m  [38;2;0;42;114m  [38;2;0;0;0m            
[38;2;0;0;0m    [38;2;0;5;12m  [38;2;37;65;121m  [38;2;251;252;252m██[38;2;254;254;254m██████[38;2;198;205;219m██[38;2;255;255;255m████████[38;2;239;238;243m██[38;2;240;238;244m██[38;2;255;255;255m████[38;2;254;254;254m██[38;2;230;232;239m██[38;2;201;210;224m██[38;2;197;206;220m██[38;2;218;224;233m██[38;2;238;240;245m██[38;2;248;249;250m██[38;2;254;254;254m██[38;2;233;237;242m  [38;2;7;39;102m  [38;2;0;0;0m          
[38;2;0;0;0m  [38;2;0;5;12m  [38;2;72;98;145m  [38;2;254;254;255m██[38;2;255;255;255m██████████[38;2;176;187;207m██[38;2;255;255;255m██████████████████████████[38;2;231;233;239m██[38;2;25;55;113m██[38;2;0;27;95m  [38;2;0;37;101m  [38;2;0;13;13m  [38;2;0;0;0m        
[38;2;0;0;0m  [38;2;20;52;111m  [38;2;254;254;254m██[38;2;255;255;255m██████████████[38;2;176;188;208m██[38;2;255;255;255m████████████████████[38;2;254;254;255m██[38;2;255;255;255m████[38;2;242;241;245m██[38;2;216;213;225m  [38;2;120;137;171m  [38;2;17;50;109m  [38;2;5;41;101m  [38;2;2;4;9m  [38;2;0;0;0m    
[38;2;1;76;112m  [38;2;239;241;245m  [38;2;255;255;255m██████████████████[38;2;189;199;215m██[38;2;255;255;255m████████████[38;2;252;253;253m██[38;2;254;254;254m██[38;2;251;251;252m██[38;2;237;236;241m██[38;2;255;255;255m██████[38;2;227;223;233m██[38;2;222;218;229m██[38;2;231;228;237m██[38;2;254;254;254m██[38;2;113;135;171m  [38;2;2;36;99m  [38;2;0;4;8m  
[38;2;30;59;117m  [38;2;254;254;254m██[38;2;255;255;255m██████████████████[38;2;203;211;224m██[38;2;254;254;255m██[38;2;255;255;255m██████████[38;2;249;249;250m██[38;2;248;247;250m██[38;2;248;246;250m██[38;2;245;244;247m██[38;2;254;254;255m██[38;2;255;255;255m██████████████[38;2;254;254;254m██[38;2;116;136;171m  
[38;2;165;179;202m  [38;2;217;212;226m██[38;2;218;214;227m██[38;2;252;251;253m██[38;2;255;255;255m██████████[38;2;254;255;255m██[38;2;231;235;241m██[38;2;233;236;242m██[38;2;255;255;255m██████████████[38;2;246;244;248m██[38;2;247;246;250m██[38;2;248;247;250m██[38;2;246;245;248m██[38;2;254;253;254m██[38;2;255;255;255m████████████████
[38;2;210;206;222m  [38;2;213;210;224m██[38;2;214;210;224m██[38;2;213;209;223m██[38;2;214;211;225m██[38;2;252;253;253m██[38;2;255;255;255m██[38;2;252;252;253m██[38;2;185;195;212m██[38;2;201;201;217m██[38;2;254;254;254m██[38;2;255;255;255m██████████████[38;2;245;243;248m██[38;2;248;247;250m██[38;2;247;246;249m██[38;2;248;247;250m██[38;2;243;241;247m██[38;2;255;255;255m██████████████████
[38;2;220;215;227m██[38;2;214;210;224m██[38;2;213;210;224m██[38;2;218;213;226m██[38;2;208;205;220m██[38;2;175;182;203m██[38;2;187;190;208m██[38;2;238;237;242m██[38;2;254;254;254m██[38;2;255;255;255m████████[38;2;246;246;248m██[38;2;255;255;255m████████[38;2;254;254;254m██████[38;2;241;238;245m██[38;2;254;254;254m██[38;2;250;249;251m██[38;2;251;251;252m██[38;2;241;239;244m██[38;2;255;255;255m██[38;2;247;246;249m██[38;2;255;255;255m████████
[38;2;214;211;223m██[38;2;175;180;201m██[38;2;181;185;205m██[38;2;185;188;208m██[38;2;251;249;252m██[38;2;254;254;254m██[38;2;251;250;252m██[38;2;255;255;254m██[38;2;255;255;255m██████████[38;2;175;154;170m██[38;2;239;241;246m██[38;2;255;255;255m██████████[38;2;254;254;254m██[38;2;249;250;251m██[38;2;255;255;255m██[38;2;254;254;254m██[38;2;249;247;250m██[38;2;248;247;250m██[38;2;245;244;248m██[38;2;225;231;238m██[38;2;191;166;179m██[38;2;222;220;227m██[38;2;229;231;238m██[38;2;229;232;238m██
[38;2;239;237;242m██[38;2;253;253;253m██[38;2;228;226;234m██[38;2;207;214;226m██[38;2;255;255;255m██[38;2;254;254;254m██[38;2;237;233;244m██[38;2;255;255;255m████[38;2;246;246;249m██[38;2;255;255;255m████[38;2;226;229;237m██[38;2;248;224;219m██[38;2;232;235;241m██[38;2;255;255;255m██████████[38;2;254;255;255m██[38;2;202;204;220m██[38;2;255;255;255m██[38;2;248;248;251m██[38;2;250;249;251m██[38;2;238;236;243m██[38;2;255;255;255m██[38;2;255;254;254m██[38;2;243;168;170m██[38;2;254;188;188m██[38;2;254;186;186m██[38;2;227;159;163m██
[38;2;255;255;255m████[38;2;203;201;218m██[38;2;254;255;255m██[38;2;255;255;255m██[38;2;241;238;245m██[38;2;242;239;246m██[38;2;253;253;254m██[38;2;255;255;255m██[38;2;249;250;251m██[38;2;255;255;255m██[38;2;254;255;255m██[38;2;220;204;208m██[38;2;254;252;246m██[38;2;221;226;235m██[38;2;255;255;255m██████████[38;2;254;254;254m██[38;2;141;138;161m██[38;2;255;255;255m██████[38;2;254;254;254m██[38;2;255;255;255m████[38;2;229;172;177m██[38;2;252;186;186m██[38;2;252;186;185m██[38;2;231;234;239m██
[38;2;249;250;251m██[38;2;247;247;249m██[38;2;173;181;203m██[38;2;254;254;255m██[38;2;254;254;254m██[38;2;238;234;243m██[38;2;250;250;252m██[38;2;242;241;246m██[38;2;243;240;247m██[38;2;254;254;254m██[38;2;255;255;255m██[38;2;185;184;200m██[38;2;255;252;247m██[38;2;254;253;249m██[38;2;217;218;227m██[38;2;255;255;255m████████████[38;2;200;156;167m██[38;2;255;255;255m██████[38;2;251;252;253m██[38;2;253;253;253m██[38;2;254;254;254m██[38;2;206;169;177m██[38;2;252;186;185m██[38;2;196;197;213m██[38;2;255;255;255m██
[38;2;203;211;224m██[38;2;229;226;234m██[38;2;191;200;216m██[38;2;254;255;255m██[38;2;246;244;248m██[38;2;237;234;243m██[38;2;238;233;243m██[38;2;245;244;248m██[38;2;237;232;243m██[38;2;255;255;255m██[38;2;242;245;248m██[38;2;251;247;243m██[38;2;255;252;245m██[38;2;254;252;246m██[38;2;196;203;217m██[38;2;255;255;255m██████████[38;2;253;254;254m██[38;2;245;215;214m██[38;2;236;238;243m██[38;2;255;255;255m████[38;2;250;250;252m██[38;2;243;241;247m██[38;2;246;244;249m██[38;2;183;163;178m██[38;2;198;198;215m██[38;2;216;212;226m██[38;2;179;189;208m  
[38;2;244;246;248m██[38;2;217;214;226m██[38;2;220;226;234m██[38;2;240;242;246m██[38;2;249;247;250m██[38;2;238;234;244m██[38;2;238;233;243m██[38;2;252;252;253m██[38;2;239;236;244m██[38;2;255;255;255m██[38;2;212;199;204m██[38;2;255;252;245m████[38;2;255;252;246m██[38;2;185;195;212m██[38;2;254;255;255m██[38;2;255;255;255m████████[38;2;248;249;251m██[38;2;253;246;241m██[38;2;174;166;185m██[38;2;255;255;255m████[38;2;251;251;252m██[38;2;238;234;243m████[38;2;245;244;247m██[38;2;216;212;225m██[38;2;115;132;168m  [38;2;1;32;75m  
[38;2;251;251;252m██[38;2;214;210;223m██[38;2;245;246;249m██[38;2;180;190;209m██[38;2;241;238;246m██[38;2;243;241;247m██[38;2;238;233;243m██[38;2;246;246;249m██[38;2;244;242;248m██[38;2;191;193;208m██[38;2;254;252;247m██[38;2;255;252;245m██[38;2;226;227;233m██[38;2;198;205;218m██[38;2;187;197;213m██[38;2;255;255;255m██████████[38;2;232;235;241m██[38;2;255;254;250m██[38;2;234;221;222m██[38;2;255;255;255m████[38;2;254;255;255m██[38;2;237;234;242m██[38;2;238;233;243m██[38;2;252;252;253m██[38;2;144;156;185m  [38;2;11;30;63m  [38;2;0;0;0m  
[38;2;235;233;239m██[38;2;214;210;224m██[38;2;248;249;251m██[38;2;201;202;218m██[38;2;251;251;253m██[38;2;243;242;247m██[38;2;239;235;244m██[38;2;239;238;244m██[38;2;249;249;252m██[38;2;248;246;243m██[38;2;255;252;246m██[38;2;255;252;245m██[38;2;255;252;246m████[38;2;231;233;237m██[38;2;255;255;255m██████████[38;2;192;199;213m██[38;2;253;253;250m██[38;2;254;253;249m██[38;2;244;246;249m██[38;2;255;255;255m████[38;2;222;226;234m██[38;2;238;234;243m██[38;2;250;248;251m██[38;2;201;200;215m  [38;2;0;16;43m  [38;2;0;0;0m  
[38;2;218;215;227m██[38;2;215;211;224m██[38;2;231;234;240m██[38;2;227;222;232m██[38;2;255;255;255m██[38;2;246;244;249m██[38;2;252;251;252m██[38;2;233;233;241m██[38;2;194;185;197m██[38;2;255;252;246m██[38;2;255;252;245m██████[38;2;255;252;246m██[38;2;254;253;249m██[38;2;241;243;246m██[38;2;255;255;255m████[38;2;250;249;251m██[38;2;254;254;255m██[38;2;181;183;199m██[38;2;226;230;235m██[38;2;254;253;248m██[38;2;176;174;192m██[38;2;255;255;255m████[38;2;213;217;229m██[38;2;238;234;243m██[38;2;245;244;249m██[38;2;213;209;223m  [38;2;12;76;115m  [38;2;0;0;0m  
[38;2;218;213;226m██[38;2;214;210;224m██[38;2;179;185;206m██[38;2;222;219;230m██[38;2;255;255;255m██[38;2;255;255;254m██[38;2;254;255;255m██[38;2;194;202;219m██[38;2;254;253;250m██[38;2;254;252;247m██[38;2;255;251;246m██[38;2;254;252;246m██[38;2;247;246;244m██[38;2;222;226;231m██[38;2;255;253;247m██[38;2;201;209;222m██[38;2;255;255;255m████[38;2;245;243;248m██[38;2;254;254;255m██[38;2;196;204;217m██[38;2;255;252;245m██[38;2;255;251;245m██[38;2;216;201;205m██[38;2;255;255;255m████[38;2;236;239;243m██[38;2;238;234;244m██[38;2;245;244;249m██[38;2;218;214;226m  [38;2;108;122;148m  [38;2;0;0;0m  
[38;2;216;212;225m  [38;2;213;210;224m██[38;2;169;176;199m██[38;2;217;214;226m██[38;2;255;255;255m██[38;2;254;254;254m████[38;2;22;55;114m██[38;2;0;35;98m██[38;2;4;40;103m██[38;2;21;50;111m██[38;2;39;67;123m██[38;2;115;134;168m██[38;2;252;252;249m██[38;2;255;252;245m██[38;2;183;193;211m██[38;2;251;251;252m██[38;2;254;254;255m██[38;2;171;184;205m██[38;2;254;254;254m██[38;2;227;229;235m██[38;2;246;244;243m██[38;2;255;252;246m██[38;2;253;251;245m██[38;2;253;254;254m██[38;2;254;255;255m██[38;2;248;249;250m██[38;2;242;240;246m██[38;2;245;244;249m██[38;2;219;217;229m  [38;2;0;14;40m  [38;2;0;0;0m  
[38;2;157;166;191m  [38;2;214;210;223m██[38;2;164;171;195m██[38;2;214;211;224m██[38;2;255;255;255m██[38;2;254;254;254m██[38;2;250;251;252m██[38;2;254;252;248m██[38;2;102;93;117m██[38;2;115;99;119m██[38;2;101;93;118m██[38;2;116;101;119m██[38;2;93;90;115m██[38;2;211;214;224m██[38;2;255;252;246m██[38;2;242;243;242m██[38;2;189;198;215m██[38;2;254;254;255m██[38;2;188;179;192m██[38;2;237;239;244m██[38;2;145;160;187m██[38;2;177;186;204m██[38;2;224;228;235m██[38;2;249;249;251m██[38;2;224;230;238m██[38;2;243;245;248m██[38;2;252;252;253m██[38;2;254;254;254m██[38;2;254;254;255m██[38;2;201;207;221m██[38;2;4;19;44m  [38;2;0;0;0m  
[38;2;30;59;117m  [38;2;204;203;219m██[38;2;222;216;228m██[38;2;212;208;222m██[38;2;255;255;255m██[38;2;254;254;255m██[38;2;242;244;247m██[38;2;254;254;254m██[38;2;210;89;100m██[38;2;185;85;100m██[38;2;253;253;253m██[38;2;150;127;149m██[38;2;127;90;112m██[38;2;254;252;247m██[38;2;255;251;246m██[38;2;254;252;246m██[38;2;138;152;182m██[38;2;142;153;180m██[38;2;250;250;248m██[38;2;119;128;155m██[38;2;98;93;116m██[38;2;49;71;112m██[38;2;10;48;109m██[38;2;3;33;98m██[38;2;92;117;158m██[38;2;200;207;222m██[38;2;242;243;246m██[38;2;252;251;253m██[38;2;254;254;254m██[38;2;143;160;188m  [38;2;0;0;0m    
[38;2;0;54;111m  [38;2;211;209;222m  [38;2;218;213;226m██[38;2;157;164;187m██[38;2;254;254;254m██[38;2;255;255;255m██[38;2;208;213;224m██[38;2;254;249;243m██[38;2;190;81;96m██[38;2;238;111;117m██[38;2;240;150;150m██[38;2;236;95;103m██[38;2;198;192;206m██[38;2;255;252;246m██████[38;2;246;246;243m██[38;2;254;253;247m██[38;2;255;252;246m██[38;2;164;125;144m██[38;2;156;170;191m██[38;2;125;139;166m██[38;2;113;100;119m██[38;2;240;243;247m██[38;2;182;170;184m██[38;2;146;161;189m██[38;2;234;232;239m██[38;2;217;222;232m██[38;2;254;254;254m██[38;2;66;94;142m  [38;2;0;0;0m    
[38;2;0;0;0m  [38;2;54;82;132m  [38;2;137;149;180m██[38;2;182;174;188m██[38;2;252;252;254m██[38;2;254;255;255m██[38;2;165;171;191m██[38;2;254;232;226m██[38;2;254;233;226m██[38;2;241;245;249m██[38;2;218;223;234m██[38;2;252;252;248m██[38;2;255;250;245m██[38;2;255;252;246m████████████[38;2;178;109;127m██[38;2;163;109;128m██[38;2;183;175;190m██[38;2;242;89;95m██[38;2;255;254;254m██[38;2;241;229;227m██[38;2;166;172;196m██[38;2;225;221;232m██[38;2;112;135;169m██[38;2;235;238;243m██[38;2;14;44;106m  [38;2;0;0;0m    
[38;2;0;0;0m  [38;2;0;40;102m  [38;2;5;39;102m  [38;2;200;190;201m██[38;2;148;157;180m██[38;2;251;251;252m██[38;2;188;192;208m██[38;2;254;223;218m██[38;2;254;224;219m██[38;2;253;226;221m██[38;2;253;236;231m██[38;2;255;243;238m██[38;2;255;250;245m██[38;2;255;252;246m██[38;2;255;252;245m██[38;2;255;252;246m████[38;2;255;252;245m██[38;2;255;252;246m██[38;2;252;252;250m██[38;2;225;227;232m██[38;2;250;243;243m██[38;2;184;192;210m██[38;2;255;240;234m██[38;2;219;216;221m██[38;2;186;186;204m██[38;2;221;218;229m██[38;2;5;35;99m  [38;2;108;130;168m  [38;2;3;34;102m  [38;2;0;0;0m    
[38;2;0;0;0m    [38;2;0;2;5m  [38;2;39;69;123m  [38;2;15;51;111m██[38;2;234;230;238m██[38;2;203;208;221m██[38;2;253;237;233m██[38;2;254;224;219m██[38;2;254;226;221m██[38;2;254;233;229m██[38;2;255;247;241m██[38;2;255;251;245m██[38;2;255;252;246m████[38;2;255;252;245m████[38;2;255;252;246m██████[38;2;254;252;246m██[38;2;175;187;211m██[38;2;87;111;155m██[38;2;166;171;189m██[38;2;146;149;169m██[38;2;179;184;204m██[38;2;176;181;203m  [38;2;0;14;37m  [38;2;1;38;100m  [38;2;0;38;102m  [38;2;0;0;0m    
[38;2;0;0;0m      [38;2;0;2;6m  [38;2;0;77;130m  [38;2;67;93;140m  [38;2;199;207;221m██[38;2;101;110;138m██[38;2;249;244;239m██[38;2;254;244;238m██[38;2;255;247;242m██[38;2;255;250;244m██[38;2;255;252;246m██[38;2;255;252;245m██[38;2;255;252;246m████[38;2;206;212;222m██[38;2;255;252;246m██[38;2;255;252;245m██[38;2;255;252;246m██[38;2;254;251;245m██[38;2;165;168;189m██[38;2;195;180;191m██[38;2;208;190;198m██[38;2;123;132;159m██[38;2;214;211;224m██[38;2;13;45;106m  [38;2;0;0;0m  [38;2;0;5;16m  [38;2;0;43;98m  [38;2;0;0;0m    
[38;2;0;0;0m          [38;2;0;14;39m  [38;2;0;41;106m  [38;2;2;40;100m  [38;2;151;139;157m██[38;2;138;139;159m██[38;2;214;219;228m██[38;2;255;254;248m██[38;2;255;252;245m████████[38;2;255;252;246m██[38;2;255;252;245m████████[38;2;254;249;244m██[38;2;254;247;241m██[38;2;169;174;192m  [38;2;100;120;160m██[38;2;112;131;168m██[38;2;5;36;99m  [38;2;0;0;0m          
[38;2;0;0;0m        [38;2;0;0;18m  [38;2;15;47;100m  [38;2;40;47;66m██[38;2;31;40;57m██[38;2;32;37;52m██[38;2;32;40;59m██[38;2;22;37;61m██[38;2;239;177;177m██[38;2;239;183;183m██[38;2;245;206;204m██[38;2;252;239;234m██[38;2;249;250;251m██[38;2;254;254;252m██[38;2;254;253;252m██[38;2;254;254;251m██[38;2;243;245;245m██[38;2;254;254;253m██[38;2;108;128;165m  [38;2;6;38;102m  [38;2;1;15;36m  [38;2;57;86;137m  [38;2;0;37;102m  [38;2;0;5;15m  [38;2;0;0;0m          
[38;2;0;0;0m        [38;2;0;38;99m  [38;2;57;65;80m  [38;2;57;64;81m██[38;2;58;64;81m██[38;2;63;66;81m██[38;2;62;66;82m██[38;2;55;61;79m██[38;2;41;53;80m██[38;2;212;164;169m██[38;2;238;177;177m██[38;2;244;181;179m██[38;2;17;30;49m██[38;2;50;55;74m██[38;2;29;34;45m██[38;2;7;35;90m  [38;2;7;40;103m  [38;2;219;226;235m██[38;2;0;35;99m  [38;2;0;0;0m    [38;2;0;38;101m  [38;2;0;3;9m  [38;2;0;0;0m            
[38;2;0;0;0m        [38;2;7;46;108m  [38;2;188;83;94m  [38;2;189;85;96m██[38;2;203;84;95m██[38;2;226;231;238m██[38;2;190;83;96m██[38;2;114;72;89m██[38;2;57;65;81m██[38;2;52;58;75m██[38;2;111;98;116m██[38;2;66;74;103m██[38;2;61;65;82m██[38;2;61;65;81m██[38;2;57;64;81m██[38;2;39;50;65m  [38;2;0;34;90m  [38;2;4;20;51m  [38;2;0;0;0m    [38;2;0;34;100m  [38;2;2;37;101m  [38;2;0;0;0m              [0m
