
[38;2;14;32;70m  [38;2;206;203;220m  [38;2;250;249;251m██[38;2;193;191;205m██[38;2;254;186;180m██[38;2;202;168;177m██[38;2;247;249;252m██[38;2;255;255;255m████████████████[38;2;249;248;251m██[38;2;245;244;248m██[38;2;249;250;252m██[38;2;222;227;236m██[38;2;166;180;202m██[38;2;184;194;212m██[38;2;244;246;248m  [38;2;254;254;254m  ██[38;2;85;108;152m  [38;2;2;12;32m  [38;2;0;0;0m        
[38;2;0;16;53m  [38;2;217;213;226m  [38;2;213;210;223m██[38;2;190;162;175m██[38;2;213;215;225m██[38;2;254;255;255m██[38;2;255;255;255m██████████████████████████[38;2;254;254;254m██[38;2;197;206;221m  [38;2;2;17;54m  [38;2;38;65;125m  [38;2;10;39;103m  [38;2;58;85;137m  [38;2;16;50;113m  [38;2;0;0;93m  [38;2;0;0;0m      
[38;2;22;53;114m  [38;2;216;212;224m██[38;2;214;210;223m██[38;2;237;241;245m██[38;2;255;255;255m██████[38;2;253;254;254m██[38;2;254;254;254m██[38;2;238;236;242m██[38;2;254;254;254m██[38;2;255;255;255m████████████████████[38;2;227;226;234m  [38;2;198;199;215m  [38;2;99;120;160m  [38;2;6;36;103m  [38;2;1;14;35m  [38;2;0;0;0m        
[38;2;202;203;218m  [38;2;217;213;225m██[38;2;247;247;249m██[38;2;255;255;255m██[38;2;254;254;255m██[38;2;255;255;255m████[38;2;246;246;250m██[38;2;248;248;251m██[38;2;247;247;250m██[38;2;242;241;246m██[38;2;254;253;254m██[38;2;255;255;255m██████████████████[38;2;254;254;255m██[38;2;213;209;224m██[38;2;244;243;246m██[38;2;254;254;254m██[38;2;237;239;244m  [38;2;47;74;128m  [38;2;15;38;73m  [38;2;0;0;0m    
[38;2;217;212;225m██[38;2;235;235;240m██[38;2;255;255;255m██[38;2;252;252;253m██[38;2;253;253;254m██[38;2;255;255;255m████[38;2;243;241;246m██[38;2;248;249;251m██[38;2;248;248;251m██[38;2;241;239;246m██[38;2;254;254;255m██[38;2;245;245;249m██[38;2;237;236;242m██[38;2;254;254;254m██[38;2;255;255;255m██████████████████████[38;2;254;254;254m██[38;2;249;249;250m  [38;2;23;53;113m  [38;2;0;7;14m  
[38;2;229;227;235m██[38;2;255;255;255m████[38;2;239;237;244m██[38;2;255;255;255m██████[38;2;251;250;252m██[38;2;253;253;254m██[38;2;247;248;251m██[38;2;253;254;254m██[38;2;255;255;255m██[38;2;243;242;247m██[38;2;248;248;250m██[38;2;238;236;242m██[38;2;255;255;255m██████████████[38;2;254;255;255m██[38;2;176;185;203m██[38;2;242;244;248m██[38;2;254;254;254m██[38;2;255;254;254m██[38;2;255;255;255m██[38;2;254;254;254m██[38;2;35;65;123m  
[38;2;229;228;236m██[38;2;255;255;255m██[38;2;254;254;254m██[38;2;241;243;247m██[38;2;255;255;255m██████[38;2;245;243;248m██[38;2;244;243;247m██[38;2;242;240;246m██[38;2;255;255;255m██████[38;2;243;242;247m██[38;2;255;255;255m██████████████████[38;2;239;243;247m██[38;2;241;158;155m██[38;2;213;121;121m██[38;2;180;131;143m██[38;2;239;241;246m██[38;2;254;254;254m██[38;2;86;110;152m  
[38;2;226;228;237m██[38;2;255;255;255m██[38;2;225;229;237m██[38;2;254;255;255m██[38;2;255;255;255m████[38;2;252;252;253m██[38;2;238;236;243m██[38;2;237;236;243m██[38;2;253;253;254m██[38;2;255;255;255m██[38;2;246;247;250m██[38;2;254;254;255m██[38;2;255;255;255m████████████████[38;2;254;254;255m██[38;2;255;255;255m██[38;2;254;255;255m██[38;2;219;167;171m██[38;2;253;185;180m██[38;2;195;205;220m██[38;2;255;255;255m██[38;2;234;236;242m  [38;2;1;18;52m  
[38;2;254;254;255m██[38;2;255;255;255m██[38;2;188;198;214m██[38;2;254;255;255m██[38;2;255;255;255m████[38;2;239;237;244m██[38;2;238;236;243m████[38;2;255;255;255m██[38;2;255;254;255m██[38;2;158;141;161m██[38;2;255;255;255m██████████████████[38;2;248;248;250m██[38;2;255;255;255m██[38;2;254;254;254m██[38;2;184;170;184m██[38;2;188;190;208m██[38;2;254;254;254m██[38;2;254;253;254m██[38;2;2;34;101m  [38;2;0;0;0m  
[38;2;255;255;255m██[38;2;254;255;255m██[38;2;235;237;242m██[38;2;255;255;255m██████[38;2;237;235;243m██[38;2;238;236;243m██[38;2;248;248;251m██[38;2;255;255;255m██[38;2;179;176;192m██[38;2;177;175;192m██[38;2;254;254;254m██[38;2;255;255;255m██████████[38;2;254;254;255m██[38;2;178;190;208m██[38;2;255;255;255m██[38;2;245;243;248m██[38;2;255;255;255m████[38;2;244;242;247m██[38;2;214;211;224m██[38;2;219;214;227m██[38;2;4;36;102m  [38;2;105;105;127m  [38;2;0;0;0m  
[38;2;255;255;255m██[38;2;221;219;229m██[38;2;254;254;254m██[38;2;255;255;255m██████[38;2;253;253;254m██[38;2;238;235;243m██[38;2;255;255;255m██[38;2;219;222;232m██[38;2;236;238;239m██[38;2;210;214;224m██[38;2;255;255;255m████████████[38;2;213;216;228m██[38;2;184;176;192m██[38;2;255;255;255m██[38;2;247;245;250m██[38;2;251;250;252m██[38;2;255;255;255m██[38;2;251;251;252m██[38;2;216;212;225m  [38;2;4;35;102m  [38;2;97;106;106m  [38;2;247;251;252m  [38;2;0;0;0m  
[38;2;248;248;250m██[38;2;188;191;209m██[38;2;254;255;255m██[38;2;255;255;255m██████[38;2;252;252;253m████[38;2;251;252;253m██[38;2;251;247;244m██[38;2;255;252;247m██[38;2;240;243;247m██[38;2;255;255;255m██████████[38;2;254;253;254m██[38;2;244;228;225m██[38;2;181;163;180m██[38;2;255;255;255m██[38;2;246;244;248m██[38;2;244;244;248m██[38;2;221;226;235m██[38;2;254;254;254m  [38;2;1;23;72m  [38;2;0;0;0m    [38;2;30;30;30m  [38;2;0;0;0m  
[38;2;226;222;232m██[38;2;182;186;207m██[38;2;255;255;255m████████[38;2;229;233;240m██[38;2;254;254;254m██[38;2;232;227;228m██[38;2;255;249;245m██[38;2;254;254;250m██[38;2;250;250;251m██[38;2;255;255;255m████████[38;2;255;254;255m██[38;2;177;165;181m██[38;2;220;222;230m██[38;2;185;161;175m██[38;2;255;255;255m██[38;2;221;226;235m██[38;2;243;243;247m██[38;2;251;252;253m██[38;2;252;253;253m██[38;2;3;32;100m  [38;2;0;0;0m    [38;2;255;255;255m  [38;2;0;0;0m  
[38;2;214;210;223m██[38;2;177;184;205m██[38;2;255;255;255m██████[38;2;254;254;255m██[38;2;209;216;228m██[38;2;215;215;220m██[38;2;255;249;244m██[38;2;255;249;245m██[38;2;254;254;250m██[38;2;252;252;253m██[38;2;255;255;255m██████[38;2;254;254;255m██[38;2;192;192;206m██[38;2;254;252;247m██[38;2;255;250;245m██[38;2;193;179;191m██[38;2;254;254;254m██[38;2;185;195;213m██[38;2;248;248;250m██[38;2;254;254;254m██[38;2;125;144;176m██[38;2;26;55;115m  [38;2;0;0;0m        
[38;2;215;210;224m██[38;2;213;210;223m██[38;2;255;255;255m██████[38;2;254;254;255m██[38;2;183;172;184m██[38;2;254;252;246m██[38;2;254;252;249m██[38;2;254;252;246m██[38;2;254;254;249m██[38;2;138;155;184m██[38;2;254;254;254m██[38;2;255;255;255m████[38;2;209;212;224m██[38;2;255;253;248m██[38;2;255;250;244m██[38;2;255;249;244m██[38;2;199;191;202m██[38;2;254;254;254m██[38;2;232;237;242m██[38;2;248;249;251m██[38;2;239;241;245m  [38;2;6;39;105m  [38;2;134;151;182m  [38;2;0;0;0m        
[38;2;220;215;227m  [38;2;208;206;220m██[38;2;255;255;255m██[38;2;248;247;250m██[38;2;255;255;255m██[38;2;254;254;254m██[38;2;84;107;150m  [38;2;56;80;131m██[38;2;42;66;122m██[38;2;18;48;110m  [38;2;232;233;235m██[38;2;199;202;216m██[38;2;248;249;251m██[38;2;251;251;253m██[38;2;199;208;222m██[38;2;254;252;248m██[38;2;255;249;244m██[38;2;255;250;245m████[38;2;210;205;212m██[38;2;252;252;253m██[38;2;251;250;251m██[38;2;232;236;241m██[38;2;155;166;193m  [38;2;0;0;0m  [38;2;82;107;151m  [38;2;6;12;35m  [38;2;0;0;0m      
[38;2;171;179;202m  [38;2;165;175;198m██[38;2;253;253;254m████[38;2;254;254;254m██[38;2;135;150;178m██[38;2;255;238;233m██[38;2;254;237;232m██[38;2;254;241;236m██[38;2;254;249;244m████[38;2;111;132;168m██[38;2;167;178;200m██[38;2;216;220;229m██[38;2;254;250;245m██[38;2;255;250;245m██[38;2;254;251;246m██[38;2;254;249;244m██[38;2;255;250;245m██[38;2;222;211;213m██[38;2;224;229;237m██[38;2;242;240;245m██[38;2;216;221;231m██[38;2;33;63;121m  [38;2;0;0;0m  [38;2;0;30;72m  [38;2;0;22;65m  [38;2;0;0;0m      
[38;2;19;52;112m  [38;2;115;133;169m██[38;2;209;216;227m██[38;2;255;255;255m██[38;2;199;207;221m██[38;2;141;145;167m██[38;2;254;237;232m██[38;2;255;231;226m██[38;2;255;242;237m██[38;2;255;249;244m██[38;2;255;249;245m██[38;2;254;249;244m██[38;2;254;245;240m██[38;2;255;249;244m██[38;2;255;249;245m██[38;2;254;252;247m██[38;2;42;69;124m  [38;2;71;95;142m  [38;2;247;245;242m██[38;2;231;213;214m██[38;2;171;180;202m██[38;2;222;221;231m██[38;2;200;209;223m  [38;2;4;32;90m  [38;2;0;0;0m            
[38;2;7;19;53m  [38;2;125;141;174m  [38;2;153;161;185m██[38;2;254;254;254m██[38;2;189;162;175m██[38;2;178;185;205m██[38;2;255;243;238m████[38;2;255;247;242m██[38;2;255;249;245m██[38;2;255;249;244m████[38;2;255;250;244m██[38;2;255;249;244m██[38;2;255;249;245m██[38;2;255;249;244m██[38;2;254;245;240m██[38;2;251;246;242m██[38;2;29;60;117m  [38;2;219;210;214m██[38;2;210;208;222m██[38;2;161;170;192m██[38;2;166;180;201m  [38;2;0;0;0m              
[38;2;0;0;0m  [38;2;0;41;106m  [38;2;0;33;93m  [38;2;232;236;241m  [38;2;201;164;174m██[38;2;253;249;246m██[38;2;255;249;244m██[38;2;255;250;244m██[38;2;255;249;244m██[38;2;255;250;244m██[38;2;205;184;192m██[38;2;204;203;213m██[38;2;250;252;247m██[38;2;255;250;244m██[38;2;255;249;245m██[38;2;255;249;243m██[38;2;234;234;236m██[38;2;157;158;179m██[38;2;200;199;208m██[38;2;180;185;206m██[38;2;214;211;224m██[38;2;159;160;182m  [38;2;149;165;192m  [38;2;0;0;0m          [38;2;3;12;30m  [38;2;0;0;94m  
[38;2;0;0;0m      [38;2;5;39;105m  [38;2;13;49;110m  [38;2;117;106;131m  [38;2;253;251;248m██[38;2;254;249;245m██[38;2;255;250;244m████[38;2;232;237;239m██[38;2;203;203;213m██[38;2;244;180;175m██[38;2;254;252;247m██[38;2;255;250;245m██[38;2;255;249;244m██[38;2;243;235;233m██[38;2;190;188;200m██[38;2;189;189;204m██[38;2;139;152;182m██[38;2;215;211;224m██[38;2;162;171;196m  [38;2;92;116;156m  [38;2;0;0;0m      [38;2;0;3;8m  [38;2;101;124;163m  [38;2;239;241;244m  [38;2;46;75;129m  
[38;2;0;0;0m      [38;2;5;41;103m  [38;2;52;56;72m██[38;2;42;51;73m██[38;2;39;51;74m██[38;2;134;141;163m██[38;2;253;251;246m██[38;2;255;250;244m██[38;2;255;249;245m██[38;2;255;250;244m██[38;2;254;254;249m██[38;2;255;250;244m██[38;2;255;249;245m████[38;2;255;246;241m██[38;2;254;242;237m██[38;2;246;247;243m  [38;2;15;47;110m  [38;2;143;156;184m██[38;2;157;166;193m██[38;2;0;29;90m  [38;2;0;0;0m      [38;2;3;34;99m  [38;2;254;254;254m██[38;2;255;255;255m██[38;2;254;254;254m  
[38;2;0;0;0m    [38;2;0;24;59m  [38;2;162;81;93m  [38;2;210;90;99m██[38;2;81;68;84m██[38;2;58;65;82m██[38;2;52;62;87m██[38;2;150;161;184m██[38;2;254;250;245m██[38;2;196;198;208m██[38;2;212;218;227m██[38;2;247;248;249m██[38;2;252;252;252m██[38;2;253;254;250m██[38;2;253;253;249m  [38;2;246;247;246m  [38;2;120;138;172m  [38;2;1;31;98m  [38;2;27;59;98m  [38;2;114;133;168m  [38;2;168;176;199m  [38;2;0;0;0m        [38;2;1;33;100m  [38;2;254;254;254m██[38;2;255;255;255m██[38;2;253;253;253m  
[38;2;0;0;0m    [38;2;0;22;62m  [38;2;59;62;77m  [38;2;61;66;81m██[38;2;54;64;81m██[38;2;164;80;95m██[38;2;248;95;104m██[38;2;116;73;89m██[38;2;30;40;61m██[38;2;52;67;93m██[38;2;55;64;85m██[38;2;64;66;82m██[38;2;49;61;75m██[38;2;47;50;90m  [38;2;5;33;99m  [38;2;0;0;0m        [38;2;0;40;106m  [38;2;10;49;111m  [38;2;0;0;0m  [38;2;4;41;106m  [38;2;0;28;96m  [38;2;0;0;0m    [38;2;21;53;114m  [38;2;189;198;216m  [38;2;11;42;106m  
[38;2;0;0;0m    [38;2;0;40;107m  [38;2;49;53;69m██[38;2;60;66;81m██[38;2;60;65;81m██[38;2;61;65;81m██[38;2;65;65;81m██[38;2;53;65;81m██[38;2;215;90;100m██[38;2;58;65;81m██[38;2;130;75;90m██[38;2;217;90;101m██[38;2;84;68;85m██[38;2;58;65;81m  [38;2;0;38;101m  [38;2;0;0;0m            [38;2;0;8;25m  [38;2;251;251;251m  [38;2;253;253;254m  [38;2;10;48;104m  [38;2;0;0;0m    [38;2;6;6;7m  [38;2;0;0;0m  
[38;2;0;0;0m    [38;2;1;22;67m  [38;2;151;154;171m  [38;2;171;174;189m██[38;2;182;184;201m██[38;2;176;178;192m██[38;2;24;33;50m██[38;2;172;174;190m██[38;2;179;175;188m██[38;2;240;135;136m██[38;2;48;62;85m██[38;2;84;68;87m██[38;2;61;65;82m██[38;2;60;65;81m██[38;2;0;33;101m  [38;2;0;0;0m            [38;2;0;17;35m  [38;2;146;163;191m  [38;2;246;247;250m  [38;2;0;22;68m  [38;2;0;0;0m        
[38;2;0;0;0m    [38;2;1;35;102m  [38;2;217;214;223m██[38;2;254;254;254m██[38;2;255;255;255m████[38;2;46;54;75m██[38;2;243;242;245m██[38;2;203;201;212m██[38;2;55;60;77m██[38;2;122;137;165m██[38;2;105;84;116m██[38;2;56;77;113m██[38;2;43;73;120m  [38;2;0;0;0m                [38;2;14;15;33m  [38;2;0;4;15m  [38;2;0;0;0m          
[38;2;0;0;0m    [38;2;100;122;161m  [38;2;254;254;255m██[38;2;255;255;255m████[38;2;254;254;254m██[38;2;48;56;77m██[38;2;249;248;249m██[38;2;254;254;254m██[38;2;56;61;78m██[38;2;117;128;150m██[38;2;46;61;84m██[38;2;46;59;84m██[38;2;58;65;84m██[38;2;0;34;102m  [38;2;0;0;0m                    [38;2;0;0;17m  [38;2;0;0;32m  [38;2;0;0;0m    
[38;2;0;0;0m  [38;2;83;101;137m  [38;2;250;250;252m  [38;2;255;255;255m██████[38;2;254;254;254m██[38;2;48;57;77m██[38;2;253;253;253m██[38;2;255;255;255m██[38;2;238;240;244m██[38;2;252;252;252m██[38;2;40;53;78m██[38;2;20;29;46m██[38;2;159;166;187m██[38;2;5;38;103m  [38;2;0;0;0m                  [38;2;7;39;104m  [38;2;222;226;235m  [38;2;190;199;216m  [38;2;41;62;97m  [38;2;0;0;0m  
[38;2;0;0;0m  [38;2;46;74;128m  [38;2;254;254;254m██[38;2;255;255;255m██████[38;2;254;254;254m██[38;2;51;59;78m██[38;2;253;253;254m██[38;2;255;255;255m████[38;2;254;254;254m██[38;2;42;51;71m██[38;2;49;60;83m██[38;2;217;215;221m██[38;2;162;169;192m  [38;2;0;0;0m                [38;2;0;0;114m  [38;2;135;152;183m  [38;2;255;255;255m██[38;2;254;254;254m██[38;2;2;35;101m  [38;2;0;0;0m  
[38;2;4;19;38m  [38;2;215;222;231m  [38;2;255;255;255m██████[38;2;250;250;252m██[38;2;254;254;254m██[38;2;54;61;81m██[38;2;253;254;254m██[38;2;255;255;255m████[38;2;254;255;255m██[38;2;47;59;83m██[38;2;79;93;116m██[38;2;254;254;254m██[38;2;204;201;209m  [38;2;0;34;95m  [38;2;0;0;0m                [38;2;11;42;106m  [38;2;247;248;250m  [38;2;189;199;216m  [38;2;17;24;56m  [38;2;0;0;0m  
[38;2;2;34;100m  [38;2;254;254;254m██[38;2;255;255;255m████[38;2;254;254;255m██[38;2;235;239;244m██[38;2;254;254;254m██[38;2;60;67;86m██[38;2;252;252;254m██[38;2;255;255;255m██████[38;2;78;94;123m██[38;2;135;145;167m██[38;2;211;212;223m██[38;2;159;171;193m██[38;2;39;71;125m  [38;2;0;0;0m                  [38;2;0;16;48m  [38;2;1;22;52m  [38;2;0;0;0m    [0m
