
[38;2;105;72;54m  [38;2;106;72;54m██  [38;2;109;76;56m  [38;2;213;203;198m  [38;2;255;255;255m                                                [38;2;105;71;54m    
[38;2;105;72;53m  ██[38;2;105;72;54m██[38;2;110;77;58m██[38;2;109;76;56m  [38;2;105;72;53m  [38;2;255;255;255m                                        [38;2;245;243;242m  [38;2;170;151;141m  [38;2;105;71;54m  [38;2;105;72;54m████
[38;2;105;72;54m  [38;2;105;72;53m██[38;2;121;89;67m██[38;2;248;244;202m██[38;2;198;183;150m██[38;2;109;76;57m  [38;2;147;122;97m  [38;2;105;72;54m  [38;2;255;255;255m                                    [38;2;119;88;69m  [38;2;112;79;58m  [38;2;105;72;54m██[38;2;105;72;53m██[38;2;105;72;54m██
[38;2;147;121;83m  [38;2;105;72;54m██[38;2;240;230;146m██[38;2;252;245;163m██[38;2;254;251;208m██[38;2;234;227;189m██[38;2;120;89;69m██[38;2;157;133;107m  [38;2;241;238;234m  [38;2;255;255;255m                    [38;2;253;248;198m  [38;2;255;255;255m          [38;2;109;77;57m  [38;2;110;77;58m██[38;2;106;72;55m██[38;2;106;72;54m██[38;2;105;72;54m████
[38;2;226;219;214m  [38;2;106;72;54m██[38;2;250;226;147m██[38;2;252;243;155m██[38;2;252;244;155m██[38;2;253;248;190m██[38;2;254;251;209m██[38;2;163;141;115m██[38;2;120;89;68m  [38;2;141;98;73m  [38;2;150;114;93m  [38;2;155;127;111m  [38;2;109;74;57m  [38;2;105;71;54m    [38;2;128;99;85m  [38;2;152;129;116m  [38;2;154;131;117m  [38;2;152;129;116m  [38;2;170;151;141m  [38;2;255;255;255m  [38;2;252;247;186m  [38;2;255;255;255m    [38;2;108;75;56m  [38;2;110;77;59m  [38;2;248;244;203m██[38;2;252;248;202m██[38;2;120;84;62m██[38;2;105;71;54m██[38;2;105;72;54m██
[38;2;255;255;255m  [38;2;115;82;60m  [38;2;231;174;120m██[38;2;251;241;153m██[38;2;252;243;155m████[38;2;253;246;176m██[38;2;255;252;210m██[38;2;181;163;133m██[38;2;107;73;54m  [38;2;112;79;60m██[38;2;127;98;76m██[38;2;155;131;105m██[38;2;159;136;110m██[38;2;168;147;119m██[38;2;171;151;122m██[38;2;155;131;105m██[38;2;122;91;70m██[38;2;109;75;56m██[38;2;108;75;55m  [38;2;109;76;56m  [38;2;106;72;54m  [38;2;245;243;242m  [38;2;106;72;54m  [38;2;123;93;72m██[38;2;252;248;206m██[38;2;254;251;206m██[38;2;251;243;154m██[38;2;233;178;122m██[38;2;106;72;54m██[38;2;105;72;54m  
[38;2;255;255;255m  [38;2;148;123;99m  [38;2;161;118;84m██[38;2;246;188;129m██[38;2;251;238;153m██[38;2;252;242;154m██[38;2;252;241;154m██[38;2;253;245;178m██[38;2;254;250;200m██[38;2;253;246;185m██[38;2;252;243;169m██[38;2;252;242;162m██[38;2;252;242;161m██[38;2;252;245;173m██[38;2;251;247;190m██[38;2;254;251;206m██[38;2;255;252;210m██████[38;2;233;225;186m██[38;2;147;122;95m██[38;2;119;87;65m  [38;2;116;84;62m  [38;2;130;102;80m██[38;2;254;251;209m██[38;2;254;251;205m██[38;2;251;243;155m██[38;2;252;243;155m██[38;2;247;187;129m██[38;2;116;80;59m██[38;2;105;72;54m  
[38;2;255;255;255m  [38;2;237;233;231m  [38;2;108;74;55m██[38;2;247;187;129m████[38;2;249;207;138m██[38;2;252;238;153m██[38;2;252;235;152m██[38;2;252;233;151m████[38;2;252;234;151m██[38;2;252;235;152m██[38;2;252;238;153m██[38;2;252;239;153m██[38;2;252;241;154m██[38;2;252;242;154m██[38;2;250;241;154m██[38;2;251;243;157m██[38;2;252;245;168m██[38;2;255;251;205m██[38;2;255;252;210m██[38;2;253;249;208m██[38;2;234;227;189m██[38;2;254;251;209m██[38;2;254;251;208m██[38;2;252;244;157m██[38;2;252;243;154m██[38;2;250;228;148m██[38;2;247;187;129m██[38;2;123;86;63m██[38;2;106;72;54m  
[38;2;254;251;250m  [38;2;249;178;131m  [38;2;114;81;60m  [38;2;243;185;127m██[38;2;160;116;83m██[38;2;250;222;146m██[38;2;250;231;150m██[38;2;250;227;148m██[38;2;250;224;148m██[38;2;251;223;147m██[38;2;251;224;148m██[38;2;251;228;148m██[38;2;251;231;150m██[38;2;252;235;151m██[38;2;252;238;153m██[38;2;252;241;154m██[38;2;250;240;153m██[38;2;252;243;155m██[38;2;250;242;153m██[38;2;252;243;154m██[38;2;252;243;155m██[38;2;254;250;196m██[38;2;255;252;209m██[38;2;254;251;207m██[38;2;252;245;162m██[38;2;252;243;155m████[38;2;247;196;133m██[38;2;247;187;129m██[38;2;106;72;54m██[38;2;105;72;54m  
[38;2;254;247;243m  [38;2;249;178;131m  [38;2;193;169;112m  [38;2;141;101;73m██[38;2;246;217;143m██[38;2;176;147;100m██[38;2;250;221;146m██[38;2;250;216;144m██[38;2;250;212;143m██[38;2;250;211;142m██[38;2;250;212;143m██[38;2;250;216;145m██[38;2;250;222;147m██[38;2;250;228;149m██[38;2;251;234;151m██[38;2;252;238;153m██[38;2;170;146;98m██[38;2;229;216;139m██[38;2;252;243;155m██[38;2;251;243;154m██[38;2;252;243;155m████████████[38;2;251;237;152m██[38;2;247;187;129m██[38;2;239;180;124m██[38;2;113;78;58m  [38;2;223;216;212m  
[38;2;249;181;137m  [38;2;249;178;131m  [38;2;204;184;121m  [38;2;152;123;85m██[38;2;126;95;68m██[38;2;241;208;139m██[38;2;250;210;143m██[38;2;250;203;140m██[38;2;249;199;139m██[38;2;250;198;138m██[38;2;249;200;139m██[38;2;250;204;140m██[38;2;251;212;143m██[38;2;251;220;146m██[38;2;250;229;149m██[38;2;252;235;152m██[38;2;249;236;151m██[38;2;110;77;57m██[38;2;222;210;135m██[38;2;250;241;154m██[38;2;252;243;155m████████████[38;2;247;187;129m████[38;2;142;101;73m██[38;2;122;89;65m  [38;2;255;255;255m  
[38;2;248;178;131m  [38;2;238;170;125m  [38;2;111;78;58m  [38;2;110;78;60m██[38;2;187;171;147m██[38;2;145;115;91m██[38;2;249;200;138m██[38;2;250;193;136m██[38;2;249;189;135m██[38;2;249;189;134m██[38;2;249;189;135m██[38;2;249;194;136m██[38;2;250;201;139m██[38;2;250;212;143m██[38;2;250;222;147m██[38;2;233;211;138m██[38;2;219;201;132m██[38;2;251;240;153m██[38;2;250;241;153m██[38;2;251;242;154m██[38;2;251;243;154m██[38;2;252;243;155m██[38;2;252;244;155m██[38;2;252;243;155m██[38;2;249;222;145m██[38;2;246;187;129m██[38;2;247;187;129m██[38;2;246;186;128m██[38;2;107;73;55m██[38;2;161;139;128m  [38;2;255;255;255m  
[38;2;249;178;131m  [38;2;117;80;60m  [38;2;106;72;55m██[38;2;130;102;82m██[38;2;248;245;217m██[38;2;142;116;96m██[38;2;246;191;137m██[38;2;248;186;134m██[38;2;248;183;133m████[38;2;248;184;133m██[38;2;248;188;134m██[38;2;250;195;137m██[38;2;249;204;140m██[38;2;141;107;77m██[38;2;111;78;59m██[38;2;179;161;139m██[38;2;127;98;77m██[38;2;248;238;153m██[38;2;252;243;154m██[38;2;251;243;154m██[38;2;252;243;155m██████[38;2;248;199;134m██[38;2;246;187;129m██[38;2;247;187;129m██[38;2;206;153;107m██[38;2;127;96;68m  [38;2;255;255;255m    
[38;2;178;125;92m  [38;2;106;72;54m  [38;2;106;73;55m██[38;2;106;72;55m██[38;2;141;114;93m██[38;2;119;89;70m██[38;2;246;186;134m██[38;2;249;182;133m██[38;2;248;180;131m██[38;2;249;180;131m██[38;2;249;181;132m██[38;2;249;184;133m██[38;2;250;190;135m██[38;2;190;147;104m██[38;2;107;73;55m██[38;2;159;137;115m██[38;2;250;247;219m██[38;2;214;203;178m██[38;2;143;116;82m██[38;2;252;243;155m██████████[38;2;251;239;153m██[38;2;247;187;129m██[38;2;245;185;128m██[38;2;111;76;57m██[38;2;167;144;96m  [38;2;254;254;248m  [38;2;255;255;255m  
[38;2;109;75;56m  [38;2;171;147;98m  [38;2;131;105;80m██[38;2;114;84;66m██[38;2;122;89;68m██[38;2;178;135;97m██[38;2;246;185;133m██[38;2;248;181;132m██[38;2;248;180;131m██[38;2;249;179;131m██[38;2;249;181;131m██[38;2;248;183;133m██[38;2;250;189;135m██[38;2;138;100;73m██[38;2;106;72;54m██[38;2;111;78;59m██[38;2;205;193;168m██[38;2;124;94;74m██[38;2;127;97;71m██[38;2;252;243;154m██[38;2;252;243;155m██[38;2;251;243;155m██[38;2;252;243;155m██████[38;2;247;192;131m██[38;2;199;147;103m██[38;2;118;86;62m  [38;2;111;78;57m  [38;2;252;243;155m  [38;2;255;255;255m  
[38;2;105;72;54m  [38;2;245;232;149m  [38;2;192;241;228m██[38;2;202;229;210m██[38;2;235;203;147m██[38;2;249;197;138m██[38;2;249;188;134m██[38;2;193;140;102m██[38;2;180;128;95m██[38;2;248;180;131m██[38;2;249;181;132m██[38;2;248;184;133m██[38;2;250;191;136m██[38;2;223;176;123m██[38;2;108;74;57m██[38;2;107;73;56m██[38;2;117;86;68m██[38;2;125;95;73m██[38;2;235;222;142m██[38;2;252;242;155m██[38;2;252;243;155m██████████[38;2;248;202;136m██[38;2;202;150;105m██[38;2;111;77;57m  [38;2;105;71;54m  [38;2;254;254;248m  [38;2;255;255;255m  
[38;2;106;72;54m  [38;2;230;238;178m██[38;2;191;242;230m██[38;2;199;233;215m██[38;2;238;216;159m██[38;2;248;200;139m██[38;2;250;191;136m██[38;2;248;186;133m██[38;2;247;182;132m██[38;2;248;183;133m██[38;2;249;184;133m██[38;2;249;188;135m██[38;2;250;196;137m██[38;2;247;206;144m██[38;2;208;223;200m██[38;2;196;232;215m██[38;2;189;243;230m██[38;2;250;240;155m██[38;2;250;233;151m██[38;2;212;177;124m██[38;2;204;160;116m██[38;2;229;205;136m██[38;2;251;241;154m██[38;2;252;243;155m████[38;2;250;220;144m██[38;2;234;177;122m██[38;2;105;72;54m  [38;2;247;246;245m  [38;2;237;233;231m  [38;2;255;255;255m  
[38;2;107;73;55m██[38;2;190;161;137m██[38;2;190;241;229m██[38;2;196;237;221m██[38;2;240;221;159m██[38;2;250;209;142m██[38;2;248;198;138m██[38;2;249;191;135m██[38;2;249;189;135m██[38;2;249;189;134m██[38;2;249;190;135m██[38;2;249;195;137m██[38;2;249;203;140m██[38;2;233;215;166m██[38;2;202;230;211m██[38;2;193;239;225m██[38;2;188;245;234m██[38;2;238;241;170m██[38;2;194;146;109m██[38;2;233;155;128m██[38;2;233;156;129m██[38;2;233;155;128m██[38;2;204;156;115m██[38;2;251;242;154m██[38;2;252;243;155m██[38;2;251;235;150m██[38;2;245;185;127m██[38;2;106;72;54m██[38;2;248;246;245m  [38;2;158;136;125m  [38;2;255;255;255m  
[38;2;107;73;55m██[38;2;213;151;126m██[38;2;190;238;227m██[38;2;191;241;229m██[38;2;244;228;157m██[38;2;250;218;145m██[38;2;248;208;141m██[38;2;160;121;87m██[38;2;139;101;74m██[38;2;246;194;136m██[38;2;249;201;139m██[38;2;250;205;140m██[38;2;250;213;144m██[38;2;218;225;189m██[38;2;196;236;220m██[38;2;189;244;232m██[38;2;186;248;238m██[38;2;221;238;187m██[38;2;226;152;125m██[38;2;234;156;129m██████[38;2;230;154;127m██[38;2;245;232;149m██[38;2;252;243;155m██[38;2;251;234;150m██[38;2;246;186;128m██[38;2;108;73;54m██[38;2;247;246;245m  [38;2;255;255;255m    
[38;2;106;72;54m██[38;2;197;158;136m██[38;2;187;244;234m██[38;2;188;245;234m██[38;2;246;233;157m██[38;2;250;227;149m██[38;2;177;145;100m██[38;2;214;180;122m██[38;2;237;198;134m██[38;2;153;117;83m██[38;2;242;205;139m██[38;2;251;218;145m██[38;2;251;223;147m██[38;2;210;235;202m██[38;2;191;242;230m██[38;2;186;247;237m██[38;2;184;249;241m██[38;2;209;239;200m██[38;2;230;155;127m██[38;2;234;156;129m██████[38;2;230;153;126m██[38;2;247;235;150m██[38;2;252;244;155m██[38;2;250;225;146m██[38;2;246;186;128m██[38;2;108;74;55m  [38;2;247;246;245m  [38;2;255;255;255m    
[38;2;106;72;54m██[38;2;200;226;202m██[38;2;185;248;239m████[38;2;248;238;157m██[38;2;251;234;151m██[38;2;250;230;149m██[38;2;250;226;148m██[38;2;247;221;146m██[38;2;250;224;147m██[38;2;250;225;148m██[38;2;251;228;149m██[38;2;251;232;150m██[38;2;209;241;206m██[38;2;186;247;237m██[38;2;184;250;242m██[38;2;183;251;243m██[38;2;204;248;215m██[38;2;210;166;120m██[38;2;229;153;127m██[38;2;232;155;128m██[38;2;229;153;126m██[38;2;206;159;117m██[38;2;251;243;154m██[38;2;252;244;155m██[38;2;248;200;135m██[38;2;246;186;128m██[38;2;106;72;54m  [38;2;247;246;245m  [38;2;255;255;255m    
[38;2;105;71;54m  [38;2;146;147;124m██[38;2;182;252;244m██[38;2;183;251;243m██[38;2;249;241;157m██[38;2;252;239;153m██[38;2;252;237;153m██[38;2;252;235;152m██[38;2;250;232;150m██[38;2;252;234;151m██[38;2;252;234;152m██[38;2;252;235;152m██[38;2;252;238;153m██[38;2;214;245;201m██[38;2;183;251;242m██[38;2;182;252;245m████[38;2;196;251;226m██[38;2;252;243;155m██[38;2;242;215;144m██[38;2;237;198;139m██[38;2;244;221;147m██[38;2;251;241;154m██[38;2;252;243;155m██[38;2;252;243;154m██[38;2;247;188;129m██[38;2;234;177;122m██[38;2;105;72;53m  [38;2;255;255;255m      
[38;2;104;71;54m  [38;2;107;73;55m  [38;2;181;252;245m██[38;2;182;252;245m██[38;2;250;242;156m██[38;2;252;242;154m██[38;2;252;241;154m██[38;2;252;240;153m██[38;2;249;237;151m██[38;2;252;239;153m██[38;2;252;240;153m██[38;2;252;242;154m██[38;2;252;241;154m██[38;2;224;245;190m██[38;2;183;252;244m██[38;2;182;252;245m██[38;2;182;253;245m██[38;2;188;252;237m██[38;2;252;243;155m██[38;2;252;243;154m██[38;2;252;243;155m██[38;2;251;243;155m██[38;2;252;243;155m████[38;2;251;237;152m██[38;2;247;187;129m██[38;2;141;100;72m██[38;2;105;71;54m  [38;2;255;255;255m      
[38;2;249;247;247m  [38;2;106;72;55m  [38;2;144;163;151m██[38;2;182;253;246m██[38;2;249;243;157m██[38;2;252;243;155m████[38;2;252;242;154m██[38;2;251;242;154m██[38;2;252;242;154m████[38;2;252;243;154m██[38;2;252;243;155m██[38;2;237;245;174m██[38;2;182;252;245m██[38;2;182;253;245m████[38;2;194;251;230m██[38;2;252;243;155m████████████[38;2;248;204;136m██[38;2;242;183;126m██[38;2;105;72;54m  [38;2;169;150;140m  [38;2;255;255;255m      
[38;2;255;255;255m  [38;2;178;160;152m  [38;2;109;77;58m  [38;2;188;222;191m  [38;2;251;243;155m██[38;2;252;243;155m████[38;2;251;243;155m██[38;2;252;243;155m████████[38;2;252;243;154m██[38;2;246;244;163m██[38;2;182;253;246m██████[38;2;207;249;213m██[38;2;252;243;154m████[38;2;252;243;155m██████[38;2;251;242;153m██[38;2;246;187;129m██[38;2;140;100;72m██[38;2;105;71;54m  [38;2;255;255;255m        
[38;2;255;255;255m    [38;2;105;71;54m  [38;2;112;80;59m  [38;2;237;226;144m██[38;2;251;243;155m██[38;2;252;243;155m████████████████[38;2;187;252;239m██[38;2;181;253;245m██[38;2;183;253;243m██[38;2;249;244;157m██[38;2;252;243;155m██████████[38;2;247;199;134m██[38;2;220;166;115m██[38;2;107;73;55m  [38;2;105;71;54m  [38;2;255;255;255m        
[38;2;255;255;255m    [38;2;105;72;54m  [38;2;115;83;60m  [38;2;183;162;106m██[38;2;252;243;155m██████████████████[38;2;251;243;155m██[38;2;251;244;156m██[38;2;251;244;155m██[38;2;252;243;155m██[38;2;250;243;157m██[38;2;252;243;155m████████[38;2;247;192;131m██[38;2;180;132;94m██[38;2;106;72;54m  [38;2;105;72;54m  [38;2;255;255;255m        
[38;2;255;255;255m      [38;2;105;72;54m  [38;2;196;177;116m██[38;2;252;243;155m██[38;2;252;244;155m██[38;2;252;243;155m██[38;2;251;241;153m██[38;2;247;191;131m██[38;2;246;187;129m██[38;2;248;205;137m██[38;2;252;243;155m██████[38;2;252;244;155m██[38;2;252;243;155m████[38;2;250;243;157m██[38;2;252;244;155m██[38;2;252;243;155m████[38;2;252;244;155m██[38;2;247;192;131m██[38;2;246;186;128m██[38;2;118;81;60m██[38;2;105;72;54m  [38;2;208;197;192m  [38;2;255;255;255m      
[38;2;255;255;255m      [38;2;105;72;54m  [38;2;225;212;136m  [38;2;252;244;155m██[38;2;252;243;155m██[38;2;252;244;155m██[38;2;252;243;155m████[38;2;251;240;153m██[38;2;252;242;154m██[38;2;251;242;154m██[38;2;252;241;154m██[38;2;252;242;154m██[38;2;247;242;160m██[38;2;252;242;153m██[38;2;251;242;153m██[38;2;252;242;154m██[38;2;252;242;153m██[38;2;252;242;154m████[38;2;252;243;154m██[38;2;248;202;136m██[38;2;246;187;129m██[38;2;219;165;114m██[38;2;105;72;54m    [38;2;255;255;255m      
[38;2;255;255;255m    [38;2;238;235;233m  [38;2;105;72;53m  [38;2;242;232;148m██[38;2;252;243;155m████[38;2;246;234;148m██[38;2;215;168;115m██[38;2;251;243;154m██[38;2;252;243;155m████[38;2;252;242;154m██[38;2;250;231;149m██[38;2;249;238;151m██[38;2;221;234;173m██[38;2;252;243;155m██████████████[38;2;245;217;142m██[38;2;140;99;72m██[38;2;105;71;54m████[38;2;105;72;53m    [38;2;255;255;255m    
[38;2;255;255;255m    [38;2;105;72;54m  ██[38;2;248;240;152m██[38;2;252;243;155m████[38;2;246;207;138m██[38;2;119;82;61m██[38;2;246;189;130m██[38;2;251;235;150m██[38;2;252;242;154m██[38;2;248;207;138m██[38;2;246;187;129m██[38;2;185;140;98m██[38;2;249;241;153m██[38;2;252;243;155m██[38;2;252;244;155m██[38;2;252;243;155m██[38;2;252;243;154m██[38;2;252;243;155m██[38;2;251;243;155m██[38;2;239;229;146m██[38;2;105;71;54m████[38;2;105;71;53m██[38;2;105;71;54m██[38;2;105;72;54m██  [38;2;255;255;255m    
[38;2;255;255;255m    [38;2;105;72;54m  [38;2;106;72;54m  [38;2;252;243;155m██████[38;2;248;204;137m██[38;2;146;105;75m██[38;2;233;176;122m██[38;2;247;187;129m██████[38;2;242;182;126m██[38;2;122;92;66m██[38;2;252;243;155m██████████████[38;2;248;239;152m██[38;2;106;72;54m██[38;2;105;71;54m████[38;2;210;156;109m██[38;2;143;102;73m██[38;2;105;72;54m  [38;2;161;139;128m  [38;2;255;255;255m  [0m
