
[38;2;104;70;52m████  [38;2;167;148;138m  [38;2;255;255;255m  [38;2;247;249;255m  [38;2;224;231;255m  [38;2;72;100;205m  [38;2;55;78;167m  [38;2;93;129;255m  [38;2;89;124;247m  [38;2;93;129;255m                            [38;2;103;137;255m  [38;2;193;207;255m  [38;2;226;220;217m  [38;2;105;71;54m  [38;2;104;70;53m  [38;2;105;70;54m██[38;2;104;70;53m██
[38;2;104;70;52m██[38;2;104;70;53m██[38;2;104;70;52m██[38;2;104;71;54m  [38;2;105;72;55m  [38;2;162;183;255m  [38;2;151;174;255m  [38;2;83;115;232m  [38;2;55;78;166m  [38;2;77;108;219m  [38;2;61;88;171m  [38;2;93;129;255m  [38;2;82;114;229m  [38;2;93;129;255m                        [38;2;102;88;112m  [38;2;106;72;55m  [38;2;113;81;62m  [38;2;157;135;107m██[38;2;104;70;53m██[38;2;104;70;52m  [38;2;105;71;54m██
[38;2;104;70;52m████[38;2;105;71;53m  [38;2;248;243;174m██[38;2;247;242;197m██[38;2;106;72;56m  [38;2;108;79;69m  [38;2;91;126;250m  [38;2;55;78;166m  [38;2;68;96;197m  [38;2;58;84;168m  [38;2;93;129;255m  [38;2;58;84;169m  [38;2;93;129;255m      [38;2;90;125;249m  [38;2;92;128;254m  [38;2;93;129;255m        [38;2;96;113;201m  [38;2;104;73;60m  [38;2;106;74;59m  [38;2;205;193;157m██[38;2;250;248;204m██[38;2;253;251;204m██[38;2;251;244;158m██[38;2;106;72;54m██[38;2;104;70;52m  [38;2;104;70;53m██
[38;2;104;70;52m████[38;2;246;187;129m██[38;2;251;243;154m██[38;2;252;246;174m██[38;2;253;250;204m██[38;2;217;207;159m██[38;2;108;78;68m  [38;2;55;78;165m  [38;2;76;104;210m  [38;2;56;80;166m  [38;2;94;122;231m  [38;2;56;79;166m  [38;2;101;88;113m  [38;2;103;78;77m  [38;2;108;82;80m  [38;2;119;96;90m  [38;2;126;105;98m  [38;2;129;107;98m  [38;2;132;111;100m  [38;2;135;114;104m  [38;2;114;87;79m  [38;2;137;114;99m  [38;2;209;201;169m██[38;2;248;246;206m██[38;2;250;248;205m██[38;2;250;243;168m██[38;2;250;242;156m██[38;2;250;243;155m██[38;2;146;120;82m██[38;2;104;70;53m██[38;2;104;70;52m  
[38;2;104;70;52m████[38;2;246;187;129m██[38;2;250;243;155m████[38;2;228;225;167m██[38;2;234;235;202m██[38;2;244;243;204m██[38;2;55;78;165m██[38;2;107;80;74m  [38;2;55;78;166m██[38;2;124;101;94m  [38;2;56;79;166m██[38;2;229;231;211m██[38;2;202;209;205m██[38;2;205;213;208m██[38;2;221;227;213m██[38;2;218;226;213m██[38;2;218;226;212m██[38;2;220;228;211m██[38;2;223;230;211m██[38;2;228;234;210m██[38;2;236;238;209m██[38;2;230;228;195m██[38;2;207;196;144m██[38;2;245;239;159m██[38;2;248;241;157m██[38;2;249;242;156m██[38;2;250;242;156m██[38;2;216;181;121m██[38;2;104;70;53m██  
[38;2;104;70;52m██[38;2;119;82;61m██[38;2;246;187;129m██[38;2;250;243;155m██[38;2;250;242;156m██[38;2;200;201;159m██[38;2;163;172;163m██[38;2;240;240;205m██[38;2;55;78;166m██[38;2;237;239;209m██[38;2;55;78;166m██[38;2;226;230;211m██[38;2;56;79;166m██[38;2;205;212;193m██[38;2;134;150;174m██[38;2;148;162;176m██[38;2;205;212;181m██[38;2;209;214;180m██[38;2;212;215;179m██[38;2;214;217;178m██[38;2;213;218;176m██[38;2;216;222;183m██[38;2;220;228;202m██[38;2;229;234;208m██[38;2;237;239;207m██[38;2;241;236;161m██[38;2;244;238;159m██[38;2;248;241;157m██[38;2;246;202;138m██[38;2;242;183;128m██[38;2;103;70;52m██[38;2;103;72;63m  
[38;2;104;70;52m  [38;2;181;133;95m██[38;2;245;187;129m██[38;2;248;226;148m██[38;2;249;242;157m██[38;2;218;217;159m██[38;2;148;158;164m██[38;2;238;233;162m██[38;2;55;78;166m██[38;2;225;229;198m██[38;2;54;78;166m██[38;2;211;216;178m██[38;2;56;79;166m██[38;2;190;196;182m██[38;2;137;151;177m██[38;2;137;151;178m██[38;2;197;204;189m████[38;2;199;206;187m██[38;2;203;208;185m██[38;2;208;212;182m██[38;2;213;216;178m██[38;2;220;220;175m██[38;2;225;225;171m██[38;2;228;229;179m██[38;2;235;236;193m██[38;2;241;237;160m██[38;2;242;203;142m██[38;2;243;186;131m██[38;2;243;184;129m██[38;2;104;70;52m██[38;2;167;173;213m  
[38;2;104;70;52m  [38;2;171;125;90m██[38;2;245;186;129m██[38;2;245;193;134m██[38;2;247;240;157m██[38;2;218;217;161m██[38;2;142;154;164m██[38;2;229;229;167m██[38;2;55;78;166m██[38;2;218;219;174m██[38;2;55;78;166m██[38;2;205;210;183m██[38;2;56;79;166m██[38;2;169;180;187m██[38;2;140;155;184m██[38;2;129;146;184m██[38;2;183;194;197m██[38;2;183;194;198m██[38;2;186;196;196m██[38;2;190;199;193m██[38;2;195;203;190m██[38;2;202;207;186m██[38;2;209;212;181m██[38;2;217;218;176m██[38;2;225;225;171m██[38;2;226;228;177m██[38;2;234;218;161m██[38;2;239;184;135m██[38;2;242;185;132m██[38;2;186;139;102m██[38;2;104;70;54m  [38;2;119;149;255m  
[38;2;104;70;52m  [38;2;106;72;54m██[38;2;245;186;130m██[38;2;243;185;131m██[38;2;245;239;158m██[38;2;213;215;163m██[38;2;136;148;166m██[38;2;229;227;169m██[38;2;55;78;166m██[38;2;209;212;178m██[38;2;55;78;166m██[38;2;195;202;190m██[38;2;56;80;166m██[38;2;152;166;191m██[38;2;173;187;202m██[38;2;171;185;203m██[38;2;171;185;205m██[38;2;172;186;205m██[38;2;173;187;203m██[38;2;177;190;201m██[38;2;183;194;198m██[38;2;190;199;193m██[38;2;200;206;187m██[38;2;208;212;182m██[38;2;218;219;176m██[38;2;226;226;170m██[38;2;229;230;167m██[38;2;234;183;138m██[38;2;239;183;134m██[38;2;105;71;56m██[38;2;102;81;92m  [38;2;93;129;255m  
[38;2;104;70;54m  [38;2;104;70;52m██[38;2;244;186;131m██[38;2;242;184;132m██[38;2;244;230;155m██[38;2;206;210;165m██[38;2;133;146;167m██[38;2;225;225;171m██[38;2;55;78;166m██[38;2;200;206;184m██[38;2;55;78;166m██[38;2;184;195;197m██[38;2;65;88;170m██[38;2;132;149;193m██[38;2;164;180;208m██[38;2;163;179;210m██[38;2;161;178;211m██[38;2;162;178;211m██[38;2;163;179;210m██[38;2;168;182;208m██[38;2;173;187;204m██[38;2;180;192;199m██[38;2;189;198;194m██[38;2;199;206;188m██[38;2;210;213;181m██[38;2;221;221;174m██[38;2;230;228;168m██[38;2;233;230;164m██[38;2;138;100;77m██[38;2;104;70;53m██[38;2;95;116;214m  [38;2;93;129;255m  
[38;2;101;84;103m  [38;2;104;70;52m  [38;2;243;186;131m██[38;2;242;185;132m██[38;2;240;228;158m██[38;2;204;209;167m██[38;2;157;168;169m██[38;2;218;219;175m██[38;2;61;86;169m██[38;2;194;201;189m██[38;2;72;95;171m██[38;2;176;188;203m██[38;2;109;129;186m██[38;2;150;167;206m██[38;2;158;176;213m██[38;2;155;174;215m██████[38;2;156;175;214m██[38;2;160;177;212m██[38;2;165;181;209m██[38;2;172;186;205m██[38;2;181;193;199m██[38;2;191;200;192m██[38;2;203;208;185m██[38;2;214;216;178m██[38;2;225;225;171m██[38;2;233;230;166m██[38;2;164;147;109m██[38;2;104;70;53m  [38;2;93;129;255m    
[38;2;94;121;230m  [38;2;104;70;52m  [38;2;217;164;118m██[38;2;239;184;134m██[38;2;238;235;162m██[38;2;225;227;168m██[38;2;225;224;171m██[38;2;211;212;173m██[38;2;136;135;135m██[38;2;125;101;87m██[38;2;125;104;94m██[38;2;153;156;169m██[38;2;161;178;211m██[38;2;156;174;215m██[38;2;152;172;217m██[38;2;150;170;219m██[38;2;149;170;219m██[38;2;150;170;218m██[38;2;152;171;217m██[38;2;154;173;216m██[38;2;159;176;213m██[38;2;165;181;208m██[38;2;169;181;194m██[38;2;124;98;86m██[38;2;120;91;76m██[38;2;120;90;74m██[38;2;109;77;60m██[38;2;190;178;131m██[38;2;236;233;164m██[38;2;104;70;54m██[38;2;96;107;181m  [38;2;93;129;255m  
[38;2;93;129;255m  [38;2;104;70;53m  [38;2;170;124;89m██[38;2;241;201;142m██[38;2;238;234;163m██[38;2;231;229;167m██[38;2;216;214;166m██[38;2;127;99;79m██[38;2;132;104;91m██[38;2;184;168;160m██[38;2;195;182;175m██[38;2;129;101;87m██[38;2;107;76;62m██[38;2;151;167;210m██[38;2;150;170;219m██[38;2;147;168;220m██████[38;2;148;169;219m██[38;2;150;170;218m██[38;2;155;173;216m██[38;2;161;175;210m██[38;2;123;95;84m██[38;2;199;186;180m██[38;2;238;234;232m██[38;2;249;248;248m██[38;2;251;250;249m██[38;2;172;154;144m██[38;2;161;140;104m██[38;2;217;207;141m██[38;2;103;71;57m  [38;2;93;129;255m  
[38;2;93;129;255m  [38;2;104;70;52m  [38;2;241;184;131m██[38;2;231;222;149m██[38;2;238;234;163m██[38;2;230;229;167m██[38;2;148;123;96m██[38;2;121;89;74m██[38;2;248;247;246m██[38;2;255;255;255m██████[38;2;191;176;169m██[38;2;109;77;62m██[38;2;147;168;219m██[38;2;146;167;221m██████[38;2;147;168;221m██[38;2;149;170;219m██[38;2;152;172;217m██[38;2;154;150;193m██[38;2;133;106;92m██[38;2;221;214;210m██[38;2;255;255;255m████████[38;2;161;140;129m██[38;2;238;231;157m██[38;2;103;70;53m██[38;2;95;117;216m  
[38;2;94;118;219m  [38;2;104;70;52m██[38;2;242;185;132m██[38;2;244;238;159m██[38;2;238;234;163m██[38;2;229;226;167m██[38;2;127;92;74m██[38;2;222;214;210m██[38;2;255;255;255m████████[38;2;254;254;254m██[38;2;148;123;112m██[38;2;129;125;148m██[38;2;146;167;222m██[38;2;145;166;222m██[38;2;146;167;222m██[38;2;146;167;221m██[38;2;148;169;220m██[38;2;152;170;217m██[38;2;155;147;186m██[38;2;161;140;130m██[38;2;242;239;238m██[38;2;255;255;255m████████[38;2;235;231;229m██[38;2;186;167;116m██[38;2;144;119;86m██[38;2;103;74;67m  
[38;2;95;117;214m  [38;2;104;70;52m██[38;2;242;186;133m██[38;2;244;238;160m██[38;2;238;234;163m██[38;2;227;222;164m██[38;2;120;85;67m██[38;2;249;248;248m██[38;2;255;255;255m████████[38;2;254;254;254m██[38;2;203;191;186m██[38;2;108;79;71m██[38;2;146;167;221m██[38;2;145;167;222m██[38;2;145;167;221m██[38;2;147;168;220m██[38;2;148;169;220m██[38;2;152;168;215m██[38;2;151;143;183m██[38;2;164;144;135m██[38;2;241;238;236m██[38;2;255;255;255m████████[38;2;221;213;210m██[38;2;209;184;129m██[38;2;217;205;137m██[38;2;104;70;53m  
[38;2;100;89;121m  [38;2;105;71;53m██[38;2;246;238;156m██[38;2;244;238;159m██[38;2;239;235;162m██[38;2;229;219;162m██[38;2;122;87;68m██[38;2;252;251;251m██[38;2;255;255;255m████████[38;2;253;253;253m██[38;2;201;188;182m██[38;2;119;97;107m██[38;2;147;168;220m██[38;2;147;167;221m██[38;2;147;168;220m██[38;2;149;170;219m██[38;2;151;171;218m██[38;2;154;172;215m██[38;2;158;152;198m██[38;2;137;110;97m██[38;2;222;214;211m██[38;2;255;255;255m██████[38;2;254;254;254m██[38;2;138;112;99m██[38;2;237;223;154m██[38;2;244;238;157m██[38;2;104;70;54m  
[38;2;104;70;54m  [38;2;118;81;60m██[38;2;247;241;157m██[38;2;245;239;159m██[38;2;240;235;161m██[38;2;233;227;164m██[38;2;140;103;83m██[38;2;199;187;181m██[38;2;255;255;255m████████[38;2;223;215;212m██[38;2;123;94;79m██[38;2;148;146;200m██[38;2;150;169;219m██[38;2;149;170;219m██[38;2;150;170;219m██[38;2;151;171;218m██[38;2;154;173;216m██[38;2;159;176;213m██[38;2;163;157;199m██[38;2;125;97;95m██[38;2;135;107;94m██[38;2;192;178;171m██[38;2;229;224;221m██[38;2;235;230;228m██[38;2;156;133;122m██[38;2;142;103;79m██[38;2;243;237;160m██[38;2;247;240;158m██[38;2;104;70;53m  
[38;2;104;70;54m  [38;2;143;102;74m██[38;2;249;241;157m██[38;2;247;240;158m██[38;2;242;237;160m██[38;2;237;233;164m██[38;2;194;154;124m██[38;2;118;84;67m██[38;2;203;192;186m██[38;2;248;246;245m██[38;2;246;244;243m██[38;2;196;183;177m██[38;2;116;84;69m██[38;2;141;127;155m██[38;2;155;165;210m██[38;2;154;173;216m██[38;2;153;172;217m██[38;2;154;173;216m██[38;2;156;174;215m██[38;2;159;176;213m██[38;2;165;181;209m██[38;2;171;185;205m██[38;2;178;162;184m██[38;2;152;125;124m██[38;2;141;111;100m██[38;2;133;103;88m██[38;2;133;98;80m██[38;2;174;132;104m██[38;2;237;224;157m██[38;2;245;238;159m██[38;2;248;241;157m██[38;2;104;70;52m  
[38;2;104;70;53m  [38;2;169;124;88m██[38;2;250;242;157m██[38;2;246;240;158m██[38;2;243;238;159m██[38;2;239;235;162m██[38;2;232;227;165m██[38;2;189;150;125m██[38;2;153;118;102m██[38;2;134;102;90m██[38;2;134;105;96m██[38;2;139;112;114m██[38;2;167;153;182m██[38;2;166;166;200m██[38;2;164;180;210m██[38;2;161;178;211m██[38;2;160;177;212m██[38;2;161;178;211m██[38;2;163;180;210m██[38;2;167;182;208m██[38;2;173;186;204m██[38;2;180;192;200m██[38;2;189;198;194m██[38;2;199;203;186m██[38;2;208;193;171m██[38;2;217;193;163m██[38;2;228;214;163m██[38;2;235;232;165m██[38;2;242;236;161m██[38;2;192;157;119m██[38;2;212;137;123m██[38;2;104;70;53m██
[38;2;104;70;53m  [38;2;145;103;75m██[38;2;250;242;156m██[38;2;247;240;157m██[38;2;245;240;159m██[38;2;192;178;125m██[38;2;148;118;103m██[38;2;161;131;119m██[38;2;219;211;171m██[38;2;207;190;169m██[38;2;198;179;173m██[38;2;189;181;184m██[38;2;183;191;196m██[38;2;178;190;201m██[38;2;173;187;204m██[38;2;169;183;203m██[38;2;170;185;206m██[38;2;171;185;205m██[38;2;171;184;200m██[38;2;109;94;128m██[38;2;167;173;177m██[38;2;190;199;193m██[38;2;198;204;187m██[38;2;145;133;122m██[38;2;214;215;173m██[38;2;226;225;170m██[38;2;229;229;167m██[38;2;240;236;162m██[38;2;190;129;116m██[38;2;249;161;148m██[38;2;238;153;138m██[38;2;110;73;56m██
[38;2;104;70;53m  [38;2;150;108;77m██[38;2;250;243;156m██[38;2;249;242;157m██[38;2;152;116;89m██[38;2;247;160;149m██[38;2;242;159;153m██[38;2;236;158;157m██[38;2;195;140;141m██[38;2;211;217;177m██[38;2;212;215;180m██[38;2;203;208;185m██[38;2;196;203;190m██[38;2;189;198;194m██[38;2;109;95;111m██[38;2;119;98;130m  [38;2;107;92;110m  [38;2;117;103;113m  [38;2;109;86;105m██[38;2;164;105;142m██[38;2;153;105;137m██[38;2;113;89;88m██[38;2;104;77;77m██[38;2;182;99;111m██[38;2;140;112;100m██[38;2;233;230;166m██[38;2;233;232;164m██[38;2;227;219;151m██[38;2;249;161;148m██[38;2;251;161;147m██[38;2;217;140;123m██[38;2;104;70;54m██
[38;2;104;70;52m██[38;2;150;107;77m██[38;2;251;243;155m██[38;2;249;242;156m██[38;2;243;156;143m██[38;2;248;161;149m██[38;2;245;160;151m██[38;2;241;159;154m██[38;2;235;158;157m██[38;2;218;217;166m██[38;2;214;219;176m██[38;2;211;215;179m██[38;2;207;212;182m██[38;2;137;126;129m  [38;2;159;97;119m██[38;2;169;103;135m██[38;2;167;103;136m██[38;2;168;103;134m██[38;2;170;103;132m██[38;2;172;102;128m██[38;2;176;100;122m██[38;2;181;99;115m██[38;2;185;97;108m██[38;2;189;96;101m██[38;2;186;93;90m██[38;2;231;230;165m██[38;2;240;236;161m██[38;2;245;239;158m██[38;2;174;150;105m██[38;2;176;121;99m██[38;2;132;95;72m██[38;2;104;70;53m██
[38;2;104;70;52m  [38;2;151;109;78m██[38;2;251;243;155m████[38;2;166;126;96m██[38;2;250;161;148m██[38;2;248;161;149m██[38;2;245;159;150m██[38;2;174;153;117m██[38;2;235;231;165m██[38;2;228;227;169m██[38;2;222;222;173m██[38;2;212;213;170m██[38;2;158;108;109m██[38;2;189;114;131m██[38;2;180;104;124m██[38;2;177;100;120m██[38;2;178;100;119m██[38;2;179;100;118m██[38;2;181;99;114m██[38;2;184;98;109m██[38;2;188;97;103m██[38;2;192;95;97m██[38;2;196;94;91m██[38;2;198;93;86m██[38;2;170;141;104m██[38;2;245;239;159m██[38;2;247;240;157m██[38;2;249;241;157m██[38;2;250;242;156m██[38;2;108;75;56m██[38;2;104;70;54m  
[38;2;104;70;52m  [38;2;147;104;75m██[38;2;251;243;155m████[38;2;250;243;155m██[38;2;249;242;157m██[38;2;246;239;156m██[38;2;245;239;159m██[38;2;242;237;160m██[38;2;240;235;161m██[38;2;236;232;164m██[38;2;232;230;167m██[38;2;129;89;82m██[38;2;227;155;160m██[38;2;225;156;164m██[38;2;225;156;165m██[38;2;224;156;166m██[38;2;205;126;135m██[38;2;189;99;106m██[38;2;190;96;100m██[38;2;192;95;98m██[38;2;195;94;92m██[38;2;197;93;88m██[38;2;200;92;84m██[38;2;202;92;82m██[38;2;157;105;83m██[38;2;247;240;157m██[38;2;250;242;157m██[38;2;250;243;155m██[38;2;200;184;120m██[38;2;104;70;53m██[38;2;223;219;222m  
[38;2;104;70;52m  [38;2;130;91;66m██[38;2;250;234;150m██[38;2;251;243;155m██[38;2;250;243;155m████[38;2;249;242;157m██[38;2;247;240;157m██[38;2;245;239;159m██[38;2;244;238;159m██[38;2;242;237;160m██[38;2;173;156;114m██[38;2;238;157;153m██[38;2;236;158;157m██[38;2;235;158;158m██[38;2;234;158;158m██[38;2;235;158;158m██[38;2;235;157;158m██[38;2;235;157;156m██[38;2;216;124;120m██[38;2;199;95;90m██[38;2;199;93;85m██[38;2;201;92;82m██[38;2;203;92;79m██[38;2;205;91;76m██[38;2;147;81;66m██[38;2;249;242;156m██[38;2;250;243;156m██[38;2;251;243;155m██[38;2;106;72;54m██[38;2;104;70;53m  [38;2;241;238;237m  
[38;2;104;70;52m  [38;2;121;84;62m██[38;2;247;187;129m██[38;2;251;243;155m██████[38;2;250;243;155m██[38;2;249;242;156m██[38;2;249;241;157m██[38;2;247;240;157m██[38;2;245;238;159m██[38;2;113;83;67m██[38;2;245;160;151m██[38;2;244;159;152m██[38;2;243;159;152m██[38;2;243;159;153m██[38;2;242;159;153m██[38;2;243;159;153m██[38;2;243;159;152m██[38;2;243;160;152m██[38;2;237;153;143m██[38;2;208;100;88m██[38;2;204;93;79m██[38;2;180;100;85m██[38;2;116;73;59m  [38;2;104;71;55m██[38;2;250;242;156m██[38;2;250;243;155m██[38;2;227;215;138m██[38;2;104;70;52m██[38;2;249;248;249m  [38;2;255;255;255m  
[38;2;104;70;52m  [38;2;113;77;58m██[38;2;247;187;129m██[38;2;249;209;139m██[38;2;251;243;155m████[38;2;250;243;155m████[38;2;250;242;156m████[38;2;248;241;157m██[38;2;143;118;86m██[38;2;112;81;64m██[38;2;111;80;65m██[38;2;118;89;71m  [38;2;133;108;83m  [38;2;152;130;95m  [38;2;167;147;106m██[38;2;186;169;117m██[38;2;225;214;143m██[38;2;246;240;158m██[38;2;248;241;157m██[38;2;249;241;156m██[38;2;250;242;156m██[38;2;250;243;155m██[38;2;248;240;153m██[38;2;251;243;155m██[38;2;251;244;155m██[38;2;245;237;151m██[38;2;104;70;52m██[38;2;226;219;216m  [38;2;255;255;255m  
[38;2;104;70;52m  [38;2;105;71;53m██[38;2;247;187;129m██[38;2;246;187;129m██[38;2;250;231;149m██[38;2;251;244;154m██[38;2;251;243;155m██[38;2;250;244;154m██[38;2;250;243;155m██[38;2;251;243;155m██[38;2;250;242;156m████[38;2;249;242;157m██[38;2;249;241;157m████[38;2;248;241;157m████[38;2;249;241;157m██[38;2;247;241;157m██[38;2;249;242;157m██[38;2;249;241;156m██[38;2;249;242;156m██[38;2;250;243;156m██[38;2;250;243;155m████[38;2;251;244;155m██[38;2;251;243;154m████[38;2;251;243;155m██[38;2;117;80;59m██[38;2;104;70;52m  [38;2;233;229;226m  
[38;2;104;70;52m  ██[38;2;247;187;129m████[38;2;246;187;129m██[38;2;247;196;133m██[38;2;251;243;154m██[38;2;251;243;155m██████████[38;2;250;243;155m██[38;2;250;243;156m██[38;2;250;242;156m██████[38;2;250;243;155m██[38;2;250;242;156m██[38;2;250;243;155m██[38;2;251;243;155m██[38;2;250;243;155m██[38;2;251;243;155m██████[38;2;252;243;155m██████[38;2;250;226;146m██[38;2;247;187;129m██[38;2;106;72;54m██[38;2;104;70;53m  
[38;2;104;70;52m  ██[38;2;246;187;129m████[38;2;247;187;129m████[38;2;246;187;129m██[38;2;249;213;140m██[38;2;251;241;154m██[38;2;251;243;155m████[38;2;250;243;155m██[38;2;251;243;155m██████[38;2;250;243;155m████[38;2;250;243;157m██[38;2;251;243;155m████████████[38;2;252;243;155m██████[38;2;252;243;154m██[38;2;248;203;136m██[38;2;246;187;129m██[38;2;241;183;126m██[38;2;105;70;53m██
[38;2;201;189;183m  [38;2;104;70;52m██[38;2;243;184;127m██[38;2;247;187;129m██████████[38;2;246;187;129m████[38;2;246;191;131m██[38;2;247;197;133m██[38;2;247;200;134m██[38;2;249;217;142m██[38;2;249;226;146m██[38;2;249;227;147m██[38;2;226;204;132m██[38;2;252;249;195m██[38;2;251;243;155m██████[38;2;252;243;155m██████████████[38;2;247;187;129m██[38;2;246;187;129m████[38;2;233;175;121m██[0m
