
[38;2;0;0;0m            [38;2;5;0;59m  [38;2;0;0;66m  [38;2;69;47;87m  [38;2;156;140;168m  [38;2;253;252;253m██[38;2;218;210;225m██[38;2;255;255;255m██[38;2;251;250;251m██[38;2;253;253;253m██[38;2;255;255;255m████[38;2;244;241;245m██[38;2;177;162;189m  [38;2;241;239;243m██[38;2;142;128;154m  [38;2;67;44;86m  [38;2;67;44;85m  [38;2;68;45;86m  [38;2;67;45;85m  [38;2;70;47;88m  [38;2;9;0;9m  [38;2;0;0;0m          
[38;2;0;0;0m      [38;2;37;0;37m  [38;2;25;23;26m  [38;2;59;36;81m  [38;2;69;47;87m  [38;2;112;92;127m  [38;2;254;254;254m██[38;2;255;255;255m██[38;2;250;248;250m██[38;2;255;255;255m██████████████[38;2;253;253;254m██[38;2;198;191;204m██[38;2;254;254;254m██[38;2;253;253;253m██[38;2;227;223;229m██[38;2;184;172;195m██[38;2;160;137;179m██[38;2;68;47;86m  [38;2;0;0;0m            
[38;2;0;0;0m  [38;2;23;13;28m  [38;2;67;46;85m  [38;2;83;63;100m  [38;2;137;121;149m  [38;2;223;219;225m██[38;2;226;223;229m██[38;2;254;254;254m██[38;2;255;255;255m██████████████████████[38;2;245;244;247m██[38;2;157;142;169m██[38;2;241;237;243m██[38;2;251;251;252m██[38;2;117;97;134m██[38;2;166;144;184m██[38;2;66;45;79m  [38;2;0;0;0m            
[38;2;0;0;97m  [38;2;69;47;87m  [38;2;147;124;165m██[38;2;115;96;128m██[38;2;138;122;150m██[38;2;143;127;154m██[38;2;246;245;247m██[38;2;255;255;255m██████[38;2;254;254;254m██[38;2;255;255;255m████[38;2;255;254;255m██[38;2;248;247;249m██[38;2;255;255;255m████████[38;2;254;254;254m██[38;2;142;126;152m██[38;2;245;243;246m██[38;2;191;182;198m██[38;2;147;125;166m██[38;2;101;78;119m  [38;2;5;3;6m  [38;2;0;0;0m  [38;2;9;6;12m  [38;2;150;195;215m  [38;2;145;189;206m  [38;2;11;12;14m  [38;2;0;0;0m  
[38;2;0;0;0m  [38;2;26;0;26m  [38;2;69;47;87m  [38;2;174;152;192m██[38;2;248;247;249m██[38;2;132;115;145m██[38;2;255;255;255m████[38;2;226;221;229m██[38;2;254;254;254m██[38;2;245;244;246m██[38;2;255;255;255m██████[38;2;157;139;172m██[38;2;227;221;233m██[38;2;180;168;191m██[38;2;254;254;254m██[38;2;255;255;255m██[38;2;254;254;255m██[38;2;227;221;232m██[38;2;250;250;251m██[38;2;145;121;164m██[38;2;160;137;180m██[38;2;70;47;89m  [38;2;2;0;2m  [38;2;1;0;1m  [38;2;173;223;241m  [38;2;167;216;237m██[38;2;168;217;239m██[38;2;180;233;253m  [38;2;19;13;24m  
[38;2;11;11;15m  [38;2;0;0;0m  [38;2;6;0;77m  [38;2;77;55;95m  [38;2;158;136;177m██[38;2;245;244;247m██[38;2;255;255;255m██[38;2;254;254;254m██[38;2;169;156;178m██[38;2;254;254;254m██[38;2;174;157;187m  [38;2;254;254;255m██[38;2;255;255;255m██[38;2;254;254;254m██[38;2;106;84;121m██[38;2;164;143;183m██[38;2;191;180;199m██[38;2;232;227;236m██[38;2;251;251;252m██[38;2;201;188;212m██[38;2;173;153;190m██[38;2;85;62;102m██[38;2;150;133;164m██[38;2;162;138;182m██[38;2;69;47;87m  [38;2;0;0;11m  [38;2;16;16;24m  [38;2;176;227;252m  [38;2;13;18;21m  [38;2;163;210;228m  [38;2;172;221;246m  [38;2;9;20;20m  
[38;2;174;225;253m██[38;2;35;45;52m  [38;2;0;0;0m  [38;2;25;11;29m  [38;2;152;130;170m  [38;2;236;231;240m██[38;2;224;216;228m██[38;2;253;253;253m██[38;2;181;172;188m██[38;2;208;195;217m██[38;2;103;81;117m██[38;2;166;144;185m  [38;2;250;249;251m██[38;2;186;169;199m██[38;2;114;90;124m██[38;2;165;147;181m██[38;2;177;159;192m██[38;2;204;198;210m██[38;2;168;148;186m██[38;2;173;154;189m██[38;2;253;253;253m██[38;2;207;198;215m  [38;2;164;142;184m██[38;2;105;86;119m██[38;2;67;44;85m  [38;2;7;0;7m  [38;2;0;0;0m  [38;2;9;7;9m  [38;2;16;21;25m  [38;2;175;225;253m██[38;2;8;7;11m  [38;2;0;0;0m  
[38;2;135;176;190m  [38;2;147;190;200m  [38;2;0;0;0m  [38;2;35;0;35m  [38;2;70;48;89m  [38;2;199;186;210m██[38;2;158;134;178m██[38;2;162;140;182m██[38;2;165;153;173m██[38;2;195;188;206m  [38;2;135;99;121m██[38;2;182;165;197m  [38;2;167;145;185m██[38;2;170;150;188m██[38;2;121;95;126m██[38;2;144;123;153m██[38;2;209;198;218m  [38;2;142;115;140m██[38;2;142;124;157m██[38;2;191;176;204m  [38;2;254;254;254m██[38;2;242;241;244m██[38;2;75;53;93m██[38;2;186;169;200m  [38;2;66;45;85m  [38;2;5;3;7m  [38;2;0;0;0m    [38;2;122;157;176m  [38;2;171;220;245m  [38;2;100;80;100m  [38;2;0;0;0m  
[38;2;178;230;254m██[38;2;84;109;123m  [38;2;0;0;0m  [38;2;35;0;35m  [38;2;84;62;102m  [38;2;189;174;201m██[38;2;167;145;185m██[38;2;178;158;195m██[38;2;108;84;118m██[38;2;178;167;190m██[38;2;254;239;224m██[38;2;202;191;211m  [38;2;193;178;206m██[38;2;195;180;207m██[38;2;148;111;133m██[38;2;174;141;155m██[38;2;153;138;164m██[38;2;218;187;186m██[38;2;162;121;137m██[38;2;209;198;218m  [38;2;209;203;214m██[38;2;255;255;255m██[38;2;246;245;247m██[38;2;176;157;194m██[38;2;208;200;212m██[38;2;63;42;79m  [38;2;0;0;0m    [38;2;12;6;12m  [38;2;4;3;5m  [38;2;0;0;0m    
[38;2;174;224;248m  [38;2;177;229;250m  [38;2;23;42;24m  [38;2;0;0;0m  [38;2;108;89;123m  [38;2;191;176;204m██[38;2;178;160;192m██[38;2;188;172;200m██[38;2;197;177;183m██[38;2;169;157;179m██[38;2;227;207;202m██[38;2;137;122;150m██[38;2;222;214;227m██[38;2;219;212;225m██[38;2;183;162;171m██[38;2;233;218;209m██[38;2;229;223;229m██[38;2;247;236;222m██[38;2;207;185;185m██[38;2;234;228;239m██[38;2;162;149;171m██[38;2;231;226;234m██[38;2;254;254;254m██[38;2;76;53;93m██[38;2;255;255;254m██[38;2;72;49;91m  [38;2;17;0;17m  [38;2;0;0;0m  [38;2;109;141;156m  [38;2;9;10;14m  [38;2;0;0;0m    
[38;2;24;17;31m  [38;2;131;169;190m  [38;2;2;2;2m  [38;2;9;0;9m  [38;2;129;114;142m  [38;2;189;176;199m██[38;2;211;200;219m  [38;2;206;195;214m██[38;2;253;248;230m██[38;2;252;250;250m██[38;2;242;224;211m██[38;2;249;232;219m██[38;2;100;74;108m██[38;2;236;232;239m██[38;2;217;205;200m██[38;2;93;71;105m██[38;2;58;91;124m██[38;2;54;106;137m██[38;2;127;108;137m██[38;2;215;209;220m██[38;2;87;66;102m██[38;2;254;254;254m██[38;2;126;108;138m██[38;2;254;254;254m██[38;2;227;223;230m██[38;2;67;45;85m  [38;2;16;0;198m  [38;2;0;0;0m  [38;2;156;155;156m  [38;2;1;1;2m  [38;2;42;56;64m  [38;2;175;225;253m██
[38;2;0;0;0m  [38;2;121;118;120m  [38;2;183;236;255m██[38;2;1;0;2m  [38;2;150;137;160m  [38;2;181;170;188m██[38;2;252;252;253m██[38;2;230;224;235m██[38;2;84;63;100m██[38;2;205;198;210m██[38;2;54;106;137m██[38;2;190;175;176m██[38;2;197;179;183m██[38;2;200;179;188m██[38;2;243;226;214m██[38;2;252;251;251m██[38;2;128;165;187m██[38;2;98;136;161m██[38;2;160;143;168m██[38;2;196;189;205m██[38;2;171;152;187m██[38;2;195;187;201m██[38;2;253;253;253m██[38;2;161;142;177m██[38;2;159;145;169m██[38;2;83;62;99m██[38;2;44;29;58m  [38;2;0;0;0m      [38;2;33;42;48m  [38;2;22;29;32m  
[38;2;0;0;0m    [38;2;1;1;2m  [38;2;43;0;43m  [38;2;136;121;146m  [38;2;151;138;162m██[38;2;255;255;255m██[38;2;226;219;231m██[38;2;62;40;81m  [38;2;253;253;253m██[38;2;108;152;178m██[38;2;158;191;210m██[38;2;254;234;221m██[38;2;254;235;221m██[38;2;253;234;220m██[38;2;252;235;222m██[38;2;118;126;157m██[38;2;190;234;254m██[38;2;251;240;234m██[38;2;196;190;204m██[38;2;169;150;187m██[38;2;176;157;192m██[38;2;123;105;137m██[38;2;232;229;235m██[38;2;252;251;252m██[38;2;221;216;226m██[38;2;68;47;86m  [38;2;0;0;19m  [38;2;0;0;0m      [38;2;72;94;105m  
[38;2;0;0;0m      [38;2;0;0;91m  [38;2;119;102;133m  [38;2;76;55;93m██[38;2;255;255;255m██[38;2;243;241;244m██[38;2;93;74;110m██[38;2;251;240;234m██[38;2;163;155;177m██[38;2;236;225;222m██[38;2;254;234;221m██[38;2;254;235;221m████[38;2;254;235;220m██[38;2;253;234;221m██[38;2;250;222;214m██[38;2;246;205;198m██[38;2;246;221;210m██[38;2;155;136;170m██[38;2;176;158;192m██[38;2;175;157;192m██[38;2;184;167;198m██[38;2;179;162;194m██[38;2;254;254;254m██[38;2;70;47;87m  [38;2;65;0;65m  [38;2;0;0;0m    [38;2;10;10;15m  [38;2;175;225;253m██
[38;2;0;0;0m      [38;2;54;0;91m  [38;2;124;107;137m  [38;2;73;51;90m  [38;2;255;254;255m██[38;2;192;177;204m██[38;2;192;184;198m██[38;2;240;191;185m██[38;2;251;226;214m██[38;2;253;234;221m██[38;2;254;235;221m██████████[38;2;252;231;219m██[38;2;253;233;219m██[38;2;138;117;140m██[38;2;156;140;171m██[38;2;178;159;194m██[38;2;181;164;196m██[38;2;191;175;205m██[38;2;185;168;198m██[38;2;254;254;254m██[38;2;106;88;120m  [38;2;14;10;18m  [38;2;0;0;0m    [38;2;5;4;7m  [38;2;142;184;197m  
[38;2;0;0;0m      [38;2;91;0;91m  [38;2;69;48;87m  [38;2;68;45;86m  [38;2;253;253;254m██[38;2;204;192;213m  [38;2;154;136;168m██[38;2;194;174;178m██[38;2;251;232;219m██[38;2;254;235;221m████[38;2;254;234;221m██[38;2;254;236;221m██[38;2;254;234;221m██[38;2;254;235;221m██[38;2;253;235;221m██[38;2;118;97;124m██[38;2;138;110;161m██[38;2;179;163;193m██[38;2;197;183;207m  [38;2;187;172;200m██[38;2;201;187;211m  [38;2;196;182;209m  [38;2;253;253;253m██[38;2;254;254;254m██[38;2;69;47;86m  [38;2;18;0;18m  [38;2;18;14;22m  [38;2;180;232;252m  [38;2;9;10;14m  
[38;2;0;0;0m      [38;2;18;12;65m  [38;2;14;0;14m  [38;2;70;49;87m  [38;2;254;254;254m██[38;2;241;239;244m██[38;2;154;135;170m██[38;2;124;98;144m██[38;2;195;177;181m██[38;2;253;239;223m██[38;2;253;234;220m██[38;2;252;235;221m██[38;2;244;169;172m██[38;2;253;234;220m██[38;2;231;215;206m██[38;2;111;80;110m██[38;2;149;119;136m██[38;2;137;109;162m██[38;2;189;174;204m██[38;2;227;221;232m  [38;2;176;162;189m  [38;2;253;253;253m██[38;2;204;195;213m  [38;2;231;225;235m██[38;2;254;254;254m██[38;2;77;56;95m  [38;2;38;6;41m  [38;2;0;0;0m  [38;2;13;13;20m  [38;2;0;0;0m  
[38;2;0;0;0m          [38;2;42;28;45m  [38;2;251;251;252m██[38;2;254;254;254m██[38;2;184;166;200m██[38;2;140;112;164m██[38;2;142;113;166m██[38;2;129;103;151m██[38;2;76;55;94m██[38;2;113;95;127m██[38;2;98;76;111m██[38;2;122;100;127m██[38;2;255;254;255m██[38;2;183;138;149m██[38;2;252;236;222m██[38;2;130;104;151m██[38;2;254;254;254m██[38;2;208;198;217m██[38;2;109;88;125m██[38;2;254;254;254m██[38;2;241;238;243m██[38;2;200;189;209m██[38;2;186;176;193m██[38;2;181;170;188m██[38;2;67;47;87m  [38;2;0;0;0m      
[38;2;0;0;0m          [38;2;28;4;33m  [38;2;117;99;130m  [38;2;254;254;254m██[38;2;161;145;173m██[38;2;146;119;169m██[38;2;143;116;166m██[38;2;137;110;158m██[38;2;184;166;198m██[38;2;238;236;240m██[38;2;205;199;211m██[38;2;253;235;221m██[38;2;180;163;172m██[38;2;198;162;168m██[38;2;253;236;221m██[38;2;138;120;154m██[38;2;253;253;254m██[38;2;213;204;222m██[38;2;142;115;164m██[38;2;116;100;130m██[38;2;254;254;254m██[38;2;244;242;245m██[38;2;254;254;254m██[38;2;252;251;252m██[38;2;74;52;92m  [38;2;28;0;28m  [38;2;0;0;0m    
[38;2;0;0;0m          [38;2;14;0;14m  [38;2;68;46;86m  [38;2;253;253;253m██[38;2;178;168;186m██[38;2;134;108;155m██[38;2;148;122;170m██[38;2;99;75;116m██[38;2;184;167;198m██[38;2;195;180;207m██[38;2;254;254;254m██[38;2;244;228;216m██[38;2;254;234;221m██[38;2;179;160;170m██[38;2;253;234;220m██[38;2;155;143;166m██[38;2;254;254;255m██[38;2;230;226;234m██[38;2;185;170;199m██[38;2;132;107;152m██[38;2;130;114;142m██[38;2;253;253;254m██[38;2;117;99;131m██[38;2;225;222;229m██[38;2;235;232;237m██[38;2;69;46;78m  [38;2;0;0;0m    
[38;2;0;0;0m            [38;2;5;4;7m  [38;2;158;144;166m  [38;2;254;254;254m██[38;2;145;128;157m██[38;2;154;131;174m██[38;2;169;129;143m██[38;2;187;169;200m██[38;2;238;234;241m  [38;2;255;255;255m██[38;2;128;109;137m██[38;2;253;234;220m██[38;2;254;234;221m██[38;2;251;232;219m██[38;2;93;73;110m██[38;2;252;252;253m██[38;2;131;110;150m██[38;2;255;254;255m██[38;2;150;126;172m██[38;2;112;93;126m██[38;2;154;136;168m  [38;2;226;220;232m██[38;2;254;254;254m██[38;2;235;232;238m██[38;2;74;52;93m  [38;2;16;0;16m  [38;2;0;0;0m  
[38;2;0;0;0m            [38;2;68;48;86m  [38;2;254;254;254m██[38;2;214;208;218m██[38;2;170;152;187m██[38;2;167;145;184m██[38;2;244;224;214m██[38;2;187;170;201m██[38;2;254;254;255m██[38;2;255;255;255m██[38;2;254;254;254m██[38;2;209;194;192m██[38;2;254;234;221m██[38;2;253;237;222m██[38;2;202;194;207m██[38;2;143;128;155m██[38;2;167;145;185m██[38;2;245;243;247m██[38;2;248;247;248m██[38;2;215;209;217m██[38;2;176;166;184m██[38;2;230;224;234m██[38;2;237;233;240m██[38;2;248;247;249m██[38;2;230;226;232m██[38;2;65;39;81m  [38;2;0;0;0m  
[38;2;0;0;0m          [38;2;19;0;19m  [38;2;70;48;88m  [38;2;253;253;253m██[38;2;254;253;254m██[38;2;164;151;175m██[38;2;186;174;199m  [38;2;251;231;218m██[38;2;190;176;204m██[38;2;254;254;255m██[38;2;255;255;255m████[38;2;238;236;240m██[38;2;228;211;203m██[38;2;103;81;114m██[38;2;247;245;248m██[38;2;254;254;254m██[38;2;85;62;101m██[38;2;200;187;210m██[38;2;253;252;253m██[38;2;244;241;247m██[38;2;102;84;117m██[38;2;254;254;254m██[38;2;211;201;220m  [38;2;254;253;254m██[38;2;169;156;178m██[38;2;98;79;113m  [38;2;64;1;64m  
[38;2;0;0;0m          [38;2;3;0;107m  [38;2;66;43;85m  [38;2;255;255;255m██[38;2;254;254;255m██[38;2;195;182;208m  [38;2;125;105;133m██[38;2;253;225;212m██[38;2;215;206;222m██[38;2;255;255;255m████████[38;2;253;253;254m██[38;2;255;254;255m██[38;2;255;255;255m████[38;2;250;249;250m██[38;2;196;181;209m██[38;2;179;170;187m██[38;2;218;210;225m  [38;2;71;49;89m██[38;2;240;238;242m██[38;2;211;201;220m██[38;2;212;203;220m  [38;2;254;254;254m██[38;2;67;45;85m  [38;2;69;48;88m  
[38;2;0;0;0m          [38;2;2;0;106m  [38;2;115;98;130m  [38;2;244;241;245m██[38;2;255;255;255m██[38;2;208;198;216m  [38;2;252;236;222m██[38;2;241;197;190m██[38;2;235;231;238m  [38;2;255;255;255m████████████████[38;2;254;254;254m██[38;2;174;163;183m██[38;2;178;168;185m██[38;2;213;203;222m  [38;2;71;48;89m  [38;2;65;42;83m  [38;2;214;204;222m██[38;2;210;200;219m  [38;2;254;254;254m██[38;2;70;48;86m  [38;2;101;43;101m  
[38;2;0;0;0m          [38;2;9;6;12m  [38;2;197;189;203m  [38;2;167;156;177m██[38;2;255;255;255m██[38;2;111;91;123m██[38;2;253;233;220m██[38;2;124;91;117m██[38;2;248;246;249m██[38;2;255;255;255m██████████████████[38;2;254;253;254m██[38;2;74;52;92m██[38;2;92;69;110m██[38;2;73;51;91m  [38;2;60;40;74m  [38;2;206;197;212m██[38;2;217;208;224m██[38;2;214;206;219m  [38;2;28;19;34m  [38;2;0;0;0m  
[38;2;0;0;0m          [38;2;11;9;14m  [38;2;221;217;225m  [38;2;123;106;137m██[38;2;244;242;245m██[38;2;252;235;221m██[38;2;227;211;203m██[38;2;160;147;168m██[38;2;253;252;253m██[38;2;255;255;255m██████████████████[38;2;254;254;254m██[38;2;188;172;201m██[38;2;115;95;128m██[38;2;68;45;87m  [38;2;0;0;0m  [38;2;129;112;142m  [38;2;225;218;230m██[38;2;84;63;101m  [38;2;0;0;11m  [38;2;0;0;0m  
[38;2;0;0;0m          [38;2;99;15;99m  [38;2;142;126;151m  [38;2;67;44;85m██[38;2;254;253;254m██[38;2;207;198;210m██[38;2;233;229;236m██[38;2;88;67;104m  [38;2;254;254;254m██[38;2;255;255;255m██████████████████[38;2;254;254;254m██[38;2;185;170;199m  [38;2;187;172;201m  [38;2;73;51;91m  [38;2;0;0;0m  [38;2;121;103;134m  [38;2;227;222;232m██[38;2;64;43;72m  [38;2;0;0;0m    
[38;2;0;0;0m          [38;2;19;0;19m  [38;2;67;45;86m  [38;2;70;50;87m  [38;2;254;254;254m██[38;2;255;255;255m██[38;2;242;238;242m██[38;2;191;176;202m  [38;2;253;252;253m██[38;2;255;255;255m████████████████[38;2;254;253;254m██[38;2;238;235;239m██[38;2;71;48;89m  [38;2;253;253;253m██[38;2;65;43;78m  [38;2;0;0;0m  [38;2;197;189;204m  [38;2;67;46;85m  [38;2;12;0;12m  [38;2;0;0;0m    
[38;2;0;0;0m            [38;2;27;16;28m  [38;2;59;45;70m  [38;2;103;84;117m  [38;2;254;254;254m██[38;2;148;134;159m██[38;2;72;49;90m  [38;2;69;48;87m  [38;2;118;94;123m  [38;2;173;163;182m██[38;2;249;248;250m██[38;2;254;254;254m████████[38;2;209;205;215m██[38;2;162;121;138m██[38;2;208;157;160m  [38;2;115;95;135m  [38;2;166;154;174m  [38;2;0;8;8m  [38;2;55;38;70m  [38;2;68;46;84m  [38;2;8;0;8m  [38;2;0;0;0m      
[38;2;0;0;0m            [38;2;0;0;4m  [38;2;68;47;87m  [38;2;25;18;31m  [38;2;226;221;228m  [38;2;85;64;102m  [38;2;31;0;51m  [38;2;49;33;60m  [38;2;228;171;170m  [38;2;226;170;169m██[38;2;225;170;169m  [38;2;50;35;61m  [38;2;50;34;57m  [38;2;73;56;85m  [38;2;119;90;118m  [38;2;243;206;198m██[38;2;250;227;215m██[38;2;104;82;114m  [38;2;69;46;88m  [38;2;16;6;21m  [38;2;33;33;33m  [38;2;27;19;34m  [38;2;0;0;11m  [38;2;0;0;0m        
[38;2;0;0;0m                [38;2;59;40;75m  [38;2;65;47;82m  [38;2;83;61;101m  [38;2;0;0;0m  [38;2;59;38;73m  [38;2;228;172;170m██[38;2;230;177;174m██[38;2;148;121;139m  [38;2;21;21;77m  [38;2;0;0;0m  [38;2;83;0;83m  [38;2;167;147;161m  [38;2;254;235;221m██[38;2;253;234;220m██[38;2;63;40;84m  [38;2;64;55;89m  [38;2;0;0;0m                [0m
