
[38;2;255;255;255m        [38;2;105;71;53m  [38;2;105;70;54m██[38;2;105;71;54m  ██    [38;2;255;255;255m          [38;2;111;78;61m  [38;2;251;244;155m██[38;2;252;243;155m████████[38;2;232;221;142m██[38;2;231;226;223m  [38;2;255;255;255m                  
[38;2;255;255;255m    [38;2;245;243;242m  [38;2;156;134;123m  [38;2;105;71;54m  ██    ██  [38;2;255;255;255m          [38;2;109;76;60m  [38;2;252;244;155m████[38;2;252;243;154m██[38;2;252;244;155m██[38;2;252;243;155m██[38;2;237;227;147m██[38;2;116;85;66m  [38;2;151;126;90m  [38;2;105;71;54m  [38;2;255;255;255m              
[38;2;255;255;255m    [38;2;240;237;236m  [38;2;105;70;54m  [38;2;105;70;53m  [38;2;105;71;53m  [38;2;105;71;54m██[38;2;105;70;54m    [38;2;105;71;54m  [38;2;255;255;255m          [38;2;105;71;53m  [38;2;249;240;153m██[38;2;252;243;154m██[38;2;252;243;155m██████[38;2;252;244;159m██[38;2;254;251;203m██[38;2;226;214;137m██[38;2;105;70;54m  [38;2;255;255;255m              
[38;2;175;157;148m  [38;2;105;71;54m    [38;2;105;71;53m  [38;2;105;71;54m██    ██[38;2;104;70;53m  [38;2;105;71;54m  [38;2;255;255;255m          [38;2;137;111;97m  [38;2;163;140;96m██[38;2;252;243;155m████████[38;2;251;243;155m██[38;2;252;243;154m██[38;2;246;237;151m██[38;2;105;71;53m  [38;2;105;71;54m    [38;2;109;76;60m  [38;2;255;255;255m        
[38;2;105;71;54m  [38;2;105;71;53m██[38;2;105;70;54m  [38;2;105;71;54m    ██  [38;2;105;70;53m  ██[38;2;97;67;53m  [38;2;169;150;140m  [38;2;111;78;62m  [38;2;178;160;152m  [38;2;255;255;255m      [38;2;107;73;56m  [38;2;252;243;154m██[38;2;252;243;155m██[38;2;252;243;154m██████[38;2;252;243;155m██[38;2;252;245;164m██[38;2;254;250;202m██[38;2;255;252;207m██[38;2;253;249;189m██[38;2;105;71;54m  [38;2;255;255;255m        
[38;2;105;70;54m  [38;2;105;71;54m  [38;2;105;71;53m██[38;2;105;71;54m      [38;2;105;71;53m██[38;2;105;71;54m    [38;2;124;94;74m██[38;2;243;238;198m██[38;2;236;230;191m██[38;2;233;225;183m██[38;2;161;138;106m  [38;2;110;76;57m  [38;2;229;218;140m██[38;2;124;95;73m  [38;2;113;80;59m██[38;2;114;81;60m  [38;2;105;71;54m    ██[38;2;252;243;155m██[38;2;217;202;130m██[38;2;179;157;104m██[38;2;144;117;81m██[38;2;252;243;155m██[38;2;105;71;54m  [38;2;255;255;255m        
[38;2;105;71;54m    ██    [38;2;128;99;85m  [38;2;105;71;54m      [38;2;251;239;158m██[38;2;252;244;159m██[38;2;252;244;156m██[38;2;252;245;163m██[38;2;254;251;209m██[38;2;252;249;207m██[38;2;190;173;124m██[38;2;253;248;185m██[38;2;226;213;137m██[38;2;144;118;96m  [38;2;128;99;85m    [38;2;110;77;61m  [38;2;105;71;54m  [38;2;140;114;101m  [38;2;231;226;223m  [38;2;105;71;54m  [38;2;127;97;69m██[38;2;105;70;54m██[38;2;255;255;255m        
[38;2;105;71;54m  ██[38;2;105;71;53m██[38;2;105;71;54m██[38;2;105;71;53m██[38;2;105;71;54m██[38;2;105;71;53m  [38;2;135;108;94m  [38;2;105;71;54m  [38;2;238;186;131m██[38;2;248;206;137m██[38;2;251;236;151m██[38;2;251;242;154m██[38;2;251;243;154m██[38;2;252;244;154m██[38;2;253;246;175m██[38;2;252;246;169m██[38;2;252;244;155m██[38;2;253;248;189m██[38;2;249;245;204m██[38;2;208;195;153m██[38;2;114;82;62m  [38;2;105;71;53m  [38;2;139;112;88m██[38;2;190;174;143m██[38;2;224;215;177m██[38;2;105;71;54m████[38;2;128;99;77m██[38;2;105;71;54m  [38;2;212;203;198m  [38;2;255;255;255m  
[38;2;105;71;54m  [38;2;105;71;53m██[38;2;105;70;53m  [38;2;105;71;53m      [38;2;105;71;54m  [38;2;214;202;167m██[38;2;255;252;210m██[38;2;152;127;100m██[38;2;117;81;61m██[38;2;137;97;71m██[38;2;246;192;130m██[38;2;251;237;152m██[38;2;252;243;155m██[38;2;252;244;154m██[38;2;252;243;155m██[38;2;252;243;154m██[38;2;252;244;155m██[38;2;252;246;170m██[38;2;254;251;208m██[38;2;255;252;210m██[38;2;206;193;159m██[38;2;107;74;56m██[38;2;206;190;124m██[38;2;252;243;155m██[38;2;238;228;147m██[38;2;235;224;150m██[38;2;254;250;201m██[38;2;255;252;210m██[38;2;159;136;103m██[38;2;105;71;53m  
[38;2;123;93;78m  [38;2;105;71;54m  ████[38;2;254;254;254m  [38;2;105;71;54m  [38;2;237;231;192m██[38;2;254;251;207m██[38;2;252;243;155m██[38;2;251;243;154m██[38;2;117;86;63m██[38;2;252;243;155m██████[38;2;248;203;136m██[38;2;252;243;155m██████████████[38;2;254;251;205m██[38;2;255;252;210m██[38;2;120;89;68m██[38;2;105;70;54m██[38;2;132;102;72m██[38;2;252;243;155m██████[38;2;254;251;207m██[38;2;235;228;184m██
[38;2;255;255;255m  [38;2;135;108;95m  [38;2;105;71;54m    [38;2;168;149;139m  [38;2;199;185;152m██[38;2;255;251;207m██[38;2;251;243;154m██[38;2;252;243;155m██[38;2;221;208;134m██[38;2;227;214;137m██[38;2;252;243;155m██[38;2;242;233;148m██[38;2;161;118;85m██[38;2;252;242;154m██[38;2;252;243;155m████████████[38;2;252;244;155m██[38;2;252;243;155m██[38;2;252;246;171m██[38;2;255;252;210m██[38;2;138;111;87m██[38;2;105;70;54m██[38;2;105;71;54m██[38;2;191;172;113m██[38;2;252;243;155m████[38;2;254;250;202m██
[38;2;255;255;255m    [38;2;105;70;53m  [38;2;105;71;54m  [38;2;111;79;59m  [38;2;254;251;209m██[38;2;237;226;144m██[38;2;252;243;155m████[38;2;252;244;154m██[38;2;183;147;101m██[38;2;145;103;75m██[38;2;236;179;124m██[38;2;247;187;129m██[38;2;252;243;154m██[38;2;252;243;155m████[38;2;252;243;154m██[38;2;252;243;155m██████[38;2;252;243;154m██[38;2;252;244;154m██[38;2;252;243;155m██[38;2;252;246;174m██[38;2;255;252;210m██[38;2;113;80;62m██[38;2;105;70;54m██[38;2;108;75;56m██[38;2;107;73;55m██[38;2;252;243;154m██[38;2;252;243;155m██
[38;2;255;255;255m      [38;2;105;71;54m  [38;2;254;251;209m██[38;2;242;232;154m██[38;2;252;243;155m██[38;2;252;245;164m██[38;2;252;243;155m████[38;2;251;242;154m██[38;2;246;187;129m██[38;2;248;203;136m██[38;2;252;243;155m████████████[38;2;251;243;154m██[38;2;252;243;155m██████[38;2;251;243;154m██[38;2;252;243;155m██[38;2;254;249;192m██[38;2;252;249;207m██[38;2;105;71;54m██[38;2;105;71;53m██[38;2;106;72;54m██[38;2;111;78;58m██[38;2;252;243;155m██
[38;2;255;255;255m    [38;2;242;239;237m  [38;2;187;170;138m  [38;2;254;250;197m██[38;2;232;199;132m██[38;2;254;251;209m██[38;2;255;252;210m██[38;2;253;247;179m██[38;2;252;243;155m████████████████████[38;2;251;243;154m██[38;2;252;243;155m████████████[38;2;255;251;208m██[38;2;236;229;189m██[38;2;105;70;53m██[38;2;109;76;57m██[38;2;137;108;75m██[38;2;175;153;102m██
[38;2;255;255;255m    [38;2;105;71;54m  [38;2;255;251;208m██[38;2;237;185;126m██[38;2;253;247;181m██[38;2;255;252;210m████[38;2;254;250;197m██[38;2;253;248;185m██[38;2;252;244;155m██[38;2;252;243;155m██[38;2;252;244;155m████[38;2;252;243;155m██[38;2;252;243;154m████[38;2;252;243;155m██[38;2;252;244;154m██[38;2;252;243;154m██[38;2;251;243;154m██[38;2;252;244;155m██[38;2;252;243;155m██[38;2;252;244;155m████████[38;2;254;251;209m██[38;2;182;163;133m██[38;2;105;71;54m██[38;2;144;117;81m██[38;2;161;137;93m██
[38;2;255;255;255m    [38;2;144;118;94m  [38;2;250;220;150m██[38;2;241;223;144m██[38;2;253;248;186m██[38;2;255;252;210m██[38;2;255;251;209m██[38;2;252;244;156m██[38;2;252;244;155m██[38;2;252;243;155m████████████████████[38;2;251;243;154m██[38;2;252;243;155m████████████[38;2;248;242;163m██[38;2;252;248;207m██[38;2;105;72;54m██[38;2;199;182;118m██[38;2;250;242;154m██
[38;2;247;246;245m  [38;2;156;134;123m  [38;2;254;251;208m██[38;2;241;183;126m██[38;2;252;243;155m██████████████████████[38;2;251;243;155m██[38;2;251;244;155m██[38;2;252;243;155m██████[38;2;217;196;128m██[38;2;252;243;155m████████████[38;2;251;243;154m██[38;2;254;251;206m██[38;2;185;168;137m██[38;2;113;80;59m██[38;2;247;191;131m██
[38;2;178;160;151m  [38;2;110;77;59m  [38;2;248;200;145m██[38;2;197;154;106m██[38;2;252;243;155m██████[38;2;252;244;155m██[38;2;252;243;155m██████[38;2;252;244;155m██████[38;2;252;243;155m██[38;2;252;244;154m██[38;2;252;244;155m████[38;2;252;243;154m██[38;2;252;244;155m██[38;2;246;195;132m██[38;2;251;243;155m██[38;2;252;243;155m██[38;2;252;244;155m██[38;2;252;243;155m██████[38;2;252;244;155m██[38;2;251;244;158m██[38;2;250;246;205m██[38;2;105;71;54m██[38;2;230;173;120m██
[38;2;222;214;211m  [38;2;205;192;158m██[38;2;246;187;129m██[38;2;208;177;117m██[38;2;252;243;155m██[38;2;251;243;155m██[38;2;252;243;155m██[38;2;251;243;155m██[38;2;251;243;154m██[38;2;252;243;155m██[38;2;251;243;155m██[38;2;252;243;155m██████[38;2;252;243;154m██[38;2;252;243;155m████[38;2;252;243;154m██[38;2;252;243;155m████[38;2;237;226;144m██[38;2;209;179;119m██[38;2;251;243;155m████[38;2;251;243;154m██[38;2;252;243;155m██[38;2;251;243;155m██[38;2;252;243;155m██[38;2;251;243;155m██[38;2;254;251;205m██[38;2;145;118;93m██[38;2;142;101;73m██
[38;2;105;71;53m  [38;2;233;193;145m██[38;2;246;186;128m██[38;2;242;229;147m██[38;2;252;243;155m██[38;2;240;231;147m██[38;2;175;154;102m██[38;2;252;243;155m██[38;2;141;113;78m██[38;2;244;235;149m██[38;2;252;243;155m████████████[38;2;247;238;151m██[38;2;108;74;56m██[38;2;191;171;113m██[38;2;244;235;150m██[38;2;124;93;67m██[38;2;120;83;62m██[38;2;230;216;139m██[38;2;252;243;155m████[38;2;252;244;155m██[38;2;252;243;155m████████[38;2;217;206;169m██[38;2;108;73;55m██
[38;2;105;71;54m  [38;2;247;188;130m██[38;2;237;179;124m██[38;2;252;243;154m████[38;2;246;236;151m██[38;2;105;71;54m██[38;2;142;114;79m██[38;2;105;70;53m██[38;2;251;243;154m██[38;2;252;243;154m██[38;2;252;243;155m██[38;2;252;243;154m██[38;2;252;243;155m██[38;2;252;243;154m████[38;2;249;241;153m██[38;2;105;71;53m██[38;2;105;71;54m██[38;2;111;78;58m██[38;2;105;71;54m██[38;2;139;103;74m██[38;2;245;185;128m██[38;2;239;228;145m██[38;2;252;243;154m██[38;2;252;243;155m██[38;2;252;243;154m██[38;2;252;243;155m██[38;2;252;243;154m██[38;2;252;243;155m██[38;2;250;246;196m██[38;2;112;77;57m██
[38;2;105;70;54m██[38;2;140;99;72m██[38;2;116;80;60m██[38;2;252;243;155m██████[38;2;185;164;109m██[38;2;105;71;54m██[38;2;133;103;73m██[38;2;252;243;155m████████████████[38;2;248;239;152m██[38;2;106;72;55m██[38;2;105;71;54m██[38;2;111;77;58m██[38;2;252;243;155m██[38;2;246;186;128m██[38;2;225;169;117m██[38;2;210;185;122m██[38;2;252;243;155m████████[38;2;251;243;154m██[38;2;221;208;134m██[38;2;105;71;54m██
[38;2;105;71;54m████[38;2;106;73;55m██[38;2;162;111;88m██[38;2;130;99;70m██[38;2;250;242;154m██[38;2;105;71;54m██[38;2;126;96;68m██[38;2;105;71;54m██[38;2;157;132;89m██[38;2;252;243;155m██████████████[38;2;168;146;97m██[38;2;105;71;54m██[38;2;110;77;58m██[38;2;105;71;54m██[38;2;180;159;105m██[38;2;247;190;130m██[38;2;246;186;128m██[38;2;239;180;124m██[38;2;123;92;66m██[38;2;252;243;155m██████[38;2;197;179;116m██[38;2;105;71;54m████
[38;2;105;71;54m████[38;2;119;80;62m██[38;2;234;156;129m████[38;2;205;183;121m██[38;2;124;93;67m██[38;2;242;232;148m██[38;2;196;178;117m██[38;2;148;121;84m██[38;2;252;244;154m██[38;2;252;244;155m██[38;2;252;243;154m██[38;2;251;244;155m██[38;2;252;244;154m██[38;2;252;243;154m████[38;2;245;235;150m██[38;2;148;122;84m██[38;2;252;243;155m██[38;2;142;115;80m██[38;2;159;135;91m██[38;2;248;207;138m██[38;2;247;187;129m██[38;2;238;179;124m██[38;2;211;142;115m██[38;2;105;71;54m██████[38;2;105;71;53m██[38;2;105;71;54m██[38;2;105;71;53m██
[38;2;105;71;54m██[38;2;105;71;53m██[38;2;122;82;63m██[38;2;233;156;129m██[38;2;234;156;129m██[38;2;206;177;121m██[38;2;252;244;155m██[38;2;252;243;154m██[38;2;252;243;155m████[38;2;252;244;154m██[38;2;252;243;155m██[38;2;252;244;154m██[38;2;252;244;155m████[38;2;252;244;154m██[38;2;252;243;155m██[38;2;252;243;154m████[38;2;252;244;155m██[38;2;252;243;154m██[38;2;252;244;155m██[38;2;248;204;136m██[38;2;246;187;129m██[38;2;194;132;105m██[38;2;234;156;129m██[38;2;224;150;123m██[38;2;105;71;53m██████████
[38;2;105;71;54m████[38;2;110;76;58m██[38;2;221;148;122m██[38;2;232;155;128m██[38;2;189;162;110m██[38;2;252;243;155m████████████████[38;2;251;243;154m██[38;2;252;243;155m██████████████[38;2;248;201;135m██[38;2;247;187;129m██[38;2;222;148;122m██[38;2;233;156;129m████[38;2;234;156;129m██[38;2;119;80;62m██[38;2;105;71;54m██████
[38;2;105;71;54m  [38;2;241;232;191m██[38;2;254;250;198m██[38;2;254;251;206m██[38;2;255;252;210m██[38;2;206;193;155m██[38;2;175;153;101m██[38;2;250;241;153m██[38;2;252;243;155m██████[38;2;169;146;98m██[38;2;248;239;152m██[38;2;193;175;114m██[38;2;129;85;68m██[38;2;165;141;95m██[38;2;252;243;155m██████████[38;2;252;244;155m██[38;2;225;182;123m██[38;2;213;163;112m██[38;2;214;190;143m██[38;2;238;218;173m██[38;2;238;217;176m██[38;2;233;184;137m██[38;2;203;151;106m██[38;2;217;164;113m██[38;2;105;71;54m████
[38;2;105;71;54m  [38;2;249;220;144m██[38;2;252;243;155m██████[38;2;252;243;154m██[38;2;254;250;201m██[38;2;218;206;162m██[38;2;133;102;72m██[38;2;251;239;153m████[38;2;219;191;126m██[38;2;181;133;94m██[38;2;243;155;138m  [38;2;255;162;145m██[38;2;223;142;125m██[38;2;115;83;61m██[38;2;197;179;118m██[38;2;252;243;155m████[38;2;226;206;133m██[38;2;168;147;106m██[38;2;255;252;210m██[38;2;255;251;209m██[38;2;254;251;207m██[38;2;252;244;162m██[38;2;250;225;146m██[38;2;247;187;129m██[38;2;233;214;172m██[38;2;241;182;125m██[38;2;117;81;60m  [38;2;104;70;53m  
[38;2;105;71;54m  [38;2;247;187;129m██[38;2;252;243;155m██████████[38;2;252;244;158m██[38;2;253;249;202m██[38;2;117;82;61m██[38;2;246;187;129m██████[38;2;146;104;75m  [38;2;217;141;122m  [38;2;151;110;80m  [38;2;247;188;129m██[38;2;247;187;129m██[38;2;249;216;142m██[38;2;147;116;81m██[38;2;247;243;202m██[38;2;254;250;201m██[38;2;252;244;159m██[38;2;251;243;154m██[38;2;252;243;155m████[38;2;250;224;145m██[38;2;246;187;129m██[38;2;246;186;128m██[38;2;144;104;75m  [38;2;202;190;184m  [38;2;255;255;255m  
[38;2;222;214;211m  [38;2;208;155;108m  [38;2;247;187;129m██[38;2;248;205;137m██[38;2;252;243;154m██[38;2;252;243;155m████[38;2;250;231;149m██[38;2;247;187;129m██[38;2;251;243;201m██[38;2;129;92;67m██[38;2;246;187;129m██[38;2;247;187;129m██[38;2;246;186;128m██[38;2;244;184;127m██[38;2;246;186;128m██[38;2;247;187;129m████[38;2;114;79;59m██[38;2;251;247;206m██[38;2;252;244;159m██[38;2;252;243;155m████████[38;2;252;243;154m██[38;2;247;187;129m████[38;2;233;176;122m██[38;2;124;87;65m  [38;2;255;255;255m    
[38;2;255;255;255m  [38;2;122;92;77m  [38;2;232;174;121m██[38;2;247;187;129m██[38;2;246;187;129m██[38;2;246;186;128m██[38;2;245;186;128m██[38;2;244;184;127m██[38;2;246;187;129m██[38;2;226;212;170m██[38;2;105;71;54m  [38;2;251;251;250m  [38;2;156;134;123m  [38;2;109;76;60m  [38;2;105;71;54m    [38;2;118;86;69m  [38;2;131;92;68m  [38;2;221;212;174m██[38;2;252;244;161m██[38;2;252;243;155m██[38;2;252;244;155m██[38;2;252;243;155m██[38;2;251;237;152m██[38;2;248;210;139m██[38;2;246;187;129m████[38;2;241;182;126m██[38;2;111;76;58m  [38;2;245;243;242m  [38;2;255;255;255m    
[38;2;255;255;255m    [38;2;211;201;196m  [38;2;107;72;54m  [38;2;113;77;58m  [38;2;112;77;57m  [38;2;105;71;54m      [38;2;105;72;54m  [38;2;241;238;237m  [38;2;255;255;255m            [38;2;159;136;124m  [38;2;189;142;99m██[38;2;198;152;105m██[38;2;247;195;133m██[38;2;247;192;131m██[38;2;245;185;128m██[38;2;244;184;127m██[38;2;217;163;113m██[38;2;141;102;73m██[38;2;108;73;55m  [38;2;107;73;56m  [38;2;237;233;231m  [38;2;255;255;255m      [0m
