
[38;2;0;0;0m  [38;2;58;136;195m  [38;2;224;44;68m██████████[38;2;223;45;68m██[38;2;224;44;68m██████████████████████████████[38;2;223;45;68m██[38;2;224;44;68m████████████[38;2;58;136;195m  [38;2;0;0;0m  
[38;2;58;136;195m  [38;2;224;44;68m██████████[38;2;224;44;67m██[38;2;224;44;68m██████████████████████████████[38;2;224;44;67m██[38;2;224;44;68m████████████████[38;2;58;136;195m  
[38;2;224;44;68m████[38;2;223;44;68m██[38;2;224;45;68m██[38;2;223;44;67m██[38;2;224;45;68m██[38;2;224;44;68m██[38;2;223;44;68m████[38;2;224;45;68m██[38;2;223;44;67m██[38;2;224;44;68m████[38;2;223;44;67m██[38;2;224;44;68m████████[38;2;223;44;68m██[38;2;224;45;68m██[38;2;223;44;67m██[38;2;224;45;68m██[38;2;224;44;68m██[38;2;223;44;68m████[38;2;224;45;68m██[38;2;223;44;67m██[38;2;224;44;68m████[38;2;223;44;67m██[38;2;224;44;68m████
[38;2;224;44;68m██[38;2;224;45;68m██[38;2;224;44;68m██████████[38;2;224;45;67m██[38;2;224;44;68m██[38;2;224;44;67m██[38;2;224;44;68m████████[38;2;224;45;68m██[38;2;224;44;68m████[38;2;224;45;68m██[38;2;224;44;68m██████████[38;2;224;45;67m██[38;2;224;44;68m██[38;2;224;44;67m██[38;2;224;44;68m████████[38;2;224;45;68m██[38;2;224;44;68m██
[38;2;224;44;68m████████████████████████████████████████████████████████████████
[38;2;224;44;68m██[38;2;224;45;68m████[38;2;224;44;68m██[38;2;224;45;68m██[38;2;224;44;68m██[38;2;224;45;68m██[38;2;224;44;68m████[38;2;224;45;68m██[38;2;224;44;68m██[38;2;224;45;68m██[38;2;224;44;68m██[38;2;224;45;68m██[38;2;224;44;68m██████[38;2;224;45;68m████[38;2;224;44;68m██[38;2;224;45;68m██[38;2;224;44;68m██[38;2;224;45;68m██[38;2;224;44;68m████[38;2;224;45;68m██[38;2;224;44;68m██[38;2;224;45;68m██[38;2;224;44;68m██[38;2;224;45;68m██[38;2;224;44;68m████
[38;2;223;44;68m██[38;2;224;44;68m██[38;2;223;44;68m██[38;2;224;44;68m████[38;2;223;44;68m██████[38;2;224;44;68m██[38;2;255;255;255m██████[38;2;224;44;68m██[38;2;223;44;68m██[38;2;224;44;68m██[38;2;223;44;68m████[38;2;224;44;68m██[38;2;223;44;68m██[38;2;224;44;68m██[38;2;255;255;255m██████[38;2;223;44;68m██[38;2;224;44;68m██[38;2;223;44;68m████[38;2;224;44;68m████[38;2;223;44;68m██[38;2;224;44;68m██[38;2;223;44;68m██
[38;2;223;44;68m██[38;2;224;44;67m██[38;2;224;44;68m██[38;2;223;44;67m██[38;2;224;44;68m██[38;2;224;44;67m██[38;2;223;44;68m██[38;2;224;44;67m██[38;2;255;255;255m████████[38;2;177;208;231m██[38;2;224;44;68m██[38;2;224;44;67m██[38;2;223;44;68m████[38;2;224;44;67m██[38;2;224;44;68m██[38;2;171;203;229m██[38;2;255;255;255m████████[38;2;224;44;67m██[38;2;223;44;68m██[38;2;224;44;67m██[38;2;224;44;68m██[38;2;223;44;67m██[38;2;224;44;68m██[38;2;224;44;67m██[38;2;223;44;68m██
[38;2;224;44;67m██[38;2;224;44;68m██[38;2;224;44;67m██[38;2;224;44;68m██[38;2;224;44;67m██[38;2;224;44;68m██[38;2;224;44;67m██[38;2;224;44;68m██[38;2;255;255;255m██████████[38;2;224;44;67m██[38;2;224;44;68m██[38;2;224;44;67m████[38;2;224;44;68m██[38;2;224;44;67m██[38;2;255;255;255m██████████[38;2;224;44;68m██[38;2;223;44;67m██[38;2;224;44;68m██[38;2;224;44;67m██[38;2;224;44;68m██[38;2;224;44;67m██[38;2;224;44;68m██[38;2;224;44;67m██
[38;2;224;44;68m████████████████[38;2;223;44;68m██[38;2;255;255;255m██████████[38;2;224;44;68m████████[38;2;255;255;255m██████████[38;2;224;44;68m██[38;2;223;44;68m██[38;2;224;44;68m████████[38;2;223;44;68m██[38;2;224;44;68m████
[38;2;224;44;68m████[38;2;224;45;68m██[38;2;224;44;68m██████[38;2;224;45;68m██[38;2;224;44;68m██[38;2;224;45;68m████[38;2;255;255;255m████████[38;2;249;251;253m██[38;2;224;44;68m████[38;2;249;251;253m██[38;2;255;255;255m████████[38;2;224;45;68m██[38;2;224;44;68m██[38;2;224;45;68m██████[38;2;224;44;68m██[38;2;224;45;68m████[38;2;224;44;68m████
[38;2;224;44;68m████████████████████[38;2;255;255;255m██████████[38;2;224;44;68m████[38;2;255;255;255m██████████[38;2;224;44;68m████████████████████
[38;2;224;44;68m██[38;2;224;44;67m████[38;2;224;44;68m██████[38;2;224;45;67m██[38;2;224;44;68m████[38;2;224;44;67m██[38;2;224;44;68m██[38;2;255;255;255m████████████████████[38;2;224;44;68m██[38;2;224;45;67m██[38;2;224;44;68m████[38;2;224;44;67m██[38;2;224;44;68m██[38;2;224;44;67m██[38;2;224;44;68m██[38;2;224;44;67m████[38;2;224;44;68m██
[38;2;224;44;68m██[38;2;223;44;68m██[38;2;223;44;67m██[38;2;224;44;68m██[38;2;223;44;68m██[38;2;224;44;68m██[38;2;223;44;68m██[38;2;224;45;68m██[38;2;223;44;68m██[38;2;223;44;67m██[38;2;223;44;68m██[38;2;224;44;68m██[38;2;255;255;255m████████████████[38;2;223;44;68m██[38;2;224;44;68m██[38;2;223;44;68m██[38;2;224;45;68m██[38;2;223;44;68m██[38;2;223;44;67m██[38;2;223;44;68m██[38;2;224;44;68m████[38;2;224;44;67m██[38;2;224;44;68m████
[38;2;224;44;68m████████████████████████[38;2;221;234;245m██[38;2;255;255;255m████████████[38;2;225;237;246m██[38;2;224;44;68m████████████████████████
[38;2;224;44;68m██████████[38;2;223;44;68m██[38;2;224;44;68m██[38;2;223;44;68m██[38;2;224;44;68m██████████[38;2;255;255;255m████████████[38;2;224;44;68m████[38;2;223;44;68m██[38;2;224;44;68m██[38;2;223;44;68m██[38;2;224;44;68m████████████████
[38;2;224;44;68m██████████████[38;2;223;45;68m██[38;2;224;44;68m██████████[38;2;255;255;255m████████████[38;2;224;44;68m████████[38;2;223;45;68m██[38;2;224;44;68m████████████████
[38;2;224;44;68m████████████[38;2;224;44;67m██[38;2;224;44;68m████████████[38;2;255;255;255m████████████[38;2;224;44;68m██████[38;2;224;44;67m██[38;2;224;44;68m██████████████████
[38;2;224;44;68m████[38;2;223;44;68m██[38;2;224;45;68m██[38;2;223;44;67m██[38;2;224;45;68m██[38;2;224;44;68m██[38;2;223;44;68m████[38;2;224;45;68m██[38;2;223;44;67m██[38;2;224;44;68m████[38;2;255;255;255m████████████[38;2;224;45;68m██[38;2;223;44;67m██[38;2;224;45;68m██[38;2;224;44;68m██[38;2;223;44;68m████[38;2;224;45;68m██[38;2;223;44;67m██[38;2;224;44;68m████[38;2;223;44;67m██[38;2;224;44;68m████
[38;2;224;44;68m██[38;2;224;45;68m██[38;2;224;44;68m██████████[38;2;224;45;67m██[38;2;224;44;68m██[38;2;224;44;67m██[38;2;224;44;68m██████[38;2;255;255;255m████████████[38;2;224;44;68m████████[38;2;224;45;67m██[38;2;224;44;68m██[38;2;224;44;67m██[38;2;224;44;68m████████[38;2;224;45;68m██[38;2;224;44;68m██
[38;2;224;44;68m██████████████████████████[38;2;255;255;255m████████████[38;2;224;44;68m██████████████████████████
[38;2;224;44;68m██[38;2;224;45;68m████[38;2;224;44;68m██[38;2;224;45;68m██[38;2;224;44;68m██[38;2;224;45;68m██[38;2;224;44;68m████[38;2;224;45;68m██[38;2;224;44;68m██[38;2;224;45;68m██[38;2;224;44;68m██[38;2;255;255;255m████████████[38;2;224;44;68m██[38;2;224;45;68m██[38;2;224;44;68m██[38;2;224;45;68m██[38;2;224;44;68m████[38;2;224;45;68m██[38;2;224;44;68m██[38;2;224;45;68m██[38;2;224;44;68m██[38;2;224;45;68m██[38;2;224;44;68m████
[38;2;223;44;68m██[38;2;224;44;68m██[38;2;223;44;68m██[38;2;224;44;68m████[38;2;223;44;68m██████[38;2;224;44;68m██[38;2;223;44;68m████[38;2;224;44;68m████[38;2;255;255;255m████████████[38;2;224;44;68m████[38;2;223;44;68m██████[38;2;224;44;68m██[38;2;223;44;68m████[38;2;224;44;68m████[38;2;223;44;68m██[38;2;224;44;68m██[38;2;223;44;68m██
[38;2;223;44;68m██[38;2;224;44;67m██[38;2;224;44;68m██[38;2;223;44;67m██[38;2;224;44;68m██[38;2;224;44;67m██[38;2;223;44;68m██[38;2;224;44;67m████[38;2;223;44;68m██[38;2;224;44;67m██[38;2;224;44;68m██[38;2;223;44;67m██[38;2;255;255;255m████████████[38;2;223;44;67m██[38;2;224;44;68m██[38;2;224;44;67m██[38;2;223;44;68m██[38;2;224;44;67m████[38;2;223;44;68m██[38;2;224;44;67m██[38;2;224;44;68m██[38;2;223;44;67m██[38;2;224;44;68m██[38;2;224;44;67m██[38;2;223;44;68m██
[38;2;224;44;67m██[38;2;224;44;68m██[38;2;224;44;67m██[38;2;224;44;68m██[38;2;224;44;67m██[38;2;224;44;68m██[38;2;224;44;67m██[38;2;224;44;68m████[38;2;223;44;67m██[38;2;224;44;68m██[38;2;224;44;67m██[38;2;224;44;68m██[38;2;224;44;67m██[38;2;255;255;255m████████[38;2;224;44;67m██[38;2;224;44;68m██[38;2;224;44;67m██[38;2;224;44;68m██[38;2;224;44;67m██[38;2;224;44;68m████[38;2;223;44;67m██[38;2;224;44;68m██[38;2;224;44;67m██[38;2;224;44;68m██[38;2;224;44;67m██[38;2;224;44;68m██[38;2;224;44;67m██
[38;2;224;44;68m████████████████[38;2;223;44;68m██[38;2;224;44;68m████████[38;2;223;44;68m██[38;2;216;51;75m██[38;2;255;255;255m████[38;2;216;51;75m██[38;2;224;44;68m████████████[38;2;223;44;68m██[38;2;224;44;68m████████[38;2;223;44;68m██[38;2;224;44;68m████
[38;2;224;44;68m████[38;2;224;45;68m██[38;2;224;44;68m██████[38;2;224;45;68m██[38;2;224;44;68m██[38;2;224;45;68m██████[38;2;224;44;68m██[38;2;224;45;68m████[38;2;224;44;68m████████[38;2;224;45;68m██[38;2;224;44;68m██████[38;2;224;45;68m██[38;2;224;44;68m██[38;2;224;45;68m██████[38;2;224;44;68m██[38;2;224;45;68m████[38;2;224;44;68m████
[38;2;224;44;68m████████████████████████████████████████████████████████████████
[38;2;224;44;68m██[38;2;224;44;67m████[38;2;224;44;68m██████[38;2;224;45;67m██[38;2;224;44;68m████[38;2;224;44;67m██[38;2;224;44;68m██[38;2;224;44;67m██[38;2;224;44;68m██[38;2;224;44;67m████[38;2;224;44;68m████[38;2;224;44;67m████[38;2;224;44;68m██████[38;2;224;45;67m██[38;2;224;44;68m████[38;2;224;44;67m██[38;2;224;44;68m██[38;2;224;44;67m██[38;2;224;44;68m██[38;2;224;44;67m████[38;2;224;44;68m██
[38;2;224;44;68m██[38;2;223;44;68m██[38;2;223;44;67m██[38;2;224;44;68m██[38;2;223;44;68m██[38;2;224;44;68m██[38;2;223;44;68m██[38;2;224;45;68m██[38;2;223;44;68m██[38;2;223;44;67m██[38;2;223;44;68m██[38;2;224;44;68m████[38;2;224;44;67m██[38;2;224;44;68m██████[38;2;223;44;68m██[38;2;223;44;67m██[38;2;224;44;68m██[38;2;223;44;68m██[38;2;224;44;68m██[38;2;223;44;68m██[38;2;224;45;68m██[38;2;223;44;68m██[38;2;223;44;67m██[38;2;223;44;68m██[38;2;224;44;68m████[38;2;224;44;67m██[38;2;224;44;68m████
[38;2;59;136;195m  [38;2;224;44;68m████████████████████████████████████████████████████████████[38;2;58;136;195m  
[38;2;0;0;0m  [38;2;59;136;195m  [38;2;224;44;68m██████[38;2;223;44;68m██[38;2;224;44;68m██[38;2;223;44;68m██[38;2;224;44;68m██████████████████████████[38;2;223;44;68m██[38;2;224;44;68m██[38;2;223;44;68m██[38;2;224;44;68m████████████[38;2;58;136;195m  [38;2;0;0;0m  [0m
